0.419991642921 0.459860040431 0.562417264496 0.870192140772 
0.35979278681 0.5764830149 0.882661633356 0.446914834568 
0.392585292637 0.813889998852 0.775346860981 0.344224244737 
0.313272703084 0.34613118899 0.770467886844 0.645657442775 
0.368758005782 0.327335859111 0.762810891614 0.649931354124 
0.391909259518 0.445445840261 0.575451897604 0.785511578316 
0.417539537912 0.529799817371 0.544948711812 0.727717249441 
0.391909259518 0.445445840261 0.575451897604 0.785511578316 
0.361093053944 0.574852918059 0.873540774956 0.438064870746 
0.381984641981 0.451567315201 0.577663968339 0.797328271103 
0.613982527063 0.656898336048 0.723013954955 0.58461859517 
0.650495408511 0.864151309962 0.81011622785 0.0909434718618 
0.393207201422 0.810492027167 0.77399265657 0.342275310329 
0.542992712228 0.748369506924 0.805313401276 0.307864055849 
0.36620907925 0.568649467241 0.839265320771 0.404827262877 
0.395509926952 0.797609843213 0.768854198809 0.334902800914 
0.391909259518 0.445445840261 0.575451897604 0.785511578316 
0.514173649723 0.539511609131 0.848258770534 0.431914526099 
0.365713214337 0.569236351958 0.842475149141 0.407938444278 
0.373061986988 0.469755301925 0.607295378617 0.741435444782 
0.392284941431 0.815519640909 0.775996163301 0.345159562046 
0.413707189001 0.677012772224 0.874777745499 0.138956762825 
0.461183771307 0.525739315859 0.874271819789 0.570727035552 
0.391902235248 0.4454672889 0.575301193972 0.784706808334 
0.389267322859 0.831515408109 0.782364157848 0.354361246058 
0.631312330872 0.842230102938 0.713827027042 0.408004622131 
0.332574998464 0.912393213041 0.733958921813 0.0887918590463 
0.367494394946 0.334219176041 0.757320366761 0.637830577024 
0.391854891745 0.445608458596 0.574314094285 0.779436502773 
0.381966802798 0.451863295076 0.574105246176 0.778321624042 
0.650495408511 0.864151309962 0.81011622785 0.0909434718618 
0.413301663637 0.698948187948 0.907205493054 0.149352091108 
0.461498719819 0.523840123572 0.756893139642 0.666468646504 
0.66442349133 0.732334011561 0.811990027857 0.231378861766 
0.575850682862 0.564511408776 0.914164540808 0.251407181939 
0.39219600648 0.444407809767 0.582985254792 0.825783727968 
0.384723317606 0.854502525835 0.791501053441 0.367649508053 
0.364720211592 0.425649207461 0.955548837898 0.0712960682726 
0.558953456452 0.695838304184 0.873451303416 0.14189718984 
0.403244706134 0.749556799084 0.749607649207 0.307639169968 
0.332574998464 0.912393213041 0.733958921813 0.0887918590463 
0.306717359181 0.965354385073 0.738604747732 0.0948689041635 
0.360154688234 0.576027097391 0.880106372791 0.444435262368 
0.392372943625 0.443411512065 0.590691616211 0.867060811376 
0.320255084351 0.8109641266 0.806722394379 0.227169823834 
0.391105286386 0.821851723453 0.778518101262 0.348797596736 
0.731365019263 0.716669916108 0.673336265069 0.534036730234 
0.336237376317 0.908186286569 0.80447350894 0.0887674581734 
0.419991642921 0.459860040431 0.562417264496 0.870192140772 
0.341799359332 0.399238490825 0.789641777742 0.606389976492 
0.688063456767 0.821593066118 0.714724500468 0.412130282892 
0.381616911698 0.451535043802 0.580105067526 0.810376952516 
0.591281642771 0.779507425492 0.814364157121 0.233279541226 
0.364720211592 0.425649207461 0.955548837898 0.0712960682726 
0.395569611471 0.797269158871 0.76871820425 0.334708178297 
0.342529302444 0.617685041577 0.812059245394 0.450798181644 
0.381789339417 0.449230273605 0.606930414532 0.954259849507 
0.384853691274 0.438627450369 0.605274752789 0.71514167781 
0.471735444688 0.501640397257 0.496757776116 0.90146989644 
0.393247510198 0.810270663805 0.773904419579 0.342148406724 
0.391909259518 0.445445840261 0.575451897604 0.785511578316 
0.384723317606 0.854502525835 0.791501053441 0.367649508053 
0.364272743234 0.570958518266 0.851936059243 0.417110428971 
0.361093053944 0.574852918059 0.873540774956 0.438064870746 
0.597794742101 0.570034189489 0.954422723623 0.158471988634 
0.246928313907 1.07430076899 0.746966064941 0.107973289732 
0.392386844768 0.443298934353 0.591593996929 0.871898970941 
0.417539537912 0.529799817371 0.544948711812 0.727717249441 
0.392388955229 0.443280907488 0.591739113084 0.872677107533 
0.39219600648 0.444407809767 0.582985254792 0.825783727968 
0.38279828282 0.863909700821 0.795236128715 0.373108688683 
0.316663943738 0.8174682897 0.81004268689 0.229821539973 
0.381990734012 0.451365919761 0.580105067526 0.810376952516 
0.36029544968 0.575850230823 0.879115976187 0.443474244161 
0.366942425428 0.504123933933 0.549835780191 0.842798836052 
0.412949886228 0.715311314631 0.931434466877 0.157120012676 
0.749145529273 0.742905416168 0.801310592445 0.382018444924 
0.467847613553 0.700462623369 0.692628438047 0.438338171227 
0.384919063164 0.589686742959 0.723972840038 0.443766036443 
0.395574805697 0.797239492524 0.768706361761 0.334691231682 
0.359514268199 0.576835055854 0.884636903972 0.448831702886 
0.392080561075 0.444872375537 0.57955438117 0.807432544563 
0.36243852514 0.573189231834 0.864277632344 0.429078995047 
0.391909259518 0.445445840261 0.575451897604 0.785511578316 
0.412994401238 0.713333104606 0.928503716316 0.156180365434 
0.341799359332 0.399238490825 0.789641777742 0.606389976492 
0.266414525862 0.902314907164 0.853902750648 0.265222384256 
0.336364924688 0.625925741733 0.828918448216 0.470848520953 
0.393717312906 0.442218172565 0.589238912675 0.859274102099 
0.413063671562 0.710207008617 0.923873227254 0.154695772785 
0.403244706134 0.749556799084 0.749607649207 0.307639169968 
0.404099234175 0.567750395481 0.605068747537 0.7588332197 
0.511755537267 0.712010972497 0.838391188264 0.312499593958 
0.417539537912 0.529799817371 0.544948711812 0.727717249441 
0.371642817133 0.562410779 0.80565464754 0.372270703501 
0.377273046221 0.890019130642 0.805592865945 0.38832167093 
0.361093053944 0.574852918059 0.873540774956 0.438064870746 
0.392336381406 0.443669663362 0.588647218618 0.856103264769 
0.392080561075 0.444872375537 0.57955438117 0.807432544563 
0.417539537912 0.529799817371 0.544948711812 0.727717249441 
