0.438154417116 0.657234760962 0.763309389568 0.437375850524 
0.455732231529 0.795780479199 0.74503010043 0.201278304127 
0.442058190448 0.470570131131 0.768775347508 0.499604059436 
0.589838297218 0.632469758665 0.659555193611 0.758173034294 
0.394120840292 0.42914670162 0.473373713993 0.851547619873 
0.471026704994 0.503853102013 0.564609918194 0.840048822386 
0.516284198774 0.692903107797 0.87619931876 0.231846526167 
0.411001722033 0.507299397191 0.837479696447 0.544610581271 
0.453896140573 0.516414436072 0.897967501325 0.302821612615 
0.400420198479 0.531697802569 0.823015965283 0.353296358282 
0.435936580362 0.465417038615 0.830112279745 0.348020167332 
0.39674423158 0.531797852313 0.856048877551 0.381263803431 
0.384491594284 0.422096788349 0.710765614942 0.70203410113 
0.589838297218 0.632469758665 0.659555193611 0.758173034294 
0.482430775716 0.49941819363 0.925879697342 0.320026852472 
0.394759237773 0.331672249237 0.776115154409 0.585683981004 
0.438193833576 0.463350779453 0.802914641858 0.546996913508 
0.411475934088 0.507769785612 0.828045526703 0.532627711787 
0.43188759216 0.517407702633 0.578682330043 0.820514731186 
0.453411062047 0.51770849308 0.874575008609 0.288429696782 
0.410883573508 0.507178601134 0.839884553718 0.547666696285 
0.411001722033 0.507299397191 0.837479696447 0.544610581271 
0.437438529831 0.685628746175 0.790087858094 0.475304410575 
0.377074495542 0.647738651979 0.724526446255 0.559802504703 
0.394120840292 0.42914670162 0.473373713993 0.851547619873 
0.455732231529 0.795780479199 0.74503010043 0.201278304127 
0.59841589542 0.624597150233 0.747954600658 0.616730775579 
0.436969760665 0.461559597886 0.811876667517 0.559489345953 
0.205514571613 0.332047021639 0.324418382514 0.943103529658 
0.701838235181 0.658834242056 0.953491146627 0.216285488585 
0.442058190448 0.470570131131 0.768775347508 0.499604059436 
0.481283622075 0.501596997783 0.901826645485 0.305198406747 
0.417386891663 0.529487951529 0.88751915733 0.407972956038 
0.471026704994 0.503853102013 0.564609918194 0.840048822386 
0.438828179497 0.459940167038 0.808817543391 0.555141316971 
0.379544551644 0.642879439459 0.720251009044 0.550906428749 
0.401381577862 0.354248060487 0.677048783715 0.730888279116 
0.377074495542 0.647738651979 0.724526446255 0.559802504703 
0.478155387275 0.506183706653 0.855324495134 0.27660756634 
0.516284198774 0.692903107797 0.87619931876 0.231846526167 
0.448114739341 0.883907061083 0.766704388469 0.229396308805 
0.394120840292 0.42914670162 0.473373713993 0.851547619873 
0.453227584347 0.518125330012 0.867165905126 0.283877174686 
0.411001722033 0.507299397191 0.837479696447 0.544610581271 
0.516284198774 0.692903107797 0.87619931876 0.231846526167 
0.450140917431 0.864266228637 0.761965910231 0.223063522075 
0.453411062047 0.51770849308 0.874575008609 0.288429696782 
0.442058190448 0.470570131131 0.768775347508 0.499604059436 
0.399645781731 0.358728831819 0.6733800646 0.718954240252 
0.436969760665 0.461559597886 0.811876667517 0.559489345953 
0.39674423158 0.531797852313 0.856048877551 0.381263803431 
0.431346711142 0.819454325852 0.722093500317 0.362509906446 
0.496400200035 0.698303288555 0.709797731692 0.578117708629 
0.394120840292 0.42914670162 0.473373713993 0.851547619873 
0.403637400458 0.531520532829 0.797734190602 0.33194862889 
0.398185091516 0.531772047306 0.842511799528 0.369793342477 
0.429162445505 0.456449721421 0.73535339234 0.657382329434 
0.481880795118 0.500513893481 0.913613196256 0.312461656961 
0.411475934088 0.507769785612 0.828045526703 0.532627711787 
0.454108883098 0.8191178732 0.750882228348 0.208647915975 
0.453093150414 0.51841249292 0.86209745594 0.280764602427 
0.570256563936 0.74430189319 0.66969908822 0.61701115697 
0.400265450847 0.357101989186 0.674713023996 0.723280325391 
0.453369474856 0.517805745253 0.872840894705 0.287363906695 
0.495007022298 0.794877143593 0.780539589114 0.435951462833 
0.436969760665 0.461559597886 0.811876667517 0.559489345953 
0.437344016671 0.688522599228 0.792818230201 0.479177751313 
0.394120840292 0.42914670162 0.473373713993 0.851547619873 
0.364186269606 0.574800089808 0.573623677552 0.893725145535 
0.359626469814 0.68039535075 0.753530891969 0.620322013539 
0.434406035192 0.510051238795 0.604876145478 0.827512709488 
0.454123749267 0.515656384655 0.91194445632 0.311432962719 
0.39677834618 0.531797445749 0.855718868523 0.380984032691 
0.448972705601 0.875787378026 0.764750974984 0.226773926784 
0.384491594284 0.422096788349 0.710765614942 0.70203410113 
0.482430775716 0.49941819363 0.925879697342 0.320026852472 
0.410802226989 0.507094579653 0.841553221043 0.549787618066 
1.01800829714 0.744896907658 0.792688299805 0.265672695501 
0.442035856335 0.47051663531 0.769017288777 0.499938723242 
0.571366056458 0.75629194463 0.747482909097 0.358901919166 
0.400262784207 0.531704366075 0.824333551105 0.354410374108 
0.393882580002 0.428840942791 0.47491765569 0.875973533543 
0.437419728346 0.461001395095 0.837517079178 0.540909227971 
0.481880795118 0.500513893481 0.913613196256 0.312461656961 
0.481263320406 0.501632194231 0.901449119227 0.304965863763 
0.431453987819 0.486880727617 0.723320959806 0.63808803123 
0.390127809677 0.42697158442 0.698765713378 0.672971203778 
0.399645781731 0.358728831819 0.6733800646 0.718954240252 
0.420617229962 0.877284765707 0.733503010287 0.395498311131 
0.699823006054 0.583218414606 0.671770708662 0.811258747685 
0.43445790782 0.522752450558 0.902372321123 0.305534535171 
0.442211983778 0.470944833703 0.767085095681 0.497266551513 
0.37820784778 0.645517824852 0.722571071388 0.555732992408 
0.625534565414 0.669121931431 0.897904283911 0.243487311981 
0.428662814582 0.456624545988 0.862323745229 0.37464320898 
0.736256892373 0.685111834512 0.77582852474 0.428123693791 
0.515720223023 0.677702064194 0.697581185404 0.542089439765 
0.424105226287 0.451959877931 0.880333379684 0.389611564101 
0.47730029629 0.50723282055 0.84539395621 0.27051746067 
0.445219085153 0.909629574006 0.772845267252 0.237743065301 
