0.361741333585 0.524770935461 0.783404638572 0.428014883608 
0.348179092712 0.972110157313 0.821645283062 0.198931843061 
0.387413922602 0.663777130495 0.714633224561 0.345355774897 
0.47653798399 0.524295527886 0.700023438999 0.725734490961 
0.373698905277 0.73022760126 0.793359118344 0.324147059112 
0.307683374186 0.340269785552 0.893397290905 0.126463240809 
0.425212877955 0.800547450493 0.780926287859 0.0458188007335 
0.483828403183 0.505788800578 0.812218458564 0.460200819069 
0.388766584908 0.435842420423 0.763242572139 0.506509073902 
0.383734830587 0.881981007037 0.787677285692 0.175108180074 
0.635039120876 0.626950334444 0.778220327863 0.127205655231 
0.376191868426 0.524660902643 0.736631430615 0.375934003575 
0.387413922602 0.663777130495 0.714633224561 0.345355774897 
0.410771320244 0.453190175201 0.842110670961 0.367290732755 
0.358687584607 0.385903257978 0.797279504363 0.556747939266 
0.433527605727 0.764048619783 0.764123886462 0.0429815542167 
0.342044645045 0.788790285211 0.840742570889 0.369900527493 
0.376914282105 0.670283716154 0.720303702567 0.5381587043 
0.684617728383 0.719232831291 0.670484666703 0.547933047518 
0.361741333585 0.524770935461 0.783404638572 0.428014883608 
0.35212049285 0.668697547095 0.799443717418 0.241282501619 
0.502852397253 0.789571715398 0.719218253411 0.319310476036 
0.419128506171 0.825011930538 0.792170065656 0.0477361342596 
0.350529953767 0.773584939426 0.828364362064 0.357925093282 
0.448954210782 0.757244591325 0.761475129472 0.0425376734069 
0.288647888444 0.32511779585 0.912769424955 0.132000241138 
0.390314482654 0.417916141864 0.412756170535 0.819965979662 
0.347956468533 0.975028602704 0.823798334876 0.174351444369 
0.407744027583 0.635126631115 0.672158375082 0.710164627431 
0.780648761838 0.731265868027 0.729736573737 0.338618668377 
0.416159512615 0.836446298461 0.797422045669 0.0486363215187 
0.367235997378 0.524803774374 0.764305114281 0.406720039983 
0.352416446377 0.66836048566 0.799027536256 0.24100880676 
0.400246692773 0.492767246308 0.850516981662 0.132838665872 
0.683672460514 0.838219858472 0.835973115175 0.040084167291 
0.484309203141 0.505684732045 0.815998628472 0.464428119508 
0.431264732072 0.774423947694 0.76890461932 0.0437851433839 
0.406900669026 0.446297186346 0.862507132718 0.384465996545 
0.761400677402 0.715724572092 0.798988219818 0.0355956394433 
0.288647888444 0.32511779585 0.912769424955 0.132000241138 
0.394509509237 0.4522236945 0.876082728559 0.0449975395118 
0.366581302009 0.524804443602 0.766489446512 0.409153637963 
0.294094457293 0.329386390398 0.907294050267 0.130428571764 
0.418322925181 0.466711912873 0.864725406403 0.076032680072 
0.391871433165 0.419643976675 0.739903870461 0.472469886287 
0.736785571064 0.652612475897 0.771179126697 0.147191172204 
0.532647689324 0.743108380763 0.765154113623 0.32507672067 
0.503835987545 0.528750034831 0.783782457347 0.312633366553 
0.390293184946 0.417896620582 0.412746437575 0.910534647744 
0.378487917505 0.405232011409 0.764198587935 0.507809072454 
0.387517048418 0.402905597343 0.707046232107 0.55119752207 
0.509551344739 0.621473216855 0.67421031881 0.71643589882 
0.380463481688 0.675606707681 0.722520708706 0.356238231241 
0.466009115166 0.465683819562 0.506716247015 0.81076845561 
0.484548941095 0.505633089225 0.817904358922 0.466559648931 
0.342582500714 0.370150529708 0.928344247466 0.0867566353038 
0.448954210782 0.757244591325 0.761475129472 0.0425376734069 
0.369417607799 0.396137638705 0.779691242016 0.530621275489 
0.392064344721 0.621948380638 0.83480378916 0.166772383488 
0.425545965991 0.799161550693 0.780288976548 0.0457105490771 
0.407654546715 0.447538935186 0.921545091818 0.0854298685064 
0.394297998267 0.450444894544 0.851980609571 0.250552947613 
0.388766584908 0.435842420423 0.763242572139 0.506509073902 
0.376914282105 0.670283716154 0.720303702567 0.5381587043 
0.386391230794 0.746699117645 0.736000035862 0.140285183099 
0.342582500714 0.370150529708 0.928344247466 0.0867566353038 
0.527701792766 0.655402740316 0.723274532648 0.544036024115 
0.423417366942 0.807928689455 0.784319864635 0.0463960109185 
0.49404657538 0.760466462239 0.649056890421 0.486375484432 
0.761400677402 0.715724572092 0.798988219818 0.0355956394433 
0.375353669684 0.402037084604 0.769626741948 0.515778915988 
0.333309508843 0.80414984874 0.853295724873 0.382059334341 
0.38734814089 0.401886288888 0.708298765781 0.55359067852 
0.509551344739 0.621473216855 0.67421031881 0.71643589882 
0.417440685964 0.831547991438 0.795172376263 0.0482503870816 
0.347956468533 0.975028602704 0.823798334876 0.174351444369 
0.372401631439 0.688788204495 0.731365803837 0.368482606327 
0.373698905277 0.73022760126 0.793359118344 0.324147059112 
0.378384723333 0.896237697237 0.793053431382 0.178838998727 
0.571899976321 0.584995981793 0.666111243516 0.691694847975 
0.315650487343 0.366636898885 0.948892899448 0.0903485935946 
0.543103063198 0.997164067344 0.741748838185 0.105569867184 
0.425212877955 0.800547450493 0.780926287859 0.0458188007335 
0.351948143808 0.524515007815 0.822342409981 0.471524511353 
0.560804305346 0.713965991983 0.819624020535 0.143434574346 
0.355393726556 0.954578415128 0.815039508782 0.194255483382 
0.50505017821 0.715653970506 0.813811263248 0.200715311364 
0.333309508843 0.80414984874 0.853295724873 0.382059334341 
0.378487917505 0.405232011409 0.764198587935 0.507809072454 
0.465631512081 0.798863078404 0.603519299117 0.772323236503 
0.353241997401 0.714214015083 0.755827167856 0.608608453857 
0.66848084165 0.641157931458 0.593202731253 0.645060506751 
0.393135023272 0.443878820615 0.867178460006 0.259096907463 
0.391712293106 0.433398558795 0.891243411843 0.272691398125 
0.356773292046 0.70788220297 0.750673295252 0.598366152944 
0.373698905277 0.73022760126 0.793359118344 0.324147059112 
0.502852397253 0.789571715398 0.719218253411 0.319310476036 
0.367235997378 0.524803774374 0.764305114281 0.406720039983 
0.390306682568 0.417911512849 0.412753391918 0.845638968304 
0.386175815106 0.394187620726 0.717706281092 0.571652151594 
