0.536520811843 0.541622414475 0.785265768897 0.347177325649 
0.533207773718 0.523246188957 0.50662651992 0.73391683927 
0.560357884081 0.53934010042 0.870389512741 0.0480129102446 
0.509166734609 0.370059587727 0.895812243379 0.381911695586 
0.799171785374 0.699922274648 0.759442531194 0.407457291835 
0.485303682751 0.614805246421 0.790463046795 0.521843835118 
0.507498700804 0.602948355671 0.774442240407 0.378189571834 
0.463739159842 0.553230141821 0.497727336838 0.732725584479 
0.430744246134 0.658498679623 0.565043611919 0.736611445357 
0.443771399467 0.595020041667 0.877261432799 0.275751752011 
0.586706043083 0.676894393182 0.763326656283 0.41490703645 
0.572173122769 0.755999647725 0.705254034075 0.526275115005 
0.683782055118 0.663569012717 0.786661534692 0.023578495985 
0.458728501889 0.454738148381 0.704959701546 0.666862003278 
0.489934805806 0.531103409617 0.838849898019 0.519390639089 
0.473108128215 0.490729129473 0.674116034288 0.646115538885 
0.465279270134 0.484396179459 0.439268076813 0.816374834379 
0.443771399467 0.595020041667 0.877261432799 0.275751752011 
0.507684100053 0.77702672064 0.704662223657 0.506807387775 
0.467996083507 0.456375872153 0.55770649613 0.714452624113 
0.43289420445 0.866037666799 0.757735801704 0.182735294404 
0.507655770869 0.600753022156 0.766350625738 0.369729285425 
0.443771399467 0.595020041667 0.877261432799 0.275751752011 
0.477449535376 0.391793397732 0.870048823588 0.359105020683 
0.66726100279 0.744669522341 0.809069048829 0.0904378482148 
0.509166734609 0.370059587727 0.895812243379 0.381911695586 
0.509166734609 0.370059587727 0.895812243379 0.381911695586 
0.427654692736 0.662592740982 0.566061572961 0.748067363052 
0.488242206172 0.606340111843 0.764152558269 0.485216279442 
0.465135656826 0.528404704918 0.649503275806 0.790489794075 
0.44050162716 0.649540534334 0.853922937359 0.0655970562831 
0.510102511683 0.525827144702 0.864209967042 0.263488056463 
0.451408562058 0.628906542528 0.557571010246 0.65599416918 
0.457971804954 0.446733643238 0.71701993934 0.696179959051 
0.535111936199 0.55923390284 0.941050608379 0.195667185563 
0.507360697738 0.604993588598 0.781993528863 0.386085926041 
0.657965738453 0.744340150237 0.716218366684 0.250506232257 
0.443771399467 0.595020041667 0.877261432799 0.275751752011 
0.443936505456 0.622616476217 0.786229302175 0.393991312035 
0.494222904889 0.506292864 0.932265968719 0.346996650809 
0.437581556261 0.651812805762 0.860707206143 0.066614722789 
0.507883345455 0.77581776949 0.704217419644 0.505493631075 
0.393874009949 0.892606671489 0.744755572154 0.277806218855 
0.44167586875 0.643398280003 0.561258719802 0.694983632459 
0.427654692736 0.662592740982 0.566061572961 0.748067363052 
0.507200732222 0.773822137364 0.701628054021 0.514215771324 
0.488943952775 0.400998644077 0.861706964983 0.35182193855 
0.509166734609 0.370059587727 0.895812243379 0.381911695586 
0.509540998125 0.759095229181 0.696195199459 0.497845065457 
0.709695547927 0.614879071379 0.847747909451 0.264590077802 
0.535131050544 0.55999878313 0.928695186449 0.191147463144 
0.441433261347 0.595621110025 0.887976702881 0.282025967922 
0.477449535376 0.391793397732 0.870048823588 0.359105020683 
0.509166734609 0.370059587727 0.895812243379 0.381911695586 
0.534900644781 0.562758785795 0.885032255033 0.17520936252 
0.611242320755 0.853550047024 0.759989471272 0.353838239547 
0.506738929117 0.616012944234 0.822861432404 0.428835991478 
0.498445672672 0.51086097846 0.911570218121 0.333176132105 
0.514283460067 0.534540210648 0.73418444273 0.418235981988 
0.465279270134 0.484396179459 0.439268076813 0.816374834379 
0.587768346373 0.615463654699 0.71834048489 0.448994882703 
0.460492404605 0.560321860163 0.500601070548 0.776566803635 
0.53475905013 0.563468356218 0.874044883058 0.171208211839 
0.499603798824 0.512164730415 0.905708375151 0.329269207508 
0.48985937101 0.601769156617 0.750032541392 0.46556216562 
0.357249140565 0.979031464522 0.787666629532 0.217965740511 
0.49015782403 0.860699258875 0.733178153674 0.61249502567 
0.650928313893 0.684167225483 0.676747169246 0.63865000886 
0.478216924569 0.495877770163 0.521763418552 0.75092033731 
0.465191694278 0.462638021807 0.544217147023 0.739507210206 
0.441433261347 0.595621110025 0.887976702881 0.282025967922 
0.534850923807 0.563029085039 0.880835181736 0.173680465489 
0.443410304703 0.640898786316 0.560626968669 0.688190534383 
0.465279270134 0.484396179459 0.439268076813 0.816374834379 
0.431543048751 0.449322166077 0.721620121393 0.707430019582 
0.726991064753 0.728946025701 0.702109701524 0.515676109932 
0.433605615928 0.597693071329 0.926399173884 0.304547452574 
0.482693653266 0.378100368372 0.884510391102 0.371850848385 
0.470680767227 0.487535157502 0.68307030045 0.668612171946 
0.477449535376 0.391793397732 0.870048823588 0.359105020683 
0.507894495532 0.769579196272 0.700066060686 0.509489766583 
0.481572298813 0.703038912825 0.87940597477 0.0130618320684 
0.443410304703 0.640898786316 0.560626968669 0.688190534383 
0.443410304703 0.640898786316 0.560626968669 0.688190534383 
0.449871190334 0.548174787486 0.70066575281 0.669401773641 
0.451408562058 0.628906542528 0.557571010246 0.65599416918 
0.485303682751 0.614805246421 0.790463046795 0.521843835118 
0.497893117141 0.34478467193 0.919522294519 0.403280143049 
0.497858516445 0.824440141227 0.720095182577 0.571148057458 
0.49642830094 0.50864465239 0.921580998711 0.339856219462 
0.499603798824 0.512164730415 0.905708375151 0.329269207508 
0.466329252379 0.482015644375 0.698550787819 0.707731657488 
0.545309212815 0.687750013012 0.635613380326 0.651226004229 
0.452738105291 0.560856493677 0.889194054412 0.0499460212586 
0.507360697738 0.604993588598 0.781993528863 0.386085926041 
0.664570479038 0.76620191735 0.672115417742 0.600430138409 
0.650928313893 0.684167225483 0.676747169246 0.63865000886 
0.49549879177 0.507644918101 0.92611534836 0.342885098283 
0.498445672672 0.51086097846 0.911570218121 0.333176132105 
0.465135656826 0.528404704918 0.649503275806 0.790489794075 
