0.42828990952 0.491889850255 0.567586037858 0.917619437681 
0.441904448705 0.472117719378 0.664863139785 0.916784731532 
0.62896723014 0.620496523692 0.852379152147 0.671855938386 
0.702728816135 0.637985727157 0.753399310463 0.652518206909 
0.42828990952 0.491889850255 0.567586037858 0.917619437681 
0.492739840522 0.539601775582 0.61597956912 0.887818099614 
0.427661152536 0.491637690489 0.572576817684 0.950263529531 
0.342172840986 0.323364649884 0.922966552351 0.525611272825 
0.428339697677 0.491908836323 0.567210206084 0.915162492246 
0.427185638518 0.491430387438 0.576687880602 0.977176576414 
0.428421621293 0.491939779425 0.566597558905 0.911157814901 
0.409016822231 0.447694119444 0.932619912783 0.269112691576 
0.445720115958 0.475932519508 0.876648181123 0.664763045124 
0.420096659814 0.398454038151 0.700501650885 0.848941136267 
0.414478753082 0.752054864123 0.638252406327 0.60080904865 
0.42667575498 0.491190032349 0.58147619097 1.00854720981 
0.408180750999 0.56766790834 0.928035588363 0.154819189831 
0.681269714377 0.661808261973 0.844593525805 0.351674895992 
0.441904448705 0.472117719378 0.664863139785 0.916784731532 
0.488573336309 0.337955311806 0.901230200358 0.499181803476 
0.850551011204 0.634481734321 0.919371893975 0.419906829463 
0.42728481516 0.491474897786 0.575804033278 0.971388810439 
0.262335872817 0.838860456103 0.763921660141 0.703508890249 
0.850551011204 0.634481734321 0.919371893975 0.419906829463 
0.42667575498 0.491190032349 0.58147619097 1.00854720981 
0.885955458602 0.728216866204 0.923880135941 0.317157988897 
0.42828990952 0.491889850255 0.567586037858 0.917619437681 
0.94809801946 0.768231302905 0.873930586842 0.275316399324 
0.784998647073 0.669242658191 0.782893405645 0.484965599735 
0.747861984575 0.632648011854 0.670985425134 0.843446916153 
0.420096659814 0.398454038151 0.700501650885 0.848941136267 
0.518190578555 0.592583262525 0.856403289252 0.425926176135 
0.436516283969 0.870998474746 0.835940211576 0.142562355778 
0.405879759548 0.445672007182 0.937708946146 0.271896955811 
0.586624836554 0.839843855079 0.84042747749 0.58533464934 
0.427661152536 0.491637690489 0.572576817684 0.950263529531 
0.380198095465 0.430113273616 0.977836987773 0.294003629998 
0.427758872824 0.491678450827 0.571769754701 0.944982476574 
0.911541392494 0.921163259337 0.767845543667 0.381096669241 
0.441904448705 0.472117719378 0.664863139785 0.916784731532 
0.432755511324 0.880463866099 0.840574995807 0.14489012344 
0.394010075346 0.562433266334 1.03227271462 0.186433476421 
0.427661152536 0.491637690489 0.572576817684 0.950263529531 
0.775379332542 0.664003591511 0.659307817342 0.86433537802 
0.42828990952 0.491889850255 0.567586037858 0.917619437681 
0.747861984575 0.632648011854 0.670985425134 0.843446916153 
0.645498551166 0.590178789263 0.61114175667 0.910270282111 
0.42828990952 0.491889850255 0.567586037858 0.917619437681 
0.673826099029 0.826743365612 0.817830371871 0.485649841183 
0.428153345379 0.491837059223 0.568630832937 0.924450634538 
0.428401374432 0.491932166217 0.566748310142 0.912143179286 
0.42667575498 0.491190032349 0.58147619097 1.00854720981 
0.458432336385 0.488641851042 0.575009328226 0.966185548066 
0.784998647073 0.669242658191 0.782893405645 0.484965599735 
0.394269036079 0.438434747841 0.956160584762 0.282029791869 
0.427922183757 0.491745245831 0.570447686538 0.936333222564 
0.513813892529 0.566564967909 0.685874486261 0.85276033157 
0.427806207476 0.491697979616 0.571383171234 0.94245313673 
0.673826099029 0.826743365612 0.817830371871 0.485649841183 
0.700672615632 0.646377299032 0.758012235427 0.663175791911 
0.437094760183 0.869528185759 0.835220222343 0.142201377543 
0.894609966851 0.907099044194 0.760557001391 0.413914640725 
0.375931723848 0.313683867465 0.952254053053 0.530598399411 
0.539968557046 0.698479624306 0.667612004703 0.722477873951 
0.445720115958 0.475932519508 0.876648181123 0.664763045124 
0.681260832282 0.700889995141 0.603987264182 0.882817111412 
0.492739840522 0.539601775582 0.61597956912 0.887818099614 
0.438022062403 0.867162955462 0.834061950239 0.141621021007 
0.427105986853 0.491394131209 0.577408404567 0.981895493214 
0.372631592312 0.757732253249 0.895317871804 0.506642003436 
0.395649404172 0.563187290333 1.0172771133 0.181875362691 
0.42667575498 0.491190032349 0.58147619097 1.00854720981 
0.42667575498 0.491190032349 0.58147619097 1.00854720981 
0.747861984575 0.632648011854 0.670985425134 0.843446916153 
0.380198095465 0.430113273616 0.977836987773 0.294003629998 
0.436490996906 0.466745021593 0.686060950602 0.999660071192 
0.428421621293 0.491939779425 0.566597558905 0.911157814901 
0.427661152536 0.491637690489 0.572576817684 0.950263529531 
0.426475219282 0.491089813779 0.58348223739 1.02169698435 
0.443922380619 0.47413519271 0.776866562891 0.81278335201 
0.436942129221 0.467181118505 0.589568601757 1.05352466144 
0.373448127662 0.75666234178 0.893932454699 0.505035957973 
0.420409516722 0.400231842149 0.69860286782 0.842287748528 
0.413613855515 0.518823228031 0.760400949997 0.880429429438 
0.42828990952 0.491889850255 0.567586037858 0.917619437681 
0.69277974484 0.79547006214 0.827910602701 0.563363780048 
0.427969764631 0.491764401977 0.57006860076 0.933853571649 
0.427661152536 0.491637690489 0.572576817684 0.950263529531 
0.438022062403 0.867162955462 0.834061950239 0.141621021007 
0.388305478082 0.434436104616 0.956833981122 0.282551098789 
0.427375394514 0.491514949545 0.575009328226 0.966185548066 
0.445360628263 0.475563007347 0.878095943756 0.666912674211 
0.410749737538 0.448824462777 0.929787783654 0.267565241892 
0.413613855515 0.518823228031 0.760400949997 0.880429429438 
0.409016822231 0.447694119444 0.932619912783 0.269112691576 
0.427661152536 0.491637690489 0.572576817684 0.950263529531 
0.427661152536 0.491637690489 0.572576817684 0.950263529531 
0.428276179994 0.49188459041 0.567690148659 0.918300080792 
0.427291521606 0.491477882664 0.575744788445 0.97100088485 
0.35805281967 0.836033704181 0.647151179806 0.719150846731 
