0.623086473221 0.607342018225 0.89040992923 0.303831747609 
0.508799403561 0.57638179448 0.833921192439 0.454931780033 
0.36435093376 1.00124182225 0.793420400179 0.186815791731 
0.36435093376 1.00124182225 0.793420400179 0.186815791731 
0.36435093376 1.00124182225 0.793420400179 0.186815791731 
0.471040374084 0.46266529157 0.855047669241 0.386589689746 
0.624302345505 0.707072607993 0.577805979115 0.866863415682 
0.36435093376 1.00124182225 0.793420400179 0.186815791731 
0.36435093376 1.00124182225 0.793420400179 0.186815791731 
0.36435093376 1.00124182225 0.793420400179 0.186815791731 
0.623086473221 0.607342018225 0.89040992923 0.303831747609 
0.463960432431 0.450215733148 0.942475448821 0.462632467362 
0.364939653436 1.00004579028 0.793148989695 0.18653481854 
0.36435093376 1.00124182225 0.793420400179 0.186815791731 
0.539374829901 0.53447261015 0.62605381129 0.943622427106 
0.492004535481 0.541990460812 0.755557192455 0.779052195327 
0.432716068216 0.400670446698 0.662023285638 0.965417617026 
0.36435093376 1.00124182225 0.793420400179 0.186815791731 
0.432992915818 0.403909767577 0.956310611145 0.516973700614 
0.643675090676 0.539191051054 0.595126597306 0.911116416469 
0.623086473221 0.607342018225 0.89040992923 0.303831747609 
0.345579683156 1.03877279351 0.801909283284 0.195677528199 
0.433326858363 0.40666609588 0.936574634003 0.537677020061 
0.444807708242 0.413039770731 0.68776178883 0.782175365229 
0.380238622627 0.968496832755 0.78596720182 0.179157000036 
0.91062227445 0.713481942247 0.803164434618 0.524747429976 
0.833899789385 0.668527636157 0.898631767874 0.212275412551 
0.463960432431 0.450215733148 0.942475448821 0.462632467362 
0.36435093376 1.00124182225 0.793420400179 0.186815791731 
0.55368692776 0.561368056848 0.941611820158 0.384326067114 
0.643675090676 0.539191051054 0.595126597306 0.911116416469 
0.683315697578 0.802809501474 0.892999267984 0.0112072779492 
0.434675823819 0.415715974942 0.906258956719 0.506230251468 
0.444697667121 0.412877850869 0.688353198417 0.783881024216 
0.468216713854 0.457679470617 0.890217567623 0.417101414601 
0.382993208804 0.962712325135 0.784645365177 0.177811530157 
0.487616083953 0.485093904787 0.542226484197 1.0228529761 
0.433109012552 0.404885466873 0.942517983027 0.543855519035 
0.421027204836 0.585750990396 0.776834925687 0.654369848675 
0.509237393413 0.737023596475 0.808712731032 0.450732845709 
0.345579683156 1.03877279351 0.801909283284 0.195677528199 
0.821110204101 0.65983180803 0.883402467934 0.322811771419 
0.36435093376 1.00124182225 0.793420400179 0.186815791731 
0.432716068216 0.400670446698 0.662023285638 0.965417617026 
0.433326858363 0.40666609588 0.936574634003 0.537677020061 
0.442527809352 0.462469254448 0.882078450468 0.41002980534 
0.36435093376 1.00124182225 0.793420400179 0.186815791731 
0.647766266409 0.745261685282 0.903394286053 0.214618439709 
0.444807708242 0.413039770731 0.68776178883 0.782175365229 
0.431422087738 0.402145574023 0.729698975839 0.903753584079 
0.433347692617 0.404907860203 0.647828614145 0.909001511939 
0.380238622627 0.968496832755 0.78596720182 0.179157000036 
0.406281970278 0.610874595585 0.819348718496 0.73390830007 
0.364939653436 1.00004579028 0.793148989695 0.18653481854 
0.643675090676 0.539191051054 0.595126597306 0.911116416469 
0.643675090676 0.539191051054 0.595126597306 0.911116416469 
0.36435093376 1.00124182225 0.793420400179 0.186815791731 
0.36435093376 1.00124182225 0.793420400179 0.186815791731 
0.36435093376 1.00124182225 0.793420400179 0.186815791731 
0.364939653436 1.00004579028 0.793148989695 0.18653481854 
0.467224033038 0.455933752265 0.90247673591 0.427763550735 
0.36435093376 1.00124182225 0.793420400179 0.186815791731 
0.970413687063 0.662443760495 0.664986792826 0.862625135364 
0.404421455453 0.64332194482 0.572978527446 0.965417617026 
0.374892784382 0.979628095635 0.788506270125 0.181752542476 
0.855920594327 0.851199893213 0.756147738996 0.52766608209 
0.979602975429 0.759343359079 0.858367817136 0.182307336883 
0.364939653436 1.00004579028 0.793148989695 0.18653481854 
0.404421455453 0.64332194482 0.572978527446 0.965417617026 
0.402707383869 0.616863214565 0.829552991485 0.753001442045 
0.345579683156 1.03877279351 0.801909283284 0.195677528199 
0.436267265162 0.446124197722 0.991315107571 0.505348480103 
0.603706608784 0.57756098111 0.824217747413 0.739092977139 
0.408707828677 0.605034991863 0.602849374515 0.965417617026 
0.433326858363 0.40666609588 0.936574634003 0.537677020061 
0.470734008569 0.462122732525 0.858887742575 0.38991513544 
0.374834114787 0.97974959127 0.788533951409 0.181780918372 
0.433109012552 0.404885466873 0.942517983027 0.543855519035 
0.36435093376 1.00124182225 0.793420400179 0.186815791731 
0.41175809459 0.598832144947 0.599755885465 0.943622427106 
0.781863207918 0.961208464391 0.793074128886 0.186457346873 
0.36435093376 1.00124182225 0.793420400179 0.186815791731 
0.36435093376 1.00124182225 0.793420400179 0.186815791731 
0.405399360705 0.612356444543 0.821871418244 0.738628438071 
0.833899789385 0.668527636157 0.898631767874 0.212275412551 
0.55813117154 0.738715668046 0.769719961715 0.564032683457 
0.692203891444 0.732759525933 0.919425335489 0.219876835801 
0.368966128682 0.991831671646 0.791283381863 0.184607624839 
0.36508100043 0.999758446638 0.793083775252 0.186467329017 
0.46242524534 0.447535720995 0.961154994917 0.478953601994 
0.406281970278 0.610874595585 0.819348718496 0.73390830007 
0.36435093376 1.00124182225 0.793420400179 0.186815791731 
0.643675090676 0.539191051054 0.595126597306 0.911116416469 
0.374834114787 0.97974959127 0.788533951409 0.181780918372 
0.36435093376 1.00124182225 0.793420400179 0.186815791731 
0.440155040369 0.406343006059 0.712212912109 0.852917076755 
0.379815489264 0.969382383542 0.786169415734 0.1793631812 
0.36435093376 1.00124182225 0.793420400179 0.186815791731 
0.348193593458 1.0336122217 0.800745059496 0.194453994651 
0.431528269182 0.400864091196 0.733968944058 0.916194383792 
