0.410528464092 0.848012138465 
0.410528464092 0.848012138465 
0.410528464092 0.848012138465 
0.410528464092 0.848012138465 
0.903096743658 0.361200740314 
0.410528464092 0.848012138465 
0.892578277743 0.51357693607 
0.410528464092 0.848012138465 
0.410586960784 0.845212314068 
0.410666596809 0.841400698734 
0.410528464092 0.848012138465 
0.410528464092 0.848012138465 
0.410528464092 0.848012138465 
0.410528464092 0.848012138465 
0.410528464092 0.848012138465 
0.410528464092 0.848012138465 
0.410992624605 0.825796045599 
0.410528464092 0.848012138465 
0.410528464092 0.848012138465 
0.410528464092 0.848012138465 
0.409564444851 0.894152946257 
0.409432776415 0.900454986455 
0.903096743658 0.361200740314 
0.410528464092 0.848012138465 
0.410277277302 0.860034680042 
0.903096743658 0.361200740314 
0.410528464092 0.848012138465 
0.410528464092 0.848012138465 
0.409564444851 0.894152946257 
0.965220396251 0.310231008186 
0.410528990392 0.847986948202 
0.410528464092 0.848012138465 
0.410528464092 0.848012138465 
0.903096743658 0.361200740314 
0.823494840421 0.625043476063 
0.903096743658 0.361200740314 
0.410528464092 0.848012138465 
0.408780847339 0.931658237272 
0.410543370437 0.847298676764 
0.410528464092 0.848012138465 
0.410528464092 0.848012138465 
0.410528464092 0.848012138465 
0.410528464092 0.848012138465 
0.410280289225 0.859890520518 
0.409534583065 0.895582219507 
0.409258737277 0.908785013525 
0.409343202301 0.904742268057 
0.410528990392 0.847986948202 
0.410528464092 0.848012138465 
0.410528464092 0.848012138465 
0.410050574154 0.870885362212 
0.410528464092 0.848012138465 
0.409258737277 0.908785013525 
0.410528464092 0.848012138465 
0.65069434498 0.824753441079 
0.410528464092 0.848012138465 
0.410528464092 0.848012138465 
0.409509264786 0.89679402713 
0.409509264786 0.89679402713 
0.408239537971 0.95756690219 
0.410528464092 0.848012138465 
0.410528464092 0.848012138465 
0.903096743658 0.361200740314 
0.769589959357 0.698073390419 
0.410618038206 0.843724856863 
0.410528464092 0.848012138465 
0.410528464092 0.848012138465 
0.410528464092 0.848012138465 
0.410528464092 0.848012138465 
0.410528990392 0.847986948202 
0.409258737277 0.908785013525 
0.410528464092 0.848012138465 
0.410528464092 0.848012138465 
0.410528464092 0.848012138465 
0.409258737277 0.908785013525 
0.410528990392 0.847986948202 
0.409849812661 0.880494400138 
0.410528464092 0.848012138465 
0.410528464092 0.848012138465 
0.410528464092 0.848012138465 
0.410332728358 0.857380628763 
0.409672027289 0.889003733044 
0.410528464092 0.848012138465 
0.410528464092 0.848012138465 
0.409258737277 0.908785013525 
0.410528464092 0.848012138465 
0.409534583065 0.895582219507 
0.410528464092 0.848012138465 
0.410528464092 0.848012138465 
0.409258737277 0.908785013525 
0.410528464092 0.848012138465 
0.410528464092 0.848012138465 
0.409258737277 0.908785013525 
0.410969951741 0.826881235808 
0.410528464092 0.848012138465 
0.410528464092 0.848012138465 
0.410528464092 0.848012138465 
0.409169163164 0.913072295128 
0.410756804529 0.837083090852 
0.410528464092 0.848012138465 
