0.998473734978 1.12519442844 
0.560135738879 1.14297204608 
0.998473734978 1.12519442844 
0.998473734978 1.12519442844 
0.998473734978 1.12519442844 
0.998473734978 1.12519442844 
0.998473734978 1.12519442844 
0.998473734978 1.12519442844 
0.560135738879 1.14297204608 
0.998473734978 1.12519442844 
0.998473734978 1.12519442844 
0.998473734978 1.12519442844 
0.998473734978 1.12519442844 
0.560135738879 1.14297204608 
0.998473734978 1.12519442844 
0.560135738879 1.14297204608 
0.998473734978 1.12519442844 
0.560135738879 1.14297204608 
0.998473734978 1.12519442844 
0.560135738879 1.14297204608 
0.998473734978 1.12519442844 
0.998473734978 1.12519442844 
0.998473734978 1.12519442844 
0.998473734978 1.12519442844 
0.998473734978 1.12519442844 
0.998473734978 1.12519442844 
0.998473734978 1.12519442844 
0.998473734978 1.12519442844 
0.998473734978 1.12519442844 
0.998473734978 1.12519442844 
0.998473734978 1.12519442844 
0.998473734978 1.12519442844 
0.998473734978 1.12519442844 
0.998473734978 1.12519442844 
0.998473734978 1.12519442844 
0.998473734978 1.12519442844 
0.998473734978 1.12519442844 
0.998473734978 1.12519442844 
0.998473734978 1.12519442844 
0.998473734978 1.12519442844 
0.998473734978 1.12519442844 
0.998473734978 1.12519442844 
0.998473734978 1.12519442844 
0.998473734978 1.12519442844 
0.998473734978 1.12519442844 
0.998473734978 1.12519442844 
0.998473734978 1.12519442844 
0.998473734978 1.12519442844 
0.998473734978 1.12519442844 
0.998473734978 1.12519442844 
0.998473734978 1.12519442844 
0.998473734978 1.12519442844 
0.560135738879 1.14297204608 
0.998473734978 1.12519442844 
0.998473734978 1.12519442844 
0.998473734978 1.12519442844 
0.560135738879 1.14297204608 
0.998473734978 1.12519442844 
0.998473734978 1.12519442844 
0.560135738879 1.14297204608 
0.998473734978 1.12519442844 
0.998473734978 1.12519442844 
0.998473734978 1.12519442844 
0.998473734978 1.12519442844 
0.998473734978 1.12519442844 
0.998473734978 1.12519442844 
0.998473734978 1.12519442844 
0.998473734978 1.12519442844 
0.998473734978 1.12519442844 
0.998473734978 1.12519442844 
0.998473734978 1.12519442844 
0.560135738879 1.14297204608 
0.998473734978 1.12519442844 
0.998473734978 1.12519442844 
0.998473734978 1.12519442844 
0.560135738879 1.14297204608 
0.998473734978 1.12519442844 
0.998473734978 1.12519442844 
0.998473734978 1.12519442844 
0.998473734978 1.12519442844 
0.998473734978 1.12519442844 
0.998473734978 1.12519442844 
0.560135738879 1.14297204608 
0.998473734978 1.12519442844 
0.998473734978 1.12519442844 
0.560135738879 1.14297204608 
0.998473734978 1.12519442844 
0.998473734978 1.12519442844 
0.998473734978 1.12519442844 
0.998473734978 1.12519442844 
0.998473734978 1.12519442844 
0.998473734978 1.12519442844 
0.998473734978 1.12519442844 
0.998473734978 1.12519442844 
0.998473734978 1.12519442844 
0.560135738879 1.14297204608 
0.560135738879 1.14297204608 
0.998473734978 1.12519442844 
0.998473734978 1.12519442844 
0.998473734978 1.12519442844 
