0.346353754776 0.967395204084 
0.346285023868 0.968380608521 
0.346259082028 0.968752540217 
0.682205177388 0.915156959944 
0.346413707492 0.966535653794 
0.346353754776 0.967395204084 
0.345816246265 0.97510153713 
0.346413707492 0.966535653794 
0.344727090314 0.990716914967 
0.344727090314 0.990716914967 
0.346353754776 0.967395204084 
0.346353754776 0.967395204084 
0.346353754776 0.967395204084 
0.46930336872 0.96435218015 
0.346353754776 0.967395204084 
0.682205177388 0.915156959944 
0.346353754776 0.967395204084 
0.344727090314 0.990716914967 
0.345816246265 0.97510153713 
0.682205177388 0.915156959944 
0.346353754776 0.967395204084 
0.682205177388 0.915156959944 
0.346353754776 0.967395204084 
0.343578379841 1.00718613414 
0.343977649094 1.00146175624 
0.46930336872 0.96435218015 
0.346353754776 0.967395204084 
0.345136313394 0.984849827692 
1.01903081839 0.167851219659 
0.345264997019 0.983004872965 
0.346353754776 0.967395204084 
0.346413707492 0.966535653794 
0.923136104588 0.530235914334 
0.34559752698 0.978237345429 
0.346259082028 0.968752540217 
0.345816246265 0.97510153713 
0.346413707492 0.966535653794 
0.345816246265 0.97510153713 
0.344727090314 0.990716914967 
0.944595193236 0.434345437963 
0.345126359567 0.984992537073 
0.346353754776 0.967395204084 
0.344727090314 0.990716914967 
0.345816246265 0.97510153713 
0.346353754776 0.967395204084 
0.343578379841 1.00718613414 
0.344667535792 0.991570756301 
1.01903081839 0.167851219659 
0.682205177388 0.915156959944 
0.345816246265 0.97510153713 
0.682205177388 0.915156959944 
0.346353754776 0.967395204084 
0.963845413724 0.389273874714 
0.346353754776 0.967395204084 
0.820366053737 0.710698042828 
0.344727090314 0.990716914967 
0.343977649094 1.00146175624 
0.346353754776 0.967395204084 
0.343977649094 1.00146175624 
0.344727090314 0.990716914967 
0.346285023868 0.968380608521 
0.46930336872 0.96435218015 
0.346413707492 0.966535653794 
0.344667535792 0.991570756301 
0.346353754776 0.967395204084 
0.345816246265 0.97510153713 
0.682205177388 0.915156959944 
0.343578379841 1.00718613414 
0.346353754776 0.967395204084 
0.346413707492 0.966535653794 
0.34473387689 0.990619614899 
0.682205177388 0.915156959944 
0.344727090314 0.990716914967 
0.346413707492 0.966535653794 
0.346413707492 0.966535653794 
1.01903081839 0.167851219659 
0.34559752698 0.978237345429 
0.346353754776 0.967395204084 
0.346353754776 0.967395204084 
0.34473387689 0.990619614899 
0.344667535792 0.991570756301 
0.344667535792 0.991570756301 
0.343578379841 1.00718613414 
0.34559752698 0.978237345429 
0.343318131554 1.01091734943 
0.345816246265 0.97510153713 
0.345264997019 0.983004872965 
0.34559752698 0.978237345429 
0.344667535792 0.991570756301 
0.346353754776 0.967395204084 
0.346021224815 0.97216273162 
0.682205177388 0.915156959944 
0.344667535792 0.991570756301 
0.346413309299 0.966541362749 
0.346413707492 0.966535653794 
0.46930336872 0.96435218015 
0.682205177388 0.915156959944 
0.346413707492 0.966535653794 
0.345136313394 0.984849827692 
0.346413707492 0.966535653794 
