0.560167952418 1.05321727489 
0.560167952418 1.05321727489 
0.560167952418 1.05321727489 
0.868556496057 0.699163718591 
0.30289913187 1.05519338261 
0.560167952418 1.05321727489 
0.30289913187 1.05519338261 
0.560167952418 1.05321727489 
0.560167952418 1.05321727489 
0.868556496057 0.699163718591 
0.560167952418 1.05321727489 
1.0632075805 0.223627575042 
0.560167952418 1.05321727489 
0.726596554072 0.945823403868 
0.984023593378 0.484263154902 
0.560167952418 1.05321727489 
0.560167952418 1.05321727489 
0.560167952418 1.05321727489 
0.30289913187 1.05519338261 
0.30289913187 1.05519338261 
0.560167952418 1.05321727489 
0.560167952418 1.05321727489 
0.560167952418 1.05321727489 
0.560167952418 1.05321727489 
0.868556496057 0.699163718591 
0.984023593378 0.484263154902 
0.560167952418 1.05321727489 
0.560167952418 1.05321727489 
0.560167952418 1.05321727489 
0.560167952418 1.05321727489 
0.560167952418 1.05321727489 
0.927363931776 0.643416146632 
0.868556496057 0.699163718591 
0.560167952418 1.05321727489 
0.560167952418 1.05321727489 
0.560167952418 1.05321727489 
1.0632075805 0.223627575042 
0.560167952418 1.05321727489 
0.726596554072 0.945823403868 
0.30289913187 1.05519338261 
0.30289913187 1.05519338261 
0.560167952418 1.05321727489 
0.560167952418 1.05321727489 
0.560167952418 1.05321727489 
0.560167952418 1.05321727489 
0.560167952418 1.05321727489 
0.560167952418 1.05321727489 
0.868556496057 0.699163718591 
0.802684484588 0.916299911566 
0.984023593378 0.484263154902 
0.30289913187 1.05519338261 
0.560167952418 1.05321727489 
0.560167952418 1.05321727489 
0.868556496057 0.699163718591 
0.560167952418 1.05321727489 
0.30289913187 1.05519338261 
0.868556496057 0.699163718591 
0.30289913187 1.05519338261 
0.560167952418 1.05321727489 
0.560167952418 1.05321727489 
0.560167952418 1.05321727489 
0.560167952418 1.05321727489 
0.297658611777 1.09910395208 
0.560167952418 1.05321727489 
0.30289913187 1.05519338261 
1.0632075805 0.223627575042 
0.560167952418 1.05321727489 
0.802684484588 0.916299911566 
0.30289913187 1.05519338261 
0.30289913187 1.05519338261 
0.560167952418 1.05321727489 
0.30289913187 1.05519338261 
0.30289913187 1.05519338261 
0.868556496057 0.699163718591 
0.984023593378 0.484263154902 
0.560167952418 1.05321727489 
0.868556496057 0.699163718591 
0.868556496057 0.699163718591 
0.560167952418 1.05321727489 
0.560167952418 1.05321727489 
0.30289913187 1.05519338261 
0.30289913187 1.05519338261 
0.868556496057 0.699163718591 
0.560167952418 1.05321727489 
0.560167952418 1.05321727489 
0.560167952418 1.05321727489 
0.984023593378 0.484263154902 
0.30289913187 1.05519338261 
0.560167952418 1.05321727489 
0.560167952418 1.05321727489 
0.560167952418 1.05321727489 
0.868556496057 0.699163718591 
0.868556496057 0.699163718591 
0.30289913187 1.05519338261 
0.560167952418 1.05321727489 
0.30289913187 1.05519338261 
0.30289913187 1.05519338261 
0.560167952418 1.05321727489 
0.30289913187 1.05519338261 
1.0632075805 0.223627575042 
