0.589396037414 1.22938274646 
0.589396037414 1.22938274646 
0.589396037414 1.22938274646 
0.589396037414 1.22938274646 
0.589396037414 1.22938274646 
0.589396037414 1.22938274646 
0.589396037414 1.22938274646 
0.589396037414 1.22938274646 
0.589396037414 1.22938274646 
0.589396037414 1.22938274646 
0.589396037414 1.22938274646 
0.589396037414 1.22938274646 
0.589396037414 1.22938274646 
0.589396037414 1.22938274646 
0.589396037414 1.22938274646 
0.589396037414 1.22938274646 
0.589396037414 1.22938274646 
0.589396037414 1.22938274646 
0.589396037414 1.22938274646 
0.589396037414 1.22938274646 
0.589396037414 1.22938274646 
0.589396037414 1.22938274646 
0.589396037414 1.22938274646 
0.589396037414 1.22938274646 
0.589396037414 1.22938274646 
0.589396037414 1.22938274646 
0.589396037414 1.22938274646 
0.589396037414 1.22938274646 
0.589396037414 1.22938274646 
0.589396037414 1.22938274646 
0.589396037414 1.22938274646 
0.589396037414 1.22938274646 
0.589396037414 1.22938274646 
0.589396037414 1.22938274646 
0.589396037414 1.22938274646 
0.589396037414 1.22938274646 
0.589396037414 1.22938274646 
0.589396037414 1.22938274646 
0.589396037414 1.22938274646 
0.589396037414 1.22938274646 
0.589396037414 1.22938274646 
0.589396037414 1.22938274646 
0.589396037414 1.22938274646 
0.589396037414 1.22938274646 
0.589396037414 1.22938274646 
0.589396037414 1.22938274646 
0.589396037414 1.22938274646 
0.589396037414 1.22938274646 
0.589396037414 1.22938274646 
0.589396037414 1.22938274646 
0.589396037414 1.22938274646 
0.589396037414 1.22938274646 
0.589396037414 1.22938274646 
0.589396037414 1.22938274646 
0.589396037414 1.22938274646 
0.589396037414 1.22938274646 
0.999108699173 1.2192163921 
0.589396037414 1.22938274646 
0.589396037414 1.22938274646 
0.589396037414 1.22938274646 
0.589396037414 1.22938274646 
0.589396037414 1.22938274646 
0.589396037414 1.22938274646 
0.589396037414 1.22938274646 
0.589396037414 1.22938274646 
0.589396037414 1.22938274646 
0.589396037414 1.22938274646 
0.589396037414 1.22938274646 
0.589396037414 1.22938274646 
0.589396037414 1.22938274646 
0.589396037414 1.22938274646 
0.589396037414 1.22938274646 
0.589396037414 1.22938274646 
0.589396037414 1.22938274646 
0.589396037414 1.22938274646 
0.589396037414 1.22938274646 
0.589396037414 1.22938274646 
0.589396037414 1.22938274646 
0.589396037414 1.22938274646 
0.589396037414 1.22938274646 
0.589396037414 1.22938274646 
0.589396037414 1.22938274646 
0.589396037414 1.22938274646 
0.589396037414 1.22938274646 
0.589396037414 1.22938274646 
0.589396037414 1.22938274646 
0.589396037414 1.22938274646 
0.589396037414 1.22938274646 
0.589396037414 1.22938274646 
0.589396037414 1.22938274646 
0.589396037414 1.22938274646 
0.589396037414 1.22938274646 
0.589396037414 1.22938274646 
0.589396037414 1.22938274646 
0.589396037414 1.22938274646 
0.589396037414 1.22938274646 
0.589396037414 1.22938274646 
0.589396037414 1.22938274646 
0.589396037414 1.22938274646 
0.589396037414 1.22938274646 
