0.297297231062 0.912750034122 
0.297297231062 0.912750034122 
0.298478809437 0.90404437463 
0.298478809437 0.90404437463 
0.297297231062 0.912750034122 
0.298478809437 0.90404437463 
0.296703376511 0.917125448929 
0.297297231062 0.912750034122 
0.297297231062 0.912750034122 
0.297297231062 0.912750034122 
0.298478809437 0.90404437463 
0.29632938142 0.919880978295 
0.599327461184 0.892200533987 
0.872189994626 0.603491054667 
0.297297231062 0.912750034122 
0.298478809437 0.90404437463 
0.294277394925 0.934999650154 
0.297297231062 0.912750034122 
0.297297231062 0.912750034122 
0.900073299956 0.469760789259 
0.930372942135 0.365805240171 
0.296703376511 0.917125448929 
0.298478809437 0.90404437463 
0.297297231062 0.912750034122 
0.29777210074 0.909251278721 
0.297438869752 0.911706465427 
0.297297231062 0.912750034122 
0.298478809437 0.90404437463 
0.297297231062 0.912750034122 
0.298478809437 0.90404437463 
0.297297231062 0.912750034122 
0.297297231062 0.912750034122 
0.297297231062 0.912750034122 
0.297297231062 0.912750034122 
0.298478809437 0.90404437463 
0.298478809437 0.90404437463 
0.599327461184 0.892200533987 
0.298478809437 0.90404437463 
0.298478809437 0.90404437463 
0.298478809437 0.90404437463 
0.298478809437 0.90404437463 
0.297297231062 0.912750034122 
0.297297231062 0.912750034122 
0.297297231062 0.912750034122 
0.298478809437 0.90404437463 
0.297297231062 0.912750034122 
0.298478809437 0.90404437463 
0.298478809437 0.90404437463 
0.296561737821 0.918169017625 
0.297297231062 0.912750034122 
0.298478809437 0.90404437463 
0.296703376511 0.917125448929 
0.297297231062 0.912750034122 
0.297297231062 0.912750034122 
0.297438869752 0.911706465427 
0.294277394925 0.934999650154 
0.297297231062 0.912750034122 
0.298478809437 0.90404437463 
0.776809132162 0.712098540127 
0.294776428472 0.931322859653 
0.297297231062 0.912750034122 
0.296703376511 0.917125448929 
0.29632938142 0.919880978295 
0.297297231062 0.912750034122 
0.29632938142 0.919880978295 
0.297297231062 0.912750034122 
0.297297231062 0.912750034122 
0.297297231062 0.912750034122 
0.297297231062 0.912750034122 
0.298478809437 0.90404437463 
0.297297231062 0.912750034122 
0.297297231062 0.912750034122 
0.297297231062 0.912750034122 
0.297297231062 0.912750034122 
0.298478809437 0.90404437463 
0.297297231062 0.912750034122 
0.297297231062 0.912750034122 
0.599327461184 0.892200533987 
0.601832789703 0.890737708269 
0.29777210074 0.909251278721 
0.297297231062 0.912750034122 
0.297297231062 0.912750034122 
0.297297231062 0.912750034122 
0.294277394925 0.934999650154 
0.298478809437 0.90404437463 
0.297297231062 0.912750034122 
0.297438869752 0.911706465427 
0.294776428472 0.931322859653 
0.297438869752 0.911706465427 
0.638804338201 0.871900068317 
0.297297231062 0.912750034122 
0.297297231062 0.912750034122 
0.297297231062 0.912750034122 
0.298478809437 0.90404437463 
0.297297231062 0.912750034122 
0.29632938142 0.919880978295 
0.297297231062 0.912750034122 
0.297297231062 0.912750034122 
0.930372942135 0.365805240171 
0.297410085207 0.911918544838 
