0.957909158367 0.440366114607 
0.831295119109 0.883094388194 
0.371977327763 1.05357651699 
0.371977327763 1.05357651699 
0.371977327763 1.05357651699 
0.371977327763 1.05357651699 
0.371977327763 1.05357651699 
0.371977327763 1.05357651699 
0.371977327763 1.05357651699 
0.371977327763 1.05357651699 
0.886459678433 0.724297558113 
0.831295119109 0.883094388194 
0.371977327763 1.05357651699 
0.371977327763 1.05357651699 
0.371977327763 1.05357651699 
0.482118149435 1.05285902828 
0.371977327763 1.05357651699 
0.371977327763 1.05357651699 
0.371977327763 1.05357651699 
0.957909158367 0.440366114607 
0.371977327763 1.05357651699 
0.371977327763 1.05357651699 
0.371977327763 1.05357651699 
0.371977327763 1.05357651699 
0.371977327763 1.05357651699 
0.371977327763 1.05357651699 
0.371977327763 1.05357651699 
0.371977327763 1.05357651699 
0.371977327763 1.05357651699 
0.371977327763 1.05357651699 
0.482118149435 1.05285902828 
0.886459678433 0.724297558113 
0.371977327763 1.05357651699 
0.371977327763 1.05357651699 
0.370524743565 1.08247533941 
1.0345418959 0.327558967891 
0.371977327763 1.05357651699 
0.369769600699 1.09749872987 
0.371977327763 1.05357651699 
0.371977327763 1.05357651699 
0.369678755139 1.09930608102 
0.482118149435 1.05285902828 
0.371977327763 1.05357651699 
0.369787914628 1.09713437855 
0.371977327763 1.05357651699 
0.371977327763 1.05357651699 
0.371977327763 1.05357651699 
0.957909158367 0.440366114607 
0.957909158367 0.440366114607 
0.371977327763 1.05357651699 
0.371977327763 1.05357651699 
0.371977327763 1.05357651699 
0.371977327763 1.05357651699 
0.371977327763 1.05357651699 
0.371977327763 1.05357651699 
0.371977327763 1.05357651699 
0.371977327763 1.05357651699 
0.369678755139 1.09930608102 
0.371977327763 1.05357651699 
0.371977327763 1.05357651699 
0.371977327763 1.05357651699 
0.482118149435 1.05285902828 
0.371977327763 1.05357651699 
0.482118149435 1.05285902828 
0.371977327763 1.05357651699 
0.371977327763 1.05357651699 
0.370524743565 1.08247533941 
0.371977327763 1.05357651699 
0.371977327763 1.05357651699 
0.369769600699 1.09749872987 
0.371977327763 1.05357651699 
0.371977327763 1.05357651699 
0.371977327763 1.05357651699 
0.371977327763 1.05357651699 
0.371977327763 1.05357651699 
0.371977327763 1.05357651699 
0.371977327763 1.05357651699 
0.371977327763 1.05357651699 
0.371977327763 1.05357651699 
0.371977327763 1.05357651699 
0.371977327763 1.05357651699 
0.371977327763 1.05357651699 
0.371977327763 1.05357651699 
0.371977327763 1.05357651699 
0.371977327763 1.05357651699 
0.482118149435 1.05285902828 
0.371977327763 1.05357651699 
0.371977327763 1.05357651699 
0.371977327763 1.05357651699 
0.371977327763 1.05357651699 
0.371977327763 1.05357651699 
0.957909158367 0.440366114607 
0.371977327763 1.05357651699 
0.369769600699 1.09749872987 
0.371977327763 1.05357651699 
0.371977327763 1.05357651699 
0.371977327763 1.05357651699 
0.371977327763 1.05357651699 
0.371977327763 1.05357651699 
0.886459678433 0.724297558113 
