1.05020254911 0.23952075805 
1.06014261414 0.138405152913 
1.05020254911 0.23952075805 
1.06014261414 0.138405152913 
1.05020254911 0.23952075805 
1.06431151797 0.054490933601 
1.06014261414 0.138405152913 
0.915478940089 0.719102256206 
0.740189824065 0.97576282736 
0.678873215834 1.0298997347 
0.678873215834 1.0298997347 
0.678873215834 1.0298997347 
1.06014261414 0.138405152913 
1.06014261414 0.138405152913 
1.05020254911 0.23952075805 
0.487560919809 1.11993571961 
0.678873215834 1.0298997347 
1.06014261414 0.138405152913 
0.915478940089 0.719102256206 
0.474178013953 1.12230353119 
1.05020254911 0.23952075805 
1.06014261414 0.138405152913 
1.06431151797 0.054490933601 
1.06014261414 0.138405152913 
1.05020254911 0.23952075805 
0.740189824065 0.97576282736 
1.06014261414 0.138405152913 
1.05020254911 0.23952075805 
1.01488729395 0.452997700049 
1.06014261414 0.138405152913 
1.05020254911 0.23952075805 
1.05020254911 0.23952075805 
1.06014261414 0.138405152913 
1.06014261414 0.138405152913 
1.06431151797 0.054490933601 
0.678873215834 1.0298997347 
1.05020254911 0.23952075805 
1.05020254911 0.23952075805 
1.05020254911 0.23952075805 
0.818138817741 0.890431437812 
1.06014261414 0.138405152913 
0.915478940089 0.719102256206 
1.05020254911 0.23952075805 
0.678873215834 1.0298997347 
1.05020254911 0.23952075805 
0.990687212786 0.523340588699 
1.05020254911 0.23952075805 
1.06014261414 0.138405152913 
1.05020254911 0.23952075805 
1.05020254911 0.23952075805 
0.678873215834 1.0298997347 
1.06014261414 0.138405152913 
1.05020254911 0.23952075805 
0.990687212786 0.523340588699 
1.05020254911 0.23952075805 
1.05020254911 0.23952075805 
1.05020254911 0.23952075805 
1.06014261414 0.138405152913 
1.06014261414 0.138405152913 
1.05020254911 0.23952075805 
1.05020254911 0.23952075805 
1.06014261414 0.138405152913 
1.06014261414 0.138405152913 
1.05020254911 0.23952075805 
1.06014261414 0.138405152913 
1.05020254911 0.23952075805 
0.740189824065 0.97576282736 
0.915478940089 0.719102256206 
1.05020254911 0.23952075805 
1.06014261414 0.138405152913 
1.05020254911 0.23952075805 
0.915478940089 0.719102256206 
1.06014261414 0.138405152913 
1.06014261414 0.138405152913 
1.06014261414 0.138405152913 
0.915478940089 0.719102256206 
0.678873215834 1.0298997347 
0.915478940089 0.719102256206 
1.01488729395 0.452997700049 
1.06014261414 0.138405152913 
1.06014261414 0.138405152913 
1.06014261414 0.138405152913 
1.05020254911 0.23952075805 
1.06431151797 0.054490933601 
1.06014261414 0.138405152913 
0.678873215834 1.0298997347 
0.915478940089 0.719102256206 
1.05020254911 0.23952075805 
1.06014261414 0.138405152913 
0.740189824065 0.97576282736 
1.05020254911 0.23952075805 
0.678873215834 1.0298997347 
0.678873215834 1.0298997347 
1.06431151797 0.054490933601 
1.06014261414 0.138405152913 
1.05020254911 0.23952075805 
0.678873215834 1.0298997347 
0.915478940089 0.719102256206 
1.05020254911 0.23952075805 
1.05020254911 0.23952075805 
