0.85800058882 0.743547730544 
0.85800058882 0.743547730544 
0.85800058882 0.743547730544 
0.85800058882 0.743547730544 
0.85800058882 0.743547730544 
0.85800058882 0.743547730544 
0.85800058882 0.743547730544 
0.934645101211 0.587967139796 
0.85800058882 0.743547730544 
0.85800058882 0.743547730544 
0.725889063147 0.912754563544 
0.725889063147 0.912754563544 
0.85800058882 0.743547730544 
0.85800058882 0.743547730544 
0.725889063147 0.912754563544 
0.725889063147 0.912754563544 
0.934645101211 0.587967139796 
0.85800058882 0.743547730544 
0.85800058882 0.743547730544 
0.85800058882 0.743547730544 
0.599144894749 1.00528434488 
0.85800058882 0.743547730544 
0.85800058882 0.743547730544 
0.85800058882 0.743547730544 
0.725889063147 0.912754563544 
0.725889063147 0.912754563544 
0.85800058882 0.743547730544 
0.85800058882 0.743547730544 
0.85800058882 0.743547730544 
0.85800058882 0.743547730544 
0.725889063147 0.912754563544 
0.85800058882 0.743547730544 
0.85800058882 0.743547730544 
0.85800058882 0.743547730544 
0.934645101211 0.587967139796 
0.85800058882 0.743547730544 
0.809864728039 0.816233633247 
0.934645101211 0.587967139796 
0.85800058882 0.743547730544 
0.934645101211 0.587967139796 
0.809864728039 0.816233633247 
0.725889063147 0.912754563544 
0.85800058882 0.743547730544 
0.85800058882 0.743547730544 
0.85800058882 0.743547730544 
0.85800058882 0.743547730544 
0.85800058882 0.743547730544 
0.85800058882 0.743547730544 
1.02745825139 0.225976231538 
1.02745825139 0.225976231538 
0.85800058882 0.743547730544 
0.599144894749 1.00528434488 
0.85800058882 0.743547730544 
0.934645101211 0.587967139796 
0.85800058882 0.743547730544 
0.529277760934 1.03448574965 
0.85800058882 0.743547730544 
1.02745825139 0.225976231538 
0.85800058882 0.743547730544 
0.725889063147 0.912754563544 
0.85800058882 0.743547730544 
0.85800058882 0.743547730544 
0.85800058882 0.743547730544 
0.725889063147 0.912754563544 
0.85800058882 0.743547730544 
0.725889063147 0.912754563544 
0.85800058882 0.743547730544 
0.85800058882 0.743547730544 
0.85800058882 0.743547730544 
0.809864728039 0.816233633247 
0.725889063147 0.912754563544 
0.85800058882 0.743547730544 
0.85800058882 0.743547730544 
0.85800058882 0.743547730544 
0.85800058882 0.743547730544 
0.934645101211 0.587967139796 
0.85800058882 0.743547730544 
0.85800058882 0.743547730544 
0.85800058882 0.743547730544 
0.85800058882 0.743547730544 
0.85800058882 0.743547730544 
0.809864728039 0.816233633247 
0.85800058882 0.743547730544 
0.85800058882 0.743547730544 
0.85800058882 0.743547730544 
0.85800058882 0.743547730544 
0.85800058882 0.743547730544 
1.02745825139 0.225976231538 
0.725889063147 0.912754563544 
0.85800058882 0.743547730544 
0.529277760934 1.03448574965 
0.85800058882 0.743547730544 
0.725889063147 0.912754563544 
0.85800058882 0.743547730544 
0.85800058882 0.743547730544 
0.85800058882 0.743547730544 
0.85800058882 0.743547730544 
0.599144894749 1.00528434488 
0.85800058882 0.743547730544 
0.529277760934 1.03448574965 
