0.877138620202 0.760785180887 
0.727246405902 0.96381721255 
0.877138620202 0.760785180887 
0.727246405902 0.96381721255 
0.877138620202 0.760785180887 
0.877138620202 0.760785180887 
0.877138620202 0.760785180887 
0.626432104856 1.04113158723 
0.877138620202 0.760785180887 
0.877138620202 0.760785180887 
0.77637575489 0.911011504146 
0.626432104856 1.04113158723 
1.05387629765 0.357481867824 
0.727246405902 0.96381721255 
0.626432104856 1.04113158723 
0.877138620202 0.760785180887 
0.626432104856 1.04113158723 
0.877138620202 0.760785180887 
0.626432104856 1.04113158723 
0.626432104856 1.04113158723 
0.877138620202 0.760785180887 
0.877138620202 0.760785180887 
0.877138620202 0.760785180887 
0.877138620202 0.760785180887 
0.626432104856 1.04113158723 
0.450224456626 1.08373995698 
0.727246405902 0.96381721255 
0.877138620202 0.760785180887 
0.877138620202 0.760785180887 
0.727246405902 0.96381721255 
0.877138620202 0.760785180887 
0.626432104856 1.04113158723 
0.877138620202 0.760785180887 
0.877138620202 0.760785180887 
0.877138620202 0.760785180887 
0.727246405902 0.96381721255 
0.877138620202 0.760785180887 
0.877138620202 0.760785180887 
0.877138620202 0.760785180887 
0.626432104856 1.04113158723 
0.727246405902 0.96381721255 
0.949529413225 0.710015523056 
0.727246405902 0.96381721255 
0.877138620202 0.760785180887 
0.877138620202 0.760785180887 
0.626432104856 1.04113158723 
0.877138620202 0.760785180887 
0.949529413225 0.710015523056 
0.626432104856 1.04113158723 
0.727246405902 0.96381721255 
0.626432104856 1.04113158723 
0.877138620202 0.760785180887 
0.877138620202 0.760785180887 
0.626432104856 1.04113158723 
0.626432104856 1.04113158723 
0.727246405902 0.96381721255 
0.877138620202 0.760785180887 
0.727246405902 0.96381721255 
0.77637575489 0.911011504146 
0.877138620202 0.760785180887 
0.877138620202 0.760785180887 
0.626432104856 1.04113158723 
0.727246405902 0.96381721255 
0.450224456626 1.08373995698 
0.626432104856 1.04113158723 
0.877138620202 0.760785180887 
0.626432104856 1.04113158723 
0.727246405902 0.96381721255 
0.727246405902 0.96381721255 
0.877138620202 0.760785180887 
0.877138620202 0.760785180887 
0.877138620202 0.760785180887 
0.877138620202 0.760785180887 
0.877138620202 0.760785180887 
0.626432104856 1.04113158723 
0.877138620202 0.760785180887 
0.626432104856 1.04113158723 
0.877138620202 0.760785180887 
0.877138620202 0.760785180887 
0.626432104856 1.04113158723 
0.877138620202 0.760785180887 
0.877138620202 0.760785180887 
0.877138620202 0.760785180887 
0.727246405902 0.96381721255 
0.877138620202 0.760785180887 
0.626432104856 1.04113158723 
0.727246405902 0.96381721255 
0.727246405902 0.96381721255 
0.727246405902 0.96381721255 
0.626432104856 1.04113158723 
0.727246405902 0.96381721255 
0.877138620202 0.760785180887 
0.877138620202 0.760785180887 
0.877138620202 0.760785180887 
0.877138620202 0.760785180887 
0.877138620202 0.760785180887 
0.727246405902 0.96381721255 
0.626432104856 1.04113158723 
0.877138620202 0.760785180887 
0.877138620202 0.760785180887 
