1.07227337692 0.285076401002 
0.982386704133 0.620289546647 
0.680927710766 1.02773501564 
1.07227337692 0.285076401002 
0.921984288279 0.749719146675 
0.680927710766 1.02773501564 
1.07227337692 0.285076401002 
1.07227337692 0.285076401002 
1.08356275015 0.199562046706 
1.07227337692 0.285076401002 
0.872967433506 0.830796048946 
0.872967433506 0.830796048946 
1.08356275015 0.199562046706 
0.872967433506 0.830796048946 
0.872967433506 0.830796048946 
0.680927710766 1.02773501564 
0.872967433506 0.830796048946 
1.08356275015 0.199562046706 
1.07227337692 0.285076401002 
1.08356275015 0.199562046706 
0.872967433506 0.830796048946 
1.07227337692 0.285076401002 
0.982386704133 0.620289546647 
1.07227337692 0.285076401002 
1.08356275015 0.199562046706 
0.955293982074 0.68333256695 
0.872967433506 0.830796048946 
0.872967433506 0.830796048946 
0.872967433506 0.830796048946 
1.07227337692 0.285076401002 
1.07227337692 0.285076401002 
1.08356275015 0.199562046706 
0.872967433506 0.830796048946 
1.08356275015 0.199562046706 
0.955293982074 0.68333256695 
1.07227337692 0.285076401002 
0.955293982074 0.68333256695 
0.955293982074 0.68333256695 
1.08356275015 0.199562046706 
1.07227337692 0.285076401002 
0.955293982074 0.68333256695 
1.08356275015 0.199562046706 
1.07227337692 0.285076401002 
1.08356275015 0.199562046706 
1.07227337692 0.285076401002 
1.08356275015 0.199562046706 
0.982386704133 0.620289546647 
0.872967433506 0.830796048946 
0.955293982074 0.68333256695 
0.872967433506 0.830796048946 
1.08356275015 0.199562046706 
0.872967433506 0.830796048946 
1.07227337692 0.285076401002 
1.08356275015 0.199562046706 
0.872967433506 0.830796048946 
0.872967433506 0.830796048946 
0.872967433506 0.830796048946 
0.872967433506 0.830796048946 
0.872967433506 0.830796048946 
1.07227337692 0.285076401002 
0.872967433506 0.830796048946 
0.955293982074 0.68333256695 
0.872967433506 0.830796048946 
1.07227337692 0.285076401002 
0.955293982074 0.68333256695 
0.573740021141 1.07993922684 
0.680927710766 1.02773501564 
1.07227337692 0.285076401002 
0.872967433506 0.830796048946 
1.07227337692 0.285076401002 
1.07227337692 0.285076401002 
0.680927710766 1.02773501564 
0.955293982074 0.68333256695 
0.955293982074 0.68333256695 
0.680927710766 1.02773501564 
1.07227337692 0.285076401002 
0.872967433506 0.830796048946 
1.08356275015 0.199562046706 
1.07227337692 0.285076401002 
1.07227337692 0.285076401002 
1.07227337692 0.285076401002 
0.680927710766 1.02773501564 
1.07227337692 0.285076401002 
0.872967433506 0.830796048946 
1.07227337692 0.285076401002 
1.07227337692 0.285076401002 
1.07227337692 0.285076401002 
0.955293982074 0.68333256695 
1.08356275015 0.199562046706 
1.08356275015 0.199562046706 
0.955293982074 0.68333256695 
1.08356275015 0.199562046706 
0.872967433506 0.830796048946 
0.955293982074 0.68333256695 
0.982386704133 0.620289546647 
1.07227337692 0.285076401002 
1.08356275015 0.199562046706 
1.07227337692 0.285076401002 
1.08356275015 0.199562046706 
1.07227337692 0.285076401002 
