0.881529492587 0.839619987952 
0.881529492587 0.839619987952 
0.881529492587 0.839619987952 
0.881529492587 0.839619987952 
0.881529492587 0.839619987952 
0.881529492587 0.839619987952 
1.01899064301 0.417934607561 
1.01899064301 0.417934607561 
0.881529492587 0.839619987952 
0.881529492587 0.839619987952 
0.881529492587 0.839619987952 
0.881529492587 0.839619987952 
0.881529492587 0.839619987952 
1.01899064301 0.417934607561 
0.881529492587 0.839619987952 
0.881529492587 0.839619987952 
0.881529492587 0.839619987952 
1.01899064301 0.417934607561 
0.881529492587 0.839619987952 
0.881529492587 0.839619987952 
0.881529492587 0.839619987952 
0.881529492587 0.839619987952 
0.881529492587 0.839619987952 
0.795147701599 0.890035524028 
0.881529492587 0.839619987952 
0.881529492587 0.839619987952 
0.881529492587 0.839619987952 
0.881529492587 0.839619987952 
0.881529492587 0.839619987952 
0.881529492587 0.839619987952 
0.881529492587 0.839619987952 
0.881529492587 0.839619987952 
1.01899064301 0.417934607561 
0.881529492587 0.839619987952 
0.881529492587 0.839619987952 
0.881529492587 0.839619987952 
0.571206318157 1.08027981758 
0.881529492587 0.839619987952 
0.881529492587 0.839619987952 
0.881529492587 0.839619987952 
0.881529492587 0.839619987952 
0.881529492587 0.839619987952 
0.993152418122 0.587256883007 
0.881529492587 0.839619987952 
0.881529492587 0.839619987952 
0.881529492587 0.839619987952 
0.881529492587 0.839619987952 
0.881529492587 0.839619987952 
0.881529492587 0.839619987952 
0.881529492587 0.839619987952 
0.881529492587 0.839619987952 
1.09507516097 0.202967587956 
0.881529492587 0.839619987952 
0.881529492587 0.839619987952 
0.881529492587 0.839619987952 
1.01899064301 0.417934607561 
0.881529492587 0.839619987952 
1.01899064301 0.417934607561 
1.01899064301 0.417934607561 
0.881529492587 0.839619987952 
0.881529492587 0.839619987952 
1.01899064301 0.417934607561 
0.571206318157 1.08027981758 
0.881529492587 0.839619987952 
0.881529492587 0.839619987952 
0.881529492587 0.839619987952 
0.881529492587 0.839619987952 
0.881529492587 0.839619987952 
0.881529492587 0.839619987952 
0.881529492587 0.839619987952 
0.881529492587 0.839619987952 
0.881529492587 0.839619987952 
0.881529492587 0.839619987952 
0.881529492587 0.839619987952 
0.881529492587 0.839619987952 
0.881529492587 0.839619987952 
0.881529492587 0.839619987952 
0.881529492587 0.839619987952 
1.01899064301 0.417934607561 
0.993152418122 0.587256883007 
0.881529492587 0.839619987952 
0.881529492587 0.839619987952 
0.674778818737 1.00508383122 
0.881529492587 0.839619987952 
0.881529492587 0.839619987952 
0.993152418122 0.587256883007 
0.881529492587 0.839619987952 
0.881529492587 0.839619987952 
0.881529492587 0.839619987952 
0.881529492587 0.839619987952 
1.01899064301 0.417934607561 
0.881529492587 0.839619987952 
0.795147701599 0.890035524028 
0.881529492587 0.839619987952 
0.881529492587 0.839619987952 
0.881529492587 0.839619987952 
0.881529492587 0.839619987952 
0.881529492587 0.839619987952 
0.881529492587 0.839619987952 
0.881529492587 0.839619987952 
