0.943239127143 0.594575546515 
0.943239127143 0.594575546515 
0.943239127143 0.594575546515 
1.04571518957 0.079617022002 
0.958021462429 0.554335339479 
0.943239127143 0.594575546515 
0.83114239996 0.81352886846 
0.752587170509 0.912885827273 
0.958021462429 0.554335339479 
0.943239127143 0.594575546515 
0.621514550462 1.01876068471 
0.572280447755 1.04321546438 
0.752587170509 0.912885827273 
0.943239127143 0.594575546515 
0.943239127143 0.594575546515 
0.943239127143 0.594575546515 
0.958021462429 0.554335339479 
0.943239127143 0.594575546515 
0.943239127143 0.594575546515 
0.958021462429 0.554335339479 
0.943239127143 0.594575546515 
0.752587170509 0.912885827273 
0.943239127143 0.594575546515 
0.83114239996 0.81352886846 
0.572280447755 1.04321546438 
0.943239127143 0.594575546515 
0.958021462429 0.554335339479 
0.621514550462 1.01876068471 
0.572280447755 1.04321546438 
0.943239127143 0.594575546515 
1.04571518957 0.079617022002 
0.943239127143 0.594575546515 
0.389831055554 1.07213622573 
0.943239127143 0.594575546515 
0.708287409767 0.955986866866 
0.943239127143 0.594575546515 
0.83114239996 0.81352886846 
0.389831055554 1.07213622573 
0.943239127143 0.594575546515 
0.621514550462 1.01876068471 
0.90750731729 0.67816513602 
0.958021462429 0.554335339479 
0.943239127143 0.594575546515 
0.943239127143 0.594575546515 
0.943239127143 0.594575546515 
0.943239127143 0.594575546515 
0.752587170509 0.912885827273 
0.943239127143 0.594575546515 
0.890469867011 0.712715022576 
0.943239127143 0.594575546515 
0.943239127143 0.594575546515 
0.83114239996 0.81352886846 
0.83114239996 0.81352886846 
0.958021462429 0.554335339479 
0.943239127143 0.594575546515 
0.958021462429 0.554335339479 
0.621514550462 1.01876068471 
0.943239127143 0.594575546515 
0.943239127143 0.594575546515 
0.943239127143 0.594575546515 
0.90750731729 0.67816513602 
0.943239127143 0.594575546515 
0.943239127143 0.594575546515 
0.943239127143 0.594575546515 
0.943239127143 0.594575546515 
0.572280447755 1.04321546438 
0.943239127143 0.594575546515 
0.752587170509 0.912885827273 
0.83114239996 0.81352886846 
0.943239127143 0.594575546515 
1.04571518957 0.079617022002 
0.943239127143 0.594575546515 
0.943239127143 0.594575546515 
0.943239127143 0.594575546515 
0.621514550462 1.01876068471 
0.752587170509 0.912885827273 
0.943239127143 0.594575546515 
0.943239127143 0.594575546515 
0.572280447755 1.04321546438 
0.943239127143 0.594575546515 
0.943239127143 0.594575546515 
0.958021462429 0.554335339479 
0.943239127143 0.594575546515 
0.572280447755 1.04321546438 
0.943239127143 0.594575546515 
0.943239127143 0.594575546515 
0.958021462429 0.554335339479 
1.04571518957 0.079617022002 
0.943239127143 0.594575546515 
0.943239127143 0.594575546515 
0.943239127143 0.594575546515 
0.83114239996 0.81352886846 
0.83114239996 0.81352886846 
0.943239127143 0.594575546515 
0.943239127143 0.594575546515 
0.621514550462 1.01876068471 
0.958021462429 0.554335339479 
0.621514550462 1.01876068471 
1.04571518957 0.079617022002 
0.83114239996 0.81352886846 
