0.610200395791 1.16038891174 
0.989965202795 1.14781048316 
0.610200395791 1.16038891174 
0.610200395791 1.16038891174 
0.989965202795 1.14781048316 
0.610200395791 1.16038891174 
0.989965202795 1.14781048316 
0.989965202795 1.14781048316 
0.610200395791 1.16038891174 
0.989965202795 1.14781048316 
0.989965202795 1.14781048316 
0.989965202795 1.14781048316 
0.610200395791 1.16038891174 
0.989965202795 1.14781048316 
0.989965202795 1.14781048316 
0.989965202795 1.14781048316 
0.610200395791 1.16038891174 
0.610200395791 1.16038891174 
0.610200395791 1.16038891174 
0.989965202795 1.14781048316 
0.610200395791 1.16038891174 
0.610200395791 1.16038891174 
0.610200395791 1.16038891174 
0.989965202795 1.14781048316 
0.989965202795 1.14781048316 
0.610200395791 1.16038891174 
0.610200395791 1.16038891174 
0.610200395791 1.16038891174 
0.989965202795 1.14781048316 
0.989965202795 1.14781048316 
0.989965202795 1.14781048316 
0.989965202795 1.14781048316 
0.989965202795 1.14781048316 
0.989965202795 1.14781048316 
0.610200395791 1.16038891174 
0.610200395791 1.16038891174 
0.610200395791 1.16038891174 
0.989965202795 1.14781048316 
0.989965202795 1.14781048316 
0.610200395791 1.16038891174 
0.610200395791 1.16038891174 
0.989965202795 1.14781048316 
0.610200395791 1.16038891174 
0.610200395791 1.16038891174 
0.610200395791 1.16038891174 
0.989965202795 1.14781048316 
0.610200395791 1.16038891174 
0.989965202795 1.14781048316 
0.610200395791 1.16038891174 
0.989965202795 1.14781048316 
0.610200395791 1.16038891174 
0.989965202795 1.14781048316 
0.989965202795 1.14781048316 
0.610200395791 1.16038891174 
0.610200395791 1.16038891174 
0.989965202795 1.14781048316 
0.999873651679 1.07253818813 
0.989965202795 1.14781048316 
0.989965202795 1.14781048316 
0.989965202795 1.14781048316 
0.610200395791 1.16038891174 
0.989965202795 1.14781048316 
0.610200395791 1.16038891174 
0.610200395791 1.16038891174 
0.610200395791 1.16038891174 
0.989965202795 1.14781048316 
0.610200395791 1.16038891174 
0.989965202795 1.14781048316 
0.989965202795 1.14781048316 
0.989965202795 1.14781048316 
0.610200395791 1.16038891174 
0.989965202795 1.14781048316 
0.610200395791 1.16038891174 
0.989965202795 1.14781048316 
0.989965202795 1.14781048316 
0.610200395791 1.16038891174 
0.610200395791 1.16038891174 
0.989965202795 1.14781048316 
0.610200395791 1.16038891174 
0.989965202795 1.14781048316 
0.610200395791 1.16038891174 
0.610200395791 1.16038891174 
0.610200395791 1.16038891174 
0.610200395791 1.16038891174 
0.989965202795 1.14781048316 
0.610200395791 1.16038891174 
0.610200395791 1.16038891174 
0.989965202795 1.14781048316 
0.989965202795 1.14781048316 
0.989965202795 1.14781048316 
0.610200395791 1.16038891174 
0.610200395791 1.16038891174 
0.989965202795 1.14781048316 
0.989965202795 1.14781048316 
0.989965202795 1.14781048316 
0.989965202795 1.14781048316 
0.610200395791 1.16038891174 
0.610200395791 1.16038891174 
0.610200395791 1.16038891174 
0.610200395791 1.16038891174 
