0.853747622584 0.917119302832 
0.726528639747 1.04369293859 
1.00357008628 0.659955862196 
0.918086512929 0.825804635441 
1.00357008628 0.659955862196 
1.00357008628 0.659955862196 
0.620605532461 1.06857069309 
0.726528639747 1.04369293859 
0.947524537208 0.786383907341 
1.00357008628 0.659955862196 
0.726528639747 1.04369293859 
1.00357008628 0.659955862196 
1.00357008628 0.659955862196 
0.918086512929 0.825804635441 
0.853747622584 0.917119302832 
0.918086512929 0.825804635441 
1.08622042147 0.399232204099 
0.726528639747 1.04369293859 
1.10629049047 0.0089592176141 
0.726528639747 1.04369293859 
1.10629049047 0.0089592176141 
1.00357008628 0.659955862196 
0.918086512929 0.825804635441 
1.00357008628 0.659955862196 
0.726528639747 1.04369293859 
0.726528639747 1.04369293859 
1.00357008628 0.659955862196 
0.620605532461 1.06857069309 
1.00357008628 0.659955862196 
1.00357008628 0.659955862196 
0.918086512929 0.825804635441 
0.918086512929 0.825804635441 
0.518692777634 1.14222706404 
0.853747622584 0.917119302832 
1.00357008628 0.659955862196 
1.00357008628 0.659955862196 
1.00357008628 0.659955862196 
0.726528639747 1.04369293859 
0.918086512929 0.825804635441 
0.853747622584 0.917119302832 
1.00357008628 0.659955862196 
1.00357008628 0.659955862196 
0.918086512929 0.825804635441 
0.853747622584 0.917119302832 
0.726528639747 1.04369293859 
0.853747622584 0.917119302832 
0.726528639747 1.04369293859 
0.853747622584 0.917119302832 
0.918086512929 0.825804635441 
1.10629049047 0.0089592176141 
0.726528639747 1.04369293859 
1.08622042147 0.399232204099 
0.726528639747 1.04369293859 
0.918086512929 0.825804635441 
0.947524537208 0.786383907341 
1.00357008628 0.659955862196 
1.10629049047 0.0089592176141 
0.853747622584 0.917119302832 
0.853747622584 0.917119302832 
0.853747622584 0.917119302832 
0.853747622584 0.917119302832 
0.853747622584 0.917119302832 
0.726528639747 1.04369293859 
1.00357008628 0.659955862196 
1.00357008628 0.659955862196 
0.947524537208 0.786383907341 
1.10629049047 0.0089592176141 
1.00357008628 0.659955862196 
0.853747622584 0.917119302832 
0.726528639747 1.04369293859 
1.00357008628 0.659955862196 
0.620605532461 1.06857069309 
0.726528639747 1.04369293859 
0.853747622584 0.917119302832 
0.726528639747 1.04369293859 
0.726528639747 1.04369293859 
0.853747622584 0.917119302832 
0.918086512929 0.825804635441 
0.918086512929 0.825804635441 
0.918086512929 0.825804635441 
0.518692777634 1.14222706404 
1.00357008628 0.659955862196 
0.726528639747 1.04369293859 
0.726528639747 1.04369293859 
0.853747622584 0.917119302832 
0.853747622584 0.917119302832 
0.620605532461 1.06857069309 
0.918086512929 0.825804635441 
1.08622042147 0.399232204099 
0.918086512929 0.825804635441 
1.00357008628 0.659955862196 
0.853747622584 0.917119302832 
1.10629049047 0.0089592176141 
0.726528639747 1.04369293859 
1.10629049047 0.0089592176141 
0.947524537208 0.786383907341 
0.853747622584 0.917119302832 
1.00357008628 0.659955862196 
0.726528639747 1.04369293859 
1.00357008628 0.659955862196 
