0.471175854522 1.09024117021 
0.762158288534 0.917131515631 
0.863562649807 0.74312483601 
0.471175854522 1.09024117021 
0.863562649807 0.74312483601 
0.471175854522 1.09024117021 
0.529899707059 1.07542161159 
0.809419410769 0.853467726943 
0.863562649807 0.74312483601 
0.762158288534 0.917131515631 
0.863562649807 0.74312483601 
0.965507057296 0.503895785498 
0.863562649807 0.74312483601 
0.863562649807 0.74312483601 
0.809419410769 0.853467726943 
0.471175854522 1.09024117021 
0.471175854522 1.09024117021 
0.471175854522 1.09024117021 
0.471175854522 1.09024117021 
0.762158288534 0.917131515631 
0.471175854522 1.09024117021 
0.471175854522 1.09024117021 
0.471175854522 1.09024117021 
0.863562649807 0.74312483601 
0.471175854522 1.09024117021 
0.965507057296 0.503895785498 
0.809419410769 0.853467726943 
0.762158288534 0.917131515631 
0.471175854522 1.09024117021 
0.863562649807 0.74312483601 
0.809419410769 0.853467726943 
0.863562649807 0.74312483601 
0.863562649807 0.74312483601 
0.863562649807 0.74312483601 
0.471175854522 1.09024117021 
0.762158288534 0.917131515631 
0.471175854522 1.09024117021 
0.762158288534 0.917131515631 
0.809419410769 0.853467726943 
0.863562649807 0.74312483601 
0.762158288534 0.917131515631 
0.471175854522 1.09024117021 
0.529899707059 1.07542161159 
0.529899707059 1.07542161159 
0.471175854522 1.09024117021 
0.529899707059 1.07542161159 
0.762158288534 0.917131515631 
0.863562649807 0.74312483601 
0.809419410769 0.853467726943 
0.762158288534 0.917131515631 
0.863562649807 0.74312483601 
0.471175854522 1.09024117021 
0.471175854522 1.09024117021 
0.965507057296 0.503895785498 
0.762158288534 0.917131515631 
0.471175854522 1.09024117021 
0.471175854522 1.09024117021 
0.863562649807 0.74312483601 
0.471175854522 1.09024117021 
0.602863996922 1.05595432654 
0.471175854522 1.09024117021 
0.809419410769 0.853467726943 
0.471175854522 1.09024117021 
0.863562649807 0.74312483601 
0.863562649807 0.74312483601 
0.471175854522 1.09024117021 
0.762158288534 0.917131515631 
0.471175854522 1.09024117021 
0.863562649807 0.74312483601 
0.471175854522 1.09024117021 
0.762158288534 0.917131515631 
0.471175854522 1.09024117021 
0.471175854522 1.09024117021 
0.762158288534 0.917131515631 
0.471175854522 1.09024117021 
0.762158288534 0.917131515631 
0.471175854522 1.09024117021 
0.471175854522 1.09024117021 
0.471175854522 1.09024117021 
0.471175854522 1.09024117021 
0.471175854522 1.09024117021 
0.471175854522 1.09024117021 
0.809419410769 0.853467726943 
0.471175854522 1.09024117021 
0.471175854522 1.09024117021 
0.471175854522 1.09024117021 
0.863562649807 0.74312483601 
0.471175854522 1.09024117021 
0.965507057296 0.503895785498 
0.762158288534 0.917131515631 
0.471175854522 1.09024117021 
0.762158288534 0.917131515631 
0.471175854522 1.09024117021 
0.471175854522 1.09024117021 
0.471175854522 1.09024117021 
0.762158288534 0.917131515631 
0.471175854522 1.09024117021 
0.809419410769 0.853467726943 
0.762158288534 0.917131515631 
0.602863996922 1.05595432654 
