0.988132541207 1.11013545745 
0.988132541207 1.11013545745 
0.54745150512 1.1436450647 
0.988132541207 1.11013545745 
0.988132541207 1.11013545745 
0.988132541207 1.11013545745 
0.988132541207 1.11013545745 
0.988132541207 1.11013545745 
0.988132541207 1.11013545745 
0.988132541207 1.11013545745 
0.988132541207 1.11013545745 
0.988132541207 1.11013545745 
0.988132541207 1.11013545745 
0.988132541207 1.11013545745 
0.988132541207 1.11013545745 
0.988132541207 1.11013545745 
0.988132541207 1.11013545745 
0.988132541207 1.11013545745 
0.54745150512 1.1436450647 
0.988132541207 1.11013545745 
0.988132541207 1.11013545745 
0.988132541207 1.11013545745 
0.988132541207 1.11013545745 
0.988132541207 1.11013545745 
0.988132541207 1.11013545745 
0.988132541207 1.11013545745 
0.988132541207 1.11013545745 
0.988132541207 1.11013545745 
0.988132541207 1.11013545745 
0.988132541207 1.11013545745 
0.988132541207 1.11013545745 
0.988132541207 1.11013545745 
0.988132541207 1.11013545745 
0.988132541207 1.11013545745 
0.54745150512 1.1436450647 
0.988132541207 1.11013545745 
0.988132541207 1.11013545745 
0.988132541207 1.11013545745 
0.988132541207 1.11013545745 
0.988132541207 1.11013545745 
0.988132541207 1.11013545745 
0.988132541207 1.11013545745 
0.54745150512 1.1436450647 
0.988132541207 1.11013545745 
0.988132541207 1.11013545745 
0.988132541207 1.11013545745 
0.988132541207 1.11013545745 
0.988132541207 1.11013545745 
0.988132541207 1.11013545745 
0.988132541207 1.11013545745 
0.988132541207 1.11013545745 
0.54745150512 1.1436450647 
0.988132541207 1.11013545745 
0.988132541207 1.11013545745 
0.988132541207 1.11013545745 
0.54745150512 1.1436450647 
0.988132541207 1.11013545745 
0.988132541207 1.11013545745 
0.988132541207 1.11013545745 
0.988132541207 1.11013545745 
0.988132541207 1.11013545745 
0.988132541207 1.11013545745 
0.988132541207 1.11013545745 
0.988132541207 1.11013545745 
0.988132541207 1.11013545745 
0.988132541207 1.11013545745 
0.988132541207 1.11013545745 
0.988132541207 1.11013545745 
0.54745150512 1.1436450647 
0.988132541207 1.11013545745 
0.988132541207 1.11013545745 
0.988132541207 1.11013545745 
0.988132541207 1.11013545745 
0.988132541207 1.11013545745 
0.988132541207 1.11013545745 
0.988132541207 1.11013545745 
0.988132541207 1.11013545745 
0.988132541207 1.11013545745 
0.988132541207 1.11013545745 
0.988132541207 1.11013545745 
0.988132541207 1.11013545745 
0.988132541207 1.11013545745 
0.988132541207 1.11013545745 
0.988132541207 1.11013545745 
0.988132541207 1.11013545745 
0.988132541207 1.11013545745 
0.988132541207 1.11013545745 
0.988132541207 1.11013545745 
0.54745150512 1.1436450647 
0.988132541207 1.11013545745 
0.988132541207 1.11013545745 
0.988132541207 1.11013545745 
0.988132541207 1.11013545745 
0.988132541207 1.11013545745 
0.988132541207 1.11013545745 
0.988132541207 1.11013545745 
0.54745150512 1.1436450647 
0.988132541207 1.11013545745 
0.988132541207 1.11013545745 
0.988132541207 1.11013545745 
