0.354370207969 1.08355764593 
0.354318037636 1.08479235197 
0.354370207969 1.08355764593 
0.354318037636 1.08479235197 
0.353741173918 1.09844488372 
0.354370207969 1.08355764593 
0.354181039694 1.08803465808 
0.354750334363 1.07456126168 
0.354370207969 1.08355764593 
0.354370207969 1.08355764593 
0.354318037636 1.08479235197 
0.354318037636 1.08479235197 
0.354370207969 1.08355764593 
0.354318037636 1.08479235197 
0.354370207969 1.08355764593 
0.354370207969 1.08355764593 
0.354318037636 1.08479235197 
0.354318037636 1.08479235197 
0.353741173918 1.09844488372 
0.354750334363 1.07456126168 
0.354370207969 1.08355764593 
0.354370207969 1.08355764593 
0.904378632914 0.571182028528 
0.354181039694 1.08803465808 
0.354361587455 1.0837616661 
0.354370207969 1.08355764593 
0.354370207969 1.08355764593 
0.354318037636 1.08479235197 
0.354318037636 1.08479235197 
0.354370207969 1.08355764593 
0.354181039694 1.08803465808 
0.354370207969 1.08355764593 
0.354189660207 1.0878306379 
0.354370207969 1.08355764593 
0.354370207969 1.08355764593 
0.354370207969 1.08355764593 
0.354370207969 1.08355764593 
0.354181039694 1.08803465808 
0.354370207969 1.08355764593 
0.354318037636 1.08479235197 
0.354370207969 1.08355764593 
0.354318037636 1.08479235197 
0.354361587455 1.0837616661 
0.354370207969 1.08355764593 
0.354361587455 1.0837616661 
0.354189660207 1.0878306379 
0.354318037636 1.08479235197 
0.354318037636 1.08479235197 
0.723427508797 0.926403327055 
0.354370207969 1.08355764593 
0.826708006514 0.785045796679 
0.354318037636 1.08479235197 
0.35351611515 1.10377130984 
0.354318037636 1.08479235197 
0.354370207969 1.08355764593 
0.353741173918 1.09844488372 
0.354370207969 1.08355764593 
0.354370207969 1.08355764593 
0.354318037636 1.08479235197 
0.354361587455 1.0837616661 
0.354370207969 1.08355764593 
0.354318037636 1.08479235197 
0.354370207969 1.08355764593 
0.861718414203 0.72959790857 
0.354370207969 1.08355764593 
0.354370207969 1.08355764593 
0.354414435493 1.08251092092 
0.354318037636 1.08479235197 
0.354318037636 1.08479235197 
0.494676815754 1.07397496658 
0.354370207969 1.08355764593 
0.354318037636 1.08479235197 
0.354318037636 1.08479235197 
0.354370207969 1.08355764593 
0.354370207969 1.08355764593 
0.353741173918 1.09844488372 
0.354318037636 1.08479235197 
0.354370207969 1.08355764593 
0.354370207969 1.08355764593 
0.354370207969 1.08355764593 
0.354189660207 1.0878306379 
1.00706088781 0.208220902868 
0.354370207969 1.08355764593 
0.354370207969 1.08355764593 
0.354318037636 1.08479235197 
0.354189660207 1.0878306379 
0.354370207969 1.08355764593 
0.354370207969 1.08355764593 
0.354370207969 1.08355764593 
0.354318037636 1.08479235197 
0.354318037636 1.08479235197 
0.354318037636 1.08479235197 
0.354370207969 1.08355764593 
0.354370207969 1.08355764593 
0.354370207969 1.08355764593 
0.354318037636 1.08479235197 
0.354370207969 1.08355764593 
0.354370207969 1.08355764593 
0.354318037636 1.08479235197 
0.354318037636 1.08479235197 
