0.985199328821 1.02504394661 
0.985199328821 1.02504394661 
0.985199328821 1.02504394661 
0.985199328821 1.02504394661 
0.985199328821 1.02504394661 
0.985199328821 1.02504394661 
0.985199328821 1.02504394661 
0.985199328821 1.02504394661 
0.985199328821 1.02504394661 
0.985199328821 1.02504394661 
0.985199328821 1.02504394661 
0.985199328821 1.02504394661 
0.985199328821 1.02504394661 
0.985199328821 1.02504394661 
0.985199328821 1.02504394661 
0.985199328821 1.02504394661 
0.985199328821 1.02504394661 
0.985199328821 1.02504394661 
0.985199328821 1.02504394661 
0.985199328821 1.02504394661 
0.985199328821 1.02504394661 
0.985199328821 1.02504394661 
0.985199328821 1.02504394661 
0.985199328821 1.02504394661 
0.985199328821 1.02504394661 
0.985199328821 1.02504394661 
0.985199328821 1.02504394661 
0.985199328821 1.02504394661 
0.985199328821 1.02504394661 
0.985199328821 1.02504394661 
0.985199328821 1.02504394661 
0.985199328821 1.02504394661 
0.985199328821 1.02504394661 
0.985199328821 1.02504394661 
0.985199328821 1.02504394661 
0.985199328821 1.02504394661 
0.985199328821 1.02504394661 
0.985199328821 1.02504394661 
0.985199328821 1.02504394661 
0.985199328821 1.02504394661 
0.985199328821 1.02504394661 
0.985199328821 1.02504394661 
0.985199328821 1.02504394661 
0.985199328821 1.02504394661 
0.985199328821 1.02504394661 
0.985199328821 1.02504394661 
0.985199328821 1.02504394661 
0.985199328821 1.02504394661 
0.985199328821 1.02504394661 
0.985199328821 1.02504394661 
0.985199328821 1.02504394661 
0.985199328821 1.02504394661 
0.985199328821 1.02504394661 
0.985199328821 1.02504394661 
0.985199328821 1.02504394661 
0.985199328821 1.02504394661 
0.985199328821 1.02504394661 
0.985199328821 1.02504394661 
0.985199328821 1.02504394661 
0.985199328821 1.02504394661 
0.985199328821 1.02504394661 
0.985199328821 1.02504394661 
0.985199328821 1.02504394661 
0.985199328821 1.02504394661 
0.985199328821 1.02504394661 
0.985199328821 1.02504394661 
0.985199328821 1.02504394661 
0.985199328821 1.02504394661 
0.985199328821 1.02504394661 
0.985199328821 1.02504394661 
0.985199328821 1.02504394661 
0.985199328821 1.02504394661 
0.985199328821 1.02504394661 
0.985199328821 1.02504394661 
0.985199328821 1.02504394661 
0.985199328821 1.02504394661 
0.985199328821 1.02504394661 
0.985199328821 1.02504394661 
0.985199328821 1.02504394661 
0.985199328821 1.02504394661 
0.985199328821 1.02504394661 
0.985199328821 1.02504394661 
0.985199328821 1.02504394661 
0.985199328821 1.02504394661 
0.985199328821 1.02504394661 
0.985199328821 1.02504394661 
0.988331541303 0.426792131219 
0.985199328821 1.02504394661 
0.985199328821 1.02504394661 
0.985199328821 1.02504394661 
0.985199328821 1.02504394661 
0.985199328821 1.02504394661 
0.985199328821 1.02504394661 
0.985199328821 1.02504394661 
0.985199328821 1.02504394661 
0.985199328821 1.02504394661 
0.985199328821 1.02504394661 
0.985199328821 1.02504394661 
0.985199328821 1.02504394661 
0.985199328821 1.02504394661 
