0.629575583894 1.09450658827 
0.629575583894 1.09450658827 
1.03276155029 0.419752208612 
0.629575583894 1.09450658827 
0.629575583894 1.09450658827 
0.922324812375 0.757100878236 
0.860408539747 0.838841893852 
0.629575583894 1.09450658827 
1.03276155029 0.419752208612 
1.01391026201 0.436552671927 
0.629575583894 1.09450658827 
0.629575583894 1.09450658827 
1.03276155029 0.419752208612 
0.629575583894 1.09450658827 
0.629575583894 1.09450658827 
0.629575583894 1.09450658827 
1.01391026201 0.436552671927 
1.03276155029 0.419752208612 
1.01391026201 0.436552671927 
1.01391026201 0.436552671927 
1.03276155029 0.419752208612 
0.922324812375 0.757100878236 
1.03276155029 0.419752208612 
1.01391026201 0.436552671927 
0.629575583894 1.09450658827 
1.03276155029 0.419752208612 
0.629575583894 1.09450658827 
0.629575583894 1.09450658827 
1.03276155029 0.419752208612 
1.03276155029 0.419752208612 
1.01391026201 0.436552671927 
0.98718059373 0.591007454829 
1.01391026201 0.436552671927 
0.629575583894 1.09450658827 
0.629575583894 1.09450658827 
1.01391026201 0.436552671927 
1.01391026201 0.436552671927 
0.629575583894 1.09450658827 
1.03276155029 0.419752208612 
0.766092578654 1.00231552705 
1.03276155029 0.419752208612 
0.629575583894 1.09450658827 
1.01391026201 0.436552671927 
1.03276155029 0.419752208612 
0.860408539747 0.838841893852 
0.629575583894 1.09450658827 
0.629575583894 1.09450658827 
1.03276155029 0.419752208612 
0.629575583894 1.09450658827 
0.629575583894 1.09450658827 
1.01391026201 0.436552671927 
0.629575583894 1.09450658827 
0.629575583894 1.09450658827 
1.03276155029 0.419752208612 
0.629575583894 1.09450658827 
0.629575583894 1.09450658827 
0.629575583894 1.09450658827 
1.01391026201 0.436552671927 
0.629575583894 1.09450658827 
0.888097425492 0.825088790445 
0.629575583894 1.09450658827 
1.01391026201 0.436552671927 
0.922324812375 0.757100878236 
1.03276155029 0.419752208612 
0.922324812375 0.757100878236 
1.01391026201 0.436552671927 
0.629575583894 1.09450658827 
0.629575583894 1.09450658827 
0.629575583894 1.09450658827 
0.629575583894 1.09450658827 
0.629575583894 1.09450658827 
0.629575583894 1.09450658827 
1.03276155029 0.419752208612 
1.01391026201 0.436552671927 
1.03276155029 0.419752208612 
0.629575583894 1.09450658827 
0.629575583894 1.09450658827 
0.629575583894 1.09450658827 
0.629575583894 1.09450658827 
0.98718059373 0.591007454829 
0.629575583894 1.09450658827 
0.629575583894 1.09450658827 
0.629575583894 1.09450658827 
0.629575583894 1.09450658827 
0.629575583894 1.09450658827 
0.629575583894 1.09450658827 
0.629575583894 1.09450658827 
0.629575583894 1.09450658827 
0.629575583894 1.09450658827 
0.629575583894 1.09450658827 
0.922324812375 0.757100878236 
0.860408539747 0.838841893852 
0.629575583894 1.09450658827 
0.629575583894 1.09450658827 
0.629575583894 1.09450658827 
0.629575583894 1.09450658827 
0.888097425492 0.825088790445 
0.98718059373 0.591007454829 
0.629575583894 1.09450658827 
0.766092578654 1.00231552705 
