0.593116436192 1.01073566647 
0.593116436192 1.01073566647 
0.85128771142 0.754306486925 
0.593116436192 1.01073566647 
0.593116436192 1.01073566647 
0.824616328854 0.866681038746 
0.824616328854 0.866681038746 
1.02979177691 0.190404233365 
0.824616328854 0.866681038746 
0.941460959913 0.650445862185 
1.00671576065 0.228499696961 
0.593116436192 1.01073566647 
0.962936964485 0.554735317904 
0.941460959913 0.650445862185 
0.593116436192 1.01073566647 
0.593116436192 1.01073566647 
0.593116436192 1.01073566647 
0.593116436192 1.01073566647 
0.593116436192 1.01073566647 
1.02979177691 0.190404233365 
0.593116436192 1.01073566647 
1.02979177691 0.190404233365 
0.711458132993 0.98933947786 
0.593116436192 1.01073566647 
0.593116436192 1.01073566647 
0.593116436192 1.01073566647 
0.593116436192 1.01073566647 
0.85128771142 0.754306486925 
0.941460959913 0.650445862185 
0.941460959913 0.650445862185 
0.593116436192 1.01073566647 
0.593116436192 1.01073566647 
0.593116436192 1.01073566647 
0.593116436192 1.01073566647 
0.593116436192 1.01073566647 
0.593116436192 1.01073566647 
0.593116436192 1.01073566647 
1.02979177691 0.190404233365 
1.02979177691 0.190404233365 
1.00671576065 0.228499696961 
0.593116436192 1.01073566647 
0.941460959913 0.650445862185 
0.824616328854 0.866681038746 
0.824616328854 0.866681038746 
0.824616328854 0.866681038746 
0.711458132993 0.98933947786 
0.824616328854 0.866681038746 
0.593116436192 1.01073566647 
0.593116436192 1.01073566647 
0.941460959913 0.650445862185 
0.593116436192 1.01073566647 
1.02979177691 0.190404233365 
0.593116436192 1.01073566647 
0.593116436192 1.01073566647 
0.593116436192 1.01073566647 
0.593116436192 1.01073566647 
0.593116436192 1.01073566647 
0.962936964485 0.554735317904 
0.593116436192 1.01073566647 
0.593116436192 1.01073566647 
0.593116436192 1.01073566647 
0.593116436192 1.01073566647 
0.593116436192 1.01073566647 
0.593116436192 1.01073566647 
0.824616328854 0.866681038746 
0.824616328854 0.866681038746 
1.02979177691 0.190404233365 
0.593116436192 1.01073566647 
0.711458132993 0.98933947786 
0.824616328854 0.866681038746 
0.593116436192 1.01073566647 
1.02979177691 0.190404233365 
0.593116436192 1.01073566647 
0.593116436192 1.01073566647 
0.711458132993 0.98933947786 
1.02979177691 0.190404233365 
0.962936964485 0.554735317904 
0.593116436192 1.01073566647 
0.593116436192 1.01073566647 
0.593116436192 1.01073566647 
0.593116436192 1.01073566647 
0.593116436192 1.01073566647 
0.593116436192 1.01073566647 
0.962936964485 0.554735317904 
0.593116436192 1.01073566647 
0.824616328854 0.866681038746 
0.824616328854 0.866681038746 
0.593116436192 1.01073566647 
0.593116436192 1.01073566647 
0.962936964485 0.554735317904 
0.593116436192 1.01073566647 
0.593116436192 1.01073566647 
1.02979177691 0.190404233365 
0.593116436192 1.01073566647 
0.593116436192 1.01073566647 
0.593116436192 1.01073566647 
0.593116436192 1.01073566647 
0.824616328854 0.866681038746 
0.824616328854 0.866681038746 
0.593116436192 1.01073566647 
