0.406145720167 1.14013051618 
0.406129364108 1.14148455089 
0.406129364108 1.14148455089 
0.406145720167 1.14013051618 
0.915764885354 0.750290729012 
0.406166946903 1.13837326291 
0.406434434432 1.1162293345 
0.406145720167 1.14013051618 
0.406129364108 1.14148455089 
0.406145720167 1.14013051618 
0.561220563113 1.11369804861 
0.406145720167 1.14013051618 
0.406145720167 1.14013051618 
0.406166946903 1.13837326291 
0.406215901706 1.13432054444 
0.406145720167 1.14013051618 
0.406145720167 1.14013051618 
0.406145720167 1.14013051618 
0.745114078396 0.992469512581 
0.915764885354 0.750290729012 
0.406145720167 1.14013051618 
0.915764885354 0.750290729012 
0.745114078396 0.992469512581 
1.05591781452 0.291756737282 
0.406434434432 1.1162293345 
0.406145720167 1.14013051618 
0.406145720167 1.14013051618 
0.406434434432 1.1162293345 
0.406145720167 1.14013051618 
0.745114078396 0.992469512581 
0.406129364108 1.14148455089 
0.406145720167 1.14013051618 
0.406129364108 1.14148455089 
0.561220563113 1.11369804861 
0.406145720167 1.14013051618 
0.406145720167 1.14013051618 
0.406129364108 1.14148455089 
0.406129364108 1.14148455089 
0.406145720167 1.14013051618 
0.406145720167 1.14013051618 
0.406145720167 1.14013051618 
0.406145720167 1.14013051618 
0.561220563113 1.11369804861 
0.915764885354 0.750290729012 
0.406145720167 1.14013051618 
0.745114078396 0.992469512581 
1.05591781452 0.291756737282 
0.406166946903 1.13837326291 
0.406166946903 1.13837326291 
0.896838511446 0.786380899316 
0.406215901706 1.13432054444 
0.406145720167 1.14013051618 
0.406145720167 1.14013051618 
0.561220563113 1.11369804861 
0.406129364108 1.14148455089 
0.406129364108 1.14148455089 
0.406145720167 1.14013051618 
0.406145720167 1.14013051618 
0.406434434432 1.1162293345 
0.406145720167 1.14013051618 
0.406145720167 1.14013051618 
0.406129364108 1.14148455089 
0.999168442969 0.541148192296 
0.406129364108 1.14148455089 
0.406145720167 1.14013051618 
0.406166946903 1.13837326291 
0.406145720167 1.14013051618 
0.406145720167 1.14013051618 
0.406145720167 1.14013051618 
0.406129364108 1.14148455089 
0.406145720167 1.14013051618 
0.406145720167 1.14013051618 
0.406237128443 1.13256329117 
0.406145720167 1.14013051618 
0.406129364108 1.14148455089 
0.406145720167 1.14013051618 
0.406145720167 1.14013051618 
0.406129364108 1.14148455089 
0.406129364108 1.14148455089 
0.406129364108 1.14148455089 
0.406215901706 1.13432054444 
0.561220563113 1.11369804861 
0.406145720167 1.14013051618 
0.406145720167 1.14013051618 
0.915764885354 0.750290729012 
0.406129364108 1.14148455089 
0.406145720167 1.14013051618 
0.406145720167 1.14013051618 
0.915764885354 0.750290729012 
0.406129364108 1.14148455089 
0.406129364108 1.14148455089 
0.406145720167 1.14013051618 
0.406145720167 1.14013051618 
0.406145720167 1.14013051618 
0.406129364108 1.14148455089 
0.406145720167 1.14013051618 
0.406434434432 1.1162293345 
0.406150590845 1.13972729762 
0.406129364108 1.14148455089 
0.406145720167 1.14013051618 
