0.405397396504 0.984250998563 
0.64662417103 0.973130013579 
1.02783335495 0.195691052736 
0.405397396504 0.984250998563 
0.405397396504 0.984250998563 
0.405397396504 0.984250998563 
0.405397396504 0.984250998563 
0.405397396504 0.984250998563 
1.02783335495 0.195691052736 
1.02783335495 0.195691052736 
0.810481158886 0.818826067815 
0.405397396504 0.984250998563 
1.02783335495 0.195691052736 
1.02783335495 0.195691052736 
1.02783335495 0.195691052736 
0.405397396504 0.984250998563 
1.02783335495 0.195691052736 
0.405397396504 0.984250998563 
0.405397396504 0.984250998563 
0.405397396504 0.984250998563 
0.405397396504 0.984250998563 
1.02783335495 0.195691052736 
0.405397396504 0.984250998563 
0.891946839107 0.701009204903 
1.02783335495 0.195691052736 
0.405397396504 0.984250998563 
1.02783335495 0.195691052736 
0.405397396504 0.984250998563 
0.405397396504 0.984250998563 
0.405397396504 0.984250998563 
0.405397396504 0.984250998563 
0.405397396504 0.984250998563 
0.64662417103 0.973130013579 
0.64662417103 0.973130013579 
0.405397396504 0.984250998563 
0.405397396504 0.984250998563 
0.405397396504 0.984250998563 
1.02783335495 0.195691052736 
1.02783335495 0.195691052736 
0.405397396504 0.984250998563 
0.404986641118 0.993346510977 
0.405397396504 0.984250998563 
0.404986641118 0.993346510977 
0.405397396504 0.984250998563 
0.405397396504 0.984250998563 
1.02783335495 0.195691052736 
0.404986641118 0.993346510977 
0.997567577285 0.418285307256 
0.405397396504 0.984250998563 
0.404986641118 0.993346510977 
0.405397396504 0.984250998563 
0.405397396504 0.984250998563 
0.405397396504 0.984250998563 
1.02783335495 0.195691052736 
0.403723876192 1.02130839401 
0.405397396504 0.984250998563 
1.02783335495 0.195691052736 
0.405397396504 0.984250998563 
0.405397396504 0.984250998563 
0.64662417103 0.973130013579 
1.02783335495 0.195691052736 
0.405397396504 0.984250998563 
0.405397396504 0.984250998563 
0.405397396504 0.984250998563 
0.404986641118 0.993346510977 
0.405397396504 0.984250998563 
1.02783335495 0.195691052736 
0.405397396504 0.984250998563 
0.405397396504 0.984250998563 
0.64662417103 0.973130013579 
0.405397396504 0.984250998563 
0.405397396504 0.984250998563 
0.405397396504 0.984250998563 
1.02783335495 0.195691052736 
0.404986641118 0.993346510977 
0.405397396504 0.984250998563 
0.971210578587 0.47609105003 
0.40466505734 1.00046746263 
0.405397396504 0.984250998563 
1.02783335495 0.195691052736 
0.64662417103 0.973130013579 
0.64662417103 0.973130013579 
0.405397396504 0.984250998563 
1.02783335495 0.195691052736 
0.405397396504 0.984250998563 
0.405397396504 0.984250998563 
0.404986641118 0.993346510977 
0.40466505734 1.00046746263 
0.404986641118 0.993346510977 
1.02783335495 0.195691052736 
0.402991537028 1.03752485808 
0.405397396504 0.984250998563 
0.405397396504 0.984250998563 
1.02783335495 0.195691052736 
0.404986641118 0.993346510977 
1.02783335495 0.195691052736 
0.403723876192 1.02130839401 
0.405397396504 0.984250998563 
0.405397396504 0.984250998563 
0.405397396504 0.984250998563 
