0.843594245933 0.319782870497 0.000776644439878 0.721635972194 0.596171282422 0.621397175007 0.655140915909 0.483210567163 
0.806318830892 0.184899377513 0.646072502765 0.301751863386 0.889238839822 0.433140269206 0.655337374768 0.624394180225 
0.616924949069 0.997669274709 0.180898763868 0.183918595506 0.382373370144 0.715438129615 0.737571543801 0.610398675067 
0.193428039455 0.659495710577 0.550834329026 0.740388205394 0.660829866364 0.733181784956 0.572333744786 0.670079085709 
0.974733505033 0.943667193673 0.591052800153 0.740670338766 0.362296707442 0.237042357233 0.061482557485 0.66404285168 
0.274354069499 0.815485125225 0.989524352023 0.340309358499 0.0121887154835 0.734324456474 0.875873832302 0.668784310718 
0.628240513733 0.129592177762 0.885399299803 0.69597220695 0.983119275699 0.864345841699 0.411011875631 0.755150285531 
0.539050416399 0.682820516491 0.0439173871134 0.360437748624 0.0421166762295 0.975672328648 0.916995145637 0.486446134491 
0.570809241613 0.630965552749 0.920280732861 0.437271636158 0.930296184176 0.411415559828 0.560863737208 0.791160504362 
0.0675866718103 0.305732718875 0.524970264381 0.650816028244 0.888375718522 0.0476442580513 0.441809998968 0.513970329634 
0.857507183522 0.977706116579 0.681604998491 0.156901442468 0.686956722251 0.242525498478 0.824597339922 0.759071826419 
0.929486895929 0.204575026957 0.348427450651 0.358429370816 0.112617019262 0.78263573088 0.494380262926 0.480124091764 
0.902057420212 0.974655191612 0.51282676498 0.178962517272 0.0817388168261 0.980783626944 0.235619318315 0.617570237146 
0.607033033181 0.139760519556 0.426972274563 0.421111606089 0.908741089036 0.980207739755 0.409578433113 0.583566690712 
0.0437540362628 0.410343175899 0.925677895058 0.363037080696 0.402311861933 0.440135130867 0.457570460863 0.636054382765 
0.955607081456 0.337786846841 0.442079606315 0.640623559897 0.476275198711 0.0799439422217 0.210338088396 0.627772841527 
0.970267126525 0.0511064575159 0.997320322449 0.669189253121 0.810435294086 0.0423186831087 0.362724457353 0.68456156336 
0.399218455304 0.965578238382 0.59673631422 0.696705690166 0.816776045395 0.262913523787 0.916564680691 0.542581937251 
0.824823125321 0.79750308631 0.74139755854 0.697709484009 0.776850630881 0.0527023764741 0.125801597005 0.53242987794 
0.640791808583 0.665777275107 0.0422609705505 0.854488977792 0.885440997261 0.930864115347 0.541169016624 0.704566785669 
0.0172230747336 0.616653103496 0.107246908481 0.974541349538 0.917239239151 0.913756142579 0.213434054913 0.563219716898 
0.987685618558 0.960485743986 0.129551296263 0.787524240994 0.831806586091 0.539943182961 0.623389754421 0.913356886521 
0.255958164089 0.801159977992 0.845279336216 0.538512463207 0.350937243654 0.70096470603 0.286797729536 0.614388492584 
0.591306398991 0.185723213674 0.450356344708 0.544007276822 0.791668456527 0.925791881004 0.97039462177 0.672699504138 
0.316460151842 0.785720365055 0.565766531179 0.511712504798 0.48641491581 0.899601693908 0.0159311369199 0.613625670747 
0.82370204577 0.0802888197457 0.516119561575 0.620663552331 0.988917878834 0.812377182338 0.889253710265 0.639280040029 
0.872013583187 0.602730928589 0.877090825667 0.386151016814 0.523433238864 0.630555961944 0.504182494492 0.804016070108 
0.843117332478 0.323926304219 0.0192893431833 0.936420309901 0.199565670091 0.345743271735 0.533444982025 0.543120096379 
0.358200549551 0.86540044707 0.473803803791 0.992693880989 0.0901453607742 0.394391901668 0.269865134479 0.677582680177 
0.794922396052 0.79177780546 0.391458782461 0.300551472022 0.436976882747 0.807423014634 0.138623050721 0.649221563053 
0.0461635471562 0.0100278702709 0.48557574576 0.736113120024 0.564416769446 0.649712193884 0.948981202679 0.542186308161 
0.754519904262 0.86449822721 0.20968491703 0.761655940328 0.847945295404 0.184894103353 0.856375044405 0.787517679816 
0.898380457257 0.545630002852 0.715495395574 0.648117729065 0.538801208896 0.303720580726 0.134479065143 0.609497875204 
0.422652846647 0.150082439471 0.142770205956 0.851346112028 0.211396010217 0.688204849425 0.816876606561 0.33117263126 
0.0338346272939 0.812868294453 0.659589152716 0.732416200897 0.255043304456 0.864451966371 0.358223839858 0.64960485443 
0.923368232601 0.112818935978 0.989989162062 0.138854949475 0.779820956436 0.610571791539 0.434360449831 0.69354987538 
0.16780412078 0.00798154255792 0.134458036035 0.886104807089 0.550381449343 0.779062170467 0.878595632946 0.61511514952 
0.349934263885 0.475360747473 0.8109572625 0.908293871249 0.81005191333 0.984215787324 0.413934710702 0.822940628177 
0.805037926238 0.215191152729 0.223386622513 0.20760064396 0.281536140323 0.910696071475 0.698624484627 0.407073432286 
0.43310880934 0.413353778881 0.977611471645 0.0136928736762 0.923444974631 0.484308666879 0.987075631473 0.809920677778 
0.836097521916 0.850021402295 0.267141573849 0.732416200897 0.255043304456 0.864451966371 0.358223839858 0.694482606624 
0.397595648297 0.783907250413 0.830402597848 0.636624027191 0.382373370144 0.715438129615 0.737571543801 0.692756618322 
0.710267835237 0.32511960804 0.73440506609 0.457563047757 0.956090265163 0.904647968788 0.896015131207 0.887058223975 
0.397595648297 0.783907250413 0.830402597848 0.636624027191 0.702426770678 0.943865615816 0.035426437235 0.764126850823 
0.898380457257 0.545630002852 0.715495395574 0.648117729065 0.538801208896 0.267965396027 0.269865134479 0.752334047777 
0.687873831868 0.608955058267 0.855468987992 0.780409978115 0.400564075202 0.241684418593 0.727253496541 0.822398154182 
0.843117332478 0.323926304219 0.0192893431833 0.936420309901 0.199565670091 0.345743271735 0.533444982025 0.543120096379 
0.438968345051 0.893492058612 0.834580732592 0.728225816469 0.631786345638 0.610143857391 0.573258775392 0.824291939574 
0.31193322348 0.731622406081 0.14346533504 0.445128688861 0.956302423907 0.962936026277 0.844303421585 0.595305807816 
0.0338346272939 0.812868294453 0.659589152716 0.732416200897 0.255043304456 0.864451966371 0.358223839858 0.64960485443 
0.43310880934 0.413353778881 0.977611471645 0.992693880989 0.0901453607742 0.394391901668 0.269865134479 0.716983235436 
0.0941323058128 0.736206703901 0.980522407653 0.036258023052 0.738458996411 0.0195392941379 0.125785276425 0.38825007911 
0.717828776874 0.929126262371 0.665331763048 0.529374531181 0.488679030479 0.831299624918 0.835382971014 0.68975775991 
0.212873676547 0.937790736105 0.393402518055 0.494625142962 0.787690079901 0.514382638196 0.22126811247 0.511844197481 
0.212879425375 0.661320505771 0.541660221922 0.886825219595 0.146133609559 0.0428642917047 0.157995613905 0.421460321965 
0.687873831868 0.608955058267 0.855468987992 0.886825219595 0.146133609559 0.0428642917047 0.157995613905 0.5153991258 
0.872013583187 0.602730928589 0.590870978229 0.386151016814 0.930296184176 0.411415559828 0.560863737208 0.76591790048 
0.843117332478 0.323926304219 0.0192893431833 0.936420309901 0.199565670091 0.345743271735 0.533444982025 0.543120096379 
0.43310880934 0.413353778881 0.977611471645 0.0136928736762 0.923444974631 0.484308666879 0.987075631473 0.809920677778 
0.30545057485 0.524678995646 0.499466208649 0.446081131316 0.716937648117 0.365259641498 0.818541202214 0.669250887349 
0.872013583187 0.602730928589 0.877090825667 0.386151016814 0.738458996411 0.930864115347 0.541169016624 0.765739891632 
0.759523819301 0.880588485358 0.0163071620922 0.928162157626 0.738458996411 0.0195392941379 0.125785276425 0.475828619634 
0.898380457257 0.545630002852 0.715495395574 0.648117729065 0.538801208896 0.267965396027 0.269865134479 0.752334047777 
0.794922396052 0.79177780546 0.391458782461 0.300551472022 0.436976882747 0.807423014634 0.138623050721 0.649221563053 
0.836097521916 0.850021402295 0.267141573849 0.99310964245 0.991216578346 0.614173935823 0.872209639926 0.763018179199 
0.773066005083 0.556018386899 0.87610122222 0.984694691684 0.350937243654 0.70096470603 0.286797729536 0.702113585783 
0.0461635471562 0.0100278702709 0.48557574576 0.736113120024 0.564416769446 0.649712193884 0.948981202679 0.542186308161 
0.843594245933 0.319782870497 0.000776644439878 0.721635972194 0.596171282422 0.621397175007 0.655140915909 0.483210567163 
0.285556771109 0.711248035886 0.690101507616 0.323098862475 0.317881743374 0.777033153955 0.929675523106 0.671454877995 
0.724568261287 0.990908842642 0.512483016416 0.528977070976 0.734001849941 0.541509394421 0.53498998572 0.939747320579 
0.537050705811 0.880436980614 0.180577553648 0.978798739894 0.255043304456 0.864451966371 0.358223839858 0.718633252435 
0.616924949069 0.997669274709 0.388491864773 0.821390398026 0.894971863903 0.616389087909 0.645456081747 0.764365127648 
0.920586011272 0.992549110266 0.455165948122 0.913665073176 0.88791818177 0.313501079407 0.500342121742 0.867671967372 
0.397595648297 0.783907250413 0.830402597848 0.636624027191 0.702426770678 0.943865615816 0.035426437235 0.764126850823 
0.15979864113 0.630901492513 0.834753939658 0.0136928736762 0.923444974631 0.484308666879 0.987075631473 0.745553483231 
0.0338346272939 0.812868294453 0.659589152716 0.732416200897 0.702426770678 0.943865615816 0.035426437235 0.695546409788 
0.710267835237 0.32511960804 0.73440506609 0.457563047757 0.956090265163 0.904647968788 0.896015131207 0.887058223975 
0.717828776874 0.929126262371 0.388491864773 0.821390398026 0.894971863903 0.925791881004 0.97039462177 0.796961303375 
0.773066005083 0.556018386899 0.87610122222 0.984694691684 0.823137278009 0.694981463978 0.69553269656 0.82116672622 
0.724568261287 0.990908842642 0.0192893431833 0.936420309901 0.199565670091 0.345743271735 0.533444982025 0.643369383283 
0.0127879373901 0.536667343343 0.662266667138 0.689470152174 0.209400961382 0.785021194884 0.960897772024 0.61324643337 
0.65585587891 0.459361364043 0.942531777573 0.0389952923173 0.640978719201 0.620144595205 0.621818076028 0.737436289071 
0.255958164089 0.801159977992 0.845279336216 0.871897079193 0.90659726748 0.0587140986819 0.267255376238 0.637440006647 
0.898380457257 0.184899377513 0.646072502765 0.301751863386 0.889238839822 0.614173935823 0.614913765777 0.572266446367 
0.31193322348 0.731622406081 0.14346533504 0.445128688861 0.956302423907 0.962936026277 0.844303421585 0.595305807816 
0.334817324403 0.590207590658 0.506783205131 0.531800946653 0.646572922593 0.754797759208 0.224828762905 0.704899830819 
0.836097521916 0.850021402295 0.267141573849 0.732416200897 0.255043304456 0.943865615816 0.035426437235 0.668986401023 
0.42395049117 0.595000940277 0.944893042414 0.316654537668 0.734843073389 0.586343745625 0.291191266951 0.548391012181 
0.839354278398 0.291874122814 0.647428607059 0.688591075938 0.677888115894 0.901459422352 0.691846876654 0.770703144633 
0.972510645804 0.805315448429 0.960675626068 0.508023980863 0.0209398805978 0.38547241538 0.948981202679 0.816165255735 
0.16780412078 0.00798154255792 0.134458036035 0.886104807089 0.550381449343 0.779062170467 0.889253710265 0.41747691173 
0.213166549086 0.743218919196 0.691904920033 0.653874807205 0.657898076158 0.183306969857 0.573258775392 0.706197310535 
0.628240513733 0.129592177762 0.885399299803 0.69597220695 0.983119275699 0.864345841699 0.411011875631 0.755150285531 
0.399218455304 0.965578238382 0.59673631422 0.696705690166 0.816776045395 0.262913523787 0.916564680691 0.542581937251 
0.759523819301 0.880588485358 0.180577553648 0.978798739894 0.205505233736 0.56114217107 0.898660881743 0.722564925208 
0.539050416399 0.682820516491 0.837819502566 0.811881881229 0.451167158093 0.720118081083 0.989840561275 0.974551970231 
0.754519904262 0.86449822721 0.20968491703 0.761655940328 0.847945295404 0.184894103353 0.896015131207 0.76439235349 
0.707867286902 0.851510922565 0.708695864389 0.25048530396 0.210927050139 0.323993830416 0.613615308906 0.460487772951 
0.0941323058128 0.736206703901 0.980522407653 0.036258023052 0.738458996411 0.0195392941379 0.125785276425 0.38825007911 
0.0127879373901 0.536667343343 0.662266667138 0.689470152174 0.209400961382 0.785021194884 0.960897772024 0.61324643337 
