0.658498908966 0.584749813728 0.553979803399 0.748190570436 0.354078722305 0.369624930972 0.0658353036411 0.465907580085 
0.933698829057 0.969870792202 0.585463653877 0.65187226427 0.0918268670682 0.841117640495 0.0584885550144 0.543791888576 
0.430775073873 0.491555051839 0.653034702206 0.537314708641 0.825126020777 0.981198935926 0.907005203198 0.838221752501 
0.645865804813 0.434651765975 0.957770726261 0.894664739644 0.701695047519 0.555968140649 0.368101351093 0.591977729277 
0.99386733245 0.267693110011 0.849545298373 0.953512660791 0.999412570332 0.156506128253 0.00602368667224 0.542445942511 
0.385181225586 0.0870860156599 0.837065893491 0.633171124045 0.0587675983708 0.945864755912 0.45926160654 0.394700045082 
0.358669013346 0.870802624262 0.490387199017 0.599422628724 0.459832887903 0.688601163491 0.341702636959 0.703097059263 
0.321484023033 0.963041293733 0.492107251006 0.0134770034538 0.470133782258 0.513785375011 0.713933926727 0.694351451266 
0.331743425875 0.937012707748 0.439686933861 0.0823659964504 0.562550458241 0.996184501099 0.458723131169 0.646747086882 
0.735237006242 0.651516029922 0.880540825364 0.194656891588 0.264572044187 0.745708349901 0.574810629701 0.545495838571 
0.943551294005 0.401327776775 0.799842186401 0.420919375154 0.534822877554 0.207682190802 0.9323384599 0.655190966342 
0.894573416495 0.369041135931 0.518313858184 0.80794890604 0.968479695844 0.407941503953 0.416917676264 0.674152597626 
0.823461676174 0.844153091503 0.327498537604 0.953377059015 0.380393424668 0.263521707097 0.609302321876 0.518089146057 
0.811539628556 0.0802321746993 0.227842655009 0.0814840237063 0.815040545123 0.200965239828 0.463839745314 0.285196391674 
0.0026524993351 0.833471102587 0.934992990852 0.499306070139 0.433537276802 0.437911153669 0.478347422194 0.680480176023 
0.270137817679 0.390031456655 0.993436240333 0.139591515894 0.883377380362 0.994624797519 0.283837958847 0.56481706015 
0.540143315438 0.637121510674 0.172408105981 0.89035668282 0.79585924554 0.502090784377 0.833411983998 0.476365766244 
0.501574927308 0.599954244889 0.542694754385 0.468710155057 0.883627738007 0.69477495902 0.797791394612 0.813329865622 
0.985610360138 0.785952004303 0.782074614314 0.955221816348 0.274672930188 0.545487260777 0.929351276276 0.902624586824 
0.885309951028 0.277312108596 0.790882622131 0.452162758996 0.53423293856 0.861665060243 0.733399996408 0.775766260194 
0.0957144765369 0.90285890546 0.730437425534 0.469911332064 0.00384651788455 0.196044844086 0.0402729680585 0.410598766894 
0.391338526989 0.197847262544 0.412909526124 0.237731577307 0.966998250995 0.476951825303 0.186491253203 0.484335373802 
0.664301884692 0.883250880195 0.482400120716 0.138983342988 0.7597094937 0.993055722487 0.542299336124 0.710188339406 
0.682055272305 0.395027854083 0.392813179691 0.224400302304 0.375370514989 0.308261452908 0.647426528007 0.519493827842 
0.569650239022 0.893850934015 0.706822167109 0.51393551288 0.30822224428 0.09750032348 0.902700162796 0.508742628335 
0.475006347649 0.80999387279 0.997073490018 0.0120262334599 0.313791618991 0.68256583478 0.00582762542838 0.624337958636 
0.762018975026 0.385659476753 0.0690115899477 0.888064613876 0.305032361176 0.746911877231 0.422453235086 0.47411506338 
0.913932811744 0.152617678695 0.562793595464 0.31447493492 0.91399175604 0.117552728118 0.757606485679 0.558123718117 
0.74670096726 0.352340118041 0.723928312625 0.153913381899 0.940705666603 0.125454418701 0.743229317461 0.483779159794 
0.871649718357 0.395273820545 0.751016736746 0.991863302373 0.535857838966 0.186394591363 0.458668418564 0.749284545764 
0.469487101121 0.496418835682 0.98555924525 0.920165117342 0.77610703039 0.548599657802 0.689422144679 0.741119888956 
0.378943295155 0.979265067848 0.406410877178 0.227021054296 0.182139548633 0.402346091368 0.995600043906 0.607367530022 
0.411742145646 0.0649890312829 0.811589859261 0.764265879447 0.487035443348 0.562992670608 0.720048838626 0.549937415808 
0.0378764820886 0.85054101624 0.726843571803 0.598298341005 0.0359536905554 0.480446249124 0.134569618703 0.492543319692 
0.789479446038 0.849317744237 0.178284186545 0.191160709534 0.625686343292 0.315542966253 0.00377983717582 0.471938142846 
0.386244206492 0.111671906395 0.912084419965 0.672296647884 0.77205719868 0.904404117539 0.389648711099 0.618046549477 
0.722979988103 0.734027337903 0.339064315096 0.991172121631 0.525957965235 0.485010194932 0.71087406268 0.70284416159 
0.517077022952 0.734585857311 0.539764338706 0.00570818481956 0.538312864199 0.152074662879 0.565744171069 0.531461700593 
0.744492503335 0.10199895912 0.837182205185 0.06996770996 0.213654889268 0.535200623619 0.337005529912 0.418509598231 
0.823510900704 0.755970392759 0.662306592922 0.26896190834 0.76736626267 0.552551973869 0.0769065163407 0.687209931534 
0.770867380208 0.354922885259 0.732334878182 0.862648406848 0.396951601412 0.124474318599 0.497612558833 0.550475094403 
0.805044133827 0.135367618048 0.237199072654 0.417845983847 0.966377876558 0.420878089639 0.62418258408 0.696135397262 
0.52434558799 0.132866162874 0.681659675296 0.847170136178 0.349136142388 0.490423684104 0.76993106282 0.556253030905 
0.859800814036 0.414898694756 0.228493234164 0.0236187820863 0.793123672745 0.125621820005 0.297047612903 0.409433974412 
0.943025007761 0.510300898695 0.560803277652 0.887920555472 0.411183374267 0.270771177184 0.542578821716 0.643895767092 
0.589503606665 0.836025201068 0.450220597469 0.295758043543 0.563537372845 0.959960581277 0.550240146094 0.843134789586 
0.614463288933 0.544503087226 0.586459765742 0.983373868382 0.760034648622 0.980543061512 0.529223255456 0.922263368673 
0.393385790283 0.876042429843 0.469312364828 0.929658313744 0.400076428768 0.784468716822 0.554729962496 0.51473607441 
0.624852551875 0.915804283236 0.664795386432 0.898725483716 0.257287502521 0.30188129739 0.482611169749 0.503511338985 
0.235493471114 0.77665492621 0.643322661282 0.884818180631 0.70450716846 0.0576190085233 0.786937415175 0.580644883223 
0.953666327462 0.125973911315 0.0388249267303 0.471694033094 0.443592262649 0.753173255854 0.615638446976 0.669455488733 
0.661499674384 0.911416729581 0.671676414697 0.661526979923 0.0133158430584 0.0200614962879 0.182118602677 0.412679473369 
0.128303361038 0.765902644937 0.832032218665 0.473493909832 0.600293350147 0.27246556723 0.739768996286 0.551764574091 
0.582357671178 0.277238250086 0.0343195845778 0.784642249027 0.679615938965 0.419616548942 0.94370275038 0.529547423204 
0.805013280498 0.0588522946592 0.283980197152 0.606499961664 0.816612248195 0.436669991008 0.948028106633 0.456945927829 
0.421856565262 0.773019443701 0.294717582413 0.508786521127 0.338466820126 0.398724836958 0.935647509254 0.654181489322 
0.902548538238 0.974816951974 0.167176856558 0.742355708468 0.601113913191 0.285836316397 0.483256416257 0.523283542396 
0.847370437315 0.079645188242 0.912837471526 0.416289550653 0.722291301552 0.632060840996 0.478792221934 0.673703348188 
0.959008617178 0.879124499752 0.486092697396 0.130130506677 0.191083269832 0.406125055306 0.513301962007 0.634193103905 
0.63543119324 0.697698486759 0.981729341412 0.548647677104 0.149733556479 0.303798909 0.743321381392 0.67879761007 
0.985610360138 0.785952004303 0.450220597469 0.295758043543 0.563537372845 0.959960581277 0.550240146094 0.89147882973 
0.589503606665 0.836025201068 0.450220597469 0.295758043543 0.563537372845 0.398724836958 0.935647509254 0.729182198363 
0.666447144756 0.73021094842 0.405019878061 0.583408705486 0.546646398901 0.14134660739 0.443453871255 0.441532894422 
0.847370437315 0.079645188242 0.912837471526 0.416289550653 0.722291301552 0.632060840996 0.478792221934 0.673703348188 
0.517077022952 0.734585857311 0.539764338706 0.00570818481956 0.538312864199 0.152074662879 0.565744171069 0.531461700593 
0.680437320157 0.725039403812 0.194324418785 0.4088514647 0.81792819467 0.420196623152 0.744890181806 0.720757469716 
0.540143315438 0.637121510674 0.172408105981 0.89035668282 0.79585924554 0.502090784377 0.833411983998 0.476365766244 
0.933698829057 0.969870792202 0.585463653877 0.65187226427 0.0918268670682 0.68256583478 0.00582762542838 0.732218180675 
0.955012471259 0.836610305279 0.233371135033 0.239769596167 0.254406805976 0.66878958174 0.891651225967 0.538448069355 
0.664301884692 0.090239309446 0.587472190849 0.958935921343 0.967079689048 0.604525221965 0.0843799531781 0.757803707478 
0.805044133827 0.926004422168 0.320588422676 0.628985248008 0.333705615714 0.983557438141 0.799750279512 0.765286782741 
0.0689915129934 0.0593753872702 0.191173297168 0.408939941869 0.831783768594 0.925298185963 0.733399996408 0.553871297565 
0.853406271798 0.824169680887 0.688037463274 0.736085607167 0.955325269567 1.00013319678 0.09189909003 0.670333309748 
0.735237006242 0.651516029922 0.880540825364 0.295758043543 0.563537372845 0.959960581277 0.550240146094 0.879790222291 
0.793228823948 0.912075695712 0.489900128712 0.474892142414 0.0476587363929 0.589809740358 0.213588508047 0.623844903587 
0.323711152235 0.738421846335 0.847382862935 0.984942567281 0.862699201968 0.16220381264 0.197651780849 0.700813938323 
0.811539628556 0.973377267642 0.965262745262 0.418103927395 0.0701411727256 0.261924915323 0.602984127202 0.629000996523 
0.658498908966 0.337422694147 0.135064369786 0.761913942723 0.317317610107 0.675830112093 0.891651225967 0.514904384587 
0.680437320157 0.923014675701 0.52133647046 0.194540071784 0.194077055515 0.785349904105 0.758624874524 0.504816000718 
0.943025007761 0.510300898695 0.191173297168 0.408939941869 0.831783768594 0.925298185963 0.507236441987 0.815175809634 
0.517077022952 0.734585857311 0.539764338706 0.00570818481956 0.538312864199 0.152074662879 0.565744171069 0.531461700593 
0.123661697389 0.107360288606 0.492548696489 0.911963408588 0.838985308563 0.807718225964 0.315131546966 0.406286591209 
0.0689915129934 0.0593753872702 0.191173297168 0.408939941869 0.831783768594 0.925298185963 0.733399996408 0.553871297565 
0.871649718357 0.395273820545 0.751016736746 0.991863302373 0.535857838966 0.315542966253 0.00377983717582 0.655682728843 
0.680437320157 0.725039403812 0.194324418785 0.4088514647 0.81792819467 0.420196623152 0.744890181806 0.720757469716 
0.319392912147 0.419246534059 0.131032921952 0.78844723501 0.0190299370968 0.939628652093 0.840311190631 0.579430393596 
0.680437320157 0.725039403812 0.1293312336 0.986116687785 0.969457606827 0.564688532051 0.388248214567 0.678425445675 
0.956681650816 0.225356436579 0.446665283033 0.707778196899 0.642101136011 0.757620114522 0.0504148828759 0.60449561177 
0.201661215866 0.871596234267 0.0408840561588 0.914918533989 0.320744913198 0.147312023184 0.981602653028 0.491803604603 
0.624852551875 0.915804283236 0.664795386432 0.153913381899 0.940705666603 0.125454418701 0.743229317461 0.56104179579 
0.550728397772 0.458993459798 0.944532347228 0.726162131454 0.354875385634 0.459629381508 0.797840516587 0.597909411795 
0.500801346279 0.393222034824 0.943009277175 0.684307056815 0.928593616536 0.753130291259 0.977489947769 0.782026159104 
0.744492503335 0.10199895912 0.837182205185 0.06996770996 0.213654889268 0.535200623619 0.337005529912 0.418509598231 
0.105050891876 0.195291222188 0.781772605837 0.91386071574 0.892666136279 0.644188372288 0.44665161061 0.734905023955 
0.770867380208 0.354922885259 0.227842655009 0.0814840237063 0.815040545123 0.200965239828 0.463839745314 0.33312967162 
0.99386733245 0.267693110011 0.849545298373 0.953512660791 0.313791618991 0.68256583478 0.00582762542838 0.72609840718 
0.0026524993351 0.833471102587 0.934992990852 0.499306070139 0.433537276802 0.437911153669 0.799750279512 0.651268533093 
0.518879615381 0.81130730155 0.765946546123 0.923757169128 0.962012995054 0.373639347901 0.514718308232 0.6922424739 
0.770867380208 0.354922885259 0.732334878182 0.862648406848 0.0476587363929 0.589809740358 0.213588508047 0.594753796121 
0.682055272305 0.395027854083 0.392813179691 0.224400302304 0.375370514989 0.308261452908 0.833411983998 0.29700449239 
