0.108692159587 0.785172821568 0.828774098501 0.449918142118 0.91529460936 0.0291637004 0.251474029544 0.466005315514 
0.279867843505 0.413175592185 0.154363921723 0.69750951681 0.7507703257 0.389068158636 0.565754297222 0.344180172177 
0.971351180113 0.0292841489206 0.135399723451 0.670431998705 0.791574950555 0.601195261313 0.867884524094 0.512878708614 
0.970687644429 0.471824829375 0.667040991114 0.624292576526 0.856135580397 0.665868568078 0.717338568333 0.729968491089 
0.986285367778 0.631063886378 0.184277638937 0.557288102585 0.498365190933 0.0101870511773 0.781447161031 0.638052375411 
0.340632445361 0.303596031907 0.219410576187 0.141245962155 0.742307031956 0.98869563383 0.259291871471 0.33019712004 
0.510488611844 0.349086680145 0.79969407418 0.339402766116 0.680940028799 0.560223137594 0.549800670124 0.662878210315 
0.988606391124 0.923492089555 0.8169071204 0.403255728461 0.378329521961 0.42425924089 0.724670100414 0.538724302129 
0.300070184331 0.982180694754 0.371090711497 0.780222511166 0.277440512548 0.604635906541 0.621932282549 0.720377040555 
0.0211451252327 0.921064431919 0.562215408216 0.162643144538 0.462245167146 0.291965675375 0.982929628532 0.530998988318 
0.736927337864 0.874231082303 0.868695087074 0.719542626855 0.842516534677 0.638802058269 0.156202243071 0.666244888012 
0.43794189818 0.561281713304 0.176651602977 0.361868970871 0.838705311022 0.600738572265 0.803708949316 0.478142525985 
0.901122552406 0.0643067410011 0.676225081186 0.978337694153 0.778313146958 0.154992333923 0.312979028874 0.564885004704 
0.921084076547 0.406296611036 0.301688330072 0.0848664563073 0.817596237493 0.925369058488 0.436988944094 0.584194130766 
0.393525031147 0.777790950446 0.0167168486802 0.829306570586 0.0260856414919 0.110002260173 0.129446237492 0.318248245196 
0.071668094677 0.582354547954 0.140414571629 0.690833127779 0.258747709551 0.30601147144 0.971939840241 0.490091252636 
0.25530356366 0.194772134062 0.950407894103 0.145991888709 0.672313548252 0.635446840037 0.425743026498 0.473348969502 
0.263972232113 0.651061685538 0.148024418004 0.197342802526 0.95932220623 0.779294537922 0.00492777396505 0.368338338909 
0.0311328090528 0.619886066734 0.879488934615 0.839850005675 0.404492392291 0.267502616852 0.0254619595568 0.411648638303 
0.149909529236 0.536449914763 0.653968909412 0.537910946114 0.455683733386 0.0442357462755 0.919844858322 0.545694446668 
0.0441519966324 0.646500501075 0.0499882731583 0.831193966154 0.125858765152 0.132958599619 0.553004367123 0.415724045178 
0.0186356726101 0.155385496361 0.670419744644 0.745931580252 0.291575764598 0.212522721805 0.867338755816 0.472752845688 
0.0912285473131 0.342063474053 0.941324850853 0.0875888191731 0.501648308477 0.519942853389 0.682990657816 0.474878669696 
0.942161341952 0.907697936561 0.102937431467 0.620005004644 0.745266342928 0.170319825229 0.273906435403 0.41422000097 
0.600092505833 0.40194377242 0.877410248992 0.973315435029 0.658215030627 0.658226059166 0.59374848651 0.72496080823 
0.0035656764477 0.320179276906 0.934994129879 0.582086504371 0.355429655852 0.436651570086 0.516683029725 0.499453593905 
0.289602300383 0.803478339226 0.481652866377 0.269567208643 0.950274530374 0.725944454831 0.36039316306 0.530292108771 
0.967496667835 0.243938167081 0.804417932156 0.893949874089 0.353375906668 0.317071026484 0.26402172131 0.450763526203 
0.493615989385 0.76431865236 0.238575435911 0.964515925355 0.940801170954 0.21125293709 0.139650899107 0.573672076819 
0.314508997876 0.45064312517 0.732487515877 0.396590042304 0.0142401653807 0.0384649633371 0.826146502162 0.282590395305 
0.83356561495 0.322859829732 0.22409964561 0.504050233981 0.394322739011 0.535972449584 0.856196897136 0.558587175339 
0.264185199209 0.46452792715 0.000309759609329 0.889886903531 0.632887653615 0.00359135485884 0.378938434711 0.436479373783 
0.202141377889 0.954890675691 0.386039102733 0.140875884461 0.184927896249 0.662871165573 0.132861695767 0.413299090616 
0.767734416773 0.0501163345694 0.811444887687 0.352167675719 0.287284810317 0.433138699763 0.953892414166 0.58676370131 
0.353433933305 0.918330781701 0.473645895426 0.330415986869 0.922842219713 0.298005024669 0.0745956127927 0.51027182465 
0.673738554852 0.921570111752 0.761785862281 0.349059786389 0.18684339885 0.639117258547 0.720838300639 0.598526911192 
0.990194505049 0.657356504151 0.900289779016 0.38519022709 0.313695533636 0.0641377785922 0.851121585364 0.637637853319 
0.640203740797 0.383735385692 0.0217444986564 0.22328512824 0.474596520565 0.510766018412 0.842850813578 0.466258490847 
0.0980048644048 0.559898393786 0.278480976408 0.00994390632919 0.922823582507 0.770669448916 0.0709082405355 0.417962192844 
0.576328410292 0.236709496344 0.895935230765 0.69943658312 0.764543624163 0.452758527495 0.907453183096 0.685312229586 
0.222711230312 0.283634084704 0.0268633765763 0.934149283176 0.362553022966 0.934163481074 0.694433645072 0.506324360252 
0.854970694809 0.76647780359 0.827637076011 0.184310916928 0.177994061266 0.243276996753 0.337405883591 0.427295505337 
0.164348405845 0.445577828818 0.801059131169 0.2877962684 0.413695732188 0.253360983832 0.50523383242 0.337825447046 
0.962561192727 0.35057975198 0.134064905865 0.227783535331 0.822231796324 0.856866110343 0.992898400744 0.665625020796 
0.80068323462 0.0923173583499 0.996348590473 0.181125234248 0.69089314731 0.969002213236 0.290832103713 0.545838137332 
0.244686527391 0.221610775562 0.370709142499 0.649229036311 0.0687593720049 0.979922475422 0.918215010058 0.53244530022 
0.22978279235 0.747102893109 0.189119522525 0.0622765996232 0.724430504103 0.964017119748 0.0334872449225 0.516431456119 
0.612026411653 0.324034529276 0.714327993085 0.321125021963 0.570125264069 0.728154860207 0.472590629019 0.423268269079 
0.819472376112 0.780034530999 0.689416322044 0.724246051841 0.797964715195 0.567841041061 0.110013057456 0.657232642269 
0.89263666535 0.83559317421 0.321684721932 0.412429239145 0.0140394076973 0.466833758956 0.835490579046 0.508566292988 
0.221592132335 0.141892244032 0.547173022717 0.457763469193 0.872573120152 0.454078758551 0.618251122542 0.587307815015 
0.378965700575 0.218562276091 0.20406921575 0.822351293277 0.318771297748 0.32063073326 0.981645583885 0.448660304293 
0.770967526426 0.718341513716 0.394992318631 0.653640808325 0.160402807944 0.716672497352 0.798205881514 0.496802496593 
0.349547726712 0.399466213521 0.429958490242 0.0568680016444 0.719877959418 0.111051163861 0.832661145874 0.428987909057 
0.427021034743 0.181470082569 0.525689708671 0.581377205326 0.12055043362 0.816415465133 0.65719601464 0.455594614815 
0.940400946931 0.952300758308 0.308579148461 0.982295655553 0.0205001325627 0.461642418869 0.745430985542 0.725356532274 
0.759149397885 0.534813021262 0.223065524379 0.700280451944 0.665409488361 0.310461969209 0.509998195006 0.454168864783 
0.320469789698 0.545870760719 0.0296197110008 0.678321739236 0.480499819478 0.230755842245 0.960041104351 0.620373252584 
0.268884527475 0.796851272582 0.303497629269 0.506072890262 0.631505004216 0.543011407404 0.369644019864 0.457104477317 
0.181833198617 0.150157347366 0.451128443681 0.378031683336 0.0842317782609 0.714482206671 0.715112970643 0.433005435694 
0.0725046753656 0.471080525497 0.2157728123 0.895573472278 0.895546036549 0.732019413116 0.833254815874 0.61104845842 
0.600941780093 0.0514806072406 0.664523962345 0.737867162848 0.701232862296 0.517776204952 0.42081836152 0.524143111582 
0.812633598132 0.53533723242 0.0771823429122 0.877007604442 0.750900342496 0.0322757725898 0.771660546305 0.482808116277 
0.582660719696 0.986441608442 0.96393056132 0.492996128317 0.320808387703 0.560141774316 0.741479798415 0.662766084608 
0.217804331729 0.0315101960267 0.394409548085 0.585027330959 0.9051268168 0.699702727493 0.756328160429 0.389733130569 
0.088679523582 0.344648482164 0.477561130601 0.695446998502 0.790010730251 0.943943198565 0.858808628083 0.564114030672 
0.748672881747 0.703786823461 0.823666251995 0.521516807071 0.896654936973 0.814601539651 0.229753905839 0.577592717089 
0.172558348496 0.559576927707 0.619282776231 0.860448743732 0.855680489894 0.799440160209 0.116945984703 0.557942501218 
0.607141746364 0.692417521554 0.096523652432 0.0777726130393 0.148827534357 0.847820471638 0.850588852995 0.373994949091 
0.851034532876 0.307968997662 0.750618796714 0.85663925634 0.380482276744 0.203112061601 0.982197700527 0.643588948892 
0.181833198617 0.150157347366 0.451128443681 0.378031683336 0.570125264069 0.728154860207 0.472590629019 0.310435800588 
0.986285367778 0.631063886378 0.184277638937 0.557288102585 0.498365190933 0.0101870511773 0.629638620116 0.684871256854 
0.466198962863 0.35121826089 0.942909231873 0.80590075077 0.0907630043654 0.732799876293 0.428368973847 0.533758980765 
0.224751807715 0.546986186929 0.964993931951 0.871830996358 0.957316137391 0.912674973331 0.0609128585445 0.625938421561 
0.0725046753656 0.471080525497 0.2157728123 0.352167675719 0.287284810317 0.433138699763 0.953892414166 0.497454892539 
0.83356561495 0.322859829732 0.22409964561 0.504050233981 0.817596237493 0.925369058488 0.436988944094 0.608558717894 
0.845719177206 0.860618183158 0.78296517601 0.707828058859 0.609882358334 0.887873450819 0.109518996606 0.64697735556 
0.0115446046526 0.584407994433 0.739900590849 0.299978508827 0.0184736749889 0.401312765705 0.796780353693 0.447375775151 
0.675609324463 0.98967895532 0.0746536255396 0.312636033917 0.7857240741 0.231728582078 0.455869862334 0.505833220274 
0.071668094677 0.582354547954 0.140414571629 0.690833127779 0.957316137391 0.912674973331 0.0609128585445 0.423680180356 
0.845719177206 0.860618183158 0.266983373503 0.771460903306 0.598121803231 0.500785247245 0.906801187279 0.711304481805 
0.071668094677 0.582354547954 0.140414571629 0.690833127779 0.258747709551 0.452758527495 0.907453183096 0.502965310241 
0.300070184331 0.982180694754 0.371090711497 0.780222511166 0.277440512548 0.604635906541 0.621932282549 0.720377040555 
0.0332506316033 0.575742208966 0.200107776605 0.913850775944 0.0249931113231 0.590140716114 0.345801829002 0.435702694627 
0.0912285473131 0.342063474053 0.941324850853 0.0875888191731 0.258747709551 0.30601147144 0.971939840241 0.47042658759 
0.221592132335 0.141892244032 0.547173022717 0.457763469193 0.872573120152 0.454078758551 0.618251122542 0.587307815015 
0.468160738758 0.848312250485 0.458193800844 0.0700310239654 0.244954160288 0.663274036688 0.889792130754 0.441440062667 
0.108855167317 0.822371928857 0.892735688672 0.566032664705 0.437495515092 0.82375285947 0.616294281464 0.539742187106 
0.970687644429 0.471824829375 0.667040991114 0.624292576526 0.856135580397 0.665868568078 0.717338568333 0.729968491089 
0.615340906919 0.401592833986 0.397803946228 0.0868514928009 0.499151397492 0.916943237999 0.162646289542 0.601998628956 
0.289819807538 0.718819237364 0.468949501086 0.752602802985 0.601811230991 0.496948723544 0.608796740152 0.619333686408 
0.845719177206 0.860618183158 0.78296517601 0.707828058859 0.609882358334 0.541673580138 0.629638620116 0.839906138083 
0.706475447662 0.379888809011 0.917296208456 0.443246645859 0.0796070946538 0.632452290893 0.422259904649 0.615186866971 
0.264185199209 0.46452792715 0.000309759609329 0.889886903531 0.632887653615 0.00359135485884 0.378938434711 0.436479373783 
0.314508997876 0.45064312517 0.732487515877 0.396590042304 0.0142401653807 0.0384649633371 0.826146502162 0.282590395305 
0.748672881747 0.703786823461 0.823666251995 0.521516807071 0.277440512548 0.604635906541 0.621932282549 0.768115953042 
0.300070184331 0.982180694754 0.371090711497 0.780222511166 0.277440512548 0.604635906541 0.621932282549 0.720377040555 
0.615340906919 0.401592833986 0.397803946228 0.0868514928009 0.499151397492 0.916943237999 0.162646289542 0.601998628956 
0.244686527391 0.221610775562 0.370709142499 0.649229036311 0.91529460936 0.0291637004 0.251474029544 0.390243435853 
0.671212300444 0.323575181346 0.845864467822 0.275340043567 0.861936706899 0.899270543815 0.925283458624 0.629637360057 
