0.0524414801219 0.540088577503 0.855003786733 0.931551451379 0.762321844857 0.138058742987 0.625984490157 0.681094805527 
0.317644190687 0.67481589398 0.48696455693 0.312892408759 0.390233314652 0.920867391591 0.589524755416 0.669357179568 
0.836470089603 0.302868691064 0.0718416876206 0.971521934562 0.0460867971506 0.479501502078 0.294335021854 0.361037315614 
0.133413297836 0.928205444467 0.385089858619 0.227292231164 0.895978027669 0.579442043887 0.957816943307 0.626503658241 
0.84147241757 0.405745953436 0.386389040513 0.778555407262 0.580534822524 0.0606322847349 0.499230824157 0.559430901373 
0.66155769792 0.398825491616 0.846405257776 0.0680479867687 0.225136570165 0.707252675424 0.803272987492 0.617549792738 
0.183819318632 0.913759129282 0.229962800682 0.924375599827 0.641047632376 0.370779538953 0.782223244734 0.557248471744 
0.688828026606 0.713398476442 0.32797439562 0.920983425507 0.56852054392 0.512333646864 0.684659178134 0.615645079094 
0.752814885965 0.679345669713 0.22777056125 0.581530533834 0.0703256015065 0.135953285971 0.636863542819 0.495648112104 
0.99433055419 0.825431032663 0.49410443642 0.313510769055 0.0203110641165 0.12704107067 0.955493823307 0.543271393687 
0.298908920193 0.993432093484 0.580330431029 0.975460871575 0.244721410377 0.919672114316 0.382268306935 0.672442382369 
0.90903952003 0.228877486607 0.578096437077 0.518356641342 0.365075293078 0.278830039683 0.682769487515 0.555860796783 
0.926340363726 0.103973442283 0.582706209637 0.867716815929 0.0392810461609 0.760766281596 0.652211048427 0.617318071825 
0.912032259557 0.548879981396 0.793119811243 0.157908889712 0.26977207391 0.65663513106 0.779991188757 0.689490639914 
0.894099792388 0.153923426092 0.766263717657 0.580364535028 0.390706632065 0.238339319076 0.8442225681 0.671227558406 
0.267439996241 0.721964250248 0.540058674139 0.233632416384 0.846618704762 0.149546275386 0.34551582744 0.50071015951 
0.805989174638 0.485291652521 0.894707923156 0.497573476643 0.38623552844 0.982171239305 0.0172506783871 0.697719747419 
0.797123870865 0.152509321987 0.857772904677 0.30053489702 0.0387490988761 0.725544588281 0.537912384578 0.366285543776 
0.370823053692 0.0450048521782 0.463182966389 0.833769405856 0.0212312100054 0.848297702462 0.811591756696 0.387885657259 
0.847970580643 0.912990534397 0.624420900988 0.474264657959 0.566635731865 0.447126655369 0.0731767603488 0.758957079134 
0.826826104529 0.891011506669 0.889875681229 0.447921350011 0.169180451027 0.0981983055173 0.703529670728 0.501010265499 
0.296442887771 0.146737513086 0.197091991347 0.716544416431 0.0880659190283 0.907705355279 0.478259008444 0.51051838536 
0.266848568055 0.722818809592 0.173032388566 0.518269313951 0.742781158723 0.443903197603 0.446966981411 0.510482585755 
0.917961831062 0.109302404878 0.497458296896 0.122623544413 0.591044749308 0.647019448927 0.88681904911 0.703731609963 
0.0776931542312 0.749539289399 0.676609224747 0.885479942269 0.310867801297 0.786572409413 0.435689872528 0.580965398432 
0.88590571332 0.941592121716 0.780140186262 0.518477977474 0.206047864803 0.353504905328 0.0303828835975 0.548481005131 
0.377504415868 0.924007861969 0.360536220003 0.411786344125 0.636136413318 0.913213120689 0.331599366799 0.63746888161 
0.810154449008 0.67045976996 0.94091010025 0.0141927058658 0.58969978185 0.0161106321569 0.216737021657 0.485906769461 
0.719648147428 0.765462806079 0.442275240582 0.0162550646186 0.667170466558 0.805561456666 0.096823764121 0.558297156405 
0.0679444850641 0.995882447456 0.824614216678 0.911853105493 0.337499318916 0.500766009431 0.433750707825 0.674489825489 
0.267178145658 0.317733430118 0.871283726379 0.858306594375 0.463452130101 0.111792932671 0.886505471753 0.538509867387 
0.413756851696 0.780511320022 0.161525374544 0.74047232581 0.672534461771 0.439486739161 0.900275630822 0.67302649875 
0.0465981868968 0.971097501092 0.11524886362 0.817739401409 0.8679384222 0.379750185614 0.11074872749 0.589453455475 
0.936081385091 0.624818696294 0.649254511415 0.842241362648 0.475313215396 0.00905215979975 0.901689550918 0.602225298203 
0.14447723996 0.973681648154 0.581818317438 0.0215586750576 0.0404047044025 0.0181039142584 0.739431647186 0.426338956524 
0.00130274135802 0.388812872999 0.603336458426 0.846007443016 0.442628184888 0.8402346037 0.359298547034 0.531102695158 
0.189631343917 0.000964923493216 0.0276577534293 0.885658102678 0.878020074972 0.919814102127 0.939652032626 0.544721607037 
0.382806591017 0.780313611723 0.677715352482 0.309235903798 0.0994635892175 0.903575233241 0.612232286182 0.558661696723 
0.467061654968 0.515636722788 0.604355163787 0.484830669078 0.44952123904 0.157699333445 0.399629401833 0.557798135362 
0.0612222329556 0.597602022919 0.711345651329 0.238376911207 0.781986607037 0.775298158084 0.0146467364324 0.458243756972 
0.86832125953 0.938811317195 0.860945145019 0.760246064035 0.0983070327825 0.134413554669 0.365090103723 0.58708811693 
0.682716261078 0.104811358924 0.267925567581 0.833328906919 0.900074582886 0.787431065848 0.302488240885 0.554006007237 
0.328234692084 0.333992223892 0.656471693308 0.811224932329 0.0648502287193 0.0585428706658 0.980935588013 0.416031310776 
0.707252163315 0.913768521254 0.398090303008 0.221478095081 0.254581332333 0.412574266331 0.497032853306 0.629395169779 
0.192661269871 0.828973846914 0.506555370187 0.960579017652 0.342274212178 0.143845221049 0.450393507186 0.542158007193 
0.393041387625 0.0301440017071 0.792095452132 0.868171696879 0.832133203092 0.936555102638 0.481915015346 0.586056835502 
0.924794019878 0.747551119874 0.950131630448 0.190463949961 0.40391153803 0.810595654675 0.216722442547 0.593078471972 
0.847544788829 0.0747947343233 0.23475538766 0.900340268616 0.47720395072 0.340081263482 0.629863782372 0.427842536453 
0.0861600322631 0.309578700077 0.761389625029 0.931405044934 0.689134413912 0.959034269958 0.109062554915 0.611582366813 
0.134594415669 0.841224837383 0.384713837635 0.686154097112 0.595150042093 0.772043233801 0.870673482694 0.713145789388 
0.122313467008 0.815747902622 0.910777995894 0.402075572507 0.907995422749 0.309889691441 0.250877080495 0.566300673152 
0.757821744952 0.705363042476 0.95124364504 0.57772574203 0.513608731515 0.0811957894787 0.460147842894 0.728323037801 
0.625211078413 0.131184580728 0.526018586107 0.874107460522 0.22313044569 0.865199621944 0.242880724934 0.624164449274 
0.553419857896 0.507216960165 0.91071193385 0.798636712652 0.778937306118 0.858061181231 0.934609430966 0.737933611576 
0.936220186726 0.107412342617 0.641157652065 0.568447240211 0.285006170862 0.803612906406 0.418387743312 0.518344654937 
0.656665568031 0.882967463212 0.910571581193 0.99399091992 0.637858339973 0.257469714517 0.348342505714 0.753533267493 
0.548419595537 0.308352082448 0.576602426753 0.57447863041 0.991525757841 0.655624310626 0.450070087476 0.72786508418 
0.905818544707 0.215070095214 0.885404941868 0.875016677744 0.951148852766 0.564765293495 0.774459663461 0.555634859121 
0.363645245084 0.70495033741 0.916187720158 0.584903454637 0.342517901905 0.445779713812 0.857651785373 0.470490620388 
0.506170747122 0.922783737502 0.348705920432 0.406807547716 0.773774949506 0.797160655926 0.644117236351 0.59711021465 
0.621896865375 0.901913090583 0.508859339263 0.385257745244 0.260098543001 0.413046520518 0.269006182338 0.411115378848 
0.915693332356 0.391800897104 0.25796995195 0.508297582979 0.43584055182 0.361622931911 0.0566693712564 0.489588798374 
0.0445071056476 0.905365958209 0.439401739881 0.186765566575 0.577328922454 0.61551734887 0.833057271638 0.641439061299 
0.808483767029 0.341293471865 0.894336058682 0.70302740237 0.695531037337 0.124577654529 0.823990620797 0.578520527317 
0.688828026606 0.540579774153 0.122663199339 0.809003923655 0.994901629394 0.871029629727 0.507564935242 0.723548740854 
0.915693332356 0.391800897104 0.25796995195 0.508297582979 0.43584055182 0.361622931911 0.833057271638 0.475652892813 
0.836470089603 0.302868691064 0.0718416876206 0.484830669078 0.44952123904 0.157699333445 0.399629401833 0.443561387882 
0.661160573723 0.726153705304 0.569153768188 0.527083578998 0.759033088687 0.0265032082873 0.615664716397 0.615291157956 
0.111615324766 0.604970901986 0.379321593147 0.782381510411 0.399658641986 0.197646523912 0.382726738841 0.476444290035 
0.881000217651 0.711528452302 0.778363721503 0.517273016847 0.167087878658 0.0387122701194 0.636863542819 0.574031946706 
0.359352893595 0.828512261489 0.210134560864 0.393436336455 0.49248071536 0.761963497822 0.554113443559 0.67722150859 
0.936081385091 0.624818696294 0.916187720158 0.584903454637 0.342517901905 0.445779713812 0.857651785373 0.542885087175 
0.84147241757 0.405745953436 0.386389040513 0.568447240211 0.285006170862 0.803612906406 0.418387743312 0.512202125508 
0.553046718952 0.772861082552 0.293779148887 0.769232155111 0.815937340293 0.530694093105 0.41331512371 0.624756765238 
0.0186371153198 0.0978487475319 0.62762029391 0.934788633617 0.284362949029 0.750762915086 0.926614239675 0.632357460609 
0.0338042900396 0.740675495245 0.439781171176 0.155267257865 0.448589399242 0.633727059625 0.190964233244 0.317305349318 
0.912032259557 0.548879981396 0.793119811243 0.157908889712 0.26977207391 0.65663513106 0.779991188757 0.689490639914 
0.883706785944 0.0777571315506 0.982147691819 0.270252633128 0.642011885591 0.696816752159 0.149797157125 0.514045073005 
0.629556140014 0.327477600097 0.814092320327 0.869924299939 0.244303813746 0.281943245095 0.5000665524 0.520448802233 
0.66155769792 0.398825491616 0.20593276774 0.768451085975 0.957071163241 0.337720367442 0.666606483389 0.625287405071 
0.0524414801219 0.540088577503 0.855003786733 0.931551451379 0.762321844857 0.138058742987 0.625984490157 0.681094805527 
0.134594415669 0.841224837383 0.384713837635 0.686154097112 0.595150042093 0.772043233801 0.8442225681 0.72892071166 
0.393768263326 0.916812785743 0.28453116459 0.942725747567 0.103205269793 0.503140917279 0.867421901811 0.686689278747 
0.382806591017 0.780313611723 0.677715352482 0.667792419842 0.103837564483 0.00066133531371 0.798822477472 0.463350105578 
0.107322490583 0.330785485017 0.379213868188 0.851642748888 0.392655791573 0.194278142602 0.402279182855 0.26919385957 
0.688828026606 0.540579774153 0.122663199339 0.809003923655 0.994901629394 0.903575233241 0.612232286182 0.702149415049 
0.266848568055 0.722818809592 0.173032388566 0.518269313951 0.742781158723 0.443903197603 0.446966981411 0.510482585755 
0.66155769792 0.398825491616 0.20593276774 0.768451085975 0.957071163241 0.337720367442 0.666606483389 0.625287405071 
0.836470089603 0.302868691064 0.0718416876206 0.971521934562 0.0460867971506 0.479501502078 0.294335021854 0.361037315614 
0.134594415669 0.841224837383 0.384713837635 0.686154097112 0.595150042093 0.772043233801 0.8442225681 0.72892071166 
0.564023907692 0.395506891727 0.698151271059 0.667792419842 0.103837564483 0.00066133531371 0.798822477472 0.597690201409 
0.833008863841 0.503703152783 0.155547078652 0.528398746629 0.618284068169 0.978278137632 0.227593077939 0.576534583963 
0.661160573723 0.726153705304 0.569153768188 0.527083578998 0.759033088687 0.0265032082873 0.623094376997 0.561835258104 
0.490185611568 0.0378477331794 0.681588344149 0.923602232717 0.390693704932 0.896994099308 0.399629401833 0.603051874921 
0.621896865375 0.901913090583 0.766263717657 0.580364535028 0.390706632065 0.238339319076 0.8442225681 0.755614470639 
0.920994311288 0.0967910530212 0.0158469494324 0.514741518447 0.797633285301 0.414478779403 0.94482543121 0.467917346927 
0.797985286742 0.521774633376 0.312598467568 0.458252277657 0.421503130437 0.208956512631 0.400063462747 0.474100006899 
0.836470089603 0.302868691064 0.0718416876206 0.971521934562 0.0460867971506 0.479501502078 0.294335021854 0.361037315614 
0.787377608264 0.92856815922 0.712409721514 0.584046229816 0.535564294076 0.310992948017 0.118038778207 0.742309595966 
0.0612222329556 0.597602022919 0.711345651329 0.518269313951 0.742781158723 0.443903197603 0.446966981411 0.560734371105 
