0.634943039199 0.662635612807 0.489489928335 0.221234990094 0.857639630549 0.303479888864 0.238397760521 0.587445413825 
0.0693074401967 0.454267015051 0.76033356854 0.215224779054 0.841015199344 0.107116393191 0.799772322647 0.489415400672 
0.781316071084 0.833965741924 0.722985007234 0.912152760993 0.319677428763 0.624489112169 0.203401134563 0.657633538165 
0.860266167207 0.0809441625854 0.083028020097 0.975329346106 0.788710492645 0.177122076497 0.434968603592 0.48198714155 
0.951862687127 0.330174942001 0.382440591628 0.687790604502 0.636124756435 0.496088798341 0.50493840887 0.744107848986 
0.125790648331 0.757626361259 0.964150353274 0.805605415571 0.419379036882 0.914477074407 0.166229362746 0.590060438686 
0.40800051653 0.640331727208 0.695116186236 0.718094996514 0.34181115332 0.557489273034 0.606835263296 0.504296632402 
0.360140038932 0.370207923505 0.886974930795 0.222384008223 0.942213312305 0.814224610791 0.52778730485 0.532122418271 
0.00895414607014 0.183126131862 0.995573412608 0.84018293396 0.410713125418 0.897256142079 0.616105779063 0.510620159151 
0.924662201076 0.465359016408 0.95184835514 0.947457268272 0.637566865769 0.895304985174 0.511792845697 0.824896070244 
0.897162500222 0.674539641198 0.694886435946 0.902030646051 0.746088332417 0.97565692426 0.935492768485 0.841163276443 
0.828622214431 0.765605098356 0.156793606076 0.850064242302 0.301660350079 0.461370048926 0.868930577066 0.559241878701 
0.816745347052 0.827833120245 0.789317598908 0.109474014507 0.438417233587 0.467364308354 0.0624345922662 0.509760973316 
0.158179272644 0.785164620369 0.605524279766 0.240807156906 0.816073832974 0.685492506243 0.418196134412 0.399015847095 
0.891506141906 0.368989401868 0.734893080839 0.167903946537 0.139177106588 0.0746657069327 0.835099470957 0.483606441094 
0.646074331484 0.932209853637 0.941099736132 0.616911865295 0.81264285735 0.613954880392 0.044200436449 0.553127044881 
0.542028324777 0.288904566076 0.667128998794 0.222624290248 0.03592188496 0.156580546038 0.951885479517 0.385016552622 
0.773556986891 0.148844158126 0.429365954653 0.186856920613 0.963106178606 0.357334423661 0.114101463632 0.318763195767 
0.72408313369 0.998189835919 0.481920031794 0.643427776614 0.679717597732 0.660809869469 0.926152038989 0.768249141229 
0.400694330182 0.579943841847 0.0611686622848 0.848103812663 0.875511493545 0.937592838843 0.9970759559 0.626122945086 
0.912595737406 0.651616739511 0.764163451056 0.917359057601 0.22936411485 0.0361863551629 0.973299805883 0.485924130103 
0.135233989063 0.541055868895 0.397884074476 0.728246759629 0.935224252132 0.205598252876 0.834011109569 0.415638102379 
0.767815739835 0.221114850757 0.985329291721 0.465094804091 0.247189542618 0.831599751772 0.637844782996 0.579330916921 
0.69584668313 0.871951270684 0.670068363334 0.722400278559 0.0290124898182 0.439818350629 0.533288298971 0.570246322412 
0.996760259147 0.0779393737528 0.119746070008 0.884194998083 0.121042050617 0.777651200655 0.834330656156 0.470380776673 
0.869734245826 0.429609477823 0.996509605083 0.37680284521 0.430037916498 0.359437123419 0.22899965651 0.493267563314 
0.559129898831 0.444440571474 0.931876541205 0.990125819453 0.776479264175 0.525153906896 0.766440413456 0.740075288489 
0.0278765266506 0.907255487382 0.200767324667 0.553260511971 0.674458470362 0.923630196573 0.735002337772 0.383467398679 
0.849253671599 0.597383119009 0.304802049597 0.995910486268 0.830174586497 0.538585502771 0.373518030039 0.702663802178 
0.554191493106 0.452067218973 0.799896328747 0.0938186766542 0.732193008391 0.676900962813 0.569143839282 0.623188410504 
0.534920505984 0.466538941502 0.463891245702 0.166272512326 0.854346651077 0.344906021898 0.754995189772 0.430712655528 
0.522331247778 0.946001302406 0.502474160543 0.664043888192 0.252902174482 0.745208409528 0.00999224507545 0.534973624105 
0.391446362908 0.00580582147956 0.931175715747 0.592385106291 0.928056902209 0.359136239031 0.453122132398 0.57815149908 
0.927661561252 0.285315612953 0.443381356861 0.923743188469 0.153121825917 0.497683301124 0.617645946579 0.54605518541 
0.88434792957 0.662447327289 0.700588928291 0.0194056032384 0.56366576781 0.705128306245 0.082605788041 0.459669136903 
0.925232848289 0.268411015254 0.705846287929 0.970639505938 0.790551096867 0.641868576288 0.196307427863 0.504651770967 
0.506804436216 0.746823112195 0.370329972837 0.73824900077 0.764758126519 0.124696655007 0.945745526129 0.700263810748 
0.118104755582 0.103328971741 0.321953972594 0.356945731312 0.710390490284 0.287503517163 0.939387365723 0.452160732656 
0.646074331484 0.932209853637 0.941099736132 0.616911865295 0.56366576781 0.705128306245 0.082605788041 0.605322274493 
0.872110364498 0.726443746613 0.83066011404 0.296696425757 0.255725306819 0.712431351608 0.533426215305 0.646190132636 
0.636540834207 0.083238329846 0.0916195387147 0.922012012285 0.497698744373 0.219300941991 0.751519574623 0.413259851443 
0.797305268973 0.817002893355 0.587861109334 0.87575580612 0.635735082931 0.587154951777 0.846840700909 0.831437840219 
0.391446362908 0.00580582147956 0.931175715747 0.592385106291 0.854346651077 0.344906021898 0.754995189772 0.445821494659 
0.828622214431 0.85078818735 0.510745396889 0.614193155138 0.445298216218 0.268421527485 0.405490754337 0.633742488202 
0.945580222973 0.234352670581 0.853220893332 0.598679614091 0.938122299384 0.0118227378421 0.414057531838 0.488805924747 
0.681598278761 0.508729925838 0.904098510369 0.908037963174 0.975043028749 0.596272889799 0.716441461519 0.763018418923 
0.542028324777 0.288904566076 0.667128998794 0.222624290248 0.03592188496 0.156580546038 0.951885479517 0.385016552622 
0.29509715549 0.960635086347 0.923585139669 0.684688874387 0.370973392314 0.870276746621 0.926152038989 0.703090912342 
0.387088608241 0.728569421013 0.832002769006 0.0392397056184 0.425842255438 0.338048700586 0.788673896819 0.580676804935 
0.781316071084 0.833965741924 0.722985007234 0.912152760993 0.319677428763 0.624489112169 0.203401134563 0.657633538165 
0.634943039199 0.662635612807 0.429365954653 0.186856920613 0.963106178606 0.357334423661 0.114101463632 0.403775356405 
0.797305268973 0.817002893355 0.0738177087069 0.233505735307 0.100669717866 0.596183136864 0.422956647038 0.415297538695 
0.40800051653 0.640331727208 0.695116186236 0.718094996514 0.34181115332 0.287503517163 0.939387365723 0.632355403561 
0.828622214431 0.765605098356 0.156793606076 0.850064242302 0.301660350079 0.461370048926 0.868930577066 0.559241878701 
0.912595737406 0.651616739511 0.722985007234 0.912152760993 0.319677428763 0.624489112169 0.203401134563 0.673646946108 
0.88434792957 0.662447327289 0.700588928291 0.0194056032384 0.776479264175 0.525153906896 0.766440413456 0.605830144603 
0.891506141906 0.368989401868 0.766471755597 0.167903946537 0.139177106588 0.0746657069327 0.835099470957 0.460726841948 
0.646074331484 0.932209853637 0.723929960012 0.240005640438 0.0346552587949 0.10999902716 0.990041127975 0.530835948307 
0.57439027008 0.920452489215 0.959817282655 0.952659054843 0.765849462724 0.88570602236 0.165359495138 0.701674746717 
0.646074331484 0.932209853637 0.941099736132 0.616911865295 0.56366576781 0.538585502771 0.373518030039 0.753572987818 
0.387088608241 0.728569421013 0.832002769006 0.975329346106 0.788710492645 0.177122076497 0.434968603592 0.625259934781 
0.63563978835 0.808486613911 0.995573412608 0.84018293396 0.410713125418 0.897256142079 0.453122132398 0.758331116261 
0.663796246392 0.920106732877 0.861260314069 0.913036740693 0.110358432887 0.68707215191 0.801834873302 0.715643738291 
0.634943039199 0.662635612807 0.429365954653 0.995910486268 0.830174586497 0.538585502771 0.373518030039 0.726988992618 
0.781316071084 0.833965741924 0.722985007234 0.912152760993 0.319677428763 0.624489112169 0.203401134563 0.657633538165 
0.0929400638558 0.836991137798 0.562477280485 0.221234990094 0.857639630549 0.303479888864 0.238397760521 0.511952572572 
0.951862687127 0.330174942001 0.382440591628 0.687790604502 0.636124756435 0.496088798341 0.533426215305 0.686558801345 
0.956628835664 0.102912675499 0.533613818369 0.819009237304 0.529949104762 0.48608045546 0.534390058403 0.624835578403 
0.426210603542 0.392586776004 0.806105533267 0.435172190038 0.940314066126 0.878973360151 0.157881154483 0.536724021951 
0.578304946159 0.833429837977 0.130540526453 0.908039611213 0.16662119233 0.353106318096 0.904648048756 0.531028498477 
0.322521637042 0.11369202236 0.99730716586 0.815753736917 0.088160447224 0.200284226212 0.605431681222 0.482143085443 
0.83056643205 0.0793550611919 0.310626151161 0.997833626843 0.780556562082 0.717536440751 0.48304521631 0.671143075613 
0.88434792957 0.662447327289 0.722985007234 0.912152760993 0.319677428763 0.624489112169 0.203401134563 0.666310422519 
0.63563978835 0.808486613911 0.995573412608 0.84018293396 0.410713125418 0.897256142079 0.453122132398 0.758331116261 
0.387088608241 0.728569421013 0.832002769006 0.0392397056184 0.425842255438 0.338048700586 0.788673896819 0.580676804935 
0.978008977144 0.816082061323 0.187139246533 0.172153824231 0.99510135077 0.928773036813 0.877881114108 0.652866222326 
0.72408313369 0.998189835919 0.481920031794 0.643427776614 0.679717597732 0.660809869469 0.926152038989 0.768249141229 
0.506804436216 0.746823112195 0.370329972837 0.73824900077 0.764758126519 0.124696655007 0.945745526129 0.700263810748 
0.927661561252 0.285315612953 0.443381356861 0.923743188469 0.301660350079 0.461370048926 0.868930577066 0.594164329204 
0.88434792957 0.662447327289 0.700588928291 0.0194056032384 0.764758126519 0.124696655007 0.945745526129 0.668889286285 
0.663796246392 0.920106732877 0.861260314069 0.913036740693 0.823080785838 0.45431681738 0.4602402006 0.767310672423 
0.387088608241 0.728569421013 0.562477280485 0.221234990094 0.857639630549 0.303479888864 0.238397760521 0.558958937374 
0.391446362908 0.00580582147956 0.931175715747 0.592385106291 0.854346651077 0.0746657069327 0.835099470957 0.57262073417 
0.519327976271 0.397783158891 0.0233107346097 0.932390687185 0.420517911314 0.37397681595 0.852517564115 0.469165316122 
0.663796246392 0.920106732877 0.934078934166 0.687969329593 0.112969344719 0.778084395634 0.0850205740753 0.494463462503 
0.772629465732 0.94381203749 0.27696541687 0.855575959048 0.833260192213 0.423551700692 0.0925166275207 0.573128996616 
0.475862533674 0.731501229246 0.286396672073 0.237225081701 0.816073832974 0.685492506243 0.418196134412 0.401277387484 
0.925232848289 0.268411015254 0.705846287929 0.970639505938 0.255725306819 0.712431351608 0.533426215305 0.690838276104 
0.646074331484 0.932209853637 0.941099736132 0.616911865295 0.81264285735 0.613954880392 0.044200436449 0.553127044881 
0.912595737406 0.651616739511 0.562477280485 0.230891993513 0.158073559168 0.698324511305 0.4602402006 0.590170807536 
0.996760259147 0.0779393737528 0.119746070008 0.0392397056184 0.425842255438 0.338048700586 0.788673896819 0.483507691195 
0.63563978835 0.808486613911 0.0832037100403 0.655871433137 0.123783660101 0.624720151193 0.939387365723 0.602106632568 
0.391446362908 0.00580582147956 0.931175715747 0.592385106291 0.854346651077 0.0746657069327 0.835099470957 0.57262073417 
0.677979597684 0.984883735961 0.598616128981 0.479430383423 0.806469813837 0.97565692426 0.935492768485 0.835002990233 
0.88434792957 0.662447327289 0.722985007234 0.912152760993 0.319677428763 0.624489112169 0.203401134563 0.666310422519 
0.912595737406 0.651616739511 0.562477280485 0.221234990094 0.857639630549 0.303479888864 0.238397760521 0.653518986295 
0.663796246392 0.920106732877 0.934078934166 0.687969329593 0.112969344719 0.778084395634 0.0850205740753 0.494463462503 
0.646074331484 0.932209853637 0.941099736132 0.233505735307 0.100669717866 0.596183136864 0.422956647038 0.602766673321 
0.956628835664 0.102912675499 0.533613818369 0.819009237304 0.529949104762 0.48608045546 0.534390058403 0.624835578403 
0.663796246392 0.920106732877 0.861260314069 0.913036740693 0.110358432887 0.712431351608 0.533426215305 0.725535644037 
