0.745805446259 0.859330564857 0.465973797469 0.528801210276 0.476182606638 0.289281124813 0.348615328847 0.501681264065 
0.382010768894 0.0532991903431 0.00970568498371 0.687439719415 0.0806922611949 0.0722526430891 0.941709910735 0.282256183487 
0.676962547085 0.564672224953 0.773096770062 0.371781112139 0.644704741572 0.127608973968 0.601728246169 0.684358442773 
0.0589760368415 0.819419201309 0.557222831073 0.725977250007 0.23542186294 0.547619075119 0.727727451028 0.602842102371 
0.461026242167 0.683938816216 0.70220019856 0.943108142768 0.4057553077 0.675568297071 0.496986560851 0.643907425467 
0.937559020571 0.0526007041409 0.69883361928 0.547878103915 0.656540399339 0.099121426448 0.382648323676 0.441412222329 
0.94496761528 0.717857208551 0.937015634943 0.747765144599 0.0522479844015 0.460001895484 0.35230249198 0.619134372361 
0.749864947157 0.981328574827 0.803648190198 0.00837915460285 0.270885904215 0.641344463475 0.911317966601 0.650319328676 
0.311631538662 0.415765296752 0.523251684035 0.84529796046 0.794977861846 0.483658637668 0.719606214316 0.68414035594 
0.150115967549 0.0756498652974 0.823157746012 0.999046955919 0.133470792855 0.412133995913 0.995964897646 0.448581320919 
0.172463120054 0.230967391537 0.910020515371 0.252484106711 0.493571218992 0.656143194879 0.970713185774 0.647703104293 
0.932779101355 0.843869284419 0.26650763627 0.371962119464 0.652576033025 0.37816555374 0.394903234679 0.646051464313 
0.840158153541 0.84066615345 0.241193786593 0.265379637689 0.0892033497027 0.175542755046 0.938860314308 0.433048374063 
0.831714886808 0.120915707806 0.273808444936 0.735661812014 0.17164224528 0.971655189487 0.188335791854 0.447633633074 
0.663586513984 0.0407794470616 0.763352086178 0.552462947936 0.239821430739 0.324195366983 0.257206594055 0.417969584882 
0.657637133248 0.00658080286699 0.794560637431 0.919449184364 0.422733820185 0.603730223595 0.932370379674 0.791256381824 
0.608404240234 0.673446307756 0.34121670493 0.474764538536 0.900008351458 0.781822718286 0.988932032892 0.872988942859 
0.904450457799 0.943810251862 0.0244363870739 0.877387980088 0.461245423373 0.142678129376 0.290223851038 0.600783416527 
0.178936872903 0.795522578665 0.130395313997 0.527761914423 0.276854143683 0.793406701921 0.751525117634 0.558440539364 
0.952720308759 0.564489567629 0.863901814137 0.0376883395143 0.0399189577615 0.284867849883 0.295526384053 0.357649925323 
0.1900069923 0.609595655872 0.200146818554 0.812867934001 0.807862865503 0.526201125595 0.251903916621 0.487119322652 
0.250433987058 0.681191410124 0.415865133406 0.920327404319 0.687902423582 0.355828929866 0.931700684245 0.679256809306 
0.626683098982 0.779713025114 0.506811990237 0.421685217464 0.0728911673609 0.94934657159 0.395394834105 0.618213345794 
0.945300448505 0.839697168277 0.601382902938 0.317566480929 0.565886454559 0.61259096739 0.58608713504 0.776225285357 
0.164454824762 0.975499087103 0.798243490814 0.327835004688 0.797903540887 0.940035180884 0.0465789396294 0.617094056786 
0.698330716407 0.462230420791 0.732187023999 0.440051266626 0.429541768658 0.83994097718 0.135399636888 0.548884902796 
0.370405454412 0.756364037943 0.52754775532 0.27173107184 0.444855740863 0.320634229256 0.669841075412 0.354998184289 
0.707678011949 0.459597895959 0.00265090938261 0.923150523685 0.675209226434 0.45219531822 0.400394761726 0.621534014363 
0.939718759282 0.140404252046 0.957974572012 0.738291975979 0.212045664061 0.684763310912 0.040048160454 0.574695453665 
0.982070155726 0.0487911791464 0.577108699075 0.890627720974 0.614016548634 0.220109560465 0.116596659509 0.456447970282 
0.665734208026 0.0727982820499 0.541285380231 0.714000398244 0.634073895297 0.945475572384 0.914395963857 0.500255492123 
0.938017142867 0.139827074848 0.248607309692 0.755062198963 0.491819958488 0.717254063552 0.0124795936768 0.555383445056 
0.744193989753 0.292748012888 0.460602796634 0.269236755165 0.939186386185 0.761018938895 0.456180031038 0.681839657398 
0.290367351049 0.640844739388 0.909758762346 0.768250779231 0.870173490031 0.777659279982 0.622916514703 0.720339397368 
0.444650041246 0.706957833019 0.799572973011 0.393802504074 0.310209229708 0.563033859857 0.0570672412912 0.613782257871 
0.665554759004 0.64700757134 0.417182166774 0.88243039366 0.550082986622 0.368986719785 0.0777640521435 0.573300753403 
0.459836879062 0.806559037056 0.448014356807 0.647161284574 0.762679584957 0.181543487802 0.865701698105 0.554819758756 
0.232910994722 0.112368807339 0.374677206578 0.624538873629 0.897083871954 0.202055701088 0.260336166911 0.396034235034 
0.467497246529 0.833537377881 0.345945795445 0.0471643654905 0.762444394703 0.35407911833 0.314362189334 0.539930797933 
0.408432949667 0.516367411737 0.159453106876 0.968460057463 0.618037624001 0.210851039114 0.719996779381 0.563140011873 
0.97472846857 0.519730539149 0.934860250508 0.99181259823 0.0877412117522 0.662721483265 0.240290699276 0.595506790049 
0.81529455017 0.682258551709 0.874998474153 0.0719502816427 0.753856688499 0.988759394267 0.346862496292 0.663051018401 
0.644364306668 0.937545810897 0.106985838067 0.874536748088 0.605263698649 0.728902301036 0.0916600598175 0.59176551476 
0.921461162605 0.255611314916 0.684656916576 0.535403797717 0.150448212349 0.421245232514 0.523081648837 0.575326471152 
0.506705682865 0.857111748725 0.266506804544 0.115470753647 0.494858042203 0.0412322805233 0.632639575434 0.461204312286 
0.46301443669 0.521333921669 0.468128986709 0.769652808866 0.375804902127 0.858856443375 0.292428128367 0.622732398824 
0.715018144669 0.161154729727 0.581507413622 0.470594213036 0.262716039145 0.0132162322561 0.464833039423 0.451550615014 
0.864574367537 0.965710066674 0.661310387053 0.475845891907 0.15262223138 0.117709403013 0.0786212808505 0.47930760118 
0.890986719865 0.249474095057 0.655381756178 0.154457132732 0.769658527211 0.381854658617 0.712056830106 0.586732923422 
0.734152043527 0.640013152469 0.316425001768 0.751955390106 0.991027125263 0.699505317541 0.518654323504 0.724634041937 
0.0461518539633 0.875010354788 0.730916633719 0.252878234632 0.500813623948 0.703819621751 0.476867744205 0.545716147444 
0.965579678444 0.855087870638 0.455643651326 0.606338824533 0.0332570152898 0.940223699578 0.704803588514 0.778676721723 
0.195704440918 0.549063379592 0.916828803325 0.24080562412 0.186999347634 0.183061474207 0.807045491205 0.573097775137 
0.289575550393 0.959981705052 0.802823835149 0.489179281676 0.837165004755 0.101974587935 0.0893713065913 0.622320631336 
0.756923794297 0.942693418136 0.38916879153 0.465629705835 0.173198344799 0.242576237748 0.00160362192615 0.45997831817 
0.515170576516 0.939588380145 0.476948434128 0.23367140562 0.437003924885 0.543706848952 0.11611421378 0.622602264523 
0.00852440816721 0.519749392159 0.258627776933 0.0898894608874 0.584575371573 0.842259595936 0.807896486201 0.475430016858 
0.961344142854 0.684221965377 0.585241449617 0.251248226148 0.669740885095 0.748428185956 0.880932009629 0.714003699643 
0.410375314639 0.63002519082 0.662124471866 0.662014803303 0.755813213772 0.163010504725 0.496121894859 0.581431517831 
0.152571289405 0.90745707192 0.0202633238462 0.181451653202 0.0183556260626 0.966238610085 0.532004088772 0.550694538143 
0.237723161884 0.777906804535 0.842407588031 0.440432898887 0.230553062554 0.0452450624896 0.115419517345 0.300080106758 
0.67720619451 0.464361564611 0.1493960079 0.6111807799 0.82178144345 0.486762174195 0.916279641332 0.673811634685 
0.97374209078 0.188695545631 0.497940786152 0.559299273528 0.108496254471 0.649953707836 0.295227898433 0.481488766094 
0.890986719865 0.249474095057 0.655381756178 0.154457132732 0.769658527211 0.381854658617 0.712056830106 0.586732923422 
0.981169784871 0.437351890652 0.8212262592 0.786979876282 0.433767986731 0.190914860591 0.226880932529 0.562551645863 
0.932779101355 0.346031477835 0.394239621724 0.772416310357 0.501831299946 0.809944624546 0.571253400407 0.791510518233 
0.523550824806 0.34051115331 0.763145349949 0.785076830814 0.668249258595 0.446831688913 0.591173753547 0.743094076736 
0.698330716407 0.462230420791 0.732187023999 0.440051266626 0.429541768658 0.83994097718 0.135399636888 0.548884902796 
0.213573447176 0.743316894341 0.665183724657 0.264407123427 0.6884692202 0.706486723264 0.171449626996 0.533225165151 
0.77491995636 0.621838163121 0.807737649865 0.933744568956 0.188749365607 0.154749304091 0.0273640587038 0.579972580199 
0.832128549979 0.88403991657 0.693943942301 0.324116007868 0.180552398442 0.515925446827 0.599639116622 0.553917846345 
0.644364306668 0.937545810897 0.106985838067 0.874536748088 0.605263698649 0.728902301036 0.0916600598175 0.59176551476 
0.744193989753 0.292748012888 0.460602796634 0.269236755165 0.939186386185 0.761018938895 0.456180031038 0.681839657398 
0.0679896077175 0.187106867782 0.385131253735 0.888260325627 0.246992981167 0.748428185956 0.880932009629 0.464509388322 
0.523550824806 0.34051115331 0.87980808193 0.528371047425 0.247692680645 0.103513354067 0.814481936659 0.548427482055 
0.866333934984 0.950053243429 0.176968181619 0.647632269381 0.311910481626 0.301366069598 0.644269538245 0.433644968484 
0.135516922791 0.806805403715 0.00571636981822 0.136782240734 0.910273520801 0.525173925921 0.848157341012 0.531748528385 
0.526744324565 0.852825278087 0.139398602533 0.987278690512 0.578771830858 0.075908703773 0.427624777738 0.679583151675 
0.866333934984 0.950053243429 0.176968181619 0.647632269381 0.311910481626 0.301366069598 0.644269538245 0.433644968484 
0.97472846857 0.519730539149 0.934860250508 0.99181259823 0.0877412117522 0.662721483265 0.240290699276 0.595506790049 
0.988992765007 0.658514195826 0.700291727621 0.156157831213 0.0441353575978 0.700141429496 0.571253400407 0.72216409881 
0.756923794297 0.942693418136 0.38916879153 0.265379637689 0.0892033497027 0.175542755046 0.938860314308 0.487762729903 
0.683244223188 0.68536106127 0.669347616813 0.873811989882 0.580536408463 0.566043892463 0.890229634297 0.915685615544 
0.558049258384 0.507535733852 0.992848913538 0.506382616017 0.687902423582 0.355828929866 0.931700684245 0.783174251197 
0.0603802993848 0.626944049334 0.998889257791 0.998071785685 0.665636998669 0.944182201028 0.729851397285 0.844051754008 
0.77491995636 0.621838163121 0.807737649865 0.405595689419 0.311064049111 0.332453443239 0.605008208263 0.549636162888 
0.676962547085 0.564672224953 0.773096770062 0.27173107184 0.444855740863 0.320634229256 0.669841075412 0.40629648869 
0.864574367537 0.965710066674 0.684656916576 0.535403797717 0.150448212349 0.421245232514 0.523081648837 0.674948008392 
0.236876284862 0.0855842184477 0.63716605052 0.415339373046 0.52200890609 0.198510064122 0.937174034078 0.4883606741 
0.18376941092 0.892273588103 0.111635020833 0.951544426439 0.245563969304 0.489868945849 0.702939526346 0.566632044105 
0.937559020571 0.0526007041409 0.69883361928 0.269236755165 0.939186386185 0.761018938895 0.456180031038 0.698224058631 
0.355074976977 0.403734293341 0.788536707229 0.261325006899 0.629577267588 0.684524417426 0.47583755841 0.538500687156 
0.370405454412 0.756364037943 0.52754775532 0.27173107184 0.444855740863 0.320634229256 0.669841075412 0.354998184289 
0.816809443152 0.808828263263 0.51484014853 0.617706196984 0.718897203266 0.85348409524 0.0951673912997 0.684274245811 
0.0236754871887 0.88149797065 0.340053447326 0.889959689929 0.225686853867 0.609723401478 0.805178909429 0.590216203464 
0.890986719865 0.249474095057 0.655381756178 0.154457132732 0.769658527211 0.381854658617 0.712056830106 0.586732923422 
0.989013524508 0.698322317919 0.702005567004 0.274858934082 0.947095928918 0.188248184684 0.94067693045 0.756249663956 
0.890315994613 0.892045669314 0.483929258214 0.242498813883 0.444855127533 0.921671162506 0.228280514734 0.479508472298 
0.889286800292 0.832766546066 0.12138035952 0.647671510527 0.403133343731 0.860665268657 0.773080222157 0.571513353509 
0.727129940131 0.853898096617 0.726386749913 0.607907254248 0.972329286493 0.072701945519 0.00501255787755 0.533950766379 
