0.836120496408 0.800152136037 0.113594130552 0.427517462682 0.267608412228 0.481462487647 0.913462642808 0.496951567072 
0.744999369617 0.580411881723 0.827606753762 0.885741916112 0.296150606039 0.721708970397 0.60382413104 0.562727767904 
0.231287101069 0.342964790171 0.659729352162 0.956408417848 0.042266180044 0.202135263707 0.0997588772105 0.368370829522 
0.750977465047 0.789948508825 0.262193557539 0.162056109731 0.833350313567 0.0135037743763 0.86729980189 0.392978528718 
0.00934932380006 0.565028248967 0.282267679163 0.371898603614 0.280881536543 0.962827166258 0.84966849796 0.503738186042 
0.490488533543 0.180470429593 0.682600027311 0.962009874106 0.546035492429 0.994345614049 0.150269940366 0.514069817342 
0.550626406722 0.384471227105 0.902537076364 0.0693982979561 0.0419481478687 0.531749367126 0.64401091293 0.429475346651 
0.402696968289 0.00884480922387 0.707833459003 0.60584082854 0.969670322905 0.938610973208 0.138646824339 0.485343434294 
0.736583276331 0.528079755196 0.854626064808 0.854376861521 0.886938187131 0.473683037828 0.916741428818 0.640918554132 
0.882811888369 0.902096716079 0.589482597416 0.972694457439 0.1687438377 0.817180313045 0.676689981685 0.791011338375 
0.83285625504 0.657146558098 0.10753544761 0.0232427343648 0.67058003061 0.593035552922 0.0494348166777 0.417246591084 
0.56366420309 0.269326553102 0.788135781454 0.194370407567 0.511347257639 0.922593651945 0.406418304389 0.587311951963 
0.835301775883 0.2013111248 0.832093386851 0.380739178358 0.0575830121297 0.776053821715 0.703175562281 0.439532699268 
0.592781895336 0.867697092483 0.623298685705 0.660933503216 0.972576411156 0.214153953069 0.717042571319 0.678004505464 
0.0252726452891 0.5127229905 0.0207061947023 0.539010751133 0.951990550673 0.341477628 0.144312204296 0.377031082914 
0.747935043262 0.39744605438 0.126544122286 0.802789557443 0.524781090591 0.306938162244 0.410903802431 0.506630094998 
0.635406543743 0.843487777375 0.420266967322 0.551579825153 0.721646309638 0.667043544692 0.226281827689 0.639612261454 
0.995008564958 0.0337961077817 0.795430546841 0.2239830489 0.994959244568 0.0547259053066 0.538518761125 0.668078864493 
0.321886795533 0.913391452887 0.383021750261 0.216678756205 0.958068960673 0.199106607997 0.960932068555 0.670971309462 
0.419672535549 0.585926697448 0.649677138869 0.718484544748 0.486735661161 0.521531773204 0.582710021317 0.579617117623 
0.152501254403 0.0805510608859 0.174077719753 0.982866453798 0.12415772903 0.74727990982 0.840848120482 0.527296379808 
0.39883677715 0.875126889713 0.216830362214 0.310332780513 0.129683563753 0.866009227245 0.204970499678 0.368188787771 
0.256588580387 0.554088666648 0.946241214762 0.907003043341 0.889160433363 0.770575503263 0.43043394192 0.55039870154 
0.965492896867 0.446172351512 0.233595826155 0.444812723609 0.597708785626 0.889280015293 0.411169637622 0.528877594904 
0.864217804716 0.80380806968 0.145652978703 0.419106346155 0.0792344012574 0.0717581937092 0.942929154264 0.410485424389 
0.729133627486 0.754441123787 0.930461652857 0.0790061409928 0.114658933517 0.308243592905 0.937449885774 0.494787943276 
0.134287846521 0.362831818991 0.910142009686 0.75806185924 0.0732821268301 0.36228018419 0.606691107131 0.514378242042 
0.590102921766 0.715256424296 0.112008219507 0.963809225466 0.275703678014 0.622756820992 0.830173353567 0.553893622276 
0.291826472783 0.585036953515 0.0855001222517 0.379065718323 0.0930641013313 0.624927424569 0.767099332238 0.382217127524 
0.599885536467 0.303142762067 0.499653737328 0.701633468724 0.806067175411 0.770775415042 0.550915597653 0.711560311867 
0.955728094403 0.0382757381807 0.579347825696 0.101787175761 0.112485470335 0.552636782994 0.495708131193 0.464631082047 
0.683630942631 0.110834541017 0.0617307533137 0.993191145193 0.31492726573 0.738952002466 0.979248987952 0.511037125966 
0.0740367926123 0.50807513103 0.344672493033 0.834076624013 0.548694101798 0.493733894879 0.335619091978 0.568319624705 
0.966289581049 0.01038676523 0.448509309008 0.122223881285 0.663875506924 0.477616350055 0.15768635668 0.524500381568 
0.971623040578 0.563991321439 0.18094619246 0.557016240439 0.503318745084 0.946295797705 0.673657232718 0.83020118221 
0.840273237498 0.282860061476 0.756101650189 0.622623882064 0.110943769535 0.0525797073216 0.847666064225 0.521937405164 
0.992408700027 0.0962576930041 0.571235143906 0.195991665515 0.108550976182 0.922375452784 0.916242176402 0.490503571402 
0.604290332083 0.656564702397 0.0297574256919 0.543636880102 0.595759956606 0.904262428621 0.33102595801 0.511949382762 
0.778253127596 0.494080160739 0.919934759309 0.356480202128 0.927941666131 0.841045033492 0.392020204654 0.660162173343 
0.969578549004 0.875891875239 0.89664857467 0.0986350061013 0.666564489921 0.954049097638 0.334235658782 0.684778868096 
0.140818692293 0.332693475878 0.905880780259 0.724575824735 0.186106807947 0.479088276643 0.700110367788 0.417570892992 
0.334243534661 0.335078962114 0.187064209886 0.785318528089 0.993711977896 0.147960574499 0.563962564016 0.417720160127 
0.4929403726 0.75972305026 0.216481492886 0.594698668912 0.483779976054 0.888581204905 0.190541826676 0.384379491409 
0.98540513058 0.970388253055 0.315894368115 0.70996896083 0.749613444449 0.508666471693 0.314128651041 0.544786260323 
0.0543563294443 0.124843139201 0.590596939713 0.0781938648851 0.707740730856 0.688835680011 0.78653403027 0.498859020008 
0.629799917794 0.393821089047 0.94942308757 0.308983978603 0.750298351972 0.226071338337 0.32585244655 0.554848631549 
0.432615553956 0.591826706144 0.268168534405 0.671757108782 0.383370561854 0.475972757276 0.926036538327 0.600799052709 
0.595731622419 0.176885011309 0.161162682314 0.71346097253 0.699254508963 0.472949142968 0.942589292854 0.413531335398 
0.209526810572 0.622928952367 0.73653921687 0.162613112957 0.873127898529 0.758487673887 0.787715534622 0.491637923559 
0.960445277178 0.137110641193 0.554275264707 0.945683598286 0.905028524766 0.670826731108 0.0446374044637 0.692903773101 
0.496644332493 0.701793763765 0.202537391935 0.950020713057 0.722268592515 0.83583846817 0.654022995341 0.717300691792 
0.915434939675 0.332213138586 0.111354682986 0.942590624924 0.356760650696 0.400922347642 0.783876191534 0.436537257905 
0.910798537403 0.65511013317 0.17611031829 0.299423736959 0.527605956412 0.503718559967 0.705719855461 0.598927444656 
0.196984481398 0.793113267351 0.75964513344 0.739826897962 0.542117816763 0.266456266568 0.667858386243 0.600847135379 
0.805432538543 0.835294474615 0.241624724254 0.210944325668 0.139772651507 0.616170665986 0.837652376299 0.590640638619 
0.351941832135 0.638866318088 0.413977418264 0.342485651743 0.285430967756 0.895416951917 0.813719356858 0.522984726818 
0.984409489676 0.14885188606 0.802588377015 0.929048131601 0.289065645059 0.917155985708 0.0370221666882 0.671537126589 
0.239336573192 0.24729454115 0.978203144014 0.221252678699 0.693955510334 0.397538719251 0.516067877197 0.498335740945 
0.0974893638635 0.247667376327 0.923559679827 0.212842236796 0.574900264833 0.632165227515 0.517906370003 0.481968260307 
0.13115081063 0.356424321041 0.908361539553 0.946333631767 0.00976718142166 0.688268935326 0.791724536824 0.562524954571 
0.265640517806 0.443680296741 0.17391849412 0.639152415979 0.984190503186 0.354499851805 0.723291493696 0.540844093423 
0.926864614809 0.259805630891 0.521267487598 0.198806775524 0.872903857362 0.60548495552 0.464322131315 0.696982717141 
0.79654492414 0.766354671756 0.836850358226 0.483391741027 0.752587587254 0.395075444425 0.202033889139 0.491533132587 
0.279944843328 0.97008105902 0.365634866539 0.920853153822 0.0670502951293 0.824109928014 0.0452126561258 0.473209419157 
0.360144137507 0.55075157763 0.585803678998 0.580403907946 0.627062521108 0.616896466921 0.0233961770646 0.509472568262 
0.856148007614 0.962180370027 0.570147650665 0.588296047521 0.76052174319 0.307553315665 0.618211015737 0.580961628304 
0.914670662059 0.5809498195 0.941641803291 0.328918354847 0.780708272438 0.771518588488 0.268296634133 0.741990739014 
0.371255147844 0.819665913002 0.304139299269 0.544806431668 0.784386978546 0.219624727898 0.841495687645 0.458849675933 
0.829343203187 0.286924086057 0.0182379536511 0.142796125028 0.185224879242 0.421858449715 0.923867370101 0.207797477198 
0.529544702019 0.392774249769 0.682366745836 0.0771777690264 0.46489311796 0.679228563638 0.885441211173 0.598011050485 
0.908106073797 0.531391123978 0.629924397814 0.423787422706 0.611170091385 0.571401495009 0.527065709484 0.680921033819 
0.620911956172 0.732555737987 0.751870219213 0.786256846332 0.287906357562 0.900343740649 0.705150071435 0.703302603411 
0.811010594847 0.13338990282 0.0709002739699 0.832020599725 0.959326881359 0.458981620763 0.744618302531 0.506284821728 
0.244230949069 0.713891088645 0.789557618066 0.772671212756 0.513777716602 0.700513531243 0.975787811652 0.637996171613 
0.577309268879 0.00956610878071 0.0864522222551 0.835813206014 0.808839197161 0.745680424664 0.140958106716 0.504865499789 
0.349317162003 0.567170250709 0.316163258671 0.430411328465 0.714500081538 0.428165907602 0.542307793348 0.499811242481 
0.802479978554 0.656412065362 0.673219488529 0.41014863526 0.944898948877 0.453636447791 0.563532632208 0.622447490997 
0.991708389712 0.76423643659 0.63014649302 0.799841138844 0.521582921316 0.222243168338 0.726613267447 0.735717675234 
0.334243534661 0.335078962114 0.187064209886 0.785318528089 0.927941666131 0.841045033492 0.392020204654 0.503728139101 
0.811616939658 0.213769325759 0.558558593498 0.977876043741 0.824776570441 0.801232160493 0.11699343396 0.467041506739 
0.620911956172 0.732555737987 0.751870219213 0.786256846332 0.611170091385 0.571401495009 0.527065709484 0.699958673346 
0.938266636361 0.710855434517 0.0436024069787 0.95249200201 0.490257307206 0.926359051288 0.59806904338 0.691834113071 
0.196984481398 0.793113267351 0.75964513344 0.739826897962 0.542117816763 0.266456266568 0.667858386243 0.600847135379 
0.991708389712 0.76423643659 0.63014649302 0.799841138844 0.521582921316 0.222243168338 0.726613267447 0.735717675234 
0.805432538543 0.835294474615 0.241624724254 0.210944325668 0.139772651507 0.616170665986 0.837652376299 0.590640638619 
0.957231292461 0.373534846938 0.0436024069787 0.95249200201 0.490257307206 0.926359051288 0.59806904338 0.77552773172 
0.971623040578 0.563991321439 0.18094619246 0.557016240439 0.503318745084 0.946295797705 0.673657232718 0.83020118221 
0.230594670485 0.349008304846 0.873888496463 0.240223780214 0.132322850779 0.980281941543 0.333678490276 0.423976231295 
0.938266636361 0.710855434517 0.439807767293 0.00461270765087 0.743933218333 0.30264483551 0.82012701957 0.476192519435 
0.98962459197 0.523489203057 0.483461366386 0.873974204433 0.341373768701 0.15345674201 0.852068819051 0.623591371752 
0.805432538543 0.835294474615 0.241624724254 0.786256846332 0.287906357562 0.900343740649 0.705150071435 0.636289453075 
0.360144137507 0.55075157763 0.902537076364 0.0693982979561 0.0419481478687 0.531749367126 0.64401091293 0.423018974933 
0.668660213215 0.703131364109 0.0361497390952 0.856511681168 0.677139045778 0.395765265754 0.323204380043 0.71336382954 
0.687308625366 0.249294779422 0.476266477094 0.490415834131 0.00354409900857 0.684723881272 0.932094376095 0.54605607633 
0.371255147844 0.819665913002 0.304139299269 0.544806431668 0.784386978546 0.219624727898 0.841495687645 0.458849675933 
0.840273237498 0.282860061476 0.756101650189 0.444812723609 0.597708785626 0.889280015293 0.411169637622 0.529568971397 
0.24226768283 0.407111818329 0.344495605016 0.931529663408 0.854247215334 0.914795573216 0.309588559799 0.63115495492 
0.0974893638635 0.247667376327 0.923559679827 0.212842236796 0.0575830121297 0.776053821715 0.703175562281 0.32765522155 
0.509393676774 0.755839435458 0.927184047775 0.441702008592 0.0392363453303 0.69608020644 0.416237550418 0.682537973043 
0.957231292461 0.373534846938 0.383021750261 0.216678756205 0.958068960673 0.199106607997 0.960932068555 0.699558800541 
