0.0828557295406 0.12332026247 0.0247470615859 0.0257825193429 0.974476952012 0.341405687109 0.688875250402 0.289972349438 
0.386602800694 0.343674151176 0.42809244183 0.58537635429 0.864987668538 0.267179946011 0.909142961307 0.767934115146 
0.00716462236608 0.1786273052 0.442153497524 0.954131303957 0.596348166578 0.583947925197 0.608663425128 0.512644148535 
0.492244532386 0.41024293387 0.708999147277 0.57962822522 0.802105605683 0.249575887752 0.516275072845 0.766693289125 
0.297705672402 0.760835771584 0.7627645401 0.00795628039293 0.453457039857 0.839389832664 0.259219233329 0.434663857416 
0.488721930287 0.920685283645 0.555882539382 0.0688759297721 0.865061800185 0.868246013135 0.53754687754 0.723685286612 
0.279425875712 0.148023494813 0.576807263057 0.749006890067 0.663383223583 0.939272508623 0.981484351325 0.788758982868 
0.316170026846 0.63698916523 0.921547764448 0.930617824171 0.168756976497 0.0334193053703 0.912098120402 0.564765088741 
0.834241322047 0.594939912797 0.678973720581 0.747512407159 0.675516281331 0.922249113371 0.531980471081 0.692786509203 
0.77750541395 0.199392511186 0.621862581168 0.26847512054 0.204716730977 0.11002184563 0.881935848919 0.353647658605 
0.621057216774 0.521422183953 0.695567635128 0.482812722885 0.228416133003 0.842561905472 0.0847563072171 0.645507422143 
0.0994284617457 0.557193111076 0.865283116988 0.873052967932 0.326200948218 0.203282715829 0.994121303831 0.634114365985 
0.518830983003 0.686469807951 0.989190957733 0.334944709206 0.159593812706 0.454855762341 0.565450502659 0.607662257743 
0.76261346774 0.328029385849 0.420141867098 0.214432667242 0.148872691234 0.510289475548 0.8956581683 0.640224217555 
0.948441843736 0.966055342991 0.80399123214 0.909511002097 0.767890741229 0.521587612349 0.877087627742 0.756443921131 
0.387420000128 0.68763991748 0.683137230271 0.146720379736 0.958595119294 0.0755901222775 0.813946721162 0.621902538485 
0.777463817797 0.851512756994 0.437201867989 0.387987809625 0.374684575453 0.332625510798 0.891367405782 0.618731675525 
0.225153842483 0.820144396999 0.849125445357 0.567741155085 0.293725121832 0.897534035528 0.992888592717 0.610940666955 
0.310293178622 0.170940103157 0.952253707308 0.646474615099 0.942578175646 0.391849831651 0.2528125826 0.588937436749 
0.281281418316 0.863269467128 0.497016932281 0.121976814346 0.944520019648 0.698812716962 0.220765980262 0.561999759488 
0.951136495273 0.622514471535 0.310313818773 0.727272800359 0.400677191832 0.385535894761 0.770942354014 0.715230277619 
0.467622352787 0.291106051249 0.90155669827 0.412794428287 0.558187547812 0.599883069395 0.0338697635536 0.581458808565 
0.624708458058 0.976910715259 0.164365550208 0.885156592361 0.145093897853 0.799039205262 0.894484230354 0.723219541744 
0.52086015653 0.278969235406 0.254386239254 0.456389439752 0.953833839353 0.486367883199 0.544308845256 0.567345022627 
0.202479815861 0.692246227698 0.816986253714 0.217521279731 0.856616966196 0.838565953588 0.392623896705 0.508959043839 
0.160332244989 0.928897211781 0.979703933014 0.532820672712 0.523505408147 0.469132885456 0.891250019601 0.804731601045 
0.785499649703 0.453824688581 0.688156473025 0.554324363646 0.173434728806 0.62127289972 0.531256279497 0.607327277096 
0.06811195673 0.980597670027 0.481429933811 0.615582335404 0.446680702578 0.895236509709 0.235460972246 0.528137515169 
0.380151658291 0.766193862638 0.30026860093 0.962258208762 0.212737607635 0.0759475962001 0.650936240547 0.427781176326 
0.383813733737 0.0151847485054 0.977992272002 0.890039316337 0.717982616115 0.985605295487 0.724268937959 0.806937707382 
0.297413179167 0.356099232647 0.0479433033476 0.29991387644 0.482967869526 0.855275429638 0.626478823013 0.477155947785 
0.392673349055 0.0869537884 0.747377803693 0.520548773393 0.321800931128 0.993727183076 0.406390620983 0.742577709616 
0.546245238892 0.507978786632 0.575401821932 0.539521752793 0.378282641761 0.382779878436 0.983344103178 0.72754759711 
0.7829648183 0.0961536834259 0.630676539973 0.253299164303 0.116140852927 0.532886833436 0.706114306472 0.593435576827 
0.00980626196057 0.919440014927 0.183421756363 0.851929154102 0.573374107826 0.569730110753 0.126353473756 0.696294462113 
0.901185356113 0.421216388139 0.612222984931 0.945919787863 0.597675649747 0.601909242711 0.773876213764 0.900655166728 
0.0733610104368 0.829589934487 0.62272076182 0.290909717298 0.814514327366 0.976278196371 0.72803403719 0.556505656049 
0.728208147877 0.0919255611252 0.804389577698 0.991181573344 0.316713748646 0.305530561076 0.0745863085543 0.475517372218 
0.573364379357 0.0624476688527 0.999887265941 0.661243411317 0.782701285929 0.678365329349 0.503961101154 0.825618488306 
0.945160348378 0.453078020665 0.948793204374 0.00706289826575 0.0820995669804 0.923585057493 0.0394467736477 0.570512606213 
0.461999485467 0.268076606082 0.152464234499 0.442814459031 0.341128881611 0.750691191072 0.998796842903 0.655231308933 
0.20659444642 0.976376429656 0.0232632572104 0.560600434911 0.785036214988 0.214204120196 0.751742078802 0.467704344066 
0.376122323069 0.676036363677 0.644810787051 0.713155130503 0.211067849222 0.586390767042 0.887341578231 0.706040776991 
0.945545243624 0.621799597352 0.650857608823 0.417842205316 0.110514630306 0.65753006075 0.140028014734 0.64650910217 
0.227866813201 0.801071955696 0.988746142855 0.270550730957 0.459892054987 0.764630821834 0.471367042068 0.778685137039 
0.169251078337 0.720553356879 0.657672219082 0.481629578644 0.89599291214 0.220947801463 0.0737995661232 0.388911915931 
0.0733610104368 0.829589934487 0.62272076182 0.290909717298 0.814514327366 0.976278196371 0.72803403719 0.556505656049 
0.814201590352 0.461487946235 0.00920782340013 0.560600434911 0.785036214988 0.214204120196 0.751742078802 0.481136234272 
0.847446988093 0.30438365751 0.319472003933 0.943851262966 0.771469955733 0.0067047395341 0.573120456609 0.510224112447 
0.814201590352 0.461487946235 0.00920782340013 0.94215748545 0.0231150131579 0.870456589254 0.243287089854 0.61652044037 
0.254116829684 0.68336115682 0.761400329511 0.984783696545 0.425308581237 0.236037420211 0.847945576208 0.628739473856 
0.816947004327 0.537124543451 0.94838893027 0.147865214128 0.893199376136 0.943607574944 0.339380635319 0.717484553612 
0.624708458058 0.976910715259 0.164365550208 0.885156592361 0.145093897853 0.799039205262 0.894484230354 0.723219541744 
0.613601946055 0.659269420705 0.861729632259 0.648396154174 0.848140071312 0.0795686236238 0.825299101609 0.741573082305 
0.982707774572 0.73474423553 0.87960468732 0.166615127828 0.452920485494 0.860193248423 0.891250019601 0.816366074459 
0.728208147877 0.812714856305 0.628713604257 0.667903960183 0.319624755695 0.572807029011 0.281333869493 0.532798230937 
0.767492509985 0.491123012777 0.977925019454 0.0892755177817 0.151152198531 0.567854207967 0.388411872695 0.55729601166 
0.613601946055 0.659269420705 0.861729632259 0.825903340763 0.226652985865 0.647818506112 0.145809085814 0.525235771165 
0.160332244989 0.928897211781 0.979703933014 0.532820672712 0.228416133003 0.842561905472 0.0847563072171 0.652201357496 
0.659044027834 0.116257246085 0.0287565126402 0.605381285366 0.271217007682 0.123528093211 0.975652910575 0.333228879666 
0.380151658291 0.766193862638 0.30026860093 0.962258208762 0.212737607635 0.868246013135 0.53754687754 0.666343483487 
0.467622352787 0.291106051249 0.90155669827 0.412794428287 0.173434728806 0.62127289972 0.531256279497 0.539290562141 
0.492244532386 0.41024293387 0.708999147277 0.57962822522 0.802105605683 0.249575887752 0.516275072845 0.766693289125 
0.376122323069 0.676036363677 0.644810787051 0.713155130503 0.785036214988 0.214204120196 0.751742078802 0.564986189393 
0.0733610104368 0.829589934487 0.62272076182 0.290909717298 0.814514327366 0.396458341753 0.747005754059 0.509996783672 
0.427930133218 0.563784907033 0.57143855753 0.924675223809 0.89599291214 0.220947801463 0.770942354014 0.745593755574 
0.492244532386 0.41024293387 0.708999147277 0.57962822522 0.802105605683 0.249575887752 0.891250019601 0.735053490527 
0.948441843736 0.966055342991 0.80399123214 0.909511002097 0.767890741229 0.521587612349 0.406390620983 0.973373724066 
0.385730677212 0.983526976368 0.832504083834 0.635983486873 0.739180340633 0.574803056059 0.551586809231 0.733989441642 
0.386602800694 0.6405807052 0.42809244183 0.58537635429 0.834385091353 0.375830823766 0.369663755186 0.709644683636 
0.427930133218 0.563784907033 0.695567635128 0.482812722885 0.228416133003 0.842561905472 0.0847563072171 0.622584411431 
0.154163729688 0.182907856779 0.904611774044 0.770621742491 0.304107979666 0.843992300881 0.747608425052 0.601171752152 
0.458006466109 0.845277395671 0.185838996418 0.746166867333 0.719479188068 0.618020016206 0.731870323905 0.637281747285 
0.160332244989 0.928897211781 0.979703933014 0.532820672712 0.523505408147 0.469132885456 0.891250019601 0.804731601045 
0.389446343658 0.883731045223 0.827384731996 0.594248978946 0.430717970022 0.539140107845 0.727269726288 0.678121896391 
0.551763703744 0.52654317912 0.0977581411696 0.838371842766 0.782327261499 0.0656384200633 0.623788745403 0.665305504835 
0.136356159781 0.682405787559 0.833850424631 0.290909717298 0.814514327366 0.976278196371 0.72803403719 0.56527239292 
0.0185823035829 0.847542341057 0.409169502859 0.518461301308 0.346369834157 0.626227540298 0.932363700868 0.553410668089 
0.814201590352 0.461487946235 0.00920782340013 0.456389439752 0.953833839353 0.486367883199 0.544308845256 0.589038437677 
0.386602800694 0.343674151176 0.42809244183 0.442814459031 0.341128881611 0.750691191072 0.998796842903 0.709243908704 
0.492244532386 0.41024293387 0.708999147277 0.57962822522 0.802105605683 0.249575887752 0.516275072845 0.766693289125 
0.103094666849 0.837829791615 0.24823717867 0.168546758239 0.861037862017 0.374811976898 0.24375196071 0.324119658235 
0.492244532386 0.557193111076 0.865283116988 0.873052967932 0.834385091353 0.375830823766 0.369663755186 0.782472384563 
0.0828557295406 0.12332026247 0.0247470615859 0.0257825193429 0.974476952012 0.698812716962 0.220765980262 0.346481203344 
0.222475686874 0.45286909513 0.00960891868935 0.378955887055 0.987722570283 0.202317696426 0.602191818305 0.507860085073 
0.467622352787 0.291106051249 0.90155669827 0.456389439752 0.953833839353 0.486367883199 0.544308845256 0.64741421242 
0.649284378498 0.782220753642 0.369033345357 0.940202764627 0.728650184675 0.414093273455 0.278087978443 0.627133230281 
0.650023617811 0.630202166572 0.57143855753 0.924675223809 0.176846949078 0.241876535891 0.355619988834 0.622171121333 
0.136356159781 0.682405787559 0.833850424631 0.929597810372 0.474107641208 0.244492780915 0.0505803796818 0.634700472678 
0.297176741067 0.605856124458 0.518477934498 0.599757780159 0.850285048359 0.547552834462 0.514829364207 0.560196618359 
0.492244532386 0.41024293387 0.708999147277 0.57962822522 0.802105605683 0.249575887752 0.516275072845 0.766693289125 
0.160332244989 0.928897211781 0.979703933014 0.532820672712 0.523505408147 0.469132885456 0.891250019601 0.804731601045 
0.511854119753 0.905883614878 0.560410808841 0.979959639562 0.945459921496 0.144784740859 0.615635877214 0.884733068558 
0.36099867487 0.940718453225 0.323898013577 0.570545130282 0.365931653385 0.548106615915 0.753763854952 0.755825072666 
0.642225735915 0.464938214717 0.902735234153 0.391344204462 0.679456343125 0.418832538303 0.728082750729 0.784393492813 
0.982707774572 0.73474423553 0.87960468732 0.166615127828 0.452920485494 0.860193248423 0.891250019601 0.816366074459 
0.650023617811 0.630202166572 0.711063547765 0.401444633082 0.551276072252 0.766399586281 0.949639170255 0.670116658159 
0.297176741067 0.605856124458 0.518477934498 0.599757780159 0.850285048359 0.547552834462 0.514829364207 0.560196618359 
0.546245238892 0.970457595952 0.515013962185 0.191939550006 0.292480141907 0.396458341753 0.747005754059 0.542076406217 
0.0994284617457 0.557193111076 0.902735234153 0.391344204462 0.679456343125 0.418832538303 0.728082750729 0.708998143179 
