0.695884320766 0.34198414297 0.928597564793 0.078452485417 0.820607636019 0.240486302476 0.794079528597 0.563221833615 
0.163594697695 0.860533443107 0.543625730494 0.929761111017 0.782683309797 0.894507112504 0.58150431931 0.725927792961 
0.805903498096 0.471079487153 0.86181019119 0.411585521586 0.416262691119 0.568545486193 0.287556827753 0.628900719663 
0.892437863742 0.977013235188 0.485508409373 0.203449718869 0.117349781908 0.40316569525 0.211286337971 0.454873270731 
0.349931488159 0.694524237798 0.528478752192 0.248763813021 0.0500925579816 0.782005886874 0.0344050214613 0.441502305533 
0.606759320506 0.143351698425 0.832701799234 0.526887301136 0.323081955904 0.636979230374 0.7174507566 0.554872676389 
0.433156795073 0.39211974395 0.853177299249 0.531633955699 0.606258453621 0.152494549435 0.556277535063 0.593236647913 
0.897126100178 0.699106750514 0.698801505892 0.803840458509 0.0925197179316 0.0318931990876 0.893457474028 0.658530613038 
0.532394878503 0.959359305785 0.455626616723 0.719215804038 0.672036314044 0.667142630406 0.554475896196 0.768311382725 
0.2826469973 0.979922548625 0.956634786057 0.720225912752 0.601461872554 0.570114840414 0.933416462929 0.74750916978 
0.424090835226 0.807463271616 0.273788600363 0.457960438867 0.857988896404 0.687317190824 0.297820448895 0.56671380825 
0.960380924464 0.302035378697 0.268486138388 0.746904084107 0.339860944961 0.00460493427493 0.896058640485 0.483732653272 
0.321819764196 0.519267381112 0.945908318072 0.11313402675 0.158216054017 0.562390579548 0.561864717791 0.476665044911 
0.786867285754 0.851665207957 0.972682091885 0.274419766789 0.70750981176 0.00352409834382 0.59640043905 0.562222441095 
0.255506478438 0.503370563318 0.122783290476 0.454209407144 0.644322588558 0.834999827246 0.170226313664 0.497188169514 
0.989553787073 0.942721855385 0.383984436445 0.236473166831 0.532283740644 0.36308588323 0.227569978222 0.621603473197 
0.324546751315 0.97787997993 0.65050619084 0.356994527753 0.123830396728 0.829675592941 0.389129847644 0.653191782807 
0.625309779705 0.054242213656 0.557212074037 0.0347993462429 0.946993170918 0.257996323604 0.634202121496 0.567973018631 
0.234765733072 0.479094333881 0.859824590795 0.364364697889 0.150186568029 0.640509732662 0.86439734455 0.560737737654 
0.41535083034 0.0914328438618 0.325383504815 0.846480355031 0.832027377687 0.825862095987 0.967472694772 0.660234249616 
0.232683752032 0.408960051787 0.550092236931 0.490155763892 0.166445235182 0.748881965583 0.208692030243 0.559452089704 
0.802590123667 0.856210468421 0.8390345305 0.241808436933 0.0991253982399 0.939200063564 0.482874083644 0.570623667546 
0.443154064068 0.101654882592 0.863842136683 0.400532600962 0.380735053707 0.203586679427 0.896420866958 0.472695024142 
0.0480425552639 0.34889008967 0.703441520274 0.828147733739 0.323034723163 0.0779961567625 0.516227604815 0.349809719209 
0.575404674173 0.711202397361 0.442238253108 0.127511721928 0.892633694959 0.321395642169 0.618783255856 0.686524833647 
0.861083710278 0.147921074319 0.399232131042 0.582796632165 0.19979559927 0.516476370549 0.478368372012 0.437724596368 
0.581621515392 0.316665471707 0.98173069231 0.40741726919 0.263033342742 0.957999951552 0.0490285215376 0.58182853119 
0.955545038384 0.914930308297 0.94909478063 0.716424392676 0.0322053665508 0.458023509082 0.31143226543 0.696606313003 
0.531688980781 0.271012200044 0.987274191115 0.794081022818 0.998559997303 0.0644633902914 0.218411193513 0.554599722294 
0.301710701672 0.791615156982 0.632323169964 0.794132394119 0.530322260278 0.514306266279 0.53094851168 0.567535990175 
0.717101086827 0.977846773671 0.448532388073 0.7477383827 0.310484833427 0.625483342926 0.231852229782 0.635469979575 
0.836867316985 0.649869371555 0.776933180358 0.649089523761 0.135088444126 0.458510965213 0.475364808439 0.660923838519 
0.671369976314 0.046235475331 0.917361236037 0.225799492299 0.849665866691 0.501462652719 0.814791978523 0.647149377349 
0.0257994424288 0.554259489819 0.906547925936 0.903997516033 0.476645904962 0.170372440014 0.22898141652 0.416089018053 
0.577103957408 0.00166808278071 0.819661176602 0.806430808653 0.215985735297 0.618952978421 0.59481562401 0.490352402569 
0.804139811036 0.279656807852 0.524841571499 0.0101486833028 0.756317823876 0.0477733827479 0.73216668527 0.44456725112 
0.78393732911 0.252219707033 0.31059612353 0.678166018313 0.0849396375053 0.214632229464 0.981526546177 0.534644386642 
0.765111318954 0.236928660243 0.200190052612 0.385622399687 0.123997990382 0.972551424422 0.485130301942 0.495635582655 
0.664042552836 0.789289489617 0.205128640525 0.306886709529 0.433817096256 0.921357881501 0.0450320470784 0.511268829273 
0.00159146871808 0.201943748553 0.343838124509 0.832333080657 0.437943005658 0.998674839189 0.38390089385 0.368059496518 
0.281639910765 0.961156850064 0.404122776214 0.867785016731 0.297203376636 0.2088271367 0.414621398052 0.516706114 
0.72509885505 0.947312963363 0.179888725693 0.38925401765 0.673431060005 0.629756380975 0.913940648421 0.706651613394 
0.981618881219 0.734804090696 0.953061130957 0.206253833258 0.0614372521548 0.807144840753 0.452215094913 0.545097106294 
0.931248275324 0.0288662319112 0.530892671817 0.769792653476 0.150415985114 0.497419541791 0.248840720768 0.498888821456 
0.430645212257 0.526534971695 0.929871384062 0.44072472935 0.38393034912 0.256878759351 0.592235644144 0.585529779075 
0.556985850842 0.626461917194 0.459314934262 0.384151880283 0.935063512581 0.544891609815 0.600673043188 0.728823447065 
0.140677315471 0.932858480204 0.0598849166663 0.383764531867 0.970321449849 0.278987431682 0.905867656312 0.401641941748 
0.063425607781 0.517987987712 0.262504104743 0.801509669019 0.769960433949 0.832052253404 0.713567640795 0.580233806677 
0.0738858758555 0.838102590136 0.268203803382 0.963494368002 0.350813459485 0.0655824914868 0.130424661021 0.461322012977 
0.898412947939 0.703368492997 0.391314100902 0.456202026654 0.595549194712 0.63635810317 0.679488416527 0.594401085073 
0.650084119756 0.168311303607 0.273342158019 0.9928388597 0.612503995824 0.972412907265 0.791611533062 0.83154633268 
0.866660527537 0.784270093447 0.43343340471 0.2902154812 0.962635952826 0.93359377163 0.874210873075 0.864357403856 
0.595944253794 0.0248144685133 0.63853903823 0.0730187931749 0.350928143729 0.585352034219 0.337116872137 0.539603428808 
0.437980372183 0.0613624447199 0.746656247683 0.499233768623 0.176873597277 0.664779350448 0.716165785447 0.439928600326 
0.525673253421 0.513308600297 0.185943387905 0.574208206211 0.414877655556 0.731371796222 0.798829860414 0.71787962348 
0.471012092833 0.0615897013335 0.668240051113 0.551438217126 0.835749216986 0.121830982048 0.961678583943 0.640426296022 
0.493007738407 0.419723875744 0.49141765361 0.987048317815 0.524871224262 0.903140991816 0.387042519872 0.788871799971 
0.792311459606 0.730529116123 0.540872785545 0.103838981244 0.336954538464 0.462034159767 0.563891569444 0.655628784216 
0.920250443397 0.423395194396 0.15895555352 0.572803320532 0.749296680876 0.565765126199 0.384117998494 0.632050932589 
0.378466083244 0.0739503676304 0.578792610495 0.0333563723014 0.937019681284 0.290567089509 0.827025917704 0.410902203601 
0.449126973181 0.805241214324 0.184412186433 0.727913213535 0.282267786568 0.810689495802 0.335907274443 0.624924834359 
0.917006166726 0.917780721182 0.702102764929 0.432433068158 0.98373748935 0.600636490517 0.107356258654 0.799040276726 
0.838159524969 0.25492729618 0.138920372185 0.423326818108 0.62989913216 0.372947577867 0.684659022585 0.583750988942 
0.0995493335255 0.274618020382 0.458208595699 0.745286564452 0.648204767688 0.235493407943 0.760306246259 0.464869199757 
0.162816200955 0.218459455375 0.878204930381 0.811162060203 0.765157482 0.684685462724 0.924007061314 0.669912530562 
0.38917447282 0.515239658164 0.168326889605 0.97864940956 0.503546595322 0.64006121595 0.682945448344 0.479520289717 
0.452164932084 0.0820343976977 0.547854267425 0.801271184393 0.0142148666651 0.833363493138 0.96051375085 0.503476189758 
0.973967134411 0.301487151066 0.762503401697 0.434417949239 0.27963490859 0.016525302413 0.38512859411 0.521564263015 
0.414582543508 0.671850720911 0.686417190226 0.991288193124 0.733385436891 0.636690541965 0.187614008154 0.571210478643 
0.407982541436 0.153393137056 0.139030772551 0.709089976284 0.671869438316 0.869338910598 0.277412534667 0.494550974019 
0.94066828655 0.200290526471 0.472258996649 0.913394809919 0.662609101803 0.412455766844 0.320603867336 0.719434262123 
0.224304549588 0.277822724967 0.515825533264 0.701564849355 0.914181505926 0.403561259939 0.039197851796 0.509571876049 
0.210354738567 0.556818481705 0.730765350427 0.521318728075 0.560764102206 0.946542051808 0.763421723051 0.551613002093 
0.216551856616 0.238878123449 0.626599767273 0.179447160252 0.925981406627 0.567358667088 0.116627297979 0.43264587781 
0.123375760983 0.100958361612 0.139668423761 0.719701820451 0.820704318805 0.655993733301 0.556735745588 0.538430481529 
0.437980372183 0.0613624447199 0.746656247683 0.499233768623 0.176873597277 0.664779350448 0.716165785447 0.439928600326 
0.349931488159 0.694524237798 0.528478752192 0.248763813021 0.998559997303 0.0644633902914 0.218411193513 0.445875916806 
0.723568424059 0.371413649517 0.0916778618397 0.490714748767 0.742582922791 0.600724957205 0.139740962521 0.411424737929 
0.917006166726 0.917780721182 0.702102764929 0.432433068158 0.150186568029 0.640509732662 0.86439734455 0.714073955833 
0.9581732855 0.754401648944 0.387718717514 0.132689552967 0.608398788 0.00988765658267 0.0309645477698 0.626697207269 
0.00579150503569 0.0222263820238 0.509925407162 0.585475691296 0.97218470722 0.924542571964 0.573182498703 0.562927614209 
0.838159524969 0.25492729618 0.138920372185 0.423326818108 0.62989913216 0.939200063564 0.482874083644 0.534489074263 
0.407982541436 0.153393137056 0.139030772551 0.709089976284 0.671869438316 0.869338910598 0.277412534667 0.494550974019 
0.240468151453 0.496171662593 0.319353616616 0.849976184125 0.679083148341 0.843750296501 0.55428081885 0.575119520979 
0.0738858758555 0.838102590136 0.268203803382 0.963494368002 0.350813459485 0.0655824914868 0.130424661021 0.461322012977 
0.664042552836 0.789289489617 0.205128640525 0.306886709529 0.560764102206 0.946542051808 0.763421723051 0.505909931588 
0.94066828655 0.200290526471 0.472258996649 0.913394809919 0.662609101803 0.412455766844 0.682945448344 0.504490164219 
0.90843224661 0.0109646684272 0.208299672351 0.923034968771 0.849665866691 0.501462652719 0.814791978523 0.662460478962 
0.224304549588 0.646237105963 0.949844620543 0.645557498002 0.786627487029 0.0819495388733 0.377233957227 0.659935223972 
0.067511521523 0.217801520429 0.565287885131 0.470631753791 0.963326281064 0.929004586765 0.287556827753 0.572540179899 
0.308312399338 0.627644605076 0.658451945953 0.368529954301 0.571837739739 0.770171611283 0.676976747751 0.669303404087 
0.437980372183 0.0613624447199 0.746656247683 0.499233768623 0.176873597277 0.664779350448 0.287556827753 0.477648322584 
0.933323207667 0.0879761442537 0.951658730899 0.324914155371 0.334984076719 0.15562528773 0.294592177823 0.385849939842 
0.866660527537 0.784270093447 0.43343340471 0.457960438867 0.857988896404 0.687317190824 0.297820448895 0.648508171594 
0.773787245093 0.949392516509 0.555623329547 0.312645341498 0.587332068272 0.729956455101 0.785402410666 0.724379817973 
0.512293999182 0.419723875744 0.404122776214 0.867785016731 0.297203376636 0.2088271367 0.414621398052 0.499518223879 
0.432735638489 0.561705004294 0.493586329387 0.258837768374 0.807851293405 0.65317085371 0.556735745588 0.697514046144 
0.123916160459 0.93079979339 0.771927170165 0.388079126687 0.332986579267 0.587145887451 0.484507553742 0.603031671542 
0.424090835226 0.807463271616 0.273788600363 0.720225912752 0.601461872554 0.570114840414 0.933416462929 0.630151419308 
0.232683752032 0.408960051787 0.139030772551 0.709089976284 0.671869438316 0.869338910598 0.277412534667 0.507121861839 
