0.229126538939 0.854594252254 0.221585626414 0.320430311584 0.427458314693 0.961266648817 0.751545008239 0.471758893172 
0.821892339495 0.0163283162621 0.943870404837 0.202561944839 0.228797924281 0.269229516327 0.735089605862 0.592519054606 
0.262641782628 0.260476998938 0.536080559587 0.996262259825 0.637171973767 0.744076641474 0.839941319203 0.681913364836 
0.219299798802 0.851587303056 0.072466779153 0.498927394756 0.598158627753 0.808359053892 0.620711014284 0.602682579249 
0.291012690319 0.995857500716 0.107084837358 0.717276757336 0.354933316548 0.154896481698 0.188716431679 0.423016536401 
0.999950594714 0.317710974704 0.277792841722 0.427499355208 0.763104234844 0.219659199463 0.807440549685 0.578360762149 
0.860048871088 0.396931829289 0.138133376408 0.594915346004 0.748047908507 0.186282023393 0.371682678326 0.557247210808 
0.0155073261745 0.870441060546 0.232460775653 0.424574457854 0.767691303504 0.404985619976 0.881701131312 0.622707765393 
0.996721719235 0.532298231101 0.597900004158 0.766628731087 0.0736441857469 0.158027646512 0.495846331279 0.425758372524 
0.848401106319 0.63766791892 0.55781291539 0.811840577211 0.217374885807 0.633957746054 0.739610470605 0.576504411337 
0.303397962667 0.119421321456 0.0509376904051 0.494731415695 0.477400234906 0.94809190093 0.970798661057 0.530227728935 
0.32147721961 0.54263733117 0.599222002489 0.499844073754 0.132959475337 0.074957672875 0.571574363423 0.382411657599 
0.0338938871103 0.923159487714 0.892176535709 0.425806710625 0.458875540468 0.609115429822 0.284160276946 0.658020387959 
0.170131529427 0.851661592057 0.495116007717 0.75357199404 0.625289424392 0.737090582947 0.305205407133 0.552067476102 
0.404314457917 0.759297401446 0.615071786855 0.157517116258 0.736629784852 0.0742433364808 0.399249189242 0.349438734647 
0.0505783860291 0.188907305834 0.979559461306 0.0490194846123 0.929506648586 0.652716452266 0.717329009111 0.644175244067 
0.807824531207 0.211423658988 0.157166956308 0.271604462479 0.582615476461 0.79790515947 0.175703912448 0.575860469806 
0.27943210451 0.571688521047 0.637782917312 0.845844744776 0.219470245129 0.671702925563 0.459617565591 0.63691372213 
0.204020464322 0.225760420144 0.419506907202 0.976503001182 0.813757138873 0.362434074734 0.650509119977 0.677577240223 
0.487684870838 0.157269432195 0.824763093844 0.623434391579 0.133522334355 0.646739283633 0.0448867496246 0.448515618779 
0.670207569807 0.0867888909784 0.040870123262 0.720371471595 0.756270473485 0.741504301259 0.323295329315 0.584740931813 
0.648580389486 0.0683410049326 0.421387705589 0.195995706095 0.802812046157 0.985227514903 0.383539093873 0.616448650446 
0.7025309869 0.379700465537 0.1931720091 0.661846211009 0.650416598988 0.957350529959 0.168879995791 0.464939083369 
0.580327236954 0.450894202023 0.447108093904 0.317436199649 0.774225840358 0.850623460746 0.602717884042 0.769762483326 
0.595848870239 0.834895692346 0.822730286225 0.851352538559 0.531330946203 0.660715009157 0.398118012256 0.816454944465 
0.190717678659 0.240878314019 0.915897726552 0.0224818338925 0.163368190611 0.715585415888 0.516175193709 0.451465112922 
0.407479085485 0.955039801903 0.388071290713 0.21955018708 0.917494656771 0.956990937759 0.552866624624 0.761875771614 
0.156091385157 0.729287470912 0.733404295619 0.945235341588 0.476120794763 0.5645032845 0.35021710811 0.575856532769 
0.375793032339 0.269650542129 0.569599344627 0.716570702864 0.780981447441 0.573204719256 0.291710743473 0.589186424274 
0.765328642729 0.247716632252 0.488301280206 0.968886374477 0.890751959682 0.402079281821 0.590516388561 0.683711302578 
0.772934207117 0.901705054824 0.991044929183 0.700079563249 0.91529495834 0.584758586036 0.283900921901 0.654440947162 
0.867904600845 0.0280057826348 0.987896024605 0.768007473939 0.524793891499 0.149554536994 0.105645012146 0.511081110308 
0.699032171893 0.650450458231 0.682758235104 0.140728266493 0.955397330458 0.959142238725 0.851319669826 0.788452280053 
0.886454908752 0.16003664485 0.0856439790954 0.717985997237 0.739026013762 0.0559979260666 0.783319751389 0.499247923942 
0.749258818268 0.00701051888985 0.478225009245 0.70212422275 0.825741737257 0.563710256398 0.487931141433 0.607505746245 
0.924024380073 0.506905921689 0.834906834524 0.658063655777 0.870224570548 0.0310383167289 0.961991469017 0.704120154941 
0.646830190135 0.936976164488 0.232523435612 0.439746109028 0.796381697135 0.97035109743 0.651219994583 0.637017956093 
0.18283953893 0.746810368906 0.268922395997 0.91667721702 0.447738514763 0.191670311782 0.954770330087 0.499962595546 
0.0804272819643 0.562341860879 0.488347974258 0.293728227148 0.632776503662 0.446452640594 0.705571520175 0.678653322482 
0.367611795621 0.237564820522 0.929022045635 0.141678307684 0.835408770555 0.990128704713 0.643283101747 0.605925239606 
0.844136674836 0.0911418460577 0.249730915036 0.116168428921 0.877489035295 0.632559640836 0.0339005274658 0.335309360579 
0.945482045417 0.448972392605 0.675448524277 0.136504420927 0.295754171364 0.444036421339 0.37348765318 0.592689739293 
0.693019968273 0.958109075515 0.254411745766 0.680235687641 0.101943153296 0.221911377649 0.951802255426 0.56375116285 
0.509802690938 0.209560095181 0.163635061984 0.248957885371 0.92175867596 0.309269021544 0.63103404824 0.62949792539 
0.884371919425 0.477965673152 0.54274536827 0.472245319583 0.524306896756 0.737501525855 0.89679018851 0.785488964773 
0.450712620294 0.151343486041 0.974328723579 0.995354795693 0.479904693914 0.825115971279 0.616446426635 0.668257473583 
0.855565489633 0.180500252907 0.699687940072 0.737903747445 0.105151846952 0.358591461339 0.199129176457 0.244583140294 
0.515233000786 0.956956489111 0.646446615529 0.968155910961 0.536844740296 0.848374777119 0.108244839605 0.734033098861 
0.996762584846 0.116725618526 0.259541888795 0.00206905804402 0.948187300982 0.860164513559 0.712429532459 0.664573506401 
0.620464365494 0.240762475968 0.894779279754 0.321870162219 0.184749271728 0.291026836392 0.443518630357 0.585133217258 
0.0823912335836 0.729105543274 1.00013892485 0.197329573288 0.414705347376 0.888948269401 0.438391274237 0.419497361757 
0.819390212416 0.737836327542 0.873926007667 0.82520493352 0.310376057823 0.398644831658 0.0837307070954 0.492818831762 
0.639241457107 0.0482701640913 0.11513308325 0.778717381261 0.459454512556 0.855723641455 0.576367208117 0.462811805538 
0.365748377727 0.332561653639 0.598793688353 0.774375620531 0.540350940833 0.598712718603 0.853625726854 0.53957375642 
0.71591605623 0.845814356295 0.115364848031 0.908798775309 0.255359855001 0.676850834663 0.872122041726 0.503383396687 
0.65665531078 0.585382360066 0.709458195343 0.462934991268 0.192246987952 0.641404400347 0.755791535404 0.471172661428 
0.904217829812 0.647080182824 0.889787985631 0.351070785719 0.45036554203 0.269527423429 0.770844296049 0.491700294622 
0.128083327084 0.655118677982 0.392705436052 0.433484507138 0.302743476311 0.949773889253 0.314423770406 0.479528985643 
0.7994522632 0.546817166603 0.0942604454349 0.477217707758 0.587953123039 0.863479579399 0.036836597025 0.648803106759 
0.63480666287 0.576265933408 0.610271446175 0.835833169418 0.651838019762 0.943075153841 0.56358080951 0.798480598091 
0.17740691322 0.24184832469 0.471156245789 0.922004778615 0.831264472892 0.479438030964 0.51839217831 0.588333770916 
0.84411086628 0.498178358434 0.687761002782 0.797299935087 0.177428697648 0.382195787083 0.413023323544 0.636951415932 
0.0367397532857 0.282165482054 0.0815306911528 0.694313004313 0.309442647019 0.540605557231 0.968337068954 0.469506515459 
0.953561312718 0.539902892351 0.370460734406 0.246538327592 0.544276206725 0.673831336189 0.600678114519 0.781122266307 
0.999841209416 0.911223928931 0.621872397744 0.981199612605 0.833827354364 0.746312051752 0.0614643244705 0.723465821738 
0.884371919425 0.105341752856 0.0325438690029 0.0990173487016 0.598972298116 0.186065002871 0.917606169061 0.465081812595 
0.196752201053 0.976003256246 0.824878894405 0.32177396051 0.388796049968 0.808566277346 0.344165410598 0.635711980646 
0.229126538939 0.854594252254 0.221585626414 0.976503001182 0.813757138873 0.362434074734 0.650509119977 0.722255636463 
0.426550873098 0.101267379686 0.197762068677 0.815912575143 0.556583851106 0.289106513617 0.766262018501 0.615533556814 
0.65665531078 0.585382360066 0.709458195343 0.462934991268 0.192246987952 0.641404400347 0.755791535404 0.471172661428 
0.886454908752 0.16003664485 0.0856439790954 0.717985997237 0.739026013762 0.602347909209 0.671645019904 0.590993071626 
0.999841209416 0.911223928931 0.621872397744 0.981199612605 0.833827354364 0.746312051752 0.0614643244705 0.723465821738 
0.0367397532857 0.639304262273 0.0815306911528 0.694313004313 0.309442647019 0.540605557231 0.968337068954 0.445815602787 
0.254305550649 0.969504795474 0.851566582699 0.632810628325 0.148125176079 0.639690215805 0.851319669826 0.692016237291 
0.981767924935 0.364260831152 0.682173057884 0.237037462543 0.254048661651 0.45704731477 0.958032565618 0.726296835648 
0.867904600845 0.0280057826348 0.987896024605 0.768007473939 0.524793891499 0.149554536994 0.105645012146 0.511081110308 
0.221427262519 0.40002485773 0.716689337735 0.367257452872 0.298527532657 0.985653945034 0.514312218899 0.477401311265 
0.260494402355 0.998254497422 0.141404231271 0.0420446356548 0.132179503226 0.218660648916 0.443518630357 0.469493640634 
0.84411086628 0.498178358434 0.687761002782 0.797299935087 0.177428697648 0.382195787083 0.413023323544 0.636951415932 
0.318578263406 0.469056288915 0.267471760691 0.518798903045 0.958898671253 0.083237068063 0.740415015596 0.441674025926 
0.864238364836 0.582374811062 0.903117077749 0.450625627901 0.260585136435 0.639144939707 0.204120923295 0.677852265559 
0.21140121906 0.0257293258742 0.0591664123247 0.922004778615 0.831264472892 0.479438030964 0.51839217831 0.482174270733 
0.0254297511604 0.0168236503405 0.0336466715145 0.954148015733 0.451794664352 0.858611452124 0.601854401817 0.538544692482 
0.984295521043 0.473872225167 0.479029308265 0.798541599744 0.868666626382 0.109909810408 0.167200213322 0.57555501721 
0.771050311441 0.991807581239 0.692161518716 0.477454754937 0.0553333536309 0.71705347499 0.806896049157 0.700139469376 
0.63480666287 0.733730526213 0.0529086192977 0.869756613078 0.664405376263 0.965293899722 0.944757876774 0.799775255847 
0.712396601088 0.216765973268 0.872113280754 0.736658992057 0.0616140256726 0.398447038026 0.176806029632 0.596123243392 
0.221427262519 0.40002485773 0.716689337735 0.367257452872 0.298527532657 0.563710256398 0.487931141433 0.505433390931 
0.682939172868 0.676866143738 0.818893563492 0.564480684808 0.767387864265 0.786885485807 0.0182656216128 0.592478132615 
0.156091385157 0.29347074336 0.723023241776 0.480243216866 0.232497743439 0.602347909209 0.671645019904 0.513879593144 
0.945482045417 0.448972392605 0.675448524277 0.136504420927 0.295754171364 0.444036421339 0.37348765318 0.592689739293 
0.626923358166 0.419829075155 0.766620965974 0.452557985865 0.937218197597 0.846843798857 0.400036176036 0.673416723596 
0.21140121906 0.0257293258742 0.0591664123247 0.878774779176 0.697404768415 0.639444952248 0.523740077752 0.521986892759 
0.195033154763 0.587216221918 0.403818562895 0.362267391459 0.759571069386 0.992611893981 0.401314880168 0.610654479863 
0.190717678659 0.240878314019 0.915897726552 0.976503001182 0.813757138873 0.362434074734 0.650509119977 0.734306200994 
0.791681537853 0.315674693133 0.815769067823 0.908674668875 0.534324120137 0.540297431718 0.0630607323512 0.530916844339 
0.792800915006 0.871489710666 0.286516908058 0.873252600024 0.477753664479 0.434014934302 0.920109216579 0.655885751336 
0.229126538939 0.854594252254 0.221585626414 0.320430311584 0.427458314693 0.961266648817 0.751545008239 0.471758893172 
0.365748377727 0.332561653639 0.598793688353 0.774375620531 0.540350940833 0.598712718603 0.853625726854 0.53957375642 
0.128083327084 0.655118677982 0.392705436052 0.433484507138 0.302743476311 0.949773889253 0.314423770406 0.479528985643 
