0.995865832928 0.95390331289 0.415279675538 0.845083310786 0.421571436166 0.675217462054 0.41360124176 0.757580898552 
0.766288426845 0.145020563404 0.89664946646 0.534453504114 0.676141731359 0.379390680543 0.736884884747 0.595848750588 
0.723950570842 0.403881269903 0.238855154977 0.473862827034 0.870959602225 0.0441184167692 0.971233157809 0.56956262783 
0.799963934345 0.282383673442 0.631967995809 0.216656806459 0.0114329832677 0.905851296371 0.684869031235 0.531194745187 
0.657860565233 0.0627499943714 0.648850067427 0.799471236882 0.894950947359 0.838908267107 0.210042174078 0.460190535426 
0.455405984792 0.93999844531 0.252132238808 0.221384772463 0.744763230266 0.955233126203 0.227250666732 0.54974028491 
0.0284837085093 0.697345640397 0.0116090958707 0.277332016405 0.444478674139 0.21336877397 0.756828459265 0.416904797539 
0.163284294031 0.403677076518 0.373689846272 0.491731754704 0.999913927227 0.00905926878073 0.505167037027 0.573560103691 
0.467390251796 0.203761519703 0.62584525 0.451317137188 0.452857598662 0.975724699217 0.826398604153 0.673975246354 
0.834719174011 0.905528533379 0.886631453988 0.0380786694548 0.606072319661 0.419676386732 0.976679777653 0.664448927279 
0.795517442108 0.0872829096458 0.00785481380608 0.987170068217 0.610033713544 0.605551237803 0.658847322492 0.560782744375 
0.514625732017 0.795253658068 0.681787490172 0.460300776292 0.00913300342786 0.588310635916 0.745505770089 0.601460102247 
0.641039403384 0.958777371293 0.205862251249 0.706530831117 0.606564462941 0.100030178081 0.863492010044 0.693632923802 
0.304363721364 0.952727495671 0.341628705508 0.701130749188 0.165299458788 0.962266366013 0.474042096686 0.658952424957 
0.84275433235 0.733048451648 0.934430010713 0.200918469601 0.187626284685 0.766696960303 0.267551533593 0.66158879186 
0.78276523296 0.932487444999 0.609340056507 0.926641227616 0.153619374332 0.475640940862 0.641207032455 0.657450075161 
0.360841078334 0.216315166255 0.919433247806 0.756992165933 0.953389071362 0.663921162722 0.383445291514 0.526474334078 
0.0409246679238 0.566900516564 0.578827514714 0.508841385322 0.762998024706 0.277145462407 0.862883807012 0.741378729256 
0.514744786936 0.990579360668 0.3275252369 0.79117986013 0.922342736317 0.348459515896 0.344114952822 0.738691840948 
0.378810414483 0.0386868359831 0.565397704798 0.982794818119 0.721326563991 0.555573712309 0.386982659056 0.696257979349 
0.226486533763 0.507949300516 0.376802342299 0.774756054422 0.200219016101 0.212286629652 0.967996938955 0.587942328417 
0.866248275241 0.41442797705 0.147266808623 0.281141544928 0.290233897256 0.700747767224 0.569510464749 0.457911595897 
0.927202012306 0.277205542329 0.928947772185 0.693245922673 0.555494730733 0.940883916845 0.492345968826 0.707088057994 
0.705852572347 0.673014300337 0.735271723628 0.6657623129 0.109621491559 0.913088400479 0.332155688515 0.686667622906 
0.873101450519 0.236077770765 0.757992424604 0.968764722633 0.355644213722 0.841382089927 0.76205411581 0.561803082076 
0.839231057063 0.665461579653 0.0968507959088 0.872239317269 0.880878876969 0.190916229566 0.515337652817 0.588280750916 
0.902343345749 0.560349705763 0.317554428977 0.912166499075 0.817214651522 0.901286604358 0.229317453515 0.598576299762 
0.492215730693 0.507785661746 0.880595112334 0.494548894776 0.520677307198 0.437071089478 0.737258376283 0.661616758576 
0.269004637223 0.654553359635 0.757134386106 0.786148136304 0.806346091141 0.0531180695127 0.591070568679 0.582211996921 
0.312717687879 0.925074695309 0.351195580844 0.188173051392 0.449587240486 0.591413428124 0.795122336631 0.640834293433 
0.578680870502 0.778155168383 0.17031385623 0.730835286933 0.501582733557 0.394707906841 0.56566975656 0.566159348121 
0.12808044011 0.41575253727 0.406511949138 0.079468969541 0.00701879319475 0.971705991937 0.838380121345 0.338737471602 
0.581816460495 0.965735660324 0.15873373171 0.265773124536 0.343127223341 0.143808884688 0.692540553719 0.494929846823 
0.10312127123 0.729020178301 0.382138039019 0.971309638666 0.246330123078 0.239792628379 0.53429267171 0.493501397888 
0.477896068488 0.738405841595 0.809624633062 0.067607879531 0.95150760557 0.571188460621 0.773939899724 0.552906324068 
0.908607529319 0.587041330642 0.660999446554 0.785277768785 0.56370060334 0.11264141879 0.853308813129 0.797774322197 
0.99400769134 0.0863186922574 0.75576847544 0.868962116179 0.878660635607 0.0667613305993 0.144908320498 0.701906572933 
0.6512424295 0.669181468894 0.810813785999 0.787546953375 0.722245090846 0.801000526545 0.242279182537 0.731442814768 
0.456312039612 0.962691318896 0.3238052192 0.748541939781 0.319067054171 0.72861630127 0.514711215318 0.612975200664 
0.190315247633 0.850090147018 0.41285435631 0.481713532971 0.698864342075 0.590238557065 0.537980645684 0.565240542563 
0.620463552458 0.514618013879 0.804245349616 0.690996493895 0.292324316621 0.96171115384 0.582692682874 0.798579178575 
0.0736053151654 0.765770695014 0.933127418706 0.250127374937 0.163018979727 0.0729663941662 0.453770422336 0.389615580805 
0.723744535738 0.877365579331 0.0188512581505 0.9008404765 0.38447605965 0.182792321194 0.541692082459 0.476147770007 
0.543697419235 0.88811214703 0.0202477607659 0.344266404147 0.566594147536 0.990001226981 0.119027786685 0.584121677151 
0.366568455085 0.646998017648 0.195331912427 0.860230255962 0.653894241868 0.552296274459 0.957971901071 0.714223728433 
0.705129494635 0.00206778458935 0.711808429742 0.142478216418 0.457665695304 0.203985129854 0.968605289984 0.572547155693 
0.0142313361816 0.939341398247 0.373741950354 0.0807754157832 0.210937879391 0.788458565462 0.618651879291 0.492697617115 
0.689645093152 0.75250870214 0.852217257672 0.331992433269 0.676919808347 0.607933706596 0.606834292566 0.690068388934 
0.803464379035 0.548402493803 0.264294428177 0.227097020409 0.941126368164 0.687440684867 0.391502556666 0.553917047891 
0.0576665831537 0.458143996346 0.238587883137 0.784422181513 0.85367054714 0.419242146581 0.764997037195 0.417812097342 
0.700461994747 0.594934673481 0.545287919009 0.954715361018 0.721902740726 0.943911418322 0.941248522041 0.854040353313 
0.627366308892 0.0841516157008 0.851009487684 0.933180293601 0.329994180932 0.284058975799 0.171760055396 0.528086503556 
0.0367329272676 0.586908657987 0.813906393945 0.604388777863 0.0582018538654 0.927834403278 0.591433937141 0.705115301483 
0.321929354863 0.261729035259 0.86922004857 0.846837225581 0.150001149267 0.701868186547 0.295961994205 0.496165493665 
0.43167045137 0.32625699254 0.997205266335 0.473499408628 0.958840129676 0.300806319322 0.104904077598 0.680441956726 
0.419581888661 0.737456529162 0.838886708243 0.0488230270831 0.610018756127 0.68949481922 0.385733760748 0.509318816968 
0.939490180482 0.941113941153 0.09236609897 0.0807353440519 0.283620689053 0.398209427808 0.637614680333 0.541083008444 
0.893852915478 0.805675178813 0.651110400126 0.928998410472 0.272151440286 0.36480853596 0.794672713918 0.72326030807 
0.91319579214 0.105236411858 0.198581067187 0.561577343428 0.663655016156 0.829661745447 0.0662237003569 0.585813349697 
0.333117091359 0.885155708859 0.811297352426 0.917824870563 0.874045842551 0.26326161626 0.0590358740825 0.543566304543 
0.974418609401 0.851180058435 0.806503782981 0.151735290882 0.793853519451 0.730426467223 0.466734812551 0.702361257867 
0.184032004885 0.262947883415 0.240674037339 0.962629541891 0.415923801061 0.258361834562 0.402408102435 0.464716038247 
0.170396160309 0.990508182125 0.735903833778 0.073865219272 0.0511916687625 0.43997121116 0.544324877167 0.426195898806 
0.427346082082 0.758396388177 0.263721909616 0.617916136472 0.0721356833423 0.395548198486 0.845135464321 0.526420457659 
0.356871612191 0.527749025194 0.553707311889 0.599221170304 0.583290598349 0.214613322724 0.477887837413 0.51083734229 
0.645444815568 0.630337310667 0.644455004652 0.795777379158 0.137664512805 0.42284593769 0.951967644784 0.630127674777 
0.958123688193 0.976323886188 0.867000023405 0.815344977476 0.179312036451 0.824223195426 0.258546833227 0.659954118373 
0.722725574063 0.71160733162 0.292023888883 0.310812892054 0.325202600006 0.954882454896 0.328061298978 0.592859115171 
0.46523684017 0.742646066222 0.764258666804 0.924734305246 0.268372870784 0.356595434344 0.103096130104 0.707346116736 
0.550089359895 0.843288775607 0.0138937295631 0.944738218182 0.137186885577 0.0276293872433 0.379345323165 0.453414714687 
0.385593445454 0.0674880571982 0.475992544132 0.431673207231 0.0253649242249 0.295006372681 0.995226551369 0.506857445827 
0.0906775663287 0.364497212925 0.595107611072 0.303599257067 0.111072136268 0.709819558692 0.730693811702 0.489447951127 
0.269004637223 0.654553359635 0.757134386106 0.786148136304 0.806346091141 0.0531180695127 0.591070568679 0.582211996921 
0.869607769089 0.503086508393 0.313480460013 0.0259505971434 0.326464556004 0.210746024137 0.924807885805 0.478506071642 
0.467390251796 0.203761519703 0.62584525 0.451317137188 0.457665695304 0.203985129854 0.968605289984 0.645717808132 
0.692071095935 0.644620192882 0.997091580063 0.59972938734 0.781583236225 0.437650199971 0.162969780506 0.571936272771 
0.636501833507 0.559566677678 0.989367833653 0.484226998781 0.291043880795 0.0673725604829 0.58392227982 0.655511642669 
0.00721048086829 0.541452806491 0.937273064922 0.604388777863 0.0582018538654 0.927834403278 0.591433937141 0.723579397749 
0.235638190635 0.907066978839 0.351084943325 0.498387464943 0.995140833145 0.343277138691 0.515895951572 0.583920797429 
0.35032102025 0.36854257415 0.906511922417 0.666558821436 0.367443624715 0.656222539261 0.738712638813 0.441071908729 
0.304363721364 0.952727495671 0.341628705508 0.701130749188 0.165299458788 0.962266366013 0.474042096686 0.658952424957 
0.967390592418 0.059462662601 0.883021989392 0.60655058695 0.641520308302 0.64205507124 0.583477536831 0.686343539774 
0.624598243158 0.865254612718 0.610849768472 0.24686765195 0.768693848037 0.460905584113 0.850636257063 0.702441617411 
0.312717687879 0.925074695309 0.351195580844 0.188173051392 0.449587240486 0.591413428124 0.795122336631 0.640834293433 
0.273888803697 0.0125644219556 0.120141895301 0.631577362315 0.96683449449 0.703587809373 0.798005673975 0.522483217308 
0.78276523296 0.932487444999 0.609340056507 0.926641227616 0.815151893545 0.161406196155 0.922870434519 0.852627891796 
0.974418609401 0.851180058435 0.806503782981 0.151735290882 0.793853519451 0.730426467223 0.328061298978 0.706338475998 
0.977759651316 0.665900123851 0.508782813315 0.216052098099 0.167512764083 0.0695158729349 0.245921806843 0.381079762199 
0.834719174011 0.905528533379 0.886631453988 0.0380786694548 0.606072319661 0.419676386732 0.976679777653 0.664448927279 
0.46523684017 0.742646066222 0.764258666804 0.924734305246 0.268372870784 0.356595434344 0.103096130104 0.707346116736 
0.689645093152 0.75250870214 0.852217257672 0.331992433269 0.676919808347 0.607933706596 0.606834292566 0.690068388934 
0.967390592418 0.710816783991 0.938453735978 0.590635081904 0.384481693984 0.791490339137 0.492345968826 0.723295637795 
0.721125852307 0.872149808128 0.431952772386 0.164394141443 0.26956282087 0.949562112099 0.594025213991 0.596834033041 
0.908607529319 0.587041330642 0.660999446554 0.785277768785 0.56370060334 0.419242146581 0.764997037195 0.624972892308 
0.43167045137 0.359190368262 0.997205266335 0.508841385322 0.762998024706 0.277145462407 0.862883807012 0.828806378327 
0.00721048086829 0.541452806491 0.937273064922 0.546996431342 0.717523755959 0.969331480176 0.901735526165 0.76428833368 
0.0142313361816 0.939341398247 0.373741950354 0.0807754157832 0.210937879391 0.161406196155 0.922870434519 0.492334694318 
0.304363721364 0.952727495671 0.341628705508 0.701130749188 0.165299458788 0.962266366013 0.474042096686 0.658952424957 
0.321929354863 0.261729035259 0.238587883137 0.784422181513 0.85367054714 0.419242146581 0.764997037195 0.413251784664 
0.0576665831537 0.458143996346 0.86922004857 0.846837225581 0.150001149267 0.701868186547 0.295961994205 0.500725806343 
