0.767851879991 0.0653386872123 0.645168289905 0.99824540945 0.619011916205 0.810605195706 0.0114402342895 0.640006745031 
0.40744514866 0.311209283492 0.872395469776 0.547883845114 0.912219985117 0.0503268380035 0.922565486391 0.618436444675 
0.718706882914 0.819941841598 0.329958963583 0.637688528461 0.643447871423 0.609423937556 0.267787202865 0.5590055307 
0.95715123782 0.241109139428 0.713242639071 0.723621269176 0.111127226646 0.872337442505 0.609688730796 0.577081975936 
0.193552325637 0.706219690263 0.965594881965 0.852361860375 0.799039407696 0.360776444119 0.570015260371 0.649744078685 
0.989987995702 0.0218995314459 0.113701723979 0.529059619569 0.752908941798 0.875686073896 0.1857381667 0.508358506614 
0.5962961606 0.671852487331 0.212297334788 0.346138457959 0.244683387459 0.608137661604 0.445791204193 0.561280568664 
0.50125881894 0.396010735941 0.693717270058 0.896710734785 0.722600592127 0.364123970428 0.52937436641 0.717370303102 
0.294306332169 0.873863480182 0.866283582411 0.817631307851 0.669497663398 0.480993139361 0.906550334785 0.795983532113 
0.109850653587 0.917197584515 0.534996044206 0.752014819216 0.758134456935 0.692092331245 0.501465201981 0.560006660437 
0.410679176981 0.622798064273 0.619326579348 0.993661545617 0.295264115899 0.173306444243 0.197130741367 0.509464105448 
0.518592855912 0.988126495061 0.057512556428 0.61698766751 0.525979835517 0.292809464811 0.214664452655 0.655329513398 
0.594384477108 0.206679250175 0.914472635796 0.343012297136 0.385407075103 0.540581175388 0.972616795983 0.695180678744 
0.834840455405 0.777143747242 0.898748752636 0.62230842279 0.469470584848 0.852396633619 0.109885894178 0.595475575902 
0.0968152571674 0.134999947037 0.501393892025 0.948368206013 0.526801441865 0.804775611603 0.736443056325 0.643705072584 
0.360522098547 0.296443090746 0.897963394781 0.647716476183 0.468177011501 0.645896864595 0.206045458873 0.552313234084 
0.21112460856 0.0540081770947 0.252741625239 0.992571542192 0.856175014332 0.577924391063 0.318222349399 0.501353875072 
0.282809244143 0.485482541057 0.234170566193 0.793499342486 0.642620314718 0.644506473957 0.488148938451 0.60248765312 
0.337853345001 0.919665203471 0.820970494284 0.294853928261 0.770943964094 0.0673917978376 0.189991045128 0.467550877258 
0.777473278168 0.102991568183 0.390764777107 0.902684033677 0.87125868002 0.160056899668 0.0997420964063 0.330786663686 
0.773908427177 0.369686068647 0.975042122699 0.18116667228 0.588125484974 0.972373785992 0.594913206337 0.757692806645 
0.499132952527 0.950722119852 0.453087713837 0.707126375112 0.582263735281 0.320228924348 0.443034050917 0.509326944401 
0.277790406248 0.226679139929 0.937746115012 0.708923220133 0.51450059977 0.0514978062125 0.269459958282 0.569761417418 
0.988132055367 0.0456525065871 0.559077679403 0.846232043737 0.403586881317 0.66216163572 0.279153167564 0.711331061095 
0.693555419829 0.608952340089 0.58108155905 0.379121504302 0.650503491459 0.840122466957 0.154443920617 0.522439453511 
0.457936379873 0.868399958489 0.804424448977 0.674723893363 0.577754371563 0.569193580585 0.993927583919 0.821600927279 
0.197908887336 0.794242885025 0.821139395393 0.231156515346 0.791915618505 0.164962971882 0.843637872678 0.533677776371 
0.0905666383367 0.0723844194199 0.621176095018 0.697585276328 0.660190941592 0.939942317996 0.11160158973 0.509689117051 
0.127047974303 0.138683894591 0.641316742344 0.844113979148 0.348750241092 0.969068826267 0.161658398544 0.402012183943 
0.445169484331 0.590543875791 0.617011599278 0.69902528571 0.875283411628 0.783022000506 0.843705901308 0.806621506826 
0.701363857351 0.779659282652 0.00988877544742 0.620742814088 0.410331608275 0.762760854579 0.256341448896 0.509704419407 
0.420234346044 0.863109758816 0.028769758508 0.883824379598 0.975401297851 0.333892306643 0.257666717602 0.629205753746 
0.980939481417 0.944637214437 0.197458666713 0.571909644001 0.664186491342 0.533376110806 0.835481909707 0.84148122654 
0.565133536969 0.350713566159 0.305028854245 0.583140790516 0.561655328234 0.925815680345 0.354239774755 0.570043305649 
0.534826851659 0.139989531528 0.499729018476 0.24906201458 0.986278794155 0.97108607704 0.738127519688 0.671102532268 
0.845457761652 0.56810109097 0.968752484904 0.0687032619589 0.474276968108 0.986740664687 0.342988859917 0.758977558744 
0.989791409457 0.543659249059 0.781103406966 0.401809747488 0.926857729274 0.955737092994 0.937993723697 0.861735553762 
0.307739155237 0.842939278355 0.278492538798 0.0535013364626 0.993370036353 0.744246165835 0.0312577867821 0.565211658631 
0.931912294612 0.853981616061 0.906646992949 0.627545231927 0.356219930687 0.54955196917 0.000396947399311 0.698195597602 
0.11138179155 0.936675905753 0.540413452938 0.424106721201 0.196977751293 0.850625644315 0.728296760481 0.575205032862 
0.634854521826 0.067618884448 0.645273664432 0.851877423508 0.115159825407 0.272997100149 0.654594928375 0.648088065735 
0.401700328048 0.76426526087 0.588831745506 0.718115661534 0.777967764597 0.77280114384 0.245147234984 0.62624851385 
0.0766180219004 0.890628998532 0.379820558966 0.346668136976 0.767927123722 0.788147275264 0.882775111894 0.678818228338 
0.17354320311 0.41163407352 0.805714328224 0.00701180799977 0.766196958438 0.989300661417 0.629552535511 0.472671619755 
0.37838147235 0.496616373967 0.73271249046 0.607568922644 0.544001074332 0.98356617777 0.137229769875 0.736660998696 
0.693555419829 0.608952340089 0.58108155905 0.379121504302 0.650503491459 0.840122466957 0.154443920617 0.522439453511 
0.0154350563126 0.495696128287 0.965150873064 0.458410147902 0.660159747958 0.689871356674 0.417051257346 0.653152581954 
0.0766180219004 0.890628998532 0.379820558966 0.461070565619 0.106728827297 0.882020970554 0.202719106803 0.381526375853 
0.565133536969 0.350713566159 0.305028854245 0.583140790516 0.561655328234 0.925815680345 0.354239774755 0.570043305649 
0.940054728357 0.636865958017 0.578796576569 0.978221070146 0.419709374751 0.808819602533 0.997757818618 0.775684810422 
0.109850653587 0.917197584515 0.534996044206 0.126226541065 0.739084960676 0.81521597502 0.734027621458 0.494717108984 
0.501265564823 0.307755053242 0.510963893046 0.461070565619 0.106728827297 0.882020970554 0.202719106803 0.459279898805 
0.213456779712 0.341330601436 0.181051294179 0.681012913341 0.472814904375 0.354957826179 0.950387745948 0.535228335577 
0.5962961606 0.671852487331 0.212297334788 0.817631307851 0.669497663398 0.480993139361 0.906550334785 0.775012587945 
0.127388422127 0.366362186348 0.0578521313831 0.940145855075 0.539833983103 0.972382057493 0.814392821431 0.662346077957 
0.410679176981 0.622798064273 0.619326579348 0.697585276328 0.660190941592 0.939942317996 0.179065387075 0.685542057626 
0.5962961606 0.671852487331 0.212297334788 0.346138457959 0.244683387459 0.608137661604 0.445791204193 0.561280568664 
0.109850653587 0.917197584515 0.534996044206 0.752014819216 0.758134456935 0.692092331245 0.501465201981 0.560006660437 
0.534826851659 0.139989531528 0.805714328224 0.00701180799977 0.766196958438 0.989300661417 0.629552535511 0.495389658501 
0.534826851659 0.139989531528 0.499729018476 0.24906201458 0.986278794155 0.97108607704 0.738127519688 0.671102532268 
0.0724628433828 0.792408339427 0.808795231048 0.855720836046 0.683992460443 0.51284340117 0.157157239116 0.420918096171 
0.797818760053 0.294470029291 0.744453930593 0.820801657267 0.814194657564 0.730328352887 0.694661258388 0.76812052669 
0.640060596441 0.714798761443 0.848679691516 0.878321816882 0.410331608275 0.762760854579 0.256341448896 0.644072970538 
0.134916820436 0.84639831155 0.791859529348 0.582481119488 0.209384222611 0.829601366095 0.471872193004 0.682875944929 
0.693555419829 0.608952340089 0.58108155905 0.69902528571 0.875283411628 0.783022000506 0.843705901308 0.832536043042 
0.853334530201 0.21109320116 0.474598568476 0.868142840096 0.040366994148 0.859416144145 0.906550334785 0.672910428359 
0.368746477424 0.466269232583 0.380519062264 0.931372939189 0.77840618603 0.627700368422 0.138207662419 0.715719579583 
0.693555419829 0.608952340089 0.58108155905 0.379121504302 0.650503491459 0.840122466957 0.154443920617 0.522439453511 
0.834840455405 0.777143747242 0.0719821752043 0.0416865549436 0.837235802247 0.0349346540427 0.524086866025 0.447043457143 
0.377913393058 0.143263855147 0.689342913023 0.66552316775 0.958835109355 0.177521018795 0.420843730027 0.572917064392 
0.95715123782 0.241109139428 0.598106980069 0.492613537446 0.314102800886 0.869002333489 0.631511625025 0.660762794509 
0.310029157676 0.470286869799 0.845743176541 0.7010139713 0.784643548342 0.260567791172 0.394369912491 0.649364186665 
0.868965143162 0.486020708521 0.263401365435 0.972414742747 0.694067033346 0.480993139361 0.906550334785 0.822593195246 
0.294306332169 0.873863480182 0.866283582411 0.868142840096 0.040366994148 0.859416144145 0.906550334785 0.725348110334 
0.368746477424 0.466269232583 0.380519062264 0.931372939189 0.77840618603 0.627700368422 0.138207662419 0.715719579583 
0.806951295418 0.438744826532 0.835995844052 0.134152329861 0.74185509442 -8.89543345621e-06 0.648926243159 0.443310069999 
0.779426445576 0.918916625513 0.300545236964 0.0606149669461 0.675616847932 0.386082685809 0.399628248176 0.643182316336 
0.718706882914 0.819941841598 0.329958963583 0.758676738903 0.643447871423 0.609423937556 0.267787202865 0.558994643765 
0.420234346044 0.863109758816 0.028769758508 0.883824379598 0.975401297851 0.333892306643 0.257666717602 0.629205753746 
0.970519620324 0.425036768067 0.0920517431513 0.511204772774 0.750599579134 0.494567161359 0.835481909707 0.73939531125 
0.37838147235 0.496616373967 0.73271249046 0.944329029185 0.939893676354 0.48196094163 0.757099761505 0.649910886157 
0.109850653587 0.917197584515 0.534996044206 0.7010139713 0.784643548342 0.260567791172 0.394369912491 0.644524240411 
0.95715123782 0.241109139428 0.598106980069 0.492613537446 0.314102800886 0.869002333489 0.631511625025 0.660762794509 
0.134916820436 0.84639831155 0.791859529348 0.972414742747 0.694067033346 0.480993139361 0.906550334785 0.815917731281 
0.471357732562 0.092360658621 0.848183182704 0.965599754241 0.939893676354 0.48196094163 0.757099761505 0.605796288391 
0.307739155237 0.842939278355 0.914472635796 0.343012297136 0.385407075103 0.540581175388 0.972616795983 0.724780072364 
0.868965143162 0.486020708521 0.628156428607 0.904908384812 0.049038046127 0.590213622717 0.497744058706 0.629520063096 
0.534826851659 0.139989531528 0.805714328224 0.00701180799977 0.766196958438 0.989300661417 0.629552535511 0.495389658501 
0.89721481518 0.909356590773 0.999792001314 0.642017594499 0.704368024697 0.578135780151 0.961627371882 1.02520766865 
0.47583976654 0.947269981764 0.815827965587 0.441438702878 0.966395709009 0.501428896041 0.742318565535 0.859332948591 
0.868965143162 0.486020708521 0.628156428607 0.904908384812 0.049038046127 0.590213622717 0.497744058706 0.629520063096 
0.206009277194 0.507514617256 0.43304232911 0.944329029185 0.939893676354 0.48196094163 0.757099761505 0.679550048138 
0.47583976654 0.947269981764 0.815827965587 0.441438702878 0.966395709009 0.852396633619 0.109885894178 0.625593888126 
0.109850653587 0.917197584515 0.534996044206 0.7010139713 0.784643548342 0.260567791172 0.394369912491 0.644524240411 
0.5962961606 0.671852487331 0.212297334788 0.842629264085 0.722600592127 0.364123970428 0.52937436641 0.675328725078 
0.594384477108 0.206679250175 0.914472635796 0.343012297136 0.385407075103 0.540581175388 0.972616795983 0.695180678744 
0.779426445576 0.918916625513 0.300545236964 0.529059619569 0.752908941798 0.875686073896 0.1857381667 0.624406681198 
0.17354320311 0.41163407352 0.805714328224 0.00701180799977 0.766196958438 0.989300661417 0.394369912491 0.616147267374 
0.979419165501 0.809475489509 0.529369128129 0.747668771724 0.813649485548 0.493042388458 0.530536407115 0.678161891726 
0.518592855912 0.988126495061 0.057512556428 0.61698766751 0.049038046127 0.590213622717 0.497744058706 0.549172816472 
