0.721818163076 0.0587093029252 0.371879298458 0.12153899138 0.146953571098 0.70339107049 0.851697716995 0.483482767613 
0.473549863724 0.451007259479 0.481127059293 0.629640809022 0.926911724135 0.393977253211 0.674881370472 0.685039986169 
0.207010127275 0.0120939800692 0.0848533091707 0.348628044724 0.505029152435 0.981729787181 0.18763522566 0.324430782895 
0.666698436089 0.73572184091 0.127609426482 0.431812027075 0.0208380695146 0.751770887258 0.815065121569 0.628218612857 
0.825765329394 0.565874178433 0.496962386613 0.000234251281858 0.256482498176 0.739305519797 0.658910908429 0.547500025006 
0.465022967628 0.934089963154 0.257488511496 0.436154949939 0.982834066236 0.836250348302 0.99604567339 0.663430142378 
0.886912247366 0.0486738482932 0.963834869022 0.878041635887 0.931616203159 0.506661618493 0.325245550034 0.530292408714 
0.605585997394 0.795120542921 0.663770690823 0.123830628348 0.339645929349 0.574286935729 0.937030067671 0.632662485609 
0.480111088585 0.869687015661 0.742843487034 0.10189358841 0.611834134378 0.603532355186 0.414560843106 0.675602083799 
0.415729390773 0.797312501195 0.842347158678 0.304398552489 0.310163938096 0.00361861392889 0.584091165625 0.344185923826 
0.219947617979 0.610555355167 0.123787855411 0.00912268643825 0.212837746505 0.993603198553 0.0770102926055 0.342580104128 
0.217928945596 0.399366337261 0.303081607788 0.603457691967 0.919472518616 0.737003342855 0.32482703053 0.429488606189 
0.566592303027 0.107208078659 0.825548073284 0.143615526947 0.147257125242 0.998594132333 0.570610399635 0.528657510044 
0.525809226825 0.724748715403 0.215506962349 0.333827150169 0.883784222658 0.101940605996 0.0653490337639 0.260484344875 
0.591115930558 0.844199161969 0.889802767943 0.188236040652 0.818963671291 0.791696341253 0.940271408291 0.770818724309 
0.136180243343 0.936797997462 0.629329205386 0.799875697112 0.466336331874 0.650460922815 0.433640688223 0.593173691549 
0.832187620451 0.46872131651 0.155651410076 0.257136148356 0.386272122273 0.243955038099 0.643950429144 0.586911761752 
0.603024632547 0.126500601488 0.851224349845 0.67805727557 0.519231588404 0.903776115573 0.288510013892 0.671504452998 
0.996858241484 0.052056879329 0.991248269691 0.709445420262 0.338600792208 0.76690534868 0.401143347526 0.711378918827 
0.00215965790971 0.251633874074 0.936116239711 0.667041097177 0.431952435924 0.509754442903 0.569929175242 0.486781840732 
0.829541840249 0.712492506304 0.498571074968 0.838841970143 0.566847314969 0.842516947175 0.00608094446568 0.555192691737 
0.124995637943 0.569128233134 0.0977879970627 0.559077641855 0.837743009648 0.67433538467 0.000651479501927 0.334098669132 
0.936009613642 0.750068438962 0.378295127434 0.0624103432578 0.535511515469 0.843746684216 0.0081257001013 0.438647763138 
0.570507767397 0.999223971776 0.138526526545 0.764595462657 0.156408875738 0.679227164638 0.402067691533 0.602362663821 
0.115945759747 0.961060051407 0.622947601196 0.729765505438 0.950911713464 0.430994751132 0.419725848716 0.643809711019 
0.720256635683 0.499316298545 0.902468620053 0.501023207679 0.427235145633 0.883258879303 0.305740115374 0.6216098657 
0.455547102785 0.397467604172 0.997233757672 0.97916226448 0.583429182922 0.724446595904 0.432699373503 0.58663396752 
0.872692078503 0.0868155106017 0.758119277138 0.135037365505 0.111949213782 0.315618591942 0.807896751718 0.437630937893 
0.923433630509 0.830017900974 0.4865060182 0.239085609372 0.428825649834 0.111590179922 0.489008951433 0.375890442437 
0.410061725046 0.348512884534 0.4961304288 0.634421474543 0.374072588349 0.882345654415 0.427419181857 0.491627309549 
0.469386946616 0.996665502566 0.851873653325 0.633323047031 0.130995892282 0.770575371464 0.409297760084 0.612326059608 
0.0558085937705 0.117046454222 0.971914401689 0.977492984675 0.952116524774 0.472726136913 0.637898244065 0.702616822688 
0.846860416258 0.320588615468 0.7062564057 0.422014876852 0.504854667342 0.492345916348 0.584003403145 0.506950689058 
0.537788579482 0.640576496138 0.0145383684843 0.561330005476 0.142786922884 0.367050532706 0.857626345267 0.513714334625 
0.812741440548 0.101651231538 0.17326887971 0.0661718336601 0.931519660224 0.684818367168 0.473110381759 0.452640851373 
0.968305836636 0.735258360944 0.984999269272 0.955900750656 0.4832352654 0.529779779905 0.416230307372 0.807116655813 
0.905025726553 0.865271301807 0.711277250605 0.970896931114 0.579248457729 0.304553758803 0.295051423112 0.755668242073 
0.292069197232 0.612166013576 0.277188791515 0.466724929643 0.351156916303 0.975731706869 0.519389898769 0.655868335765 
0.663374850653 0.439431510703 0.171787448202 0.99600658224 0.729418964378 0.738319816245 0.737945384062 0.646695415312 
0.817760485411 0.628886889027 0.516619268712 0.084883928055 0.355439060839 0.868233050448 0.706908000861 0.480604005266 
0.157617528883 0.165611199124 0.139269760089 0.228048496495 0.344592494148 0.998345565204 0.0499703835352 0.264253233581 
0.126846901613 0.185762666157 0.536595943392 0.997029660399 0.379819259003 0.837812311818 0.473091938725 0.568454234771 
0.673787968108 0.423142868577 0.698866296655 0.713320724538 0.617839587247 0.655431422838 0.328841036097 0.541889905835 
0.858108553464 0.709167873367 0.895136529331 0.872116740019 0.394867720519 0.0105717276819 0.744985739508 0.637208948511 
0.715315899988 0.714985499684 0.687177983352 0.304066837974 0.328852974961 0.801391024165 0.91891096063 0.556015544235 
0.770616062849 0.45559647234 0.379904828974 0.481716890022 0.788672996018 0.441801849946 0.793367212871 0.586197246663 
0.89969297433 0.0547905008638 0.921028574604 0.0251718672359 0.725836038063 0.275224887503 0.519584771598 0.47114414581 
0.70242242074 0.175585946417 0.288791447717 0.724147528541 0.894727341956 0.397808271658 0.755923738947 0.425051059413 
0.195548464367 0.527261589699 0.681338573371 0.616194143441 0.00785433809532 0.896876676927 0.602211710395 0.634779836118 
0.892525565788 0.015194679845 0.825498470829 0.910236132499 0.277812043632 0.296157244445 0.84444226577 0.502728313518 
0.428557970937 0.821903075549 0.582336500361 0.637516524636 0.806486490366 0.0341736659948 0.305896187145 0.464629127528 
0.299092072174 0.681253943923 0.343678717904 0.716176572915 0.67989190969 0.687099490208 0.768710447989 0.758448019297 
0.123056215946 0.521319471147 0.101656165038 0.666633183232 0.765514581702 0.449751366487 0.399875243333 0.282923824484 
0.203178113763 0.953977076403 0.511736296284 0.167694569652 0.876565609808 0.182150386067 0.899554270245 0.56547712187 
0.393762630515 0.206325350114 0.652540222308 0.901644257528 0.905021391346 0.888908903869 0.982214021091 0.695904722019 
0.422868630776 0.788665653359 0.940581348942 0.394310103691 0.66779828579 0.229959002395 0.678638703752 0.504361043262 
0.205388700138 0.807157137474 0.323423793278 0.642114861412 0.111949213782 0.315618591942 0.807896751718 0.479389200348 
0.18647349213 0.550092085881 0.0422424742065 0.992404167153 0.149496427195 0.540574771121 0.665062027527 0.459727805662 
0.779542483771 0.962496702242 0.216435321404 0.147360074438 0.756116470337 0.932273718559 0.363998374107 0.570116394686 
0.368255666789 0.764865649611 0.340823141728 0.956581217661 0.944205606456 0.511243218921 0.38795233666 0.734156403808 
0.0558085937705 0.117046454222 0.971914401689 0.977492984675 0.952116524774 0.981729787181 0.18763522566 0.618481042411 
0.319058062028 0.874832354144 0.507528510275 0.514213236466 0.204154974171 0.994907532591 0.216985028511 0.527462036139 
0.70242242074 0.175585946417 0.288791447717 0.724147528541 0.894727341956 0.397808271658 0.755923738947 0.425051059413 
0.164628164528 0.437664403169 0.212167360472 0.794742277698 0.905098524963 0.360548234807 0.599843345624 0.479647476193 
0.906406747075 0.419528978445 0.062885445903 0.923386705302 0.645853224248 0.063827340782 0.637237425321 0.617805754095 
0.720256635683 0.499316298545 0.902468620053 0.501023207679 0.427235145633 0.883258879303 0.305740115374 0.6216098657 
0.683723187758 0.276425866249 0.277174609648 0.710950709815 0.411225528296 0.689198231949 0.506683836255 0.580413937372 
0.89969297433 0.0547905008638 0.921028574604 0.666633183232 0.765514581702 0.449751366487 0.399875243333 0.430512923394 
0.715315899988 0.714985499684 0.687177983352 0.147360074438 0.756116470337 0.932273718559 0.363998374107 0.510517198864 
0.708373300083 0.214660920746 0.0429903879981 0.30413255917 0.963723243827 0.981729787181 0.18763522566 0.476960817654 
0.954676554343 0.953648965659 0.444986446411 0.415457479645 0.275618663312 0.304422718177 0.567309004239 0.598562977571 
0.455547102785 0.397467604172 0.997233757672 0.97916226448 0.583429182922 0.724446595904 0.432699373503 0.58663396752 
0.0884588775146 0.0234451939226 0.347689311157 0.760573296191 0.907616475384 0.230145615968 0.39004996938 0.418232124832 
0.0558085937705 0.117046454222 0.971914401689 0.977492984675 0.952116524774 0.472726136913 0.637898244065 0.702616822688 
0.570507767397 0.999223971776 0.138526526545 0.764595462657 0.156408875738 0.679227164638 0.402067691533 0.602362663821 
0.492720512452 0.239150026566 0.748312259722 0.713320724538 0.617839587247 0.655431422838 0.328841036097 0.479745210622 
0.738256659158 0.445122459998 0.59948738801 0.596820892424 0.296538239252 0.867786312623 0.286345899738 0.65761157299 
0.920528304507 0.696736321615 0.272198537058 0.0953177314643 0.00598524296779 0.495354248627 0.775054616627 0.634010090599 
0.0558085937705 0.117046454222 0.971914401689 0.977492984675 0.952116524774 0.472726136913 0.637898244065 0.702616822688 
0.968305836636 0.735258360944 0.984999269272 0.955900750656 0.340676047278 0.722471407818 0.735999957185 0.842330436973 
0.18647349213 0.550092085881 0.0422424742065 0.992404167153 0.149496427195 0.868233050448 0.706908000861 0.401197737705 
0.00215965790971 0.251633874074 0.936116239711 0.667041097177 0.130995892282 0.770575371464 0.409297760084 0.410192095084 
0.825765329394 0.807157137474 0.323423793278 0.642114861412 0.418220682985 0.501819445667 0.699258334275 0.708393029169 
0.623796892653 0.848248405182 0.636088749586 0.688863018442 0.186182737868 0.545647073626 0.0366632384736 0.532253737714 
0.590631594461 0.717962065922 0.83603970486 0.378725694112 0.349765106579 0.802064517248 0.239796699105 0.551328322134 
0.205388700138 0.807157137474 0.622947601196 0.729765505438 0.950911713464 0.430994751132 0.419725848716 0.618058576391 
0.258544538508 0.235743948548 0.660453426474 0.289842275226 0.140745482221 0.879882050623 0.807896751718 0.479701265501 
0.136180243343 0.936797997462 0.629329205386 0.713320724538 0.617839587247 0.655431422838 0.328841036097 0.511771428808 
0.965011706443 0.766828549033 0.646692614459 0.0491899026177 0.97585866865 0.520954965955 0.299638546522 0.626678916867 
0.720256635683 0.499316298545 0.902468620053 0.81646708607 0.561506372745 0.100791725284 0.983512628529 0.731734930283 
0.871096991567 0.197669926536 0.784579722036 0.118604703956 0.926789488718 0.418589651863 0.695093011566 0.513448807413 
0.898895654345 0.00473039820369 0.969106098249 0.0480344064243 0.919707604774 0.71668322141 0.886295304923 0.534043772982 
0.872692078503 0.0868155106017 0.59948738801 0.596820892424 0.296538239252 0.867786312623 0.286345899738 0.596677019255 
0.683723187758 0.276425866249 0.277174609648 0.710950709815 0.149496427195 0.868233050448 0.706908000861 0.401350605534 
0.428557970937 0.821903075549 0.582336500361 0.637516524636 0.806486490366 0.449751366487 0.399875243333 0.461928339684 
0.715315899988 0.714985499684 0.215506962349 0.333827150169 0.883784222658 0.101940605996 0.0653490337639 0.270225252994 
0.258544538508 0.235743948548 0.660453426474 0.289842275226 0.140745482221 0.981729787181 0.18763522566 0.374023917612 
0.00215965790971 0.251633874074 0.936116239711 0.667041097177 0.431952435924 0.360548234807 0.599843345624 0.470816146138 
0.143245373965 0.793327662054 0.385028672662 0.663653760884 0.903379496001 0.62484450445 0.0608464021976 0.518246564604 
0.715315899988 0.714985499684 0.687177983352 0.147360074438 0.583429182922 0.724446595904 0.432699373503 0.452227104035 
