0.91300545838 0.870025191956 0.212008702931 0.174822281093 0.544835136167 0.608978214929 0.474493512355 0.390267056342 
0.663958928663 0.18078417818 0.299205118745 0.501039825461 0.828566363289 0.653611582057 0.907595200736 0.670491048007 
0.735257037374 0.896181556557 0.443576226572 0.408560657474 0.962386251082 0.188715755122 0.187717625734 0.622376958539 
0.148086796221 0.739879393415 0.0166265928835 0.88291764953 0.762997999354 0.858534594049 0.414505810295 0.544869023203 
0.560207833438 0.766675651763 0.864201494346 0.795704665762 0.696256059252 0.288886110903 0.867789901124 0.720809329403 
0.761788995013 0.182723145895 0.18808303734 0.518057891578 0.301886456898 0.838660442589 0.720721535709 0.515267086749 
0.695394253548 0.364951033374 0.364363754732 0.846371646445 0.0626752476829 0.600322566768 0.578535126137 0.475770363081 
0.568278283976 0.927088389251 0.387349779445 0.766147852525 0.110551482151 0.828122165134 0.887078653057 0.673544598624 
0.976447625097 0.57087913575 0.0721433196984 0.82605178082 0.267522129594 0.79708394536 0.853002183569 0.627538472804 
0.931784445906 0.626182220329 0.893549507494 0.813483688044 0.691038363138 0.534558102926 0.268654385345 0.649801254522 
0.644273382781 0.981353467627 0.958817304595 0.838736147696 0.240251865956 0.826687617291 0.610109279532 0.780870270067 
0.140850754967 0.543531195295 0.963416172433 0.234719222974 0.479440603113 0.000153095708746 0.666006995743 0.400912986497 
0.145608671086 0.906559092908 0.335667702688 0.852109142869 0.515465980877 0.961202920311 0.507707010423 0.664803977895 
0.673731795142 0.0348905446726 0.59151148708 0.837278057895 0.89913767621 0.281861479133 0.0504436704431 0.457587727473 
0.397172490314 0.240223129157 0.718588674839 0.410025668309 0.281614977022 0.274940197662 0.982593295114 0.66952843604 
0.662334045076 0.414270717649 0.634176924893 0.275616302361 0.379731763667 0.57297048871 0.340887729516 0.517499120745 
0.787277426492 0.683269600758 0.762065624735 0.113477984394 0.630715179208 0.673066048763 0.741134043151 0.545039923832 
0.740144824642 0.991049439075 0.49258518089 0.618847069657 0.538159805085 0.774841735445 0.93477248202 0.673234300485 
0.165957082151 0.343505296047 0.778014503663 0.544908183911 0.785027091348 0.833006175421 0.991006041507 0.540063205764 
0.463392290873 0.51636460681 0.409916562388 0.636891842349 0.305703988387 0.315967639907 0.67845378611 0.563507243914 
0.996556196836 0.534343907526 0.520202402658 0.348509023491 0.0149354320543 0.270276976867 0.711957259863 0.504971429148 
0.0507074315179 0.483614722331 0.464017718333 0.531941644968 0.994937840109 0.707084915688 0.559694095789 0.528625912457 
0.883753658214 0.337128658734 0.425132726408 0.556133780004 0.764656923849 0.720183712501 0.7785209524 0.666786800385 
0.69927267828 0.0117339175128 0.382531890148 0.122885314453 0.857448006728 0.0743406800827 0.90519517139 0.407190119309 
0.476933083244 0.740788386726 0.617047160102 0.058693277262 0.590767801644 0.969133362179 0.123923569732 0.550266573914 
0.324961751252 0.385233582573 0.99694491362 0.180898543908 0.448937416185 0.466755050268 0.101997876797 0.423864324408 
0.678287548128 0.658257485168 0.915426326034 0.761497265197 0.0128689922948 0.0479399624457 0.378975437497 0.456559117095 
0.614134842871 0.237405623533 0.63420958026 0.331992442767 0.530966926874 0.00404953552065 0.457479170465 0.411105917482 
0.163532419234 0.500167645578 0.968586865147 0.94097749075 0.36433564754 0.941411931676 0.315162286235 0.647905763901 
0.49455833037 0.891299284474 0.3744910613 0.386742922953 0.480235624204 0.823341014535 0.864894142941 0.65451787969 
0.0340277927545 0.315806771051 0.333487909246 0.387755246788 0.666075931536 0.784911108008 0.309404131986 0.54108242279 
0.845252814164 0.917259164619 0.344273016086 0.497241650268 0.077914208268 0.666380834819 0.67112690628 0.636579294186 
0.976599684895 0.822610129713 0.241002469636 0.737108553413 0.968117945372 0.728731270589 0.82056698958 0.688454279002 
0.0436712589337 0.0154805625763 0.87580417879 0.918016555624 0.294617519912 0.504178584967 0.761859466818 0.362661473743 
0.390902006112 0.496682335039 0.751184548826 0.878389209274 0.765765321242 0.00430975993334 0.0359590645291 0.377769768002 
0.439145092198 0.422599502386 0.851308336384 0.553206758287 0.526935942083 0.973633994486 0.388416894837 0.7035386787 
0.307701410532 0.291505331191 0.91016791634 0.906420006633 0.561395475228 0.685567712617 0.464533404857 0.742239610382 
0.488111846824 0.615216101287 0.66785413527 0.306468241558 0.138046220259 0.512173087897 0.89089496079 0.606235467943 
0.186593527309 0.253678090691 0.77739661089 0.330971790559 0.739434467196 0.25531402958 0.318065479968 0.472689735935 
0.221971419298 0.269432756189 0.728708435224 0.906924678337 0.912847664377 0.185991379233 0.598189747954 0.410956757069 
0.0518909790915 0.992327672038 0.414775303481 0.51218031847 0.336495571286 0.0340702817723 0.571137802455 0.448855080169 
0.669966369189 0.269105001864 0.414932970997 0.937858271506 0.656566384255 0.016752510239 0.715676553464 0.58307838923 
0.723912552387 0.375240187755 0.438391116766 0.947884503823 0.852733719155 0.278563622996 0.384249136539 0.59621056746 
0.0740897675905 0.685189478904 0.901710010284 0.340038133694 0.699227496617 0.970965211125 0.628967326663 0.546117258224 
0.274755393236 0.624816451224 0.75790193451 0.912519894988 0.117438087797 0.537973110926 0.494760742032 0.634296160036 
0.818140971089 0.169693957089 0.569073811387 0.244461395499 0.111388386353 0.959609771264 0.757334449951 0.469353453332 
0.0527954802409 0.991929199055 0.922535207399 0.911080917563 0.183628148674 0.922008504115 0.535846976906 0.64357127609 
0.36841924616 0.243090870162 0.485164418935 0.105956252033 0.627732794804 0.926714283022 0.0564317612985 0.333121286913 
0.621686937064 0.259501662807 0.0133533061646 0.419427737579 0.995097071472 0.195652833546 0.591640144281 0.467501026562 
0.0724373391806 0.961432639096 0.0866993718551 0.673046821029 0.297688817158 0.121923363337 0.0199086994675 0.271121962354 
0.274755393236 0.624816451224 0.75790193451 0.912519894988 0.427651055961 0.523458680095 0.853266175612 0.826729761241 
0.140850754967 0.543531195295 0.963416172433 0.234719222974 0.479440603113 0.000153095708746 0.666006995743 0.400912986497 
0.218828145554 0.694684471249 0.794514367423 0.329930986049 0.865807809851 0.769468768727 0.853002183569 0.703216296769 
0.0527954802409 0.991929199055 0.382531890148 0.122885314453 0.857448006728 0.0743406800827 0.90519517139 0.464699139203 
0.845252814164 0.917259164619 0.344273016086 0.497241650268 0.077914208268 0.666380834819 0.853002183569 0.615328150769 
0.93258193611 0.698322274052 0.539943928527 0.52392857766 0.937629260673 0.7079706704 0.869691716547 0.90368258228 
0.877288413108 0.850444509321 0.384037706678 0.423876718179 0.425853267726 0.142845029611 0.854413467247 0.619083168562 
0.719292379399 0.98872058509 0.102035822921 0.207568007951 0.350596612759 0.969133362179 0.123923569732 0.497238340853 
0.338937703991 0.908281323746 0.261538927052 0.0601772671361 0.218215843859 0.939341588717 0.431268883603 0.425972804814 
0.647319762803 0.489392109335 0.260680327683 0.838758657932 0.42821955976 0.888878771638 0.398566662723 0.691186477101 
0.390902006112 0.496682335039 0.751184548826 0.878389209274 0.630715179208 0.673066048763 0.741134043151 0.596189043835 
0.845252814164 0.917259164619 0.344273016086 0.497241650268 0.305703988387 0.315967639907 0.67845378611 0.596039737556 
0.338937703991 0.908281323746 0.261538927052 0.0601772671361 0.218215843859 0.939341588717 0.431268883603 0.425972804814 
0.93258193611 0.698322274052 0.539943928527 0.0582322440674 0.590948848161 0.877805433219 0.51237830847 0.64985886265 
0.65059293291 0.458963287932 0.377098839208 0.244461395499 0.111388386353 0.959609771264 0.757334449951 0.489546828422 
0.0507074315179 0.483614722331 0.464017718333 0.531941644968 0.994937840109 0.707084915688 0.559694095789 0.528625912457 
0.959665848184 0.19993743955 0.744057693742 0.88048880404 0.861106653514 0.757175972634 0.509939647146 0.59211822271 
0.713451396539 0.744623870711 0.0799656141014 0.920386592443 0.428331280051 0.446871864399 0.432645269597 0.657364475616 
0.488111846824 0.615216101287 0.66785413527 0.306468241558 0.138046220259 0.512173087897 0.89089496079 0.606235467943 
0.673731795142 0.0348905446726 0.168612381385 0.792678487461 0.602144132193 0.785060632948 0.847649391515 0.499366264221 
0.782850934094 0.773125746451 0.650545592464 0.386067108153 0.590158512724 0.873630611415 0.200108634028 0.598966123302 
0.221971419298 0.269432756189 0.728708435224 0.906924678337 0.912847664377 0.185991379233 0.598189747954 0.410956757069 
0.663958928663 0.18078417818 0.718588674839 0.410025668309 0.281614977022 0.274940197662 0.982593295114 0.698086135889 
0.537651866889 0.833097527902 0.329560990105 0.179339504669 0.702635296809 0.946151606114 0.991006041507 0.569579629528 
0.976599684895 0.822610129713 0.241002469636 0.216549012049 0.707269433291 0.740418022932 0.058008569359 0.577721069199 
0.218828145554 0.694684471249 0.710572005699 0.563412547802 0.738463545155 0.240042784171 0.591640144281 0.549304270852 
0.695862906006 0.720656878717 0.982671696632 0.309210843639 0.134514256059 0.96909583372 0.217881603593 0.403930786946 
0.693801098492 0.901297126687 0.39704513773 0.983036961525 0.0894850481696 0.774841735445 0.93477248202 0.57920013658 
0.996556196836 0.881802359145 0.330349713429 0.918184767477 0.459881646196 0.0340702817723 0.571137802455 0.611669098496 
0.848327126478 0.996261822077 0.403187945133 0.109280401534 0.352248918863 0.245134286435 0.0282789378827 0.347010547167 
0.307701410532 0.291505331191 0.0133533061646 0.419427737579 0.995097071472 0.195652833546 0.591640144281 0.414151588643 
0.912525046298 0.655747938738 0.0183988161382 0.118036209471 0.465771432111 0.930545667174 0.568725232262 0.57129128241 
0.000146283517954 0.222457195797 0.434363786243 0.919114224802 0.326305179909 0.274118836364 0.731672335532 0.395367968883 
0.65059293291 0.458963287932 0.377098839208 0.524878789289 0.969310975324 0.542718025146 0.116531189601 0.672193109806 
0.0882405214086 0.667230306984 0.0568392022449 0.627817785314 0.672971838808 0.755173423793 0.953264218685 0.456515881393 
0.713451396539 0.378893742608 0.702685659725 0.918073665085 0.0550799123811 0.738589643036 0.640256754644 0.621356228846 
0.610344892141 0.677756182179 0.812352317559 0.179155592284 0.672625487806 0.0575186452692 0.386895389406 0.402758786214 
0.818140971089 0.169693957089 0.569073811387 0.244461395499 0.111388386353 0.959609771264 0.757334449951 0.469353453332 
0.363524665011 0.881802359145 0.330349713429 0.918184767477 0.459881646196 0.100622567679 0.158493850712 0.54343057399 
0.746339830002 0.800686346141 0.00199777503584 0.824309068889 0.80104811551 0.602168006179 0.416177885778 0.593479026079 
0.719292379399 0.98872058509 0.102035822921 0.207568007951 0.350596612759 0.969133362179 0.123923569732 0.497238340853 
0.877288413108 0.850444509321 0.384037706678 0.702352186934 0.0242407567538 0.795619524066 0.940214592358 0.703936278929 
0.723912552387 0.375240187755 0.438391116766 0.947884503823 0.852733719155 0.707084915688 0.559694095789 0.595657334057 
0.198691488721 0.567149350775 0.708868670699 0.853102091592 0.15442755494 0.528034972178 0.366422863905 0.461245627519 
0.678287548128 0.658257485168 0.915426326034 0.761497265197 0.0128689922948 0.0479399624457 0.378975437497 0.456559117095 
0.387969292079 0.970364992565 0.161369022521 0.479755171364 0.872220488012 0.847280451287 0.944025715984 0.583878388061 
0.663958928663 0.18078417818 0.718588674839 0.410025668309 0.281614977022 0.274940197662 0.982593295114 0.698086135889 
0.845252814164 0.917259164619 0.344273016086 0.497241650268 0.077914208268 0.666380834819 0.853002183569 0.615328150769 
0.173656749777 0.781864312128 0.423439762254 0.980497137602 0.779038132807 0.156704993542 0.457133318382 0.485773695768 
0.221971419298 0.269432756189 0.728708435224 0.906924678337 0.912847664377 0.185991379233 0.598189747954 0.410956757069 
