0.847206130875 0.372427255333 0.325907334916 0.858827688726 0.782717887077 0.546699428053 0.592720676038 0.637452672928 
0.372540496939 0.8197101292 0.784005685773 0.848883168559 0.762217286518 0.190969966568 0.792517811998 0.589985017833 
0.940317931775 0.62464109825 0.827782501307 0.65329394734 0.407007107221 0.848632199452 0.384954720636 0.753213048856 
0.396851689406 0.57130334499 0.809407213191 0.849105201048 0.374348949965 0.0744252515769 0.93586610088 0.45665147347 
0.969601666174 0.75061071429 0.940977050321 0.466934082791 0.889614200568 0.503467238213 0.193604849761 0.68728609908 
0.942713039128 0.934187133078 0.337329370769 0.250222094997 0.37677480905 0.715197225732 0.928643607049 0.533359993505 
0.101351908919 0.562675296327 0.299597288498 0.384846928926 0.772190262917 0.888851950621 0.942489700076 0.57649178724 
0.546623903251 0.883170287215 0.768733161141 0.786259341342 0.63674844011 0.207867913392 0.971844011516 0.724205891145 
0.967226794576 0.32126842704 0.393300950411 0.982383055584 0.284703412831 0.369865043756 0.348000155253 0.623590993365 
0.952325940657 0.046534089154 0.575418487939 0.412148007729 0.240330607649 0.498212193341 0.22524798286 0.551680207729 
0.785655165498 0.666236102091 0.871862207411 0.159711232842 0.18222311319 0.871918379657 0.0376185371524 0.500064114175 
0.897599612093 0.484826900608 0.255529748576 0.580191483895 0.284655179071 0.128818392502 0.956914535488 0.470071246736 
0.819127154348 0.291391672059 0.415451340903 0.945281924096 0.847920883079 0.0416770111936 0.223639252873 0.569879000291 
0.533444919297 0.0546483977022 0.374280152591 0.8073521395 0.731867591952 0.876223297361 0.13496009962 0.414855037649 
0.167019133838 0.774318573349 0.823874365108 0.991835471449 0.539601638402 0.222990960865 0.839253836922 0.613638320131 
0.45811268487 0.913076331532 0.664558107354 0.970573083765 0.785628891015 0.125784646346 0.224649148307 0.550483466976 
0.845500692051 0.356213297436 0.286342235606 0.688151868153 0.646653216064 0.581327639896 0.738000333263 0.721006683828 
0.755030288415 0.936851707599 0.444226440483 0.539758095901 0.824282184165 0.700679858548 0.201602803136 0.62286120134 
0.417701243872 0.567743822958 0.397328623448 0.189247915387 0.422157856271 0.948045650891 0.768829212177 0.349208894487 
0.849787377224 0.299976714624 0.95354703172 0.0154033802285 0.414536055189 0.865378610875 0.415821839867 0.568053708356 
0.688339215263 0.212786752896 0.130434640623 0.876168359253 0.634750466964 0.772737188442 0.932110856278 0.486166790161 
0.54987189012 0.261755731172 0.292793009259 0.430997395325 0.872097598648 0.321972521174 0.718148583129 0.384151443263 
0.826291963293 0.00874091044193 0.0732533620962 0.92609635873 0.958626905619 0.341868099748 0.944384250763 0.530783143791 
0.802583491382 0.024992494374 0.620583024623 0.180554628555 0.0231705799522 0.272462980544 0.906629383093 0.456108485772 
0.155624948197 0.756876846203 0.75187418556 0.626216280043 0.213728089843 0.822745441009 0.102135357794 0.432765833715 
0.599701412109 0.646083323395 0.5267388771 0.590885892139 0.458640341567 0.952706020955 0.339924281039 0.720884897754 
0.170866125884 0.433988916593 0.82276600285 0.161888939534 0.162890096887 0.510360491685 0.827085475014 0.525048297203 
0.289940376187 0.803812760987 0.909732745005 0.271208865704 0.846609819454 0.563690295101 0.1125070937 0.598399371675 
0.614043190807 0.627201802359 0.437406477544 0.826152578022 0.996805727264 0.241878795986 0.47898703377 0.64900488822 
0.298329295032 0.853610577204 0.448641651197 0.24265569801 0.766644625785 0.855199218997 0.791819855636 0.654375530569 
0.93659125382 0.674300737814 0.0457571692605 0.0302379939675 0.972713896205 0.642909790361 0.10539092532 0.495511751831 
0.144862156826 0.812559363086 0.880486242937 0.795117341023 0.196753986434 0.484616503815 0.76918521201 0.511776412643 
0.956321536319 0.198055832258 0.835118087911 0.436257570168 0.303355649412 0.374296173436 0.323518507669 0.525355893128 
0.667317913263 0.778553812058 0.804468698113 0.751253203374 0.689404284555 0.499333891581 0.80061571162 0.794847416673 
0.53209222552 0.266679125046 0.401682045117 0.554128341654 0.133868611775 0.883205899962 0.485531073104 0.572788607548 
0.773173899959 0.662828631521 0.163991426046 0.0846498315516 0.370846641344 0.828718524571 0.621518358114 0.438410373152 
0.814949916189 0.170151155552 0.79003011353 0.743392539779 0.336274494258 0.323437126721 0.81061821453 0.546464293053 
0.872745720607 0.104133136322 0.709771251753 0.806830666601 0.65924810286 0.1794403656 0.470782799239 0.693429953814 
0.392478682017 0.871899312937 0.548075547496 0.490830718307 0.829848839195 0.369787916626 0.649528414368 0.532285676218 
0.471111654925 0.513903956534 0.30119307569 0.714172194975 0.962205155393 0.690457763898 0.253108267449 0.503045034334 
0.27647195979 0.454592895733 0.158121061381 0.830721599375 0.880834417983 0.437454416423 0.639702604379 0.389166277348 
0.0702882636167 0.392952465179 0.651994336062 0.281513284517 0.231327055184 0.911408419773 0.483232261686 0.517872369144 
0.876045201045 0.0818785106686 0.11126785487 0.759908505992 0.225981266911 0.745276393877 0.733678938355 0.609051255528 
0.832234594205 0.887862733771 0.53063453269 0.170784429218 0.0468880875862 0.142136678942 0.509124812849 0.464032001813 
0.19175846778 0.899526968307 0.35951258557 0.984002438265 0.657135158628 0.338600441201 0.217496742062 0.434129416864 
0.547121226686 0.751758210894 0.692453771046 0.026919647465 0.404556848605 0.998351387981 0.334244626599 0.704999646674 
0.877802086018 0.683105124533 0.113321534387 0.757042329907 0.931654989497 0.857451436025 0.974446155256 0.704964930733 
0.193935206658 0.816095771553 0.453152807211 0.0142300110744 0.320477439149 0.476773144359 0.949952397865 0.404340487213 
0.0822023388159 0.835498135075 0.170994446962 0.398510760615 0.579324118285 0.475148276578 0.824266008093 0.516802743422 
0.177718886655 0.853260742556 0.586719146874 0.284182407111 0.613816027049 0.538885884076 0.220727732992 0.453887931141 
0.607713882902 0.56611724803 0.786163677649 0.531988658011 0.927097366566 0.549063597566 0.668111770844 0.73896471337 
0.537919126345 0.866617991239 0.331551326235 0.603939817065 0.305885720281 0.352700645758 0.827025830372 0.541710170386 
0.686730638251 0.87345433703 0.924097947466 0.633336044242 0.745710319392 0.510975970328 0.440654619976 0.754905967373 
0.0286821124672 0.680614536947 0.605746416799 0.127191722663 0.501469380918 0.902782479452 0.955129705917 0.56510562187 
0.11470657074 0.839700664549 0.114611960867 0.354113619688 0.932521641033 0.10905197333 0.0137349540043 0.307684833625 
0.793851504304 0.513014293353 0.146321104809 0.741008866633 0.89547077736 0.371208764088 0.348057720484 0.557740322618 
0.854278447296 0.712156989609 0.136849703988 0.216079010765 0.975927086285 0.6792973931 0.436722421407 0.59120783072 
0.898528266695 0.121320783952 0.424966637425 0.796202970475 0.227085342265 0.484041223066 0.204023773935 0.374344603556 
0.461111630274 0.790275344659 0.996917929719 0.663115131359 0.0850253603259 0.342745274712 0.388487244437 0.556170110788 
0.496243277091 0.912581766608 0.908106196599 0.476267680847 0.0171088812093 0.246751419344 0.758861700724 0.56880468483 
0.705730647345 0.307626021409 0.512157691256 0.985893639199 0.0740831711559 0.350151573408 0.873637227569 0.526824535673 
0.99780248533 0.364155864962 0.505303806671 0.0964382674893 0.252712563626 0.811108550611 0.693527306416 0.654094995314 
0.469083090019 0.219010608378 0.768021720102 0.83263092171 0.092826367039 0.475048650357 0.948946188877 0.577925651837 
0.0568134693093 0.0901541927253 0.607759018238 0.577700049071 0.662165248607 0.597071171187 0.617601113191 0.421263607068 
0.232701277289 0.417797438933 0.819216848259 0.963674020886 0.133154851327 0.947178529111 0.615212239711 0.514875977012 
0.514625208834 0.0182802849746 0.639766211998 0.574171147303 0.248481422404 0.86199705565 0.737930749858 0.618230718119 
0.0261362603457 0.406666599309 0.871671380369 0.425741132938 0.97144728305 0.00850077841192 0.674914092499 0.534265886747 
0.747468564429 0.888443469655 0.981070283673 0.102569284536 0.259673846671 0.405548602186 0.259870224554 0.449632784634 
0.747468564429 0.696526201477 0.840205900743 0.539767856655 0.155763669412 0.845362086005 0.0246842072342 0.509234027058 
0.802583491382 0.024992494374 0.620583024623 0.982383055584 0.284703412831 0.369865043756 0.348000155253 0.575787356223 
0.790399472256 0.719669344368 0.798208440243 0.112270673917 0.770067147338 0.278420733175 0.335671927677 0.629428092383 
0.0568134693093 0.0901541927253 0.607759018238 0.577700049071 0.662165248607 0.597071171187 0.617601113191 0.421263607068 
0.990484543694 0.037201655128 0.713079183389 0.883507389805 0.0118573382348 0.122815208653 0.847415272833 0.564845686485 
0.967226794576 0.32126842704 0.393300950411 0.982383055584 0.284703412831 0.369865043756 0.334244626599 0.680709791526 
0.940317931775 0.62464109825 0.827782501307 0.65329394734 0.407007107221 0.848632199452 0.384954720636 0.753213048856 
0.802583491382 0.024992494374 0.620583024623 0.180554628555 0.0231705799522 0.272462980544 0.906629383093 0.456108485772 
0.547121226686 0.751758210894 0.692453771046 0.026919647465 0.404556848605 0.998351387981 0.639702604379 0.480995426285 
0.32059299663 0.631806415973 0.965208738098 0.105834467777 0.395981881612 0.234848045349 0.465877923652 0.460161977781 
0.898528266695 0.121320783952 0.424966637425 0.796202970475 0.227085342265 0.484041223066 0.204023773935 0.374344603556 
0.0539505606514 0.00986623083433 0.968732440275 0.556310839527 0.765265528618 0.0154637234029 0.106899473632 0.386248744857 
0.847206130875 0.372427255333 0.325907334916 0.858827688726 0.889614200568 0.503467238213 0.193604849761 0.552634032602 
0.677544101436 0.352290445057 0.961938891475 0.983121865991 0.516486949714 0.530282661705 0.126185435312 0.548786018782 
0.599701412109 0.646083323395 0.5267388771 0.590885892139 0.829848839195 0.369787916626 0.649528414368 0.567962897984 
0.398257456276 0.488731161952 0.962363453632 0.335389014885 0.609060876086 0.0331207334793 0.900054145972 0.611545281197 
0.832234594205 0.887862733771 0.53063453269 0.170784429218 0.0468880875862 0.142136678942 0.509124812849 0.464032001813 
0.802583491382 0.024992494374 0.981070283673 0.102569284536 0.259673846671 0.405548602186 0.259870224554 0.33287934414 
0.886372871025 0.0382787487586 0.675621852795 0.947359590852 0.991718608196 0.450347359804 0.471794389556 0.702201781684 
0.956321536319 0.525517582691 0.908319849895 0.14359931059 0.104808609293 0.495137107621 0.399751975748 0.515262395096 
0.144862156826 0.812559363086 0.880486242937 0.795117341023 0.196753986434 0.484616503815 0.339924281039 0.553971685463 
0.898528266695 0.121320783952 0.424966637425 0.796202970475 0.133868611775 0.883205899962 0.485531073104 0.590175307404 
0.736021933048 0.930914721436 0.415417425462 0.560763133757 0.444621439983 0.59514814326 0.651296813353 0.752001801716 
0.392478682017 0.871899312937 0.548075547496 0.490830718307 0.844622557458 0.537122281173 0.111862526624 0.679617555236 
0.93659125382 0.674300737814 0.0457571692605 0.0302379939675 0.579324118285 0.475148276578 0.824266008093 0.554926054105 
0.398257456276 0.488731161952 0.961922726109 0.154492368454 0.601300441345 0.743354178823 0.319524448363 0.653995798771 
0.832731942079 0.628557622277 0.0149932197238 0.359261279873 0.505181398211 0.980565111817 0.912313132084 0.525320591961 
0.45811268487 0.913076331532 0.664558107354 0.970573083765 0.824282184165 0.700679858548 0.201602803136 0.668239567321 
0.0261362603457 0.406666599309 0.871671380369 0.425741132938 0.97144728305 0.00850077841192 0.674914092499 0.534265886747 
0.793851504304 0.191673140342 0.961922726109 0.154492368454 0.601300441345 0.743354178823 0.319524448363 0.627277783543 
0.793851504304 0.191673140342 0.961922726109 0.154492368454 0.601300441345 0.743354178823 0.319524448363 0.627277783543 
0.956321536319 0.198055832258 0.835118087911 0.436257570168 0.303355649412 0.374296173436 0.323518507669 0.525355893128 
