0.436581979223 0.225827201457 0.808033220792 0.785303175948 0.996324304708 0.796828308562 0.446983444435 0.657699367853 
0.719827021386 0.409810293329 0.990755067665 0.642285704905 0.593990891484 0.450103407543 0.87133354959 0.716593609226 
0.488901701029 0.173332694561 0.848698595956 0.723626016232 0.189718282353 0.380032073384 0.677933660236 0.567930785444 
0.344829416857 0.764430201963 0.650850385459 0.435904085649 0.98132338162 0.21893139128 0.521701576176 0.646022283365 
0.750801097213 0.28776575457 0.94273281107 0.0598096222385 0.13793156112 0.964385019647 0.620957757469 0.677816081119 
0.88060069313 0.147567884219 0.345583833026 0.817288266728 0.409167010294 0.0817117918586 0.739584528009 0.378270338859 
0.666368743505 0.571844058024 0.785122816851 0.0421298999372 0.6452731086 0.383935165202 0.411142439778 0.572056456809 
0.98609921672 0.142197792071 0.0411632515061 0.451133816599 0.365460146138 0.23128927978 0.774645301301 0.380038843627 
0.312156082662 0.29740489176 0.581739916276 0.979019614492 0.863574645183 0.196546229993 0.772033331759 0.622863511107 
0.153494079165 0.544972543083 0.678030991223 0.314497856084 0.988831110562 0.4616227295 0.227464076219 0.588991791925 
0.81182057778 0.335318081919 0.583775021778 0.293658735556 0.608812181818 0.0173019739217 0.537410110971 0.397569957967 
0.682563662361 0.77105874965 0.912710335688 0.787453741881 0.0168601952192 0.0264038361125 0.169712402854 0.379447543807 
0.963252760677 0.91465695471 0.405071645429 0.960243694389 0.349661117879 0.742651029303 0.506130037717 0.543164481699 
0.227659645006 0.77897788053 0.661695886558 0.311540315829 0.902036440688 0.124197823708 0.493890057067 0.490566923445 
0.873388477102 0.647263788089 0.519086054917 0.581527608057 0.32792748913 0.399636090599 0.342610396816 0.735388859041 
0.676365227666 0.338449362381 0.514441725225 0.990691874196 0.988306802502 0.99951263306 0.742091058214 0.878083850453 
0.885224319904 0.390323007604 0.261775909373 0.119671216076 0.509926171248 0.577184968955 0.98288411774 0.408400263059 
0.189829318368 0.245063042614 0.999052281504 0.619411653419 0.651026702562 0.758210978876 0.758268652781 0.691668871942 
0.136554574462 0.722737656637 0.67454850095 0.930671111753 0.849618072964 0.62892945856 0.758400125684 0.718555446996 
0.946082703474 0.60054102357 0.669661326794 0.144393190304 0.823392353425 0.925945761233 0.701473828617 0.793586634896 
0.790245272337 0.739491553541 0.69465354111 0.1441172832 0.996183006881 0.918077075687 0.650047489348 0.661954958007 
0.992259255391 0.301042501622 0.710136421278 0.784556452467 0.17483272638 0.266271518634 0.860984103814 0.629464025082 
0.889332601401 0.433545391239 0.479999366927 0.675119742554 0.881111101921 0.589889973842 0.108831916749 0.553537794375 
0.716299549139 0.240560922799 0.997478829076 0.595659270514 0.899838475662 0.437362335805 0.46730731983 0.662954836357 
0.801513239927 0.0811076584271 0.649157250817 0.204258144584 0.672785892887 0.733419263694 0.785836067653 0.643042826419 
0.115420351653 0.637869222244 0.400554043706 0.979135296396 0.495639010696 0.568498190244 0.413615269805 0.619704495138 
0.0744565336828 0.00939257067981 0.175687596802 0.779370303208 0.988517155235 0.302591861665 0.933451753884 0.50857594357 
0.32506333651 0.228677742556 0.806597786575 0.590217573943 0.415193461229 0.840100409694 0.791465762647 0.644250522527 
0.424652433238 0.725147212077 0.967227638532 0.378202555077 0.0277319469457 0.0597596444738 0.505604395264 0.505422475328 
0.308414098872 0.825440367583 0.84165098656 0.164515905511 0.792283723746 0.502864662876 0.765817841065 0.468476765265 
0.840393538239 0.590323167862 0.00355822199783 0.270578591676 0.933229556912 0.915991612759 0.984220182846 0.613381176553 
0.172123402989 0.41247448136 0.976022197314 0.0426599525685 0.480600708758 0.24297511161 0.312462015185 0.443960530433 
0.788613550592 0.179987125258 0.516726500443 0.812285978221 0.669926315015 0.911529923918 0.236445876858 0.647876306525 
0.774790614674 0.363471635642 0.760316994121 0.8101068013 0.029378769537 0.282517174692 0.488875088709 0.505150133817 
0.536372002517 0.371885220483 0.733254701158 0.572643273107 0.845246375361 0.119929708346 0.893583646804 0.639990423601 
0.266208021268 0.752594851903 0.621888661445 0.528604919413 0.720798740059 0.431979287556 0.361409417861 0.402959600806 
0.760444588656 0.783714882249 0.869487297048 0.522566477637 0.275470503615 0.56712826936 0.424420735067 0.773852104519 
0.0618981952079 0.463133503255 0.792052925716 0.280673200363 0.197339285149 0.554239533958 0.883502897571 0.41681261873 
0.974739196511 0.281578549506 0.446252043845 0.583104576918 0.716518832571 0.821643938975 0.846303615028 0.86852220668 
0.363491737495 0.518748791385 0.843903646154 0.705194125425 0.564029268336 0.572476969555 0.111087357126 0.513593309863 
0.478507571922 0.822353979728 0.52004927724 0.881248704107 0.617217653584 0.826302540144 0.365470085094 0.685945827017 
0.452052776279 0.638878854346 0.37294565209 0.878863878361 0.0236660584796 0.328039362399 0.643047754092 0.522402291253 
0.872923250638 0.252885095395 0.998294835304 0.886000366343 0.208616153394 0.00275736168818 0.392886929514 0.472770621376 
0.649199124422 0.175500032321 0.639166739608 0.146029751672 0.754888619793 0.162084399032 0.804160086728 0.31673960168 
0.602424609299 0.487236915159 0.344908321307 0.530627476589 0.602023883436 0.291760670864 0.818490376757 0.607479389099 
0.730331751304 0.392818087968 0.329532718024 0.438311340635 0.791307715283 0.617467593436 0.409607118128 0.590146415725 
0.843789885271 0.337909468272 0.785111790925 0.634380353097 0.460855086282 0.971978916159 0.27928821093 0.675949120699 
0.227736616475 0.681720348166 0.78441309329 0.466809015713 0.743036702631 0.0521509315517 0.906242088626 0.489636693871 
0.116034535888 0.0224196251534 0.717261535924 0.856473959751 0.468918615851 0.975888427267 0.304711794855 0.530504544033 
0.497276101022 0.76050734084 0.398911277315 0.0804059962598 0.131298511486 0.774521352347 0.668447088171 0.451004937889 
0.794547918368 0.106111766889 0.462162605612 0.791569001138 0.154109584102 0.347074560465 0.75962350521 0.446687186677 
0.610846004275 0.65945555402 0.981838385951 0.646413620786 0.123016773867 0.957030243821 0.999467742944 0.915706804122 
0.160518616211 0.515445446767 0.596466392624 0.940499822216 0.919411483859 0.695212398048 0.478839849466 0.582012113959 
0.98618610557 0.199375075758 0.0391352945325 0.361696785367 0.757705397858 0.0639798392709 0.31797612852 0.331444552167 
0.846483434015 0.000733874140556 0.982676399278 0.929869067568 0.202430736889 0.220523510051 0.233991623192 0.50885985923 
0.993366985274 0.238566368814 0.424194769396 0.820855944827 0.657290062871 0.0478359283707 0.989347356722 0.744366987015 
0.552061767625 0.427800864216 0.344676706695 0.980315631193 0.429252592157 0.670607461759 0.49849741785 0.716017665943 
0.580547727707 0.49771210469 0.109371698609 0.818927219537 0.83177046317 0.542408690036 0.710571013391 0.56723965659 
0.9929152283 0.783816191076 0.739461712755 0.722137982968 0.171577690215 0.00986222723845 0.145385509278 0.567606013961 
0.209163754245 0.502742678304 0.673879964068 0.809623419664 0.512674278605 0.637756070481 0.176444372391 0.545717125849 
0.518653738054 0.917672162852 0.187428137251 0.599598711321 0.679796526892 0.506760432484 0.200182377224 0.586560409068 
0.658375451823 0.940713147007 0.369674687363 0.453193818785 0.66206259876 0.788046345906 0.023228639021 0.576385911762 
0.952186737691 0.451441468814 0.808285273425 0.506024656663 0.552707176971 0.579649966275 0.574095493242 0.62268961778 
0.895454883578 0.842947980249 0.956409857899 0.455645555832 0.62062231887 0.080934112851 0.170807533817 0.596924815179 
0.640743417381 0.473399735891 0.605491282001 0.0405720653156 0.790798301598 0.973170742202 0.141475386587 0.601366964302 
0.144860327308 0.316609477979 0.640220221168 0.550733591105 0.870459913134 0.397648934353 0.180933295613 0.461706090992 
0.463668855794 0.236820375322 0.588584321696 0.920306150487 0.611903465575 0.664491686949 0.412243279458 0.701623824501 
0.74181656009 0.20477267672 0.760223103759 0.586383667451 0.27190371449 0.601003105034 0.439699413882 0.476698967219 
0.058018164274 0.402295155196 0.0536325572187 0.805438108088 0.0972960633834 0.184795871655 0.94937908802 0.330520352871 
0.913455222882 0.424845678689 0.984858376659 0.835299198645 0.480622450007 0.228884498749 0.229087993259 0.732395920443 
0.98618610557 0.199375075758 0.0391352945325 0.619411653419 0.651026702562 0.758210978876 0.758268652781 0.657913882637 
0.843789885271 0.337909468272 0.785111790925 0.634380353097 0.460855086282 0.971978916159 0.27928821093 0.675949120699 
0.38558604617 0.95993655509 0.586770853369 0.0115201502041 0.937784707538 0.577404657818 0.361919260047 0.610447227522 
0.839540694436 0.927827965999 0.552400823569 0.24558045019 0.15935649412 0.252892534304 0.396679234518 0.437366896729 
0.801513239927 0.749937945427 0.454476380215 0.0677608498941 0.654745692819 0.72613103791 0.35812457013 0.447794217627 
0.790245272337 0.739491553541 0.69465354111 0.528604919413 0.720798740059 0.431979287556 0.361409417861 0.475441963956 
0.116034535888 0.0224196251534 0.717261535924 0.856473959751 0.429252592157 0.670607461759 0.49849741785 0.564538262537 
0.478507571922 0.822353979728 0.52004927724 0.920306150487 0.611903465575 0.664491686949 0.412243279458 0.777428681802 
0.0747942928355 0.587782653261 0.20284775584 0.334685618068 0.21341056992 0.898418839293 0.734355299521 0.397804427015 
0.131394873593 0.226526545698 0.698838618551 0.629372577358 0.586865577528 0.267824940784 0.990554458829 0.691568316716 
0.0567257267346 0.395426359472 0.389691013965 0.86820294221 0.35439945338 0.309112934247 0.843191954769 0.486417895111 
0.719827021386 0.409810293329 0.990755067665 0.642285704905 0.593990891484 0.450103407543 0.87133354959 0.716593609226 
0.363491737495 0.518748791385 0.843903646154 0.705194125425 0.564029268336 0.572476969555 0.111087357126 0.513593309863 
0.974739196511 0.281578549506 0.446252043845 0.583104576918 0.716518832571 0.821643938975 0.846303615028 0.86852220668 
0.890648509792 0.938074795734 0.767915555211 0.88070992803 0.206718197941 0.753083678932 0.113700368929 0.660212340537 
0.843789885271 0.337909468272 0.785111790925 0.634380353097 0.460855086282 0.971978916159 0.27928821093 0.675949120699 
0.497276101022 0.76050734084 0.398911277315 0.0804059962598 0.131298511486 0.774521352347 0.668447088171 0.451004937889 
0.452052776279 0.638878854346 0.37294565209 0.878863878361 0.0236660584796 0.309112934247 0.843191954769 0.690626765128 
0.719827021386 0.409810293329 0.990755067665 0.642285704905 0.593990891484 0.450103407543 0.87133354959 0.716593609226 
0.545452297507 0.77882800887 0.0680110601439 0.435905971239 0.324200029944 0.658115550269 0.613253676647 0.413137620141 
0.999657608913 0.194830221954 0.532217695063 0.217003598465 0.472977238002 0.728718009684 0.934401196005 0.720528392776 
0.443460020691 0.430364262879 0.731960753483 0.74629230441 0.491097577714 0.367605713192 0.971970212315 0.664182994259 
0.790245272337 0.739491553541 0.69465354111 0.528604919413 0.720798740059 0.431979287556 0.361409417861 0.475441963956 
0.701490398885 0.977399677215 0.10603744899 0.72347967218 0.805465418294 0.176459388136 0.632803508373 0.629988981618 
0.839540694436 0.927827965999 0.832106350447 0.452153319902 0.880731348329 0.582801875322 0.277315594824 0.651739258033 
0.189829318368 0.245063042614 0.999052281504 0.619411653419 0.651026702562 0.758210978876 0.772033331759 0.671414481694 
0.344829416857 0.764430201963 0.650850385459 0.435904085649 0.98132338162 0.21893139128 0.521701576176 0.646022283365 
0.580547727707 0.49771210469 0.109371698609 0.818927219537 0.83177046317 0.176459388136 0.632803508373 0.57348946777 
0.136849043794 0.616224207081 0.924442263133 0.156052805625 0.366642700918 0.462447249344 0.602144918917 0.568683825473 
0.790245272337 0.739491553541 0.69465354111 0.1441172832 0.996183006881 0.918077075687 0.650047489348 0.661954958007 
