0.261488104838 0.721679132592 0.669042947888 0.476023271126 0.277252545237 0.599324409269 0.523404520326 0.602291612948 
0.547934725156 0.105562845543 0.222901814721 0.330439249682 0.631910369976 0.878709411841 0.718504176428 0.527867947812 
0.150473253172 0.109674544025 0.904749871597 0.223193670408 0.710956496706 0.433101613558 0.697679956173 0.400080329794 
0.486847049355 0.683155116134 0.844383496221 0.700939721701 0.0665375014706 0.778109841927 0.824267548261 0.617666080495 
0.34317440558 0.57642304112 0.187417403313 0.267168060965 0.107038959338 0.41516531477 0.978353726645 0.482067495414 
0.881553365381 0.00277267625187 0.900534900074 0.527086617946 0.470206593418 0.180278420539 0.11511870172 0.306179084112 
0.163219981271 0.869219825899 0.494887000768 0.00622238448703 0.584574836442 0.0897468776746 0.236093394922 0.322466836533 
0.889224671928 0.289148253269 0.309664768458 0.760341191674 0.938176466466 0.197346425368 0.179920061155 0.451138798056 
0.141062406023 0.694587804526 0.173054028804 0.578854286099 0.331054901474 0.11277335428 0.931546896205 0.29391435073 
0.248895774342 0.987168082841 0.146433490681 0.0182877853416 0.611775618772 0.27474337122 0.430200037237 0.286529642384 
0.588691005491 0.356919044414 0.0323005859155 0.737297252572 0.39357221812 0.438313474429 0.7404609405 0.459426538631 
0.52443822227 0.504711741082 0.265855962095 0.918051359102 0.74806096454 0.715102143201 0.126630075969 0.52117566505 
0.146177807051 0.771616678578 0.467288421427 0.51734734182 0.309180483821 0.552916857449 0.283831846061 0.306765790683 
0.735641668897 0.06374588628 0.44878130395 0.698114810381 0.830578923288 0.343866207311 0.958050992269 0.486666089111 
0.618143506025 0.453034159676 0.576749354639 0.982534115065 0.38269608948 0.372362878598 0.44400843527 0.73719695183 
0.174530608148 0.408818511147 0.963428390518 0.483311599385 0.968653699484 0.0247326005881 0.496925268263 0.611393541974 
0.661786486672 0.619628126541 0.962520174469 0.905595729499 0.0408533613146 0.0629054458299 0.773058579149 0.520021725178 
0.49209729908 0.657062626411 0.250933254749 0.858604581041 0.62517085549 0.496689435581 0.512399538553 0.605604953049 
0.0457024748026 0.929160643146 0.0649146916303 0.805532938813 0.183654491739 0.816013245146 0.472472647637 0.393282942348 
0.932551202471 0.56008672914 0.570997439615 0.940636029461 0.0980518302415 0.351110521578 0.823471889667 0.553247146657 
0.278538602998 0.680415941585 0.155621076484 0.805285903152 0.205879175077 0.809144994821 0.633563365236 0.550897560208 
0.820195900077 0.822872753417 0.304574502242 0.509626216475 0.622042469516 0.0691944597956 0.344389591073 0.407647996317 
0.192170142242 0.192130786409 0.387246299987 0.542017934865 0.944473588353 0.339049373666 0.869314116108 0.359040294627 
0.377737064137 0.47214401379 0.0644243095278 0.642645676033 0.711956529408 0.13024982004 0.870342827731 0.47795133894 
0.840219178789 0.0740513109623 0.165736203106 0.099118533584 0.740205153867 0.664498557437 0.64199727255 0.349924017211 
0.501089963008 0.961022096868 0.494735174314 0.578312049578 0.734080101938 0.541961191106 0.903730527925 0.686122813462 
0.654977144265 0.732628968247 0.293563905394 0.861201885524 0.00907788734489 0.50523327872 0.267978399833 0.485825492511 
0.518252846564 0.856164645444 0.445857779965 0.824068222511 0.35222497417 0.737079666371 0.430396577886 0.539056471717 
0.657750064813 0.560176647796 0.941147864812 0.457155450682 0.927842710246 0.899300349689 0.368282346641 0.717697463798 
0.460883322986 0.750202807146 0.567143797264 0.644802658801 0.749794063037 0.899291160239 0.720077145 0.647945820753 
0.923869192388 0.120423862911 0.671967312269 0.879785040127 0.664782545461 0.757533648703 0.708344969212 0.676353307389 
0.93835216452 0.726484900515 0.987965829745 0.61846220502 0.118370496692 0.335765724554 0.461447992612 0.676806607666 
0.962664636971 0.240754075134 0.981752417566 0.98129347738 0.258093320192 0.461904490135 0.164765606348 0.474321641726 
0.776128361431 0.1761823402 0.863348630513 0.47869415792 0.368282723057 0.561960244955 0.17876016458 0.422311678582 
0.955665684863 0.265649631014 0.654688885265 0.907796264693 0.626069555282 0.445436963008 0.617085338977 0.666137679883 
0.712959527093 0.881933042046 0.44174230298 0.697395792291 0.757172075054 0.197376900221 0.107690231454 0.496746625154 
0.191611590096 0.0280437996637 0.0179897197473 0.971311915996 0.263283655961 0.128179068564 0.857220339895 0.206731090276 
0.556199117022 0.380088686648 0.695303141802 0.119986968006 0.732660223752 0.971549611338 0.156396285057 0.490977125767 
0.931908841338 0.153683611776 0.543875152961 0.180787711984 0.941734636252 0.745456757943 0.603124155725 0.555115708579 
0.718173059626 0.0257130358418 0.966611278874 0.293946214898 0.991857781043 0.93000805129 0.718021718682 0.653188400827 
0.602520274812 0.409678605375 0.363130190301 0.552527766012 0.783846286254 0.578106794852 0.579589348452 0.662605339626 
0.186124788194 0.880796330442 0.827479322014 0.443368181712 0.237798544417 0.634335724385 0.713491551342 0.608455859985 
0.37045699115 0.751006015028 0.37108171676 0.150414199639 0.858796881845 0.583940597204 0.166394953385 0.413471938971 
0.717704093809 0.218220303684 0.720030497414 0.899741978057 0.457518344967 0.867241066473 0.0303269705751 0.551856063778 
0.549231626881 0.928379699089 0.62251519302 0.405650077426 0.116760931826 0.188827755669 0.495223062735 0.580365034919 
0.564985819042 0.423743689605 0.49739071555 0.503488016345 0.784952433181 0.510987032788 0.27973657779 0.368456419725 
0.51941916029 0.864218596709 0.760052133962 0.447037047169 0.147503346741 0.927430138806 0.208434998639 0.616885736773 
0.835784632217 0.249649146088 0.507836445267 0.850871250102 0.769087532181 0.244588569658 0.909824282912 0.585349978716 
0.70046714037 0.399217067702 0.285560310565 0.831490250685 0.965512374556 0.361507996925 0.179114539654 0.43732706966 
0.858900316221 0.54624779533 0.433022161563 0.359081663716 0.901448005532 0.0198667487722 0.512763179626 0.347548873401 
0.447401722005 0.467547125067 0.194017479321 0.833381637034 0.5710744711 0.452620768 0.516323190291 0.616232626155 
0.466160125952 0.717636715114 0.429211470739 0.481154857708 0.811233323102 0.255916387097 0.615127371493 0.4832650211 
0.0926878953845 0.371959437343 0.493102822547 0.490400323088 0.801070115403 0.945777511406 0.388493658736 0.470417972141 
0.993502865764 0.98692029639 0.988361547758 0.347950346328 0.919292399091 0.121177131917 0.220775737932 0.580196681036 
0.55920666174 0.657633903608 0.899101272743 0.925592803168 0.272193211529 0.708320037298 0.426615803587 0.652234200247 
0.344255922341 0.890711196968 0.196090055525 0.26742769156 0.765619276344 0.775038076887 0.23881561618 0.491093697712 
0.637031487009 0.376350195752 0.639781252248 0.735310578221 0.700885576445 0.954118862778 0.514573325216 0.78671282368 
0.845161696465 0.516477708057 0.10145509858 0.712296380777 0.73284551063 0.41750838067 0.249477215206 0.509611877301 
0.128741334625 0.105533508931 0.434918873922 0.972289453105 0.827967356095 0.257574486134 0.184697920599 0.293042415984 
0.733266544368 0.464844167071 0.572724757303 0.0389718462938 0.650173458776 0.984155856044 0.927533268489 0.72436656712 
0.0548288434673 0.209668194119 0.369985128744 0.26655914056 0.862892571125 0.892264571897 0.627671561506 0.438767805395 
0.861666721417 0.0341497848942 0.464533030531 0.492675890338 0.210252096288 0.893878731551 0.389771709947 0.431410071242 
0.868696575807 0.895969564589 0.406721322027 0.406234070031 0.869376414227 0.795968341394 0.0964472516896 0.530057138931 
0.0798317052111 0.607957948807 0.265174739748 0.873628354445 0.806758155567 0.421448988763 0.453322918501 0.575132530085 
0.406206498123 0.747704452495 0.780363204618 0.108330044899 0.617277925922 0.748423601113 0.36912836782 0.576152684784 
0.582413946235 0.268142659821 0.155522681463 0.00901938983769 0.810350157382 0.724563286236 0.594179444891 0.458438958444 
0.785370385519 0.0964116724257 0.771506789247 0.860680858487 0.941689988382 0.00482884879936 0.398884167735 0.604064038667 
0.642740966879 0.571974663867 0.730131720807 0.150712412713 0.774017171959 0.697878139304 0.468007622516 0.558405911685 
0.968197388275 0.339581056588 0.524999187119 0.668882721835 0.32415512264 0.89358698747 0.629001724772 0.545419037678 
0.134890098754 0.19767321564 0.41381791173 0.151284850533 0.983206135819 0.094004883436 0.0100853056435 0.223804286826 
0.186528303003 0.894658958026 0.22602442043 0.82959115183 0.851442901632 0.070201694745 0.695310141969 0.40194030527 
0.5046031384 0.255520570895 0.714338716002 0.329822967084 0.352374751625 0.917663002027 0.528888671507 0.531459696187 
0.522438089735 0.34807840971 0.811967135668 0.755398439849 0.591553848565 0.628065220634 0.424711934096 0.572180701909 
0.0914677684286 0.93793582349 0.123304512856 0.918049894651 0.798067101969 0.203727032286 0.94014308215 0.456322844533 
0.873192498474 0.342776681382 0.398062847915 0.301315246276 0.848933418609 0.397564646373 0.203836211586 0.290201100303 
0.549231626881 0.928379699089 0.62251519302 0.805532938813 0.183654491739 0.816013245146 0.472472647637 0.584728922691 
0.486847049355 0.683155116134 0.844383496221 0.700939721701 0.0665375014706 0.778109841927 0.824267548261 0.617666080495 
0.790151069088 0.0821618699704 0.219614930529 0.424046971236 0.570377314338 0.380873720191 0.858409966533 0.493312745149 
0.174530608148 0.408818511147 0.963428390518 0.483311599385 0.968653699484 0.0247326005881 0.496925268263 0.611393541974 
0.55920666174 0.657633903608 0.899101272743 0.925592803168 0.710956496706 0.433101613558 0.697679956173 0.675364554294 
0.0457024748026 0.929160643146 0.0649146916303 0.805532938813 0.472033541584 0.690691599038 0.777078914212 0.465428587548 
0.733266544368 0.464844167071 0.572724757303 0.0389718462938 0.650173458776 0.984155856044 0.927533268489 0.72436656712 
0.820946145946 0.157789191561 0.992772418852 0.632224979195 0.85477710164 0.557629751642 0.374779989562 0.720018583142 
0.735641668897 0.06374588628 0.44878130395 0.698114810381 0.830578923288 0.434072350457 0.147264561423 0.448307960043 
0.337984345657 0.52227885468 0.934343592998 0.776170288882 0.961926948231 0.297940185098 0.524187096054 0.57999659241 
0.498314100622 0.940890559648 0.767663422734 0.952479624182 0.125355229907 0.94383197217 0.308127898964 0.646667280675 
0.642740966879 0.194844293644 0.89443612982 0.809087795145 0.553468631128 0.204338540809 0.964266122344 0.539198880607 
0.186124788194 0.880796330442 0.827479322014 0.61846220502 0.118370496692 0.335765724554 0.461447992612 0.534303109236 
0.49209729908 0.657062626411 0.250933254749 0.858604581041 0.62517085549 0.496689435581 0.512399538553 0.605604953049 
0.657750064813 0.560176647796 0.941147864812 0.457155450682 0.927842710246 0.899300349689 0.368282346641 0.717697463798 
0.192170142242 0.192130786409 0.387246299987 0.542017934865 0.944473588353 0.339049373666 0.869314116108 0.359040294627 
0.889224671928 0.908246346201 0.584657540861 0.673488398179 0.601336545142 0.934342205048 0.223313042762 0.714879202567 
0.785370385519 0.0964116724257 0.827428961346 0.099118533584 0.740205153867 0.664498557437 0.64199727255 0.436814368343 
0.792423703043 0.423322239156 0.805954272334 0.244823392226 0.720730742395 0.434072350457 0.147264561423 0.466334150021 
0.873213897268 0.757580574405 0.714673968968 0.447145726353 0.472033541584 0.690691599038 0.777078914212 0.653375198804 
0.150473253172 0.109674544025 0.904749871597 0.223193670408 0.710956496706 0.433101613558 0.697679956173 0.400080329794 
0.174530608148 0.408818511147 0.963428390518 0.483311599385 0.968653699484 0.361507996925 0.179114539654 0.439203734165 
0.93835216452 0.726484900515 0.987965829745 0.61846220502 0.118370496692 0.335765724554 0.461447992612 0.676806607666 
0.592390266472 0.980597743632 0.199819879184 0.814459047562 0.384860508903 0.635378439592 0.848501552909 0.642456237225 
0.957467843428 0.633567672162 0.676112307779 0.871727670293 0.897570000542 0.210070006093 0.144520582263 0.706249022624 
