0.192129103322 0.331574076154 0.761194638303 0.808634136735 0.600026451831 0.921582958431 0.0676185818423 0.460604399501 
0.97458448614 0.778606251317 0.148274658544 0.372840996506 0.848899008918 0.117292718147 0.960111487482 0.633221328553 
0.855741723356 0.443663754623 0.611541752851 0.59008678709 0.0433666692861 0.942239272524 0.746324460828 0.771624152886 
0.686766585979 0.992776184505 0.255864313646 0.758708785752 0.236155777152 0.868226967292 0.644553771452 0.644146787803 
0.516417541849 0.611218904313 0.909699408001 0.0952277544407 0.957368128256 0.442869406065 0.521621666056 0.678480137188 
0.0383360137808 0.900033623378 0.296053542928 0.933951490025 0.0165404008921 0.667690132567 0.995227180884 0.537865923386 
0.374475456819 0.91873785751 0.433329355707 0.676149610723 0.188592925755 0.84055311133 0.595461038696 0.597536733429 
0.719572990079 0.0159304664006 0.954777663566 0.63658642884 0.769714098938 0.644875734848 0.968554167466 0.638384184158 
0.756907137417 0.238207012615 0.480873311396 0.581189328402 0.976796349639 0.461770473054 0.233335292403 0.477277915085 
0.951363239179 0.702031715106 0.477944430617 0.611990967543 0.489486188851 0.313556027431 0.96605893053 0.723787110976 
0.695869333964 0.519810368441 0.144948198934 0.37528751455 0.671719618211 0.933988231065 0.914753444537 0.73997940423 
0.269198710079 0.53789179554 0.856680683369 0.86021006334 0.996798896819 0.73347365049 0.124019534332 0.737675693965 
0.372214248303 0.945437630151 0.50739658746 0.38574949104 0.342144236523 0.0263689934994 0.579965823565 0.525519049569 
0.851144829106 0.0450539121079 0.155140307446 0.00131781784649 0.922269121122 0.336371131428 0.428923185501 0.289523988515 
0.826829826914 0.698024708125 0.170901553713 0.455457745027 0.694669314073 0.921121173999 0.460387306854 0.705254392857 
0.907372899532 0.363446117153 0.363740063749 0.308199216711 0.805664903989 0.847492138985 0.26169469386 0.494192752415 
0.591836939509 0.932922020483 0.989827174338 0.694918830884 0.855112565778 0.877918050233 0.4346232387 0.751734976921 
0.985407875883 0.986502687758 0.629783029338 0.581737086146 0.00309180298438 0.587503989898 0.376834976123 0.700679100772 
0.425546860307 0.352227865414 0.760392034241 0.784958482878 0.978808046498 0.762190191184 0.458526850922 0.695458490865 
0.287002959007 0.773408130188 0.775199206081 0.0558481591422 0.926638441534 0.696436041587 0.304779073937 0.591200489261 
0.782788751247 0.963817369841 0.105198298397 0.581242073133 0.229011776323 0.10315338595 0.598631727285 0.555719631578 
0.904819746506 0.351796918046 0.774868666746 0.564908067965 0.836664180077 0.258604218283 0.319496210284 0.572140703696 
0.936984294449 0.345800093387 0.247245193485 0.143876364265 0.942672033918 0.158010892597 0.395159660961 0.47686957079 
0.659542745459 0.847868292509 0.905675289222 0.540753715578 0.940026757631 0.137802405405 0.992933351664 0.771186910989 
0.886310179778 0.744211976677 0.479414717318 0.786361194217 0.209344692266 0.937722299257 0.124765502485 0.528818737495 
0.0201164793231 0.460591513666 0.042098828236 0.691934809256 0.22197740203 0.981469216 0.635040116479 0.593476298419 
0.587294777545 0.79550263559 0.412974435573 0.033032421346 0.989894843344 0.800252953205 0.0803123442405 0.544351193995 
0.762744616901 0.798838113801 0.62183849301 0.770417692729 0.902396850266 0.942670532685 0.988933654932 0.720652389923 
0.430610277546 0.126128851788 0.690134926919 0.885643263387 0.465900927814 0.486984656383 0.356156520499 0.424358029298 
0.896969236699 0.448307624277 0.411091984869 0.550033547218 0.855294175207 0.502202115408 0.178767884847 0.457439113961 
0.173743770429 0.990075606347 0.858709896911 0.0779061434751 0.06519444077 0.765567580473 0.100496254868 0.472275360834 
0.998443080321 0.367289705983 0.189868169694 0.100534409015 0.0501789974583 0.291160060663 0.683919531212 0.409241455784 
0.92715375792 0.234431495733 0.424167858401 0.710642106508 0.226450388097 0.895883919354 0.140747003039 0.49319661743 
0.140855299373 0.70320335781 0.808903365013 0.728834716321 0.44990062517 0.813151229909 0.264906109365 0.614885229164 
0.0520695023386 0.265713640395 0.886746252237 0.798111759116 0.0870799851574 0.388207600196 0.429402012347 0.357067780479 
0.104922589065 0.510948745025 0.0109757233621 0.865596278721 0.48151647641 0.230731573861 0.383469378697 0.306090097701 
0.461700157084 0.164572002429 0.00136478330484 0.870147033928 0.347204639502 0.572038158935 0.888664775912 0.544609751958 
0.998443080321 0.367289705983 0.189868169694 0.100534409015 0.982072345392 0.244904690913 0.253336863849 0.46541005206 
0.654843905231 0.478277211027 0.433759033944 0.472847666957 0.429042218104 0.480460473643 0.486518018798 0.733551355744 
0.904819746506 0.98588683458 0.922802134684 0.652390030967 0.992412852476 0.00535968881288 0.503509558745 0.743801353699 
0.953236763975 0.445364487824 0.34372179387 0.63076440239 0.757123498682 0.997513260178 0.134070429149 0.571458225363 
0.192129103322 0.331574076154 0.761194638303 0.808634136735 0.600026451831 0.921582958431 0.0676185818423 0.460604399501 
0.877620782515 0.757050597344 0.728590179309 0.177643394034 0.648566807789 0.566747841015 0.347917948383 0.700840918681 
0.287002959007 0.773408130188 0.775199206081 0.0558481591422 0.926638441534 0.696436041587 0.304779073937 0.591200489261 
0.757384446026 0.754521777902 0.751851692518 0.307901629929 0.157057466073 0.172561149051 0.907727057635 0.413084719907 
0.329321672546 0.552194016535 0.64993750906 0.755618415731 0.0283347049987 0.467283203927 0.971439466459 0.614487527708 
0.865158645613 0.803246590598 0.322678647807 0.40103431266 0.77769159354 0.812571088518 0.305326320397 0.598105055366 
0.757384446026 0.298031413518 0.848459142505 0.66864859215 0.114836807044 0.829393915583 0.0293880474938 0.523826777736 
0.603167292438 0.961261753238 0.788106337099 0.551994983619 0.939960028398 0.455146786309 0.0511989199125 0.679895158053 
0.830493956861 0.0365587943952 0.994862020867 0.274021029144 0.166782953905 0.150547226581 0.672826558731 0.380424911494 
0.811055643371 0.211526855758 0.796862132584 0.325964034047 0.816074352148 0.290532498691 0.452296042833 0.440143731554 
0.951363239179 0.702031715106 0.477944430617 0.611990967543 0.489486188851 0.313556027431 0.96605893053 0.723787110976 
0.449230714169 0.649202687802 0.784583212639 0.313556408549 0.982072345392 0.877918050233 0.4346232387 0.63585803023 
0.970547474561 0.618869302828 0.698295359682 0.750813233328 0.730697515189 0.117772084187 0.844335120263 0.767018336991 
0.985407875883 0.986502687758 0.629783029338 0.581737086146 0.00309180298438 0.587503989898 0.376834976123 0.700679100772 
0.269198710079 0.53789179554 0.856680683369 0.86021006334 0.996798896819 0.73347365049 0.304779073937 0.717626181667 
0.269198710079 0.53789179554 0.954777663566 0.63658642884 0.769714098938 0.644875734848 0.968554167466 0.666906002389 
0.95983486751 0.667044493775 0.740933491323 0.580540729887 0.206987943461 0.886626156692 0.24596751947 0.711627625574 
0.546874115683 0.94456334626 0.820883449387 0.749260805336 0.884615683445 0.657685825821 0.933328024666 0.713034000417 
0.496677800456 0.334780076416 0.14248391915 0.851256955477 0.220389290199 0.868566900368 0.409347959822 0.414473293743 
0.13645255265 0.970866764294 0.243903793381 0.285355880428 0.337520655452 0.242324400571 0.670833901125 0.391823606881 
0.953236763975 0.445364487824 0.34372179387 0.63076440239 0.552829497393 0.101547246595 0.915695846186 0.563583268342 
0.390783382088 0.559111111045 0.468274695258 0.0171083677702 0.213677007746 0.957814859742 0.0826620494841 0.352346627218 
0.269198710079 0.53789179554 0.856680683369 0.86021006334 0.996798896819 0.73347365049 0.124019534332 0.737675693965 
0.755585328557 0.997030201647 0.579004649454 0.219681746708 0.683084975567 0.176222925159 0.598019275682 0.700619868779 
0.876534043972 0.725723181489 0.555895410506 0.0856316205638 0.00445936808213 0.32844489235 0.410175496673 0.449157393123 
0.140855299373 0.70320335781 0.808903365013 0.728834716321 0.44990062517 0.813151229909 0.264906109365 0.614885229164 
0.985407875883 0.986502687758 0.629783029338 0.581737086146 0.00309180298438 0.587503989898 0.376834976123 0.700679100772 
0.38373864701 0.378464143119 0.371880489319 0.254070222411 0.986329043137 0.0508667650988 0.416915097221 0.452824696266 
0.215871757404 0.359207375214 0.998744823246 0.457681392021 0.415898863928 0.790948262435 0.321243660186 0.561623131348 
0.904819746506 0.98588683458 0.922802134684 0.652390030967 0.992412852476 0.00535968881288 0.503509558745 0.743801353699 
0.756907137417 0.238207012615 0.480873311396 0.581189328402 0.940026757631 0.137802405405 0.992933351664 0.660533766812 
0.92715375792 0.234431495733 0.888545088151 0.146365752829 0.218124029481 0.257465067705 0.939025030833 0.570331770419 
0.686766585979 0.992776184505 0.255864313646 0.758708785752 0.236155777152 0.868226967292 0.644553771452 0.644146787803 
0.849179025138 0.839668026912 0.635960838701 0.903576625761 0.838059207946 0.0799987921239 0.0395084037301 0.623060418081 
0.468737864381 0.869681278965 0.934541255309 0.803557648866 0.881197396061 0.06962364062 0.621814396371 0.791371727999 
0.515567729721 0.925483915461 0.874846655003 0.87186678178 0.8667417911 0.17258892841 0.826807615977 0.758708349018 
0.748431830828 0.731448606379 0.79832804244 0.575278824389 0.794152763675 0.0797729680782 0.131982611888 0.53958404569 
0.782788751247 0.963817369841 0.105198298397 0.63076440239 0.757123498682 0.997513260178 0.134070429149 0.560481544285 
0.879801887904 0.874624908478 0.409457372877 0.883332706587 0.0860733070723 0.568900181356 0.250750098776 0.605284296079 
0.436471102258 0.269741543169 0.716172595561 0.870012287999 0.935098406471 0.167567278531 0.400522083372 0.640839586027 
0.811055643371 0.211526855758 0.796862132584 0.325964034047 0.816074352148 0.257465067705 0.939025030833 0.638196374212 
0.287002959007 0.773408130188 0.775199206081 0.0558481591422 0.926638441534 0.572038158935 0.888664775912 0.656731742228 
0.756907137417 0.238207012615 0.480873311396 0.581189328402 0.976796349639 0.0799987921239 0.0395084037301 0.537352635743 
0.449230714169 0.649202687802 0.480873311396 0.581189328402 0.976796349639 0.461770473054 0.233335292403 0.524786346923 
0.761419673831 0.319369051293 0.820883449387 0.749260805336 0.884615683445 0.657685825821 0.933328024666 0.768167418209 
0.430610277546 0.126128851788 0.690134926919 0.885643263387 0.465900927814 0.486984656383 0.356156520499 0.424358029298 
0.811055643371 0.211526855758 0.796862132584 0.325964034047 0.816074352148 0.257465067705 0.939025030833 0.638196374212 
0.591836939509 0.932922020483 0.989827174338 0.694918830884 0.855112565778 0.877918050233 0.376834976123 0.8106131542 
0.92715375792 0.234431495733 0.888545088151 0.63076440239 0.757123498682 0.997513260178 0.134070429149 0.58010332075 
0.436471102258 0.269741543169 0.716172595561 0.870012287999 0.935098406471 0.167567278531 0.400522083372 0.640839586027 
0.847097027388 0.857727646528 0.744588747758 0.749260805336 0.884615683445 0.657685825821 0.933328024666 0.699702645934 
0.0520695023386 0.265713640395 0.886746252237 0.798111759116 0.0870799851574 0.813151229909 0.264906109365 0.484465379782 
0.436471102258 0.269741543169 0.716172595561 0.870012287999 0.935098406471 0.167567278531 0.400522083372 0.640839586027 
0.378861708721 0.550864812681 0.370057134377 0.660605508845 0.757123498682 0.997513260178 0.134070429149 0.616097010249 
0.782788751247 0.963817369841 0.105198298397 0.851256955477 0.220389290199 0.868566900368 0.409347959822 0.513906976581 
0.886310179778 0.744211976677 0.479414717318 0.786361194217 0.996798896819 0.73347365049 0.124019534332 0.790468885704 
0.951363239179 0.702031715106 0.477944430617 0.325964034047 0.816074352148 0.290532498691 0.452296042833 0.52731368484 
0.851144829106 0.0450539121079 0.155140307446 0.00131781784649 0.922269121122 0.257465067705 0.939025030833 0.508582441625 
0.215871757404 0.359207375214 0.998744823246 0.457681392021 0.415898863928 0.937722299257 0.124765502485 0.484385025257 
