0.398800351684 0.467182631832 0.463651216622 0.858542889896 
0.405743547186 0.456465908063 0.295269730813 0.836149821727 
0.361151020732 0.532909495126 0.931417950282 0.33075446894 
0.366621762021 0.42774907787 0.459737747753 0.890229058557 
0.384959496651 0.746318171619 0.690499130628 0.583159889097 
0.484979191535 0.499088062441 0.915157923214 0.320563801305 
0.361667496777 0.533221757781 0.926431343864 0.327628078056 
0.405743547186 0.456465908063 0.295269730813 0.836149821727 
0.434567158222 0.472691370665 0.272653859945 1.01522424855 
0.515660717972 0.644347400878 0.78869434881 0.577306570663 
0.361151020732 0.532909495126 0.931417950282 0.33075446894 
0.435355626604 0.601337438129 0.655590642636 0.655992725572 
0.384959496651 0.746318171619 0.690499130628 0.583159889097 
0.384959496651 0.746318171619 0.690499130628 0.583159889097 
0.382025132361 0.755378180572 0.693954944766 0.594454185923 
0.360128793208 0.532263183783 0.941697052816 0.337202032084 
0.540280271624 0.855079430397 0.736066597011 0.332417030143 
0.36511735039 0.804212980792 0.712530079389 0.656030474401 
0.414946823797 0.462038384279 0.28772215631 0.8947793535 
0.358621261416 0.531234436838 0.957965670919 0.347414326185 
0.405496209711 0.456309423923 0.295478445249 0.834547141154 
0.473182666296 0.509139556569 0.896500314338 0.30888433074 
0.492535269316 0.503642427286 0.950030548712 0.0482999521399 
0.515660717972 0.644347400878 0.78869434881 0.577306570663 
0.670069371761 0.613413492322 0.893688720918 0.466147626841 
0.693498764092 0.600879345522 0.752528820135 0.727619056011 
0.417009063449 0.463228041983 0.286081380759 0.907688108317 
0.384959496651 0.746318171619 0.690499130628 0.583159889097 
0.361667496777 0.533221757781 0.926431343864 0.327628078056 
0.36440874525 0.806161280966 0.713269834177 0.658510001265 
0.372606161012 0.368419775332 0.810589037051 0.655929071225 
0.407374297181 0.457488064754 0.293902111027 0.846677297897 
0.405743547186 0.456465908063 0.295269730813 0.836149821727 
0.415512493739 0.466306289965 0.710512205557 0.741430576335 
0.525726471617 0.660019118108 0.737236405307 0.610040125369 
0.355067798741 0.52836190381 1.00305677707 0.375763604754 
0.755584709862 0.695929681607 0.643091733515 0.811950401659 
0.361667496777 0.533221757781 0.926431343864 0.327628078056 
0.426782360253 0.468627607692 0.27850189443 0.967998515901 
0.358621261416 0.531234436838 0.957965670919 0.347414326185 
0.362378005952 0.533636682728 0.919781428944 0.323460403517 
0.434567158222 0.472691370665 0.272653859945 1.01522424855 
0.405743547186 0.456465908063 0.295269730813 0.836149821727 
0.450841297209 0.663345292875 0.716769158538 0.52789110626 
0.710758896385 0.950445794142 0.74062844529 0.0669764155822 
0.384959496651 0.746318171619 0.690499130628 0.583159889097 
0.360932945147 0.532774837809 0.933564009483 0.332100254205 
0.484979191535 0.499088062441 0.915157923214 0.320563801305 
0.737305890582 0.736082930865 0.866601254492 0.0679408028833 
0.384959496651 0.746318171619 0.690499130628 0.583159889097 
0.910272578019 0.949872614823 0.760647987851 0.0544102822301 
0.355067798741 0.52836190381 1.00305677707 0.375763604754 
0.767233417097 0.71273244456 0.714600983267 0.605839907981 
0.256569779997 0.346071352433 0.808360091753 0.656325521118 
0.370486231568 0.426617659252 0.458770775468 0.86862556967 
0.601484065944 0.609349982166 0.71691562663 0.641359713597 
0.357240652848 0.825527639371 0.720619590732 0.683245083848 
0.375446125456 0.431733428278 0.413423421232 0.91137511655 
0.407374297181 0.457488064754 0.293902111027 0.846677297897 
0.376449320448 0.428800622545 0.458668910877 0.860378594867 
0.422564060788 0.466342043303 0.281736757398 0.942127196182 
0.398800351684 0.467182631832 0.463651216622 0.858542889896 
0.410666157514 0.459503660148 0.291183275102 0.867735215241 
0.485217121836 0.498301121131 0.922185515509 0.324966900423 
0.565323546551 0.987028420102 0.768342030753 0.0768488391736 
0.414946823797 0.462038384279 0.28772215631 0.8947793535 
0.416970403737 0.463205916567 0.286111991796 0.907446774173 
0.492535269316 0.503642427286 0.950030548712 0.0482999521399 
0.356655854834 0.529734526412 0.981549185181 0.362233970812 
0.360596828167 0.532563919191 0.936920605969 0.334205514362 
0.384959496651 0.746318171619 0.690499130628 0.583159889097 
0.413025545851 0.460912084306 0.289265918979 0.882685017309 
0.967547741344 0.842573955786 0.767688248289 0.407329462246 
0.373515524667 0.654317295627 0.770510890471 0.13671709216 
0.361377253009 0.533047411615 0.929217304102 0.329374637113 
0.558623752323 0.70950295828 0.903955936001 0.0754536584235 
0.361667496777 0.533221757781 0.926431343864 0.327628078056 
0.362182700033 0.533524268803 0.921585940226 0.324591160444 
0.377890091782 0.426212947616 0.379288667927 0.865940380172 
0.504134061689 0.761891192448 0.66535540539 0.575263265557 
0.434567158222 0.472691370665 0.272653859945 1.01522424855 
0.361588512494 0.533174597755 0.927185393518 0.328100772562 
0.360203928713 0.532312026758 0.940922021435 0.336715756695 
0.358833068179 0.531384851011 0.955592881346 0.345924284705 
0.474737449989 0.50369605878 0.955519336592 0.345878103822 
0.414946823797 0.462038384279 0.28772215631 0.8947793535 
0.413684292651 0.461300275651 0.288734899381 0.886839502531 
0.670069371761 0.613413492322 0.893688720918 0.466147626841 
0.360768298539 0.53267203678 0.935200723424 0.333126749334 
0.558623752323 0.70950295828 0.903955936001 0.0754536584235 
0.362378005952 0.533636682728 0.919781428944 0.323460403517 
0.67068885089 0.594013487389 0.827348007338 0.639980349273 
0.357240652848 0.825527639371 0.720619590732 0.683245083848 
0.374491647781 0.331724901214 0.857126813335 0.738519099716 
0.910272578019 0.949872614823 0.760647987851 0.0544102822301 
0.475003670485 0.500638258036 0.992232317229 0.368952706662 
0.475003670485 0.500638258036 0.992232317229 0.368952706662 
0.910272578019 0.949872614823 0.760647987851 0.0544102822301 
0.504134061689 0.761891192448 0.66535540539 0.575263265557 
0.384959496651 0.746318171619 0.690499130628 0.583159889097 
