0.511406473293 0.746840099216 0.696475552147 0.418689943703 
0.49134692532 0.430185271453 0.666419602211 0.673028312226 
0.490264927646 0.840247214034 0.741502081752 0.153452182865 
0.49454436707 0.781070515378 0.795079883845 0.238705763558 
0.438768828568 0.756119906391 0.729173767921 0.521968062967 
0.824244568048 0.760953927259 0.721142910325 0.404606736957 
0.772165877763 0.652842781459 0.903569774019 0.241661774062 
0.491213622704 0.783325940577 0.794587451513 0.293682930189 
0.511406473293 0.746840099216 0.696475552147 0.418689943703 
0.392358100669 0.348324750936 0.738789235567 0.663199394611 
0.824244568048 0.760953927259 0.721142910325 0.404606736957 
0.421512374472 0.792049454177 0.7420659096 0.559144199443 
0.710339768326 0.729927677519 0.763112314183 0.127422809338 
0.476029179252 0.646712129721 0.877622346431 0.251186584256 
0.400159724024 0.361424922777 0.39635638085 0.820006773921 
0.429966499517 0.892512549723 0.792922462202 0.151506839565 
0.533001153538 0.670103527746 0.769571255526 0.449516358243 
0.533427892867 0.446749782438 0.811693266162 0.559743286634 
0.373426079529 0.335546854245 0.755311100644 0.704379410629 
0.475149188077 0.848052926863 0.822629542761 0.327211274452 
0.646536449437 0.553429139106 0.651011921389 0.75565811637 
0.583492513965 0.485679689622 0.777959894221 0.472639611863 
0.484809102314 0.502564600078 0.668932959959 0.735205002414 
0.432747376864 1.00928308391 0.758692760318 0.190622160382 
0.533710729957 0.447755602423 0.805433646848 0.550585205251 
0.49909439368 0.481067499097 0.794481752931 0.632177239704 
0.452941626689 0.724511975083 0.717813754173 0.489807427017 
0.613486823166 0.565221119273 0.595893703282 0.64322181596 
0.421512374472 0.792049454177 0.7420659096 0.559144199443 
0.438768828568 0.756119906391 0.729173767921 0.521968062967 
0.484772624816 0.810391947137 0.806327702411 0.307635040612 
0.538766608561 0.716560177256 0.825175976594 0.0945275479512 
0.515399339371 0.540220788792 0.897616127472 0.306984794757 
0.511406473293 0.746840099216 0.696475552147 0.418689943703 
0.522693116715 0.823437151517 0.754348420511 0.132733162102 
0.432747376864 1.00928308391 0.758692760318 0.190622160382 
0.707480231694 0.559650511697 0.712777022585 0.558763196039 
0.484735198812 0.507724372792 0.682783898475 0.779106786268 
0.412611018376 0.809775159432 0.748423958769 0.577708782265 
0.533736758152 0.447857619113 0.804807170298 0.549669050058 
0.484693097323 0.5112561218 0.692280104406 0.80920776764 
0.412611018376 0.809775159432 0.748423958769 0.577708782265 
0.697111005991 0.798375499487 0.79966998669 0.146003389396 
0.449689351618 0.58690571355 0.639320660362 0.705423464306 
0.685854986277 0.70544358023 0.735425239348 0.521968062967 
0.573597237549 0.612294642596 0.63848775197 0.545851527711 
0.43961912829 0.864343793697 0.82976634689 0.335847340175 
0.53334762009 0.446491798584 0.813323564657 0.562129665474 
0.49120630453 0.783357780262 0.794601278082 0.293699282286 
0.405644948692 0.94341849852 0.805656797773 0.16244023468 
0.491213622704 0.783325940577 0.794587451513 0.293682930189 
0.429966499517 0.892512549723 0.792922462202 0.151506839565 
0.697111005991 0.798375499487 0.79966998669 0.146003389396 
0.752332921642 0.751660012261 0.734257476103 0.266343676697 
0.592028121898 0.484539672746 0.799879772539 0.502383971152 
0.772165877763 0.652842781459 0.903569774019 0.241661774062 
0.533336239996 0.446456030915 0.813550407421 0.562461748696 
0.533823729661 0.448213406729 0.80263417637 0.546491863365 
0.412611018376 0.809775159432 0.748423958769 0.577708782265 
0.920658366154 0.666351302812 0.709447490028 0.477815196229 
0.685854986277 0.70544358023 0.735425239348 0.521968062967 
0.527581261065 0.607683210448 0.775364876251 0.49801778716 
0.571070642339 0.67748598865 0.89280733778 0.163096866695 
0.529357886369 0.438716399322 0.867900151959 0.642261381055 
0.439161656601 0.75527300876 0.728869699511 0.521099499025 
0.531623525682 0.442370949411 0.840849422408 0.602489033961 
0.517268998148 0.579988941171 0.789640110951 0.622308344476 
0.432747376864 1.00928308391 0.758692760318 0.190622160382 
0.697111005991 0.798375499487 0.79966998669 0.146003389396 
0.601517232601 0.483300449212 0.82559158152 0.537301463139 
0.464922878145 0.921135058012 0.750265964749 0.170892513798 
0.429966499517 0.892512549723 0.792922462202 0.151506839565 
0.778091889044 0.685594767583 0.782313965098 0.345681093327 
0.583492513965 0.485679689622 0.777959894221 0.472639611863 
0.436193438476 0.873106266763 0.833599493776 0.340500780495 
0.484827593508 0.50142621017 0.665881129506 0.725532449322 
0.583492513965 0.485679689622 0.777959894221 0.472639611863 
0.891266026929 0.686478917751 0.717889162841 0.390791426851 
0.540990509296 0.45069712428 0.852973722097 0.487834698517 
0.490429831159 0.842715402108 0.743221428062 0.134876877296 
0.429966499517 0.892512549723 0.792922462202 0.151506839565 
0.363989790926 0.315947140239 0.347568872329 0.854952201489 
0.51246177337 0.531579428934 0.854789739914 0.357618925644 
0.474385351491 0.537929161427 0.866113690921 0.367085015998 
0.824244568048 0.760953927259 0.721142910325 0.404606736957 
0.886763275624 0.631593650352 0.846131893617 0.47227621394 
0.484783264364 0.504247561771 0.673447504505 0.749513861665 
0.639155657926 0.759618140958 0.846875793606 0.0258608312728 
0.363989790926 0.315947140239 0.347568872329 0.854952201489 
0.599775721752 0.483524720995 0.820770348906 0.53075203941 
0.53334762009 0.446491798584 0.813323564657 0.562129665474 
0.582264101694 0.773392632467 0.794444199213 0.29351352326 
0.397882040079 0.360520781825 0.395955898638 0.83596538644 
0.363989790926 0.315947140239 0.347568872329 0.854952201489 
0.449689351618 0.58690571355 0.639320660362 0.705423464306 
0.474385351491 0.537929161427 0.866113690921 0.367085015998 
1.07458115129 0.741230859039 0.754201902825 0.179733099588 
0.412611018376 0.809775159432 0.748423958769 0.577708782265 
0.597413412789 0.483831411306 0.814303150115 0.521968062967 
0.458007776899 0.569162537711 0.627657124778 0.655614942953 
