0.400897592139 0.622864583643 0.716189237633 0.584381457216 
0.410977340467 0.733692657257 0.748832811201 0.517452294469 
0.307546529085 0.8064066592 0.68543011636 0.597116480717 
0.386846510839 0.583103350891 0.648491680435 0.726178004329 
0.653199478644 0.614714904213 0.838307632939 0.102980829372 
0.376893819524 0.392916010512 0.708902084978 0.717474009399 
0.564719903861 0.872698525228 0.782525999588 0.156028036811 
0.507710580387 0.649592034289 0.642833889962 0.707335129567 
0.282527425622 0.929477496296 0.771160792236 0.228589719775 
0.238314342498 0.965344953298 0.759644890112 0.235699646627 
0.33150822748 0.688537276545 0.69455199943 0.677269730536 
0.386846510839 0.583103350891 0.648491680435 0.726178004329 
0.443583257364 0.598873624477 0.762400646853 0.567631070558 
0.410904225781 0.506127906921 0.546353206991 0.714981115767 
0.477121778393 0.596183425373 0.772430760063 0.584748407002 
0.237950581577 0.358735892206 0.973779406418 0.189275991621 
0.507710580387 0.649592034289 0.642833889962 0.707335129567 
0.361816157526 0.337802484537 0.851592861543 0.369794704541 
0.410977340467 0.733692657257 0.748832811201 0.517452294469 
0.515559776838 0.629118323312 0.6654583301 0.439900098564 
0.386846510839 0.583103350891 0.648491680435 0.726178004329 
0.412868314343 0.315017974899 0.900254118027 0.252759192843 
0.374975972972 0.463693765362 0.911460198568 0.0198842780172 
0.394900332474 0.645766580518 0.740521822612 0.637325764021 
0.294321269178 0.380905091277 0.922901310647 0.170353742336 
0.415781249134 0.707117632363 0.733648091296 0.486421611994 
0.378333622175 0.466991443104 0.51802849862 0.84448591997 
0.388348189002 0.578757958316 0.643905220521 0.710046968186 
0.448044943384 0.473475925268 0.673734556221 0.684312476729 
0.324411922523 0.698299566424 0.700597572966 0.696700124776 
0.307944977078 0.805836691908 0.68530356426 0.596460443215 
0.496722031849 0.560455959546 0.773126168445 0.448914957077 
0.317836978047 0.391956025084 0.90024571699 0.162107928826 
0.302195194253 0.81400493149 0.687115039306 0.605890894409 
0.248226432487 0.953162999963 0.757639999703 0.231656892343 
0.599082027662 0.747629594375 0.884124189554 0.312200597199 
0.386846510839 0.583103350891 0.648491680435 0.726178004329 
0.447900023866 0.498001468715 0.61138913386 0.81063195185 
0.376893819524 0.392916010512 0.708902084978 0.717474009399 
0.412900690071 0.973766946608 0.743049891955 0.245401209027 
0.507710580387 0.649592034289 0.642833889962 0.707335129567 
0.414514858199 0.714400593296 0.737810857489 0.494902321251 
0.32561176674 0.696663880742 0.699582392305 0.693433139932 
0.410366948689 0.736890557298 0.750659357743 0.521201761116 
0.382307701049 0.595834778397 0.661980949325 0.77366908524 
0.594658379437 0.612446751019 0.62958890101 0.482105604753 
0.49401493852 0.769828159739 0.678918418387 0.563927096466 
0.437050052514 0.665702352247 0.681754260409 0.478253088411 
0.408742170423 0.745245296544 0.755430948612 0.531012403705 
0.386846510839 0.583103350891 0.648491680435 0.726178004329 
0.383322618239 0.593034557381 0.659007708382 0.763195602277 
0.229566417752 0.355842678637 0.981050633831 0.192020451958 
0.411607881754 0.730352348347 0.746924810606 0.51353928953 
0.357340342908 0.605913648264 0.825285654916 0.515691272222 
0.412562785531 0.72521754901 0.743991516915 0.507531067365 
0.278470084285 0.374127551453 0.937622880235 0.175774728701 
0.545718451806 0.937582944352 0.740641949312 0.238428477654 
0.412900690071 0.973766946608 0.743049891955 0.245401209027 
0.478287872471 0.527714459693 0.674658956424 0.681107819464 
0.464078701328 0.560905795398 0.510253759571 0.892966338725 
0.424383495014 0.926360314549 0.758897112512 0.083552709921 
0.375908349504 0.38698505956 0.751168055598 0.667400809124 
0.317836978047 0.391956025084 0.90024571699 0.162107928826 
0.402204075078 0.617618733314 0.710635959749 0.572314440443 
0.414514858199 0.714400593296 0.737810857489 0.494902321251 
0.385444163614 0.587097118075 0.652715093984 0.741039814493 
0.378078874627 0.467232041387 0.518971159386 0.852897591759 
0.376074346757 0.469139414194 0.526528978255 0.920350757755 
0.405020421805 0.676340802737 0.686112151818 0.650251306594 
0.418083847031 0.811558398126 0.832582928009 0.155947267602 
0.400897592139 0.622864583643 0.716189237633 0.584381457216 
0.49401493852 0.769828159739 0.678918418387 0.563927096466 
0.388818212986 0.671967152005 0.780491939874 0.521201761116 
0.477121778393 0.596183425373 0.772430760063 0.584748407002 
0.734846273371 0.921823112505 0.781933134334 0.244996991514 
0.402184212939 0.517284238655 0.55698627586 0.782633738283 
0.384457918669 0.430455016165 0.995001894398 0.0232849016858 
0.406873597226 0.754599819547 0.760773119695 0.542021966993 
0.279228771643 0.934178394602 0.772203872701 0.230150789303 
0.399977840962 0.626494501584 0.720036461623 0.592745079143 
0.491156830975 0.778570809459 0.831752849251 0.416269269632 
0.448044943384 0.473475925268 0.673734556221 0.684312476729 
0.378333622175 0.466991443104 0.51802849862 0.84448591997 
0.254993582635 0.364906729609 0.958794562137 0.18364999918 
0.424383495014 0.926360314549 0.758897112512 0.083552709921 
0.357340342908 0.605913648264 0.825285654916 0.515691272222 
0.410559087378 0.636715387099 0.660662394699 0.59528789615 
0.278031012058 0.373946572325 0.938025337182 0.175923581865 
0.386285087542 0.584709305909 0.650189063818 0.732150088626 
0.412562785531 0.72521754901 0.743991516915 0.507531067365 
0.400897592139 0.622864583643 0.716189237633 0.584381457216 
0.282527425622 0.929477496296 0.771160792236 0.228589719775 
0.319734386653 0.788684288572 0.681483634959 0.576861038342 
0.507710580387 0.649592034289 0.642833889962 0.707335129567 
0.607667366733 0.915902696715 0.727343950146 0.374419920555 
0.324411922523 0.698299566424 0.700597572966 0.696700124776 
0.507262486659 0.542591031155 0.729768103948 0.616740448387 
0.522039625618 0.863886418719 0.769478735526 0.341670401097 
0.386846510839 0.583103350891 0.648491680435 0.726178004329 
0.403567646524 0.770587508144 0.76990317773 0.560896673137 
