0.455236407679 0.44804469652 0.741284593821 0.588163289599 
0.407883425292 0.253586068438 0.293406580458 0.790864715687 
0.393444627137 0.411802325229 0.834859408216 0.270797769828 
0.447596746171 0.536142637292 0.807962695681 0.256603807873 
0.405103977978 0.421327219678 0.418180830548 0.812747112965 
0.402407440904 0.370230948507 0.866274058208 0.0989824218732 
0.469581699781 0.682169938353 0.693018379921 0.25162206153 
0.368240430669 0.610993259875 0.834665722772 0.115080844551 
0.385918961476 0.553165932435 0.820270125117 0.249628559446 
0.601080256474 0.615467111356 0.594908692479 0.494423700497 
0.407369390266 0.410258498066 0.404053731478 0.883451302994 
0.404193350322 0.417276286507 0.845239846697 0.182146745109 
0.459607844746 0.680382685855 0.732873250559 0.276747165825 
0.373524802606 0.788933829273 0.753453939258 0.294738954007 
0.497750108191 0.511228109478 0.671962743956 0.70929558981 
0.609499079854 0.61280371272 0.681143061896 0.46503856452 
0.409163837701 0.282591851084 0.85044351755 0.262357654073 
0.613483722016 0.582853368007 0.765518770176 0.386628066125 
0.543976675636 0.556517825905 0.763849302686 0.456279714063 
0.404893522111 0.403361370932 0.612771691591 0.814060512736 
0.371675417074 0.694839036257 0.794473162968 0.223762029946 
0.767060635043 0.665596139586 0.655922474884 0.450709354548 
0.453595598362 0.830050141869 0.743769520952 0.328627916792 
0.407883425292 0.253586068438 0.293406580458 0.790864715687 
0.399785984427 0.416518502158 0.825482032534 0.264672488254 
0.435840083631 0.586252864867 0.681527507605 0.641365695172 
0.31949287791 0.733259030796 0.828833557762 0.354821614083 
0.349930294252 0.624987886901 0.874205519592 0.125879236835 
0.996590465694 0.768946760317 0.716450112551 0.203318038384 
0.447596746171 0.536142637292 0.807962695681 0.256603807873 
0.841478962845 0.804389343504 0.755824385112 0.220913132661 
0.450814449838 0.443838450117 0.760854585724 0.622878030603 
0.459112030827 0.792350369165 0.731058688828 0.308673157291 
0.356379186396 0.71516175305 0.814527674881 0.236766311809 
0.404457752251 0.412805046012 0.598271224615 0.752639641774 
0.406661673439 0.411053600769 0.40486489413 0.824581490187 
0.61627829348 0.530636976078 0.585167681425 0.788831937163 
0.462027570593 0.56332892715 0.795316582486 0.469895138889 
0.372954459174 0.795690824493 0.759616443494 0.259009517841 
0.404970639331 0.402437210055 0.61418331815 0.820079273657 
0.401159824101 0.387385863939 0.89067186429 0.201743891766 
0.421714446903 0.663184657065 0.683685821715 0.470719763549 
0.447596746171 0.536142637292 0.807962695681 0.256603807873 
0.906627786118 0.740248578864 0.686668260644 0.294738954007 
0.388234690664 0.544521886233 0.524976998883 0.811914927299 
0.452659988015 0.445488736409 0.75297680658 0.608887405058 
0.453595598362 0.830050141869 0.743769520952 0.328627916792 
0.373913941505 0.557216086824 0.866020810546 0.277098574701 
0.458415712006 0.451780204031 0.725209019588 0.5597575902 
0.39209883395 0.741540264491 0.727647381679 0.570233688616 
0.440673235474 0.585662176419 0.594614137305 0.642146198616 
0.316015981384 0.791281236539 0.64281437115 0.590022987506 
0.453595598362 0.830050141869 0.743769520952 0.328627916792 
0.447596746171 0.536142637292 0.807962695681 0.256603807873 
0.447596746171 0.536142637292 0.807962695681 0.256603807873 
0.601080256474 0.615467111356 0.594908692479 0.494423700497 
0.613483722016 0.582853368007 0.765518770176 0.386628066125 
0.339192273091 0.633132598532 0.897805737506 0.132325071229 
0.422539889005 0.2247890223 0.890638507871 0.291236020642 
0.407369390266 0.410258498066 0.404053731478 0.883451302994 
0.882013723948 0.823220584538 0.798571111807 0.0345135553661 
0.419407328192 0.751073645705 0.602508463895 0.601284139009 
0.385918961476 0.553165932435 0.820270125117 0.249628559446 
0.371396879378 0.396820545752 0.865688800169 0.291127308495 
0.771558242899 0.828706046454 0.687389542692 0.298478229462 
0.455186085482 0.721585967559 0.758892278053 0.304598857283 
0.37604416861 0.604971890557 0.818104709535 0.110558426335 
0.352436194406 0.385263146555 0.890601427029 0.30774524784 
0.313131357463 0.36395750307 0.939231971145 0.340587885658 
0.434932023517 0.433120777582 0.819577235559 0.727739100626 
0.35585158964 0.620479169754 0.861318355279 0.122359586 
0.357943025772 0.713121168914 0.812502003027 0.23545185078 
0.469581699781 0.682169938353 0.693018379921 0.25162206153 
0.404970639331 0.402437210055 0.61418331815 0.820079273657 
0.609499079854 0.61280371272 0.681143061896 0.46503856452 
0.413502459088 0.68671892319 0.696845785206 0.500270306924 
0.459112030827 0.792350369165 0.731058688828 0.308673157291 
0.798044464908 0.682679017323 0.814852441087 0.174891950575 
0.447493957182 0.536275180526 0.810789088487 0.258393796946 
0.39028431872 0.551733733238 0.805053959235 0.240505789489 
0.382688265867 0.586520612224 0.501950743102 0.809341699064 
0.375922002745 0.605066480863 0.818362561426 0.110628837357 
0.372106324186 0.397273979632 0.864731822854 0.290492154945 
0.404970639331 0.402437210055 0.61418331815 0.820079273657 
0.35360945833 0.385949689083 0.889093222146 0.30673484601 
0.718751051177 0.685003546744 0.584971515864 0.770144943025 
0.440860241649 0.579607409899 0.591341213324 0.627038569808 
0.462696124221 0.764049118813 0.721436008923 0.293829710113 
0.404457752251 0.412805046012 0.598271224615 0.752639641774 
0.40108501416 0.386679022161 0.900843804723 0.106436195011 
0.373524802606 0.788933829273 0.753453939258 0.294738954007 
0.374778095706 0.690608073146 0.790332450816 0.221079688716 
0.435890723167 0.585730149193 0.680870952193 0.63971166724 
0.35360945833 0.385949689083 0.889093222146 0.30673484601 
0.439408176804 0.673857562974 0.596571995372 0.513585424586 
0.447493957182 0.536275180526 0.810789088487 0.258393796946 
0.44712618259 0.534873434548 0.803682397163 0.276245389614 
0.450607926651 0.848614067398 0.749992042519 0.338525117631 
0.404457752251 0.412805046012 0.598271224615 0.752639641774 
0.373733857785 0.784231669108 0.751786212363 0.625658675379 
