0.314892788642 0.38523866525 0.833676602033 0.372445824698 
0.326883309619 0.398159654331 0.718353275071 0.477540128022 
0.327883455974 0.386516333197 0.743093174105 0.47450273221 
0.338257905921 0.410053127091 0.703872277481 0.66256527759 
0.331926014637 0.379812584425 0.758159492266 0.508014357326 
0.340067722925 0.372438538919 0.912977068495 0.369383603187 
0.546668991051 0.605493473987 0.728208997962 0.451628195796 
0.326711503861 0.397860466182 0.718723799968 0.478139722489 
0.421944133417 0.818837383553 0.720556618307 0.123684250227 
0.332908615363 0.375669291601 0.763272481097 0.51592717534 
0.338079270565 0.305935379336 0.832576044325 0.613953593161 
0.321901683407 0.297525545259 0.365609562549 0.890618364173 
0.547921026681 0.716017453015 0.650849526195 0.886978326132 
0.340067722925 0.372438538919 0.912977068495 0.369383603187 
0.331926014637 0.379812584425 0.758159492266 0.508014357326 
0.649756102392 0.836829729284 0.710770496377 0.156093400014 
0.321901683407 0.297525545259 0.365609562549 0.890618364173 
0.471574887288 0.821066065042 0.736382098205 0.0624520323942 
0.334248748327 0.370581612161 0.769543729858 0.525674097881 
0.475732030517 0.568495587891 0.689423572286 0.451686938694 
0.337992443268 0.376759474265 0.904719364625 0.363091970894 
0.445645349165 0.787452627537 0.827562034978 0.210617657662 
0.328757358042 0.399122944009 0.734204937281 0.471382506883 
0.326883309619 0.398159654331 0.718353275071 0.477540128022 
0.294218300403 0.343595957594 0.784334806047 0.587818559327 
0.340067722925 0.372438538919 0.912977068495 0.369383603187 
0.327304698342 0.405602376239 0.850243722296 0.321925815596 
0.329438434379 0.313957658223 0.811046905395 0.634093445629 
0.331926014637 0.379812584425 0.758159492266 0.508014357326 
0.602193729844 0.715670823482 0.794058569048 0.111819515 
0.33199755922 0.379495978564 0.758550421898 0.508618254125 
0.323945458408 0.380404270743 0.750339206267 0.485433619744 
0.421695584827 0.854329968025 0.72666465504 0.129993335832 
0.327064435738 0.406520844281 0.848523705426 0.320636898479 
0.326529711293 0.399349547099 0.73105858649 0.726191916485 
0.328895589738 0.397791587833 0.735865811634 0.473897453925 
0.364931190401 0.965513272562 0.721736113019 0.0475092700147 
0.329587059699 0.392366285994 0.742616990928 0.484159839359 
0.594920749596 0.80217186425 0.725733451227 0.330380842532 
0.326711503861 0.397860466182 0.718723799968 0.478139722489 
0.15106907477 0.843987908591 0.843869874828 0.130872707293 
0.375360336491 0.807793500996 0.710879459172 0.376982434478 
0.338902778243 0.374834999916 0.908393656888 0.365889959576 
0.30971212963 0.36897641759 0.753983570359 0.536283918643 
0.332193439912 0.378642187782 0.759604443846 0.510247394043 
0.326883309619 0.398159654331 0.718353275071 0.477540128022 
0.403670924546 0.83821193604 0.725120647033 0.329043640343 
0.602193729844 0.715670823482 0.794058569048 0.111819515 
0.328568058393 0.401135449893 0.858618940447 0.328212268468 
0.332908615363 0.375669291601 0.763272481097 0.51592717534 
0.329240644984 0.394886422101 0.739484146754 0.479389842825 
0.346639234231 0.336386701984 0.811661127312 0.592188208984 
0.352638893136 0.349853970784 0.956635467658 0.402831793145 
0.333786986024 0.372274000189 0.767458352338 0.522427976691 
0.328470319259 0.402420556651 0.730083080306 0.46515813889 
0.327064435738 0.406520844281 0.848523705426 0.320636898479 
0.332908615363 0.375669291601 0.763272481097 0.51592717534 
0.421944133417 0.818837383553 0.720556618307 0.123684250227 
0.617066356651 0.746696998512 0.722010548854 0.031378318968 
0.325870153185 0.280975411709 0.363957990149 0.988766587807 
0.326803084005 0.342380125899 0.780323730486 0.580939784025 
0.196106117376 0.801003811075 0.816788241353 0.120476032139 
0.47214337396 0.617259534471 0.802410360767 0.389181627307 
0.334840450846 0.338368185117 0.897642281015 0.431842567421 
0.318613846884 0.392828009091 0.748167643988 0.7665698558 
0.32787241494 0.381524387345 0.748781881246 0.483077931872 
0.326077391873 0.410613094151 0.840867410775 0.31490867949 
0.349425098338 0.330227939044 0.819265623882 0.604370116905 
0.327325669926 0.405523411196 0.850391630877 0.322036687279 
0.341621025392 0.980696024556 0.70147286041 0.454829682707 
0.308376891247 0.366758836846 0.756655320313 0.540769996926 
0.326806733767 0.407536208891 0.846622967157 0.319213420169 
0.325870153185 0.280975411709 0.363957990149 0.988766587807 
0.331926014637 0.379812584425 0.758159492266 0.508014357326 
0.304910726794 0.548653361362 0.730135319571 0.50293667498 
0.196363514995 0.800749988278 0.816630387206 0.120415677177 
0.332735576379 0.376369518507 0.762408792006 0.51458836458 
0.304098959241 0.359695375056 0.765138042333 0.555080471675 
0.564622187727 0.603636571114 0.833315367668 0.421856913855 
0.399992425901 0.720628346983 0.650342620162 0.511063828944 
0.329435852118 0.393428099909 0.741297655513 0.482149423873 
0.33931354001 0.354697558897 0.78909952411 0.556342584853 
0.619462788083 0.644404812608 0.803120569108 0.337637741716 
0.331926014637 0.379812584425 0.758159492266 0.508014357326 
0.33294612791 0.375449063136 0.766227055367 0.509101439796 
0.345034329325 0.362904272735 0.931303094899 0.383387835894 
0.32787241494 0.381524387345 0.748781881246 0.483077931872 
0.349425098338 0.330227939044 0.819265623882 0.604370116905 
0.333803718345 0.372211650239 0.767535192063 0.522547499071 
0.42166918694 0.856084025304 0.726961568457 0.130306965588 
0.337622098004 0.377556469111 0.90319935154 0.361935187757 
0.895390050944 0.919223692371 0.705817199818 0.406873695942 
0.32863974486 0.400366714475 0.732651680351 0.46903407287 
0.546089242678 0.634029212985 0.681012797122 0.754631393675 
0.346159409137 0.338105951111 0.801308718622 0.615206334782 
0.349425098338 0.330227939044 0.819265623882 0.604370116905 
0.330158382612 0.30834273895 0.817071460636 0.644632979636 
0.321321344149 0.395008089721 0.742402939285 0.752939077844 
0.420993204631 0.887433187901 0.732197679077 0.135940125832 
0.420756877084 0.895604672175 0.733541977616 0.137416901867 
