0.492303929064 0.538167589525 0.919166503456 0.287724819926 
0.450732202149 0.620120096394 0.623219132234 0.685544363843 
0.447408011105 0.629746034442 0.627121385111 0.705871126639 
0.783352470569 0.650245605511 0.817312595015 0.438966994283 
0.357404177828 0.330892580765 0.928232170756 0.272887871222 
0.492470859308 0.536795104859 0.901639640485 0.277736539672 
0.353206252427 0.757945199445 0.704579190381 0.511919187746 
0.479852733103 0.59571560442 0.662741995899 0.766168762583 
0.45087054443 0.410331624824 0.438332387686 0.905877068435 
0.846327985072 0.884924824224 0.734203526173 0.223907491752 
0.610924510875 0.562753823482 0.800915213636 0.560996605073 
0.467657099845 0.435163174637 0.720593716331 0.606764431129 
0.410907571485 0.863087183786 0.749801616356 0.116205019668 
0.493276177232 0.87385578361 0.695830223769 0.414360583159 
0.569554754486 0.519147063837 0.602651828815 0.843976510448 
0.447408011105 0.629746034442 0.627121385111 0.705871126639 
0.594160381169 0.502491029777 0.602651828815 0.843976510448 
0.381025653116 0.874862524015 0.783264597029 0.227932657188 
0.400627715215 0.881427784129 0.752606399121 0.119163162581 
0.394672114053 0.852162704236 0.776820624485 0.220361002554 
0.450732202149 0.620120096394 0.623219132234 0.685544363843 
0.839090992857 0.666898971221 0.899425677424 0.0292020705317 
0.54777663204 0.758185572338 0.784580868695 0.111152191352 
0.329999615649 0.99472254424 0.769046998766 0.138160297761 
0.376732228424 0.921883341424 0.758636604496 0.125806845242 
0.380165270741 0.876266432914 0.783662644188 0.228403961342 
0.394672114053 0.852162704236 0.776820624485 0.220361002554 
0.518733856143 0.573270589509 0.785458081658 0.504236795405 
0.492470859308 0.536795104859 0.901639640485 0.277736539672 
0.361232711924 0.333638072095 0.924137492973 0.270484584077 
0.910900336865 0.740680210256 0.696148427574 0.41734975253 
0.50124554361 0.82542396288 0.692599739771 0.386898654993 
0.816754296325 0.652069926064 0.872630047002 0.2964804077 
0.326055826271 1.00058356534 0.769863818756 0.13917509687 
0.394340421342 0.852724757134 0.776980379374 0.220547353639 
0.405233248991 0.690721506147 0.776092512185 0.384437850421 
0.726596015742 0.876775808135 0.748194735444 0.149916028211 
0.509653133382 0.513675939475 0.922888420045 0.377375245196 
0.455502995645 0.848242793668 0.77532452289 0.218619285856 
0.489828914504 0.892680987535 0.696956692098 0.425202780563 
0.389257590905 0.80156140709 0.792072909495 0.11683586075 
0.839090992857 0.666898971221 0.899425677424 0.0292020705317 
0.79319691615 0.825281924658 0.697009712933 0.425731460288 
0.668128167879 0.613754445318 0.585838387481 0.678692070032 
0.594160381169 0.502491029777 0.602651828815 0.843976510448 
0.54777663204 0.758185572338 0.784580868695 0.111152191352 
0.330205788292 0.819947985721 0.762150192483 0.531872580967 
0.706353234627 0.568089497032 0.760433066402 0.530779295362 
0.45087054443 0.410331624824 0.438332387686 0.905877068435 
0.35441123951 0.91702998519 0.795201976704 0.242236819029 
0.561267517811 0.6330465282 0.720138428062 0.660195594543 
0.413377562158 0.679663105529 0.767962620942 0.373753462694 
0.49602610085 0.858048826377 0.694831122697 0.405328028157 
0.392103770497 0.712778929785 0.691351056991 0.46671394537 
0.449747566603 0.623008626732 0.624390508617 0.691631098133 
0.492262214716 0.538551283082 0.924088058233 0.290530839195 
0.450732202149 0.620120096394 0.623219132234 0.685544363843 
0.490393801092 0.889662232955 0.696780490858 0.423458051598 
0.420365528992 0.699123080335 0.714118786028 0.418700631036 
0.467657099845 0.435163174637 0.720593716331 0.606764431129 
0.49057948736 0.533221813876 0.900779179805 0.362409630067 
0.655512514393 0.627688266113 0.774183110027 0.593134698775 
0.389993635468 0.743499114313 0.731595028912 0.458983744689 
0.367401944413 0.896756139363 0.789466780597 0.235321646214 
0.385287634236 0.80719228296 0.794295471148 0.117943975882 
0.449747566603 0.623008626732 0.624390508617 0.691631098133 
0.454287957791 0.851881812355 0.776324807048 0.219783092808 
0.460888236399 0.538969840866 0.880017520798 0.265425337581 
0.447408011105 0.629746034442 0.627121385111 0.705871126639 
0.363848338553 0.942675948156 0.761661623075 0.129283188107 
0.312442473464 0.800622041622 0.717165505209 0.556797173514 
0.356688823116 0.913514032424 0.794207806164 0.241032659798 
0.702183259935 0.630986973995 0.585539348758 0.738689755054 
0.518733856143 0.573270589509 0.785458081658 0.504236795405 
0.410907571485 0.863087183786 0.749801616356 0.116205019668 
0.737840038883 0.571274283475 0.955195909705 0.128925675829 
0.496072519736 0.857775005222 0.694813365535 0.40517214349 
0.385891994245 0.797835210239 0.784995246661 0.211583709874 
0.447408011105 0.629746034442 0.627121385111 0.705871126639 
0.588151853494 0.646792785722 0.943503551236 0.126045640195 
0.720178470389 0.778085482181 0.769563744215 0.211972731882 
0.46775497326 0.80978608451 0.764683104343 0.206419515439 
0.485109597722 0.917046535942 0.698320491789 0.439368432672 
0.492470859308 0.536795104859 0.901639640485 0.277736539672 
0.326055826271 1.00058356534 0.769863818756 0.13917509687 
0.414091182556 0.741174999331 0.730108802606 0.45551273652 
0.49244220433 0.537014944982 0.904438550915 0.279331088943 
0.576311264909 0.658681668995 0.955041485595 0.142479797095 
0.467657099845 0.435163174637 0.720593716331 0.606764431129 
0.490876672583 0.992887338809 0.738419261264 0.132454931406 
0.637401734255 0.87290055049 0.741499511409 0.307603588175 
0.333536743518 0.875785676165 0.821573765439 0.131783090221 
0.48899334213 0.563755479755 0.8392741435 0.388318440412 
0.38214163644 0.724888745514 0.694892330089 0.478598171989 
0.485109597722 0.917046535942 0.698320491789 0.439368432672 
0.640959265577 0.966647887624 0.735434067387 0.228971557345 
0.41492671378 0.739736204473 0.729554247532 0.454219617189 
0.492391132139 0.537421769032 0.909626756062 0.282287345306 
0.393173854476 0.854697183877 0.777540923552 0.221201776864 
0.388484023197 0.902328261898 0.75574708773 0.122575358967 
