0.368088739797 0.456971417396 0.81379856966 0.561985800234 
0.349489300411 0.640119056932 0.84187523861 0.0121977900052 
0.339281846557 0.542139552811 0.526581960429 0.820480909783 
0.559133250278 0.775156736452 0.70846354748 0.482293078698 
0.433523406307 0.481219374815 0.658772344389 0.791294080349 
0.300107786634 0.698587024464 0.800525308729 0.543391150205 
0.505291751244 0.549183332628 0.849556371614 0.0146233963591 
0.32438998868 0.673679067425 0.772086500453 0.499374819599 
0.394852383994 0.880143298628 0.739141385719 0.100225552308 
0.367729664547 0.438756529856 0.882337161814 0.365738601313 
0.481996236103 0.523205684143 0.530331978342 0.859062780542 
0.270701935392 0.727068506897 0.833935080373 0.595214752232 
0.277214753602 0.72512755913 0.672761047272 0.640062512042 
0.346754719102 0.535283335298 0.522463957402 0.778447982079 
0.830221125423 0.769912938702 0.713331035049 0.476153797256 
0.509767747905 0.548704310634 0.863847135427 0.0150988476017 
0.368088739797 0.456971417396 0.81379856966 0.561985800234 
0.328017774375 0.803227202971 0.702298137559 0.332567753801 
0.333186378707 0.58516019299 0.902037555903 0.016370998099 
0.460471361986 0.498604896909 0.765594724437 0.669360959934 
0.343939624783 0.951442165539 0.753834513627 0.109005772902 
0.305936650577 0.678134304088 0.927689691355 0.0147344939444 
0.436986030992 0.479116372751 0.688791535603 0.887773765402 
0.689421765174 0.656378124082 0.751168315753 0.736624028242 
0.367466527956 0.459589298722 0.807472630993 0.553066775541 
0.283776504124 0.696219238958 0.97057609949 0.0160022456227 
0.302984107419 0.835365114511 0.706487471078 0.350448238789 
0.744714061595 0.695380632123 0.762181586177 0.510958173649 
0.361648145899 0.410628194507 0.932302785287 0.405706566215 
0.736954952494 0.878005307058 0.841321027944 0.282401338747 
0.367830989287 0.457719175727 0.833859034105 0.520617321789 
0.531825830085 0.546579040586 0.941959758575 0.0177028605112 
0.368088739797 0.456971417396 0.81379856966 0.561985800234 
0.312039543171 0.806085410836 0.747297627366 0.329795216136 
0.432929849119 0.481563730412 0.654329474222 0.777040682503 
0.328017774375 0.803227202971 0.702298137559 0.332567753801 
0.368088739797 0.456971417396 0.81379856966 0.561985800234 
0.64841752772 0.619858703903 0.79706583677 0.538031484451 
0.567368134323 0.762384525289 0.760124397118 0.552994154394 
0.368088739797 0.456971417396 0.81379856966 0.561985800234 
0.338090046328 0.651010858552 0.865712453611 0.0129024210602 
0.339281846557 0.542139552811 0.526581960429 0.820480909783 
0.530561594646 0.546686785456 0.937140133226 0.0175419756592 
0.368779974747 0.454423182732 0.819971165761 0.570705359048 
0.368088739797 0.456971417396 0.81379856966 0.561985800234 
0.589940208567 0.71315433026 0.67902646321 0.6663368686 
0.372956046271 0.442739736977 0.848502764863 0.611206486579 
0.283776504124 0.696219238958 0.97057609949 0.0160022456227 
0.433523406307 0.481219374815 0.658772344389 0.791294080349 
0.287615356241 0.853869359495 0.708792542023 0.361022976251 
0.464526078208 0.93438876671 0.741406868905 0.00111400824495 
0.346318316486 0.538214030098 0.524023643186 0.794323545474 
0.486610456233 0.550849027486 0.919085883925 0.176470698767 
0.338090046328 0.651010858552 0.865712453611 0.0129024210602 
0.77069050006 0.707299203697 0.751024425886 0.336536864537 
0.586473625159 0.705201587255 0.679820871713 0.604814407296 
0.370795787446 0.448227984704 0.835049050098 0.592070209536 
0.433523406307 0.481219374815 0.658772344389 0.791294080349 
0.32438998868 0.673679067425 0.772086500453 0.499374819599 
0.436986030992 0.479116372751 0.688791535603 0.887773765402 
0.36827708458 0.456037158715 0.837931463984 0.525687092175 
0.370393616151 0.449358479275 0.832289503521 0.588153353371 
0.321586083949 0.824684784971 0.75481974018 0.292841852882 
0.464526078208 0.93438876671 0.741406868905 0.00111400824495 
0.567368134323 0.762384525289 0.760124397118 0.552994154394 
0.306583702666 0.830908683253 0.705921134916 0.347932024663 
0.830221125423 0.769912938702 0.713331035049 0.476153797256 
0.963174387695 0.855550263723 0.781454754507 0.144714692277 
0.328017774375 0.803227202971 0.702298137559 0.332567753801 
0.52117554336 0.547545732815 0.902652140036 0.0163914870106 
0.371118573857 0.44734953516 0.83719602313 0.595119581077 
0.37099980725 0.447669938054 0.836412668866 0.594006773351 
0.306352055201 0.67779125564 0.926887286435 0.0147107743836 
0.309635242989 0.675074069314 0.920547243226 0.0145233590959 
0.490282419978 0.556494547492 0.877859583428 0.474499314606 
0.461290010551 0.49812348726 0.771972378388 0.681333774364 
0.283776504124 0.696219238958 0.97057609949 0.0160022456227 
0.433555933708 0.481200364893 0.659021082676 0.792092288857 
0.433335227967 0.481329068431 0.657344221949 0.786711636465 
0.37099980725 0.447669938054 0.836412668866 0.594006773351 
0.300107786634 0.698587024464 0.800525308729 0.543391150205 
0.368088739797 0.456971417396 0.81379856966 0.561985800234 
0.494598508788 0.521177992835 0.583149248113 0.882558117041 
0.328017774375 0.803227202971 0.702298137559 0.332567753801 
0.512841765958 0.548382163409 0.873966319261 0.0154357146668 
0.303401430502 0.691640215493 0.691219772367 0.607810386918 
0.433523406307 0.481219374815 0.658772344389 0.791294080349 
0.519515516501 0.539359472125 0.90081244695 0.324269721718 
0.464526078208 0.93438876671 0.741406868905 0.00111400824495 
0.531825830085 0.546579040586 0.941959758575 0.0177028605112 
0.602422495092 0.593695429584 0.588223226925 0.771683687463 
0.535629097717 0.546267435695 0.956704610851 0.0181952079425 
0.310709767776 0.839946980201 0.759526318682 0.30045526193 
0.328017774375 0.803227202971 0.702298137559 0.332567753801 
0.300107786634 0.698587024464 0.800525308729 0.543391150205 
0.718445032625 0.799877382169 0.763938150549 0.353435302524 
0.337613909104 0.651422384853 0.866628796407 0.012929508355 
0.776392585275 0.742115519208 0.720978381089 0.525628517126 
0.446029826869 0.834769360533 0.676237294152 0.497341288404 
0.327532620615 0.660058202599 0.886037767993 0.0135032432023 
