0.588922518975 0.565030785193 0.698444938579 0.704807336738 
0.463609338761 0.579461969501 0.798635754887 0.651741813659 
0.502091819852 0.853787083227 0.680017954779 0.607637296917 
0.499296059698 0.88802637486 0.684547012956 0.641945941854 
0.588922518975 0.565030785193 0.698444938579 0.704807336738 
0.588922518975 0.565030785193 0.698444938579 0.704807336738 
0.499977624771 0.708447717311 0.649354340696 0.858783624531 
0.856136557243 0.699725194046 0.680390410388 0.725832180426 
0.501596809776 0.860221518156 0.680880856976 0.614054735392 
0.514234116733 0.56945782356 0.93056651169 0.260595871599 
0.442012609343 0.42432400454 0.940189639251 0.258750493707 
0.512482947789 0.927860980551 0.812232221493 0.159849013585 
0.538697725198 0.508641693725 0.495577090468 0.940087781857 
0.469597410001 0.471464667974 0.831573709299 0.610118471665 
0.555340220138 0.718481598686 0.867817522374 0.530621198887 
0.358775257085 0.783866832363 0.854423169917 0.0330801899539 
0.49018743536 1.00837755582 0.726412309041 0.317581863788 
0.467680412348 0.862567323302 0.729617335665 0.480603616866 
0.588922518975 0.565030785193 0.698444938579 0.704807336738 
0.81033051243 0.677083805185 0.75604295526 0.254424011234 
0.349209117267 0.669105893837 0.803559521358 0.635070708581 
0.588922518975 0.565030785193 0.698444938579 0.704807336738 
0.529091401914 0.903796808745 0.767093810551 0.430515305414 
0.349775021772 0.668594160158 0.802867432922 0.633837591307 
0.44227438021 0.428276811896 0.931074971922 0.254173055368 
0.459666345526 0.600440420126 0.854345325079 0.747981227682 
0.379128795885 0.696616721571 0.749489973236 0.554568804534 
0.588922518975 0.565030785193 0.698444938579 0.704807336738 
0.538697725198 0.508641693725 0.495577090468 0.940087781857 
0.442012609343 0.42432400454 0.940189639251 0.258750493707 
0.49018743536 1.00837755582 0.726412309041 0.317581863788 
0.538697725198 0.508641693725 0.495577090468 0.940087781857 
0.535677390277 0.968448548042 0.801133354302 0.281813958145 
0.345747613611 0.672225229122 0.807787079034 0.642603827581 
0.49018743536 1.00837755582 0.726412309041 0.317581863788 
0.588922518975 0.565030785193 0.698444938579 0.704807336738 
0.555340220138 0.718481598686 0.867817522374 0.530621198887 
0.824134599621 0.751566655282 0.705428620749 0.641846353433 
0.632592495164 0.606256399684 0.772999646517 0.580656969993 
0.528788633747 0.944758664821 0.778159503233 0.456651686812 
0.463609338761 0.579461969501 0.798635754887 0.651741813659 
0.360149750011 0.718931161208 0.766774813704 0.590026254526 
0.48799316505 1.02174920001 0.727299161009 0.322859962815 
0.503141612078 0.839426412467 0.678070560136 0.593367061423 
0.497607031859 0.906794196912 0.686969426819 0.660911455902 
0.694802063964 0.786589349832 0.768225904817 0.429178625837 
0.535691228731 0.966815587272 0.800692773874 0.281203467438 
0.456582701012 0.569818198295 0.778699984284 0.858407355214 
0.460277447912 0.597152923624 0.845592423613 0.732859834242 
0.459666345526 0.600440420126 0.854345325079 0.747981227682 
0.588922518975 0.565030785193 0.698444938579 0.704807336738 
0.528948631802 0.929247919273 0.77398343778 0.446730580671 
0.535204073289 1.00650777186 0.81135569883 0.296090854888 
0.933162723047 0.855998128594 0.724352600658 0.305878250575 
0.48799316505 1.02174920001 0.727299161009 0.322859962815 
0.458228290583 0.5610043801 0.755257124816 0.802002269185 
0.49018743536 1.00837755582 0.726412309041 0.317581863788 
0.53529692353 1.00051475141 0.809751587436 0.293836775913 
0.463609338761 0.579461969501 0.798635754887 0.651741813659 
0.882367448403 0.703363400426 0.784081732721 0.140580040983 
0.468196921024 0.61216487717 0.714231197166 0.747963032506 
0.529091401914 0.903796808745 0.767093810551 0.430515305414 
0.462367489117 1.16169327206 0.735535870625 0.37928505343 
0.73479726473 0.6756885567 0.90539069273 0.318383911421 
0.83979576715 0.767789219296 0.831511007174 0.154780080065 
0.462476177994 0.585431636713 0.814450675254 0.679061451878 
0.488815867579 1.01677324967 0.726971583159 0.320893284482 
0.345747613611 0.672225229122 0.807787079034 0.642603827581 
0.468196921024 0.61216487717 0.714231197166 0.747963032506 
0.46043527119 0.535867750246 0.499222090182 0.976509678755 
0.528857998326 0.938641390842 0.776514432021 0.452735498371 
0.514752671882 0.825076413255 0.710608825993 0.62856047366 
0.528307578923 0.976437040561 0.786641639101 0.476999627923 
0.588922518975 0.565030785193 0.698444938579 0.704807336738 
0.486999796695 0.672711642749 0.799905424666 0.62856047366 
0.460277447912 0.597152923624 0.845592423613 0.732859834242 
0.588922518975 0.565030785193 0.698444938579 0.704807336738 
0.463544193325 0.579803762778 0.799540303774 0.653304362011 
0.468196921024 0.61216487717 0.714231197166 0.747963032506 
0.470354731065 0.627546980091 0.784792223082 0.651741813659 
0.466120731348 0.630796054431 0.736247170744 0.808203585102 
0.535677390277 0.968448548042 0.801133354302 0.281813958145 
0.460132173061 0.597933332202 0.84766957274 0.736448271526 
0.459769579712 0.727450931082 0.635111410719 0.724263762896 
0.349775021772 0.668594160158 0.802867432922 0.633837591307 
0.469043315224 0.604081312843 0.704693342584 0.721884554673 
0.528788633747 0.944758664821 0.778159503233 0.456651686812 
0.461663471724 0.589743763118 0.825894519596 0.698830739054 
0.535823172583 0.944225274633 0.794579219217 0.272776437657 
0.588922518975 0.565030785193 0.698444938579 0.704807336738 
0.694802063964 0.786589349832 0.768225904817 0.429178625837 
0.458228290583 0.5610043801 0.755257124816 0.802002269185 
0.462035812094 0.587765092858 0.82064140076 0.68975590518 
0.463792456194 0.63024484996 0.927216107031 0.558111715114 
0.463609338761 0.579461969501 0.798635754887 0.651741813659 
0.469043315224 0.604081312843 0.704693342584 0.721884554673 
0.780591981714 0.703089596363 0.744897525687 0.647686312573 
0.44227438021 0.428276811896 0.931074971922 0.254173055368 
0.50488058685 1.01706766337 0.813640773821 0.299310188718 
0.491392336496 1.0008919764 0.725906507476 0.314636787185 
