0.439129781262 0.445982783295 0.70718929597 0.693069041346 
0.402824108999 0.471805667537 0.920951026916 0.170510278501 
0.288772899512 0.294621774659 0.813781264497 0.678391387972 
0.455388018446 0.469070076926 0.849948023541 0.454254544516 
0.487374278945 0.724526282055 0.768433449857 0.642369760802 
0.550164620503 0.664268758653 0.854402146987 0.256129904339 
0.603944265733 0.536863502249 0.82044254007 0.524546289872 
0.419835626348 0.6387610429 0.83235934201 0.498962010352 
0.455427938822 0.469163775048 0.849428896744 0.453681630545 
0.487374278945 0.724526282055 0.768433449857 0.642369760802 
0.299901750558 0.302821357875 0.805419888705 0.660183849469 
0.456458564189 0.488345217523 0.524556137076 0.911768829878 
0.341700892548 0.345099609044 0.962634294678 0.133049221023 
0.463333233681 0.480352574224 0.919712586844 0.170565019473 
0.81922093051 0.699963704843 0.771132482332 0.33816663774 
0.300195117586 0.30304042464 0.805197187211 0.659701346975 
0.402824108999 0.471805667537 0.920951026916 0.170510278501 
0.329681489075 0.694387901098 0.870340302375 0.266890287857 
0.402824108999 0.471805667537 0.920951026916 0.170510278501 
0.58993980333 0.521746164658 0.786495889006 0.645032914343 
0.455427938822 0.469163775048 0.849428896744 0.453681630545 
0.568242266019 0.694812573573 0.877056891239 0.231645926842 
0.345777102713 0.22839798143 0.958696979548 0.175649939177 
0.694868927217 0.927665592398 0.760372032054 0.0448033627846 
0.69060234601 0.602441219332 0.780711062242 0.369794197476 
0.50856228508 0.58560939073 0.814353934583 0.515866299677 
0.342423647614 0.345728976328 0.957210699866 0.183811826903 
0.288772899512 0.294621774659 0.813781264497 0.678391387972 
0.518163965843 0.735800267932 0.929491986191 0.00137711391849 
0.402824108999 0.471805667537 0.920951026916 0.170510278501 
0.288772899512 0.294621774659 0.813781264497 0.678391387972 
0.456458564189 0.488345217523 0.524556137076 0.911768829878 
0.317651979622 0.316375671934 0.791706638043 0.630721663256 
0.276149321696 0.285561717127 0.823079152239 0.698840188942 
0.721370763431 0.602988744812 0.914562439221 0.286392981154 
0.345962069551 0.228905810533 0.957232126437 0.188109749629 
0.329681489075 0.694387901098 0.870340302375 0.266890287857 
0.454962255232 0.468088255409 0.855396313458 0.460270016 
0.454408110668 0.466853929723 0.862267875209 0.467863706279 
0.538143838932 0.593707732238 0.76710697094 0.493301078588 
0.452256750269 0.462424028493 0.887127290719 0.495393860141 
0.524989393881 0.881156117333 0.757919134899 0.54117920134 
0.449739838669 0.461081838082 0.799592087762 0.561147967162 
0.616715030646 0.698160356455 0.80603121101 0.404360238406 
0.539378042524 0.902884630797 0.801469771994 0.176704425059 
0.343691042295 0.222183797074 0.96229280135 0.190287132887 
0.402220755617 0.468735860778 0.931976009884 0.17440811823 
0.241412639685 0.251665292675 0.971612825137 0.180840259296 
0.897252279266 0.791802400714 0.758053021962 0.043361530385 
0.515921529733 0.689839022438 0.870774723333 0.267183679076 
0.401486359481 0.463581920655 0.950438559933 0.180950098119 
0.455427938822 0.469163775048 0.849428896744 0.453681630545 
0.304006812806 0.303342703887 0.842134958171 0.534808759707 
0.452256750269 0.462424028493 0.887127290719 0.495393860141 
0.682803662955 0.634577761354 0.657975012539 0.688469582044 
0.455668891739 0.469735733098 0.846263121602 0.45018882811 
0.402401815879 0.46972932441 0.928410929756 0.173146954586 
0.404331835164 0.340987138994 1.00849522905 0.159669805297 
0.467818863458 0.581711394848 0.706806279234 0.761689546184 
0.24374138829 0.263286047929 0.846207488523 0.750547646571 
0.414994455463 0.416365491204 0.722072570099 0.808959985573 
0.411811275543 0.408942282632 0.743303585253 0.871898183267 
0.721370763431 0.602988744812 0.914562439221 0.286392981154 
0.424584582077 0.424006460556 0.626862960738 0.91378883549 
0.451201329213 0.460411644178 0.898519471485 0.508037763088 
0.452981638087 0.46386154657 0.879026937082 0.48641373082 
0.509695598148 0.699483020231 0.889334335646 0.0441511366416 
0.402824108999 0.471805667537 0.920951026916 0.170510278501 
0.402824108999 0.471805667537 0.920951026916 0.170510278501 
0.287395468867 0.293621256712 0.814804983153 0.680632650438 
0.414994455463 0.416365491204 0.722072570099 0.808959985573 
0.751555620572 0.889638944058 0.759096789417 0.0440002322584 
0.668231140489 0.885895654887 0.749706517167 0.286903775687 
0.460678203299 0.448703762798 0.827937230494 0.60546329016 
0.36904672356 0.294100529541 0.834509170692 0.522021691195 
0.412233204306 0.409929838695 0.740487024954 0.86352954892 
0.414994455463 0.416365491204 0.722072570099 0.808959985573 
0.463399658403 0.479999014952 0.931203536676 0.125093926501 
0.713681249858 0.738300424565 0.755761355049 0.543333451437 
0.528826289994 0.862262955928 0.772880324643 0.373148089206 
0.353155712645 0.247450564625 0.869868837455 0.577729112158 
0.241563044861 0.251775012147 0.971497789638 0.180793802605 
0.302203798859 0.304544592858 0.803669020292 0.656393941189 
0.288772899512 0.294621774659 0.813781264497 0.678391387972 
0.314689198091 0.314068526648 0.794031494253 0.635679998696 
0.424584582077 0.424006460556 0.626862960738 0.91378883549 
0.241563044861 0.251775012147 0.971497789638 0.180793802605 
0.245388840181 0.264388435292 0.845053904596 0.7479421391 
0.816269411103 0.727442767065 0.706980125446 0.447682935236 
0.4943854244 0.634645579935 0.839073371185 0.507958323985 
0.416942312422 0.421471380993 0.903141910772 0.318411654174 
0.241563044861 0.251775012147 0.971497789638 0.180793802605 
0.241563044861 0.251775012147 0.971497789638 0.180793802605 
0.741264045826 0.908339670186 0.73945352781 0.268176037059 
0.452256750269 0.462424028493 0.887127290719 0.495393860141 
0.624897164682 0.795014457639 0.821512791514 0.388149458292 
0.517701911979 0.512611667766 0.623739958628 0.8970078164 
0.302609309025 0.30225180395 0.843233708666 0.536538283768 
0.515081710359 0.825104298659 0.733244426411 0.57165303633 
0.42077451189 0.635858629326 0.828352009492 0.493592738945 
