0.382862685074 0.424805425305 0.704106973943 0.4822165011 
0.27950078521 0.342076169986 0.671095702844 0.725481640935 
0.366847060106 0.466576727771 0.743717310617 0.474271716444 
0.367179579697 0.394503207045 0.748222280975 0.397366814702 
0.569006584261 0.604180627981 0.773124292288 0.39425151307 
0.389329654687 0.478943858397 0.491783374989 0.85237940702 
0.405412013841 0.425196093042 0.511260280614 0.828373400651 
0.382781853603 0.524390863096 0.558448049715 0.831582185453 
0.36901847654 0.399237346485 0.413568425141 0.863349081359 
0.432267183792 0.653690821618 0.623694528955 0.568110811449 
0.272162644313 0.339019670689 0.675716088691 0.740419833263 
0.424953662679 0.52968369231 0.596076708642 0.670458136137 
0.431235231176 0.642729794612 0.608959086105 0.578708244043 
0.584423166844 0.69913099831 0.722785550671 0.431844155679 
0.552996767412 0.567839838109 0.641921567195 0.53174392042 
0.342393121356 0.331396932058 0.811284021128 0.360733986269 
0.44027469508 0.468717258802 0.783325627685 0.293255029762 
0.494361223911 0.765633634537 0.628242562244 0.557178223298 
0.367520017218 0.393604859513 0.749011201818 0.398297573364 
0.341136905696 0.328228663739 0.814203716516 0.363569846622 
0.400798778143 0.431702665387 0.555094106669 0.844293525942 
0.361275428788 0.455349499159 0.802515581627 0.555069494629 
0.376049575798 0.410804982893 0.731696033134 0.526438182987 
0.569006584261 0.604180627981 0.773124292288 0.39425151307 
0.512842607647 0.715178231336 0.827753568468 0.102318208913 
0.440102038675 0.465782292152 0.797745112739 0.304077709923 
0.377769766714 0.402849297835 0.368232044614 0.909048435041 
0.475487916871 0.85343142155 0.750399955295 0.13287948001 
0.326688950639 0.291321921263 0.847668694784 0.396674415597 
0.376564586863 0.411852504907 0.729646160141 0.523128317847 
0.422694262538 0.608982334832 0.581745406202 0.618087943601 
0.367179579697 0.394503207045 0.748222280975 0.397366814702 
0.333961976218 0.310004259823 0.830846269461 0.37989965451 
0.40730140339 0.536417501236 0.805692414855 0.305767597477 
0.505298583961 0.811272409312 0.843833046048 0.0829183346809 
0.333961976218 0.310004259823 0.830846269461 0.37989965451 
0.547831787659 0.538357814388 0.689833343013 0.625022584743 
0.35224022435 0.348636625502 0.642608997791 0.636236406183 
0.569006584261 0.604180627981 0.773124292288 0.39425151307 
0.442380756715 0.468002712409 0.810142711402 0.256951214645 
0.573336198441 0.608676229579 0.78097387859 0.369455499378 
0.420099485316 0.46832079651 0.835272511648 0.332373592124 
0.333961976218 0.310004259823 0.830846269461 0.37989965451 
0.370925279519 0.599339801411 0.868320032004 0.250040195058 
0.393217399549 0.568364937707 0.714866269405 0.453514234628 
0.377902382938 0.403929919934 0.741190431767 0.541814527797 
0.366380864282 0.393631286106 0.749458379109 0.398825486034 
0.454771572285 0.486914351175 0.871441940363 0.149948450123 
0.569006584261 0.604180627981 0.773124292288 0.39425151307 
0.333961976218 0.310004259823 0.830846269461 0.37989965451 
0.326404482932 0.290587201473 0.84832586604 0.397334887755 
0.406078503033 0.542687349899 0.840889252638 0.332144280342 
0.366847060106 0.466576727771 0.743717310617 0.474271716444 
0.338539538551 0.321656188931 0.820234671832 0.369455499378 
0.400798778143 0.431702665387 0.555094106669 0.844293525942 
0.342393121356 0.331396932058 0.811284021128 0.360733986269 
0.398479189447 0.425441716302 0.915227678522 0.117376866866 
0.444230334686 0.615484135571 0.556451186637 0.682900675083 
0.433696043625 0.468606354772 0.544836385648 0.709986918969 
0.475487916871 0.85343142155 0.750399955295 0.13287948001 
0.77176260738 0.71590991562 0.853575953532 0.0851982315966 
0.339368434947 0.323756798589 0.818310840281 0.367573987122 
0.342278897752 0.316406176179 0.667535147613 0.714052032235 
0.341642518719 0.342026380342 0.811446838843 0.474108688448 
0.441716811435 0.463890622139 0.831092673703 0.269867519099 
0.453622040907 0.731185565035 0.680289107314 0.422466839425 
0.319457154523 0.272555889843 0.864360175881 0.41356319167 
0.337153034075 0.318136011464 0.823451044312 0.3726094241 
0.271714010272 0.83566495362 0.770710050643 0.362116808948 
0.700549458471 0.783189847467 0.759593589079 0.185280708008 
0.467453332074 0.621472260624 0.703377440057 0.551975240895 
0.432267183792 0.653690821618 0.623694528955 0.568110811449 
0.334655510667 0.311775088273 0.829239837692 0.37831152743 
0.365327308357 0.464277365541 0.755958528758 0.491022331477 
0.475620695492 0.514240475886 0.629664366839 0.649641154668 
0.460530640298 0.70304967949 0.698782557233 0.359134351042 
0.376408769309 0.411535407249 0.730266899615 0.524130223294 
0.336802916021 0.317245836375 0.824262923156 0.373407166025 
0.333961976218 0.310004259823 0.830846269461 0.37989965451 
0.418070951337 0.463403336102 0.864932230799 0.354848160098 
0.340232114847 0.32594243934 0.816305465339 0.365616730986 
0.420099485316 0.46832079651 0.835272511648 0.332373592124 
0.514843493425 0.589377464946 0.529993782374 0.79830096396 
0.345302234542 0.326458120664 0.659879992607 0.689731564469 
0.406078503033 0.542687349899 0.840889252638 0.332144280342 
0.569006584261 0.604180627981 0.773124292288 0.39425151307 
0.433696043625 0.468606354772 0.544836385648 0.709986918969 
0.404886389728 0.42164801575 0.557056558044 0.732670122833 
0.552996767412 0.567839838109 0.641921567195 0.53174392042 
0.386415817236 0.46563730856 0.741919648921 0.471815469965 
0.440102038675 0.465782292152 0.797745112739 0.304077709923 
0.418869568264 0.465236842469 0.8538178825 0.346416121162 
0.367224938423 0.393005685789 0.749754026567 0.399174645154 
0.368898712824 0.399701639886 0.413912747984 0.968192650735 
0.403409067741 0.720407068329 0.656514462946 0.547893386944 
0.365327308357 0.464277365541 0.755958528758 0.491022331477 
0.420179765195 0.468536063226 0.833985084111 0.331400096622 
0.406171332557 0.542173172978 0.837987639942 0.329968594726 
0.419929906285 0.467872492926 0.83795662931 0.334403781919 
0.333961976218 0.310004259823 0.830846269461 0.37989965451 
