0.441638019929 0.692078038778 0.708790172457 0.498111054435 
0.414502895926 0.435041656783 0.363954135767 0.764317774433 
0.430905608023 0.499410489315 0.485783313641 0.693442400525 
0.406071491672 0.398979600382 0.382679226913 0.785356653142 
0.472651832098 0.465920068945 0.775964296307 0.477605959773 
0.42539412114 0.486014193956 0.196294036695 0.713741568525 
0.524204016895 0.638416113894 0.842370758475 0.179072520451 
0.362188581648 0.632261050699 0.879171371244 0.41592585304 
0.409715897595 0.419914482307 0.657037537692 0.650769328784 
0.421790474917 0.447960370895 0.939686517654 0.0388418756171 
0.504711060671 0.506445304135 0.559523164884 0.580185930991 
0.409430541844 0.370269378993 0.847425078056 0.361818308664 
0.580902201707 0.591146734361 0.805590913447 0.314207432812 
0.743929297816 0.699627923324 0.693112120698 0.275512206402 
0.713948674991 0.683751324971 0.837772485154 0.118017982766 
0.391715383345 0.488585028028 0.857103345692 0.288950577208 
0.416256696515 0.449135707792 0.762217686582 0.552865362062 
0.548697730491 0.53519568782 0.921343112918 0.0505379331999 
0.409334067105 0.822523386853 0.819790587618 0.0604134257851 
0.447505512503 0.624282807536 0.713464903575 0.523909559795 
0.452361469523 0.685014463935 0.765921754439 0.267571562369 
0.671939470808 0.775765936552 0.63937938479 0.536676521741 
0.408818710144 0.419023965097 0.42265065953 0.709635102886 
0.500493125395 0.656545078056 0.597229670008 0.666849471089 
0.548697730491 0.53519568782 0.921343112918 0.0505379331999 
0.588612880213 0.676414897364 0.749601900682 0.446493691695 
0.405873965841 0.400135865896 0.385024833456 0.740252769129 
0.713948674991 0.683751324971 0.837772485154 0.118017982766 
0.414481792285 0.391139022811 0.836525345502 0.317536824365 
0.390364354512 0.406806235817 0.689968635428 0.743359359117 
0.406071491672 0.398979600382 0.382679226913 0.785356653142 
0.393909056254 0.656799260789 0.839222851218 0.145502161145 
0.398706130421 0.869086493207 0.727256764848 0.334085150768 
0.580902201707 0.591146734361 0.805590913447 0.314207432812 
0.406034908291 0.399193924649 0.383114679321 0.776983259866 
0.333683012506 0.697779660349 0.863882728831 0.0475953787337 
0.580902201707 0.591146734361 0.805590913447 0.314207432812 
0.42182375932 0.448034861389 0.939488575446 0.0388271147543 
0.409715897595 0.419914482307 0.657037537692 0.650769328784 
0.536607372471 0.536014826358 0.87177343986 0.0456400850841 
0.413312229907 0.431458892304 0.366843715015 0.723097418785 
0.713948674991 0.683751324971 0.837772485154 0.118017982766 
0.363008735488 0.631406570072 0.87694392496 0.413910873789 
0.441638019929 0.692078038778 0.708790172457 0.498111054435 
0.413108184195 0.43085485528 0.367336824885 0.716157710072 
0.471171393681 0.462478485199 0.792158307697 0.498846725529 
0.841636401707 0.797575464079 0.788626956315 0.198206334745 
0.400809430162 0.413447245651 0.672738860232 0.694690069823 
0.442251812225 0.687859902226 0.706414710132 0.49297698263 
0.406281103714 0.397750012095 0.380175739366 0.833496974398 
0.398706130421 0.869086493207 0.727256764848 0.334085150768 
0.441638019929 0.692078038778 0.708790172457 0.498111054435 
0.556637237265 0.894099188225 0.714746470937 0.471978647819 
0.473089129146 0.467171919269 0.770292590984 0.470181415233 
0.399081493709 0.409039101054 0.375681800581 0.711828813175 
0.406079877755 0.398930459004 0.382579343461 0.787277332513 
0.387944001719 0.605268779026 0.810317380961 0.353643823659 
0.432162146041 0.561308199208 0.606402207007 0.573558321718 
0.498649817171 0.674265180028 0.829876942952 0.344925934878 
0.308907980615 0.719752767145 0.896184397706 0.0512287184351 
0.713948674991 0.683751324971 0.837772485154 0.118017982766 
0.45184485464 0.688917520702 0.768864646781 0.270196669698 
0.406241511413 0.397982467762 0.380649678175 0.824383423679 
0.455888947848 0.279973779905 0.346855424151 0.888965641953 
0.414166416182 0.425551727729 0.438291887792 0.700605336803 
0.386380448765 0.900640837326 0.73365015793 0.349414320872 
0.398832409355 0.409391248722 0.372006252758 0.764796997483 
0.448466385671 0.6025073131 0.691855518403 0.482127437514 
0.437949656178 0.327941517241 0.951442705171 0.125145028493 
0.390205244614 0.47793921633 0.896214510754 0.31431291218 
0.625373990995 0.635587637565 0.737715016001 0.427356866381 
0.42793449854 0.76624532846 0.790096401831 0.0546887580318 
0.414502895926 0.435041656783 0.363954135767 0.764317774433 
0.409715897595 0.419914482307 0.657037537692 0.650769328784 
0.677363751672 0.783118159583 0.643835810667 0.525067813394 
0.436006008178 0.727682484541 0.728839769711 0.541665202742 
0.386380448765 0.900640837326 0.73365015793 0.349414320872 
0.685250364918 0.598974845404 0.701201896032 0.530968091609 
0.406556343718 0.396131366599 0.376868202584 0.897099293431 
0.677363751672 0.783118159583 0.643835810667 0.525067813394 
0.405758905351 0.400808375336 0.386384642396 0.714105134045 
0.405195147201 0.404348908975 0.368195020212 0.711803899946 
0.439119353627 0.684196810892 0.697708268803 0.532655911637 
0.541938160074 0.535619379773 0.893003673552 0.0477366075498 
0.552978546348 0.559861373983 0.73797390134 0.505546062051 
0.373103048066 0.563221101694 0.578290008919 0.679534747889 
0.490602530129 0.749847392865 0.801417540072 0.078943951138 
0.441092653178 0.695757615188 0.710862244404 0.502594277533 
0.414388258473 0.434692523572 0.364233262269 0.76029618302 
0.54724767316 0.533993326315 0.916174543194 0.124354393458 
0.548697730491 0.53519568782 0.921343112918 0.0505379331999 
0.432859222485 0.55582172073 0.602267242581 0.558783139619 
0.451560521706 0.680109237147 0.759596451843 0.291156766658 
0.541202786542 0.535670898136 0.890016035509 0.0474414593963 
0.446898310157 0.723014545753 0.794606947348 0.293222926899 
0.406257435616 0.397888984626 0.380459116087 0.828047812998 
0.398706130421 0.869086493207 0.727256764848 0.334085150768 
0.364471690474 0.629881790089 0.87297598836 0.41032144219 
0.416874494632 0.442448196036 0.358134712171 0.8499060596 
0.415440197794 0.437928046592 0.361664459839 0.797608475209 
