1.21557371104 1.12523839872 
1.21557371104 1.12523839872 
1.21557371104 1.12523839872 
1.21557371104 1.12523839872 
1.21557371104 1.12523839872 
1.21557371104 1.12523839872 
1.21557371104 1.12523839872 
1.21557371104 1.12523839872 
1.21557371104 1.12523839872 
1.21557371104 1.12523839872 
1.21557371104 1.12523839872 
1.21557371104 1.12523839872 
1.21557371104 1.12523839872 
1.21557371104 1.12523839872 
1.21557371104 1.12523839872 
1.21557371104 1.12523839872 
1.21557371104 1.12523839872 
1.21557371104 1.12523839872 
1.21557371104 1.12523839872 
1.21557371104 1.12523839872 
1.21557371104 1.12523839872 
1.21557371104 1.12523839872 
1.21557371104 1.12523839872 
1.21557371104 1.12523839872 
1.21557371104 1.12523839872 
1.21557371104 1.12523839872 
1.21557371104 1.12523839872 
1.21557371104 1.12523839872 
1.21557371104 1.12523839872 
1.21557371104 1.12523839872 
1.20723704919 1.21083611471 
1.21557371104 1.12523839872 
1.21557371104 1.12523839872 
1.21557371104 1.12523839872 
1.21557371104 1.12523839872 
1.21557371104 1.12523839872 
1.21557371104 1.12523839872 
1.21557371104 1.12523839872 
1.21557371104 1.12523839872 
1.21557371104 1.12523839872 
1.21557371104 1.12523839872 
1.21557371104 1.12523839872 
1.21557371104 1.12523839872 
1.21557371104 1.12523839872 
1.21557371104 1.12523839872 
1.21557371104 1.12523839872 
1.21557371104 1.12523839872 
1.21557371104 1.12523839872 
1.21557371104 1.12523839872 
1.21557371104 1.12523839872 
1.21557371104 1.12523839872 
1.21557371104 1.12523839872 
1.21557371104 1.12523839872 
1.21557371104 1.12523839872 
1.21557371104 1.12523839872 
1.21557371104 1.12523839872 
1.21557371104 1.12523839872 
1.21557371104 1.12523839872 
1.21557371104 1.12523839872 
1.21557371104 1.12523839872 
1.21557371104 1.12523839872 
1.21557371104 1.12523839872 
1.21557371104 1.12523839872 
1.21557371104 1.12523839872 
1.21557371104 1.12523839872 
1.21557371104 1.12523839872 
1.21557371104 1.12523839872 
1.21557371104 1.12523839872 
1.21557371104 1.12523839872 
1.21557371104 1.12523839872 
1.21557371104 1.12523839872 
1.21557371104 1.12523839872 
1.21557371104 1.12523839872 
1.21557371104 1.12523839872 
1.21557371104 1.12523839872 
1.21557371104 1.12523839872 
1.21557371104 1.12523839872 
1.21557371104 1.12523839872 
1.21557371104 1.12523839872 
1.21557371104 1.12523839872 
1.21557371104 1.12523839872 
1.21557371104 1.12523839872 
1.21557371104 1.12523839872 
1.21557371104 1.12523839872 
1.21557371104 1.12523839872 
1.21557371104 1.12523839872 
1.21557371104 1.12523839872 
1.21557371104 1.12523839872 
1.21557371104 1.12523839872 
1.21557371104 1.12523839872 
1.21557371104 1.12523839872 
1.21557371104 1.12523839872 
1.21557371104 1.12523839872 
1.21557371104 1.12523839872 
1.21557371104 1.12523839872 
1.21557371104 1.12523839872 
1.21557371104 1.12523839872 
1.21557371104 1.12523839872 
1.21557371104 1.12523839872 
1.21557371104 1.12523839872 
