1.16998600984 1.18318074404 
1.16998600984 1.18318074404 
1.16998600984 1.18318074404 
1.16998600984 1.18318074404 
1.16998600984 1.18318074404 
1.16998600984 1.18318074404 
1.16998600984 1.18318074404 
1.16998600984 1.18318074404 
1.16998600984 1.18318074404 
1.16998600984 1.18318074404 
1.18105445461 1.10583044729 
1.16998600984 1.18318074404 
1.16998600984 1.18318074404 
1.16998600984 1.18318074404 
1.16998600984 1.18318074404 
1.18105445461 1.10583044729 
1.16998600984 1.18318074404 
1.16998600984 1.18318074404 
1.16998600984 1.18318074404 
1.16998600984 1.18318074404 
1.16998600984 1.18318074404 
1.18105445461 1.10583044729 
1.18105445461 1.10583044729 
1.16998600984 1.18318074404 
1.16998600984 1.18318074404 
1.16998600984 1.18318074404 
1.16998600984 1.18318074404 
1.16998600984 1.18318074404 
1.16998600984 1.18318074404 
1.16998600984 1.18318074404 
1.16998600984 1.18318074404 
1.16998600984 1.18318074404 
1.16998600984 1.18318074404 
1.16998600984 1.18318074404 
1.16998600984 1.18318074404 
1.16998600984 1.18318074404 
1.16998600984 1.18318074404 
1.16998600984 1.18318074404 
1.16998600984 1.18318074404 
1.16998600984 1.18318074404 
1.16998600984 1.18318074404 
1.16998600984 1.18318074404 
1.16998600984 1.18318074404 
1.16998600984 1.18318074404 
1.16998600984 1.18318074404 
1.16998600984 1.18318074404 
1.16998600984 1.18318074404 
1.16998600984 1.18318074404 
1.16998600984 1.18318074404 
1.16998600984 1.18318074404 
1.16998600984 1.18318074404 
1.18105445461 1.10583044729 
1.16998600984 1.18318074404 
1.16998600984 1.18318074404 
1.16998600984 1.18318074404 
1.16998600984 1.18318074404 
1.18105445461 1.10583044729 
1.16998600984 1.18318074404 
1.16998600984 1.18318074404 
1.16998600984 1.18318074404 
1.16998600984 1.18318074404 
1.16998600984 1.18318074404 
1.16998600984 1.18318074404 
1.16998600984 1.18318074404 
1.16998600984 1.18318074404 
1.16998600984 1.18318074404 
1.16998600984 1.18318074404 
1.18105445461 1.10583044729 
1.16998600984 1.18318074404 
1.16998600984 1.18318074404 
1.16998600984 1.18318074404 
1.16998600984 1.18318074404 
1.16998600984 1.18318074404 
1.16998600984 1.18318074404 
1.16998600984 1.18318074404 
1.16998600984 1.18318074404 
1.16998600984 1.18318074404 
1.16998600984 1.18318074404 
1.16998600984 1.18318074404 
1.16998600984 1.18318074404 
1.16998600984 1.18318074404 
1.16998600984 1.18318074404 
1.16998600984 1.18318074404 
1.16998600984 1.18318074404 
1.16998600984 1.18318074404 
1.16998600984 1.18318074404 
1.16998600984 1.18318074404 
1.16998600984 1.18318074404 
1.16998600984 1.18318074404 
1.16998600984 1.18318074404 
1.16998600984 1.18318074404 
1.16998600984 1.18318074404 
1.16998600984 1.18318074404 
1.16998600984 1.18318074404 
1.16998600984 1.18318074404 
1.16998600984 1.18318074404 
1.16998600984 1.18318074404 
1.16998600984 1.18318074404 
1.16998600984 1.18318074404 
1.16998600984 1.18318074404 
