1.2115079615 1.25100246343 
1.2115079615 1.25100246343 
1.2115079615 1.25100246343 
1.2115079615 1.25100246343 
1.2115079615 1.25100246343 
1.2115079615 1.25100246343 
1.2115079615 1.25100246343 
1.2115079615 1.25100246343 
1.2115079615 1.25100246343 
1.2115079615 1.25100246343 
1.2115079615 1.25100246343 
1.2115079615 1.25100246343 
1.2115079615 1.25100246343 
1.2115079615 1.25100246343 
1.2115079615 1.25100246343 
1.2115079615 1.25100246343 
1.2115079615 1.25100246343 
1.2115079615 1.25100246343 
1.2115079615 1.25100246343 
1.2115079615 1.25100246343 
1.2115079615 1.25100246343 
1.2115079615 1.25100246343 
1.2115079615 1.25100246343 
1.2115079615 1.25100246343 
1.2115079615 1.25100246343 
1.2115079615 1.25100246343 
1.2115079615 1.25100246343 
1.19132456106 1.25421727496 
1.2115079615 1.25100246343 
1.2115079615 1.25100246343 
1.2115079615 1.25100246343 
1.2115079615 1.25100246343 
1.2115079615 1.25100246343 
1.2115079615 1.25100246343 
1.2115079615 1.25100246343 
1.2115079615 1.25100246343 
1.2115079615 1.25100246343 
1.2115079615 1.25100246343 
1.2115079615 1.25100246343 
1.2115079615 1.25100246343 
1.2115079615 1.25100246343 
1.2115079615 1.25100246343 
1.2115079615 1.25100246343 
1.2115079615 1.25100246343 
1.2115079615 1.25100246343 
1.2115079615 1.25100246343 
1.2115079615 1.25100246343 
1.2115079615 1.25100246343 
1.2115079615 1.25100246343 
1.2115079615 1.25100246343 
1.2115079615 1.25100246343 
1.2115079615 1.25100246343 
1.2115079615 1.25100246343 
1.2115079615 1.25100246343 
1.2115079615 1.25100246343 
1.2115079615 1.25100246343 
1.2115079615 1.25100246343 
1.2115079615 1.25100246343 
1.2115079615 1.25100246343 
1.2115079615 1.25100246343 
1.2115079615 1.25100246343 
1.2115079615 1.25100246343 
1.2115079615 1.25100246343 
1.2115079615 1.25100246343 
1.2115079615 1.25100246343 
1.2115079615 1.25100246343 
1.2115079615 1.25100246343 
1.2115079615 1.25100246343 
1.2115079615 1.25100246343 
1.2115079615 1.25100246343 
1.2115079615 1.25100246343 
1.2115079615 1.25100246343 
1.2115079615 1.25100246343 
1.2115079615 1.25100246343 
1.2115079615 1.25100246343 
1.2115079615 1.25100246343 
1.2115079615 1.25100246343 
1.2115079615 1.25100246343 
1.2115079615 1.25100246343 
1.2115079615 1.25100246343 
1.2115079615 1.25100246343 
1.2115079615 1.25100246343 
1.2115079615 1.25100246343 
1.2115079615 1.25100246343 
1.2115079615 1.25100246343 
1.19132456106 1.25421727496 
1.2115079615 1.25100246343 
1.2115079615 1.25100246343 
1.2115079615 1.25100246343 
1.2115079615 1.25100246343 
1.2115079615 1.25100246343 
1.2115079615 1.25100246343 
1.2115079615 1.25100246343 
1.2115079615 1.25100246343 
1.2115079615 1.25100246343 
1.2115079615 1.25100246343 
1.2115079615 1.25100246343 
1.2115079615 1.25100246343 
1.2115079615 1.25100246343 
1.2115079615 1.25100246343 
