1.0815350036 1.10204475661 
1.0815350036 1.10204475661 
1.1026121036 0.451805968766 
1.0815350036 1.10204475661 
1.1026121036 0.451805968766 
1.1026121036 0.451805968766 
1.0815350036 1.10204475661 
1.1026121036 0.451805968766 
1.1026121036 0.451805968766 
1.1026121036 0.451805968766 
1.1026121036 0.451805968766 
1.0815350036 1.10204475661 
1.1026121036 0.451805968766 
1.0815350036 1.10204475661 
1.1026121036 0.451805968766 
1.0815350036 1.10204475661 
1.1026121036 0.451805968766 
1.1026121036 0.451805968766 
1.0815350036 1.10204475661 
1.1026121036 0.451805968766 
1.0815350036 1.10204475661 
1.1026121036 0.451805968766 
1.0815350036 1.10204475661 
1.1026121036 0.451805968766 
1.1026121036 0.451805968766 
1.1026121036 0.451805968766 
1.0815350036 1.10204475661 
1.0815350036 1.10204475661 
1.1026121036 0.451805968766 
1.1026121036 0.451805968766 
1.1026121036 0.451805968766 
1.1026121036 0.451805968766 
1.1026121036 0.451805968766 
1.0815350036 1.10204475661 
1.0815350036 1.10204475661 
1.1026121036 0.451805968766 
1.1026121036 0.451805968766 
1.1026121036 0.451805968766 
1.1026121036 0.451805968766 
1.1026121036 0.451805968766 
1.1026121036 0.451805968766 
1.1026121036 0.451805968766 
1.1026121036 0.451805968766 
1.1026121036 0.451805968766 
1.0815350036 1.10204475661 
1.1026121036 0.451805968766 
1.1026121036 0.451805968766 
1.1026121036 0.451805968766 
1.1026121036 0.451805968766 
1.1026121036 0.451805968766 
1.1026121036 0.451805968766 
1.0815350036 1.10204475661 
1.1026121036 0.451805968766 
1.1026121036 0.451805968766 
1.0815350036 1.10204475661 
1.1026121036 0.451805968766 
1.1026121036 0.451805968766 
1.0815350036 1.10204475661 
1.0815350036 1.10204475661 
1.0815350036 1.10204475661 
1.0815350036 1.10204475661 
1.0815350036 1.10204475661 
1.1026121036 0.451805968766 
1.0815350036 1.10204475661 
1.1026121036 0.451805968766 
1.1026121036 0.451805968766 
1.1026121036 0.451805968766 
1.1026121036 0.451805968766 
1.1026121036 0.451805968766 
1.1026121036 0.451805968766 
1.1026121036 0.451805968766 
1.1026121036 0.451805968766 
1.1026121036 0.451805968766 
1.0815350036 1.10204475661 
1.1026121036 0.451805968766 
1.1026121036 0.451805968766 
1.1026121036 0.451805968766 
1.1026121036 0.451805968766 
1.1026121036 0.451805968766 
1.1026121036 0.451805968766 
1.1026121036 0.451805968766 
1.1026121036 0.451805968766 
1.1026121036 0.451805968766 
1.1026121036 0.451805968766 
1.1026121036 0.451805968766 
1.0815350036 1.10204475661 
1.0815350036 1.10204475661 
1.1026121036 0.451805968766 
1.1026121036 0.451805968766 
1.1026121036 0.451805968766 
1.1026121036 0.451805968766 
1.1026121036 0.451805968766 
1.1026121036 0.451805968766 
1.1026121036 0.451805968766 
1.1026121036 0.451805968766 
1.0815350036 1.10204475661 
1.1026121036 0.451805968766 
1.0815350036 1.10204475661 
1.1026121036 0.451805968766 
1.0815350036 1.10204475661 
