1.20761214139 1.16834281784 
1.20761214139 1.16834281784 
1.2039583152 1.18793476045 
1.20761214139 1.16834281784 
1.2039583152 1.18793476045 
1.20761214139 1.16834281784 
1.20761214139 1.16834281784 
1.20761214139 1.16834281784 
1.20761214139 1.16834281784 
1.20761214139 1.16834281784 
1.20761214139 1.16834281784 
1.20761214139 1.16834281784 
1.2039583152 1.18793476045 
1.20761214139 1.16834281784 
1.20761214139 1.16834281784 
1.2039583152 1.18793476045 
1.20761214139 1.16834281784 
1.20761214139 1.16834281784 
1.2039583152 1.18793476045 
1.20761214139 1.16834281784 
1.20761214139 1.16834281784 
1.20761214139 1.16834281784 
1.2039583152 1.18793476045 
1.20761214139 1.16834281784 
1.20761214139 1.16834281784 
1.2039583152 1.18793476045 
1.20761214139 1.16834281784 
1.20761214139 1.16834281784 
1.20761214139 1.16834281784 
1.2039583152 1.18793476045 
1.20761214139 1.16834281784 
1.20761214139 1.16834281784 
1.20761214139 1.16834281784 
1.20761214139 1.16834281784 
1.20761214139 1.16834281784 
1.20761214139 1.16834281784 
1.20761214139 1.16834281784 
1.20761214139 1.16834281784 
1.20761214139 1.16834281784 
1.20761214139 1.16834281784 
1.20761214139 1.16834281784 
1.20761214139 1.16834281784 
1.20761214139 1.16834281784 
1.20761214139 1.16834281784 
1.20761214139 1.16834281784 
1.20761214139 1.16834281784 
1.2039583152 1.18793476045 
1.20761214139 1.16834281784 
1.2039583152 1.18793476045 
1.20761214139 1.16834281784 
1.2039583152 1.18793476045 
1.2039583152 1.18793476045 
1.20761214139 1.16834281784 
1.20761214139 1.16834281784 
1.20761214139 1.16834281784 
1.20761214139 1.16834281784 
1.20761214139 1.16834281784 
1.20761214139 1.16834281784 
1.2039583152 1.18793476045 
1.2039583152 1.18793476045 
1.20761214139 1.16834281784 
1.2039583152 1.18793476045 
1.20761214139 1.16834281784 
1.20761214139 1.16834281784 
1.20761214139 1.16834281784 
1.20761214139 1.16834281784 
1.20761214139 1.16834281784 
1.20761214139 1.16834281784 
1.2039583152 1.18793476045 
1.2039583152 1.18793476045 
1.2039583152 1.18793476045 
1.20761214139 1.16834281784 
1.20761214139 1.16834281784 
1.20761214139 1.16834281784 
1.20761214139 1.16834281784 
1.20761214139 1.16834281784 
1.20761214139 1.16834281784 
1.2039583152 1.18793476045 
1.2039583152 1.18793476045 
1.2039583152 1.18793476045 
1.20761214139 1.16834281784 
1.20761214139 1.16834281784 
1.2039583152 1.18793476045 
1.20761214139 1.16834281784 
1.2039583152 1.18793476045 
1.20761214139 1.16834281784 
1.20761214139 1.16834281784 
1.2039583152 1.18793476045 
1.20761214139 1.16834281784 
1.20761214139 1.16834281784 
1.20761214139 1.16834281784 
1.20761214139 1.16834281784 
1.20761214139 1.16834281784 
1.20761214139 1.16834281784 
1.20761214139 1.16834281784 
1.20761214139 1.16834281784 
1.20761214139 1.16834281784 
1.20761214139 1.16834281784 
1.2039583152 1.18793476045 
1.2039583152 1.18793476045 
