0.926662238709 1.01484842648 
0.926662238709 1.01484842648 
0.926662238709 1.01484842648 
0.955254834274 0.958304386984 
0.926662238709 1.01484842648 
0.926662238709 1.01484842648 
0.926662238709 1.01484842648 
0.926662238709 1.01484842648 
0.926662238709 1.01484842648 
0.926662238709 1.01484842648 
0.926662238709 1.01484842648 
0.955254834274 0.958304386984 
0.926662238709 1.01484842648 
0.926662238709 1.01484842648 
0.926662238709 1.01484842648 
0.955254834274 0.958304386984 
0.955254834274 0.958304386984 
0.926662238709 1.01484842648 
0.926662238709 1.01484842648 
0.926662238709 1.01484842648 
0.926662238709 1.01484842648 
0.926662238709 1.01484842648 
0.955254834274 0.958304386984 
0.926662238709 1.01484842648 
0.926662238709 1.01484842648 
0.926662238709 1.01484842648 
0.926662238709 1.01484842648 
0.955254834274 0.958304386984 
0.955254834274 0.958304386984 
0.926662238709 1.01484842648 
0.955254834274 0.958304386984 
0.926662238709 1.01484842648 
0.926662238709 1.01484842648 
0.926662238709 1.01484842648 
0.926662238709 1.01484842648 
0.926662238709 1.01484842648 
0.926662238709 1.01484842648 
0.926662238709 1.01484842648 
0.926662238709 1.01484842648 
0.926662238709 1.01484842648 
0.926662238709 1.01484842648 
0.926662238709 1.01484842648 
0.926662238709 1.01484842648 
0.955254834274 0.958304386984 
0.955254834274 0.958304386984 
0.926662238709 1.01484842648 
0.926662238709 1.01484842648 
0.926662238709 1.01484842648 
0.926662238709 1.01484842648 
0.926662238709 1.01484842648 
0.926662238709 1.01484842648 
0.926662238709 1.01484842648 
0.926662238709 1.01484842648 
0.926662238709 1.01484842648 
0.926662238709 1.01484842648 
0.926662238709 1.01484842648 
0.955254834274 0.958304386984 
0.926662238709 1.01484842648 
0.926662238709 1.01484842648 
0.926662238709 1.01484842648 
0.926662238709 1.01484842648 
0.926662238709 1.01484842648 
0.926662238709 1.01484842648 
0.926662238709 1.01484842648 
0.926662238709 1.01484842648 
0.926662238709 1.01484842648 
0.926662238709 1.01484842648 
0.926662238709 1.01484842648 
0.926662238709 1.01484842648 
0.926662238709 1.01484842648 
0.926662238709 1.01484842648 
0.926662238709 1.01484842648 
0.926662238709 1.01484842648 
0.926662238709 1.01484842648 
0.926662238709 1.01484842648 
0.926662238709 1.01484842648 
0.926662238709 1.01484842648 
0.955254834274 0.958304386984 
0.926662238709 1.01484842648 
0.926662238709 1.01484842648 
0.926662238709 1.01484842648 
0.955254834274 0.958304386984 
0.926662238709 1.01484842648 
0.955254834274 0.958304386984 
0.926662238709 1.01484842648 
0.926662238709 1.01484842648 
0.926662238709 1.01484842648 
0.926662238709 1.01484842648 
0.926662238709 1.01484842648 
0.926662238709 1.01484842648 
0.926662238709 1.01484842648 
0.926662238709 1.01484842648 
0.926662238709 1.01484842648 
0.955254834274 0.958304386984 
0.926662238709 1.01484842648 
0.926662238709 1.01484842648 
0.926662238709 1.01484842648 
0.926662238709 1.01484842648 
0.926662238709 1.01484842648 
0.926662238709 1.01484842648 
