1.16095583805 1.19502972047 
1.17259054143 1.11294185021 
1.17259054143 1.11294185021 
1.17259054143 1.11294185021 
1.17259054143 1.11294185021 
1.17259054143 1.11294185021 
1.17259054143 1.11294185021 
1.17259054143 1.11294185021 
1.16095583805 1.19502972047 
1.17259054143 1.11294185021 
1.17259054143 1.11294185021 
1.19596356177 0.0791313715284 
1.17259054143 1.11294185021 
1.17259054143 1.11294185021 
1.16095583805 1.19502972047 
1.17259054143 1.11294185021 
1.17259054143 1.11294185021 
1.16095583805 1.19502972047 
1.17259054143 1.11294185021 
1.16095583805 1.19502972047 
1.17259054143 1.11294185021 
1.17259054143 1.11294185021 
1.17259054143 1.11294185021 
1.17259054143 1.11294185021 
1.16095583805 1.19502972047 
1.17259054143 1.11294185021 
1.17259054143 1.11294185021 
1.17259054143 1.11294185021 
1.17259054143 1.11294185021 
1.17259054143 1.11294185021 
1.17259054143 1.11294185021 
1.17259054143 1.11294185021 
1.16095583805 1.19502972047 
1.17259054143 1.11294185021 
1.17259054143 1.11294185021 
1.17259054143 1.11294185021 
1.17259054143 1.11294185021 
1.17259054143 1.11294185021 
1.16095583805 1.19502972047 
1.17259054143 1.11294185021 
1.17259054143 1.11294185021 
1.17259054143 1.11294185021 
1.16095583805 1.19502972047 
1.16095583805 1.19502972047 
1.17259054143 1.11294185021 
1.17259054143 1.11294185021 
1.16095583805 1.19502972047 
1.17259054143 1.11294185021 
1.17259054143 1.11294185021 
1.16095583805 1.19502972047 
1.16095583805 1.19502972047 
1.17259054143 1.11294185021 
1.17259054143 1.11294185021 
1.16095583805 1.19502972047 
1.16095583805 1.19502972047 
1.17259054143 1.11294185021 
1.17259054143 1.11294185021 
1.17259054143 1.11294185021 
1.17259054143 1.11294185021 
1.17259054143 1.11294185021 
1.17259054143 1.11294185021 
1.16095583805 1.19502972047 
1.17259054143 1.11294185021 
1.17259054143 1.11294185021 
1.17259054143 1.11294185021 
1.17259054143 1.11294185021 
1.17259054143 1.11294185021 
1.17259054143 1.11294185021 
1.17259054143 1.11294185021 
1.17259054143 1.11294185021 
1.16095583805 1.19502972047 
1.17259054143 1.11294185021 
1.16095583805 1.19502972047 
1.17259054143 1.11294185021 
1.17259054143 1.11294185021 
1.17259054143 1.11294185021 
1.16095583805 1.19502972047 
1.17259054143 1.11294185021 
1.16095583805 1.19502972047 
1.17259054143 1.11294185021 
1.17259054143 1.11294185021 
1.17259054143 1.11294185021 
1.16095583805 1.19502972047 
1.17259054143 1.11294185021 
1.17259054143 1.11294185021 
1.17259054143 1.11294185021 
1.17259054143 1.11294185021 
1.17259054143 1.11294185021 
1.17259054143 1.11294185021 
1.17259054143 1.11294185021 
1.17259054143 1.11294185021 
1.17259054143 1.11294185021 
1.16095583805 1.19502972047 
1.16095583805 1.19502972047 
1.17259054143 1.11294185021 
1.17259054143 1.11294185021 
1.17259054143 1.11294185021 
1.17259054143 1.11294185021 
1.19596356177 0.0791313715284 
1.17259054143 1.11294185021 
