0.455894377281 0.468924383664 0.588068002285 0.627828075623 0.663687879895 0.419478112634 
0.462532728125 0.474200962177 0.445553947279 0.298748796171 0.656850133257 0.627296716009 
0.462564228339 0.476891407111 0.41927362149 0.53457004089 0.586093873819 0.506221630209 
0.462794376646 0.480926130463 0.260746532843 0.344591341026 0.854952729196 0.282716747718 
0.549121743664 0.53064673906 0.536698615379 0.710928111775 0.782730129547 0.183710379138 
0.424000604883 0.447466647613 0.310853848392 0.797042828626 0.575639510698 0.247503647867 
0.455358847245 0.470221861973 0.434400656787 0.543473328706 0.580538739749 0.618383902889 
0.490706264389 0.612589167657 0.491537302767 0.175979840473 0.835707796857 0.211649823765 
0.454372894478 0.458586437273 0.427945033385 0.47588385778 0.617252778713 0.602145353964 
0.462681573357 0.457192834756 0.477537575765 0.537269794772 0.769204035405 0.256481968361 
0.286157611944 0.357548360972 0.733789893472 0.547091202024 0.773289309677 0.229217966684 
0.636278062295 0.518168095079 0.694919863928 0.634648056912 0.738109421059 0.334273523136 
0.452453662141 0.491495666796 0.382929575392 0.473649145089 0.809374560948 0.180439441459 
0.424791167566 0.555773033233 0.486842375918 0.535714505787 0.727473263468 0.363854648055 
0.440398751051 0.334674365988 0.362815688451 0.750152582657 0.680510735393 0.21825793123 
0.482150505178 0.401417894218 0.348285389472 0.782158726572 0.702736495026 0.228023042236 
0.538482508016 0.504174928069 0.461045650099 0.45196371214 0.293499489795 0.593227936934 
0.522933114333 0.529892440779 0.604918056498 0.0668985729026 0.298865172833 0.688621446044 
0.630620623024 0.672461820304 0.640948188742 0.515104554119 0.710924056382 0.567582468035 
0.690016068741 0.762211793047 0.774544837334 0.616806811365 0.742294318261 0.107651855835 
0.46282635915 0.474904779083 0.515514943272 0.469876764633 0.824534858098 0.443873614625 
0.475051964601 0.486656046068 0.502852613862 0.987022790492 0.600665262215 0.0619618314198 
0.444841832752 0.45914300391 0.385795868255 0.744983725827 0.890709223181 0.031824001657 
0.509643322584 0.50713489494 0.454581718684 0.233691501339 0.342712724719 0.71346554947 
0.444305406725 0.495166868339 0.478346358917 0.34029509823 0.638308168007 0.721192015906 
0.555729586347 0.524596487206 0.614436048076 0.654276182881 0.777045503532 0.0475625611367 
0.457490564456 0.466734362963 0.443923076385 0.457158641411 0.657216713212 0.6835870255 
0.416773313927 0.717413656846 0.59415558974 0.489556547136 0.637487746191 0.566039328207 
0.37786570949 0.437245754324 0.764477114747 0.885547219377 0.738012376717 0.223732944759 
0.458171836198 0.471350311824 0.437737824234 0.689655816957 0.709812360389 0.496259653538 
0.487456463677 0.510349852296 0.557679816231 0.553014444215 0.809287493323 0.0024038556744 
0.469226199423 0.474921622785 0.451727026044 0.418844182511 0.47042247326 0.728402051117 
0.455743372829 0.451086782907 0.582788465867 0.500459538992 0.695864744658 0.577618842815 
0.521441383626 0.343738022504 0.211157087899 0.72800377137 0.676892468483 0.162911688944 
0.457321276907 0.493999037991 0.48594909817 0.776682023808 0.69005146278 0.145171081991 
0.460285430113 0.467958396623 0.380207370549 0.525676599373 0.886233125455 0.347956885465 
0.458853486271 0.47102207075 0.430891189211 0.421465585372 0.595514467981 0.642101513702 
0.447201182083 0.54881896571 0.462765315905 0.467530627573 0.709937991364 0.657189442632 
0.450536329818 0.466057833158 0.427831629443 0.390774671247 0.431459612778 0.893619165162 
0.454180660916 0.489104489082 0.45507626753 0.331723571468 0.592324479847 0.649988114003 
0.479674052527 0.490056862368 0.483666978294 0.683605478405 0.56310161826 0.695883772538 
0.406150464006 0.561876119489 0.100215461632 0.27907201483 0.355822578849 0.627321409311 
0.460242646121 0.477920847688 0.447172706528 0.447233078374 0.483078407829 0.783715947995 
0.495360359741 0.511119850756 0.363203239028 0.349109326735 0.416368839805 0.714445242667 
0.462368474056 0.565477942338 0.303928014083 0.613009329561 0.582765396151 0.562220288753 
0.484324746548 0.381841960762 0.331850265233 0.344357354477 0.674558323488 0.613310910226 
0.450951278921 0.524280631154 0.594285274943 0.655130092482 0.736026953607 0.310303020235 
0.457223832023 0.476192551195 0.440201090494 0.383452132601 0.469345204912 0.883385242749 
0.462156512825 0.477952421496 0.511983983514 0.511803503195 0.879355095889 0.115820927069 
0.460217942542 0.461592522139 0.411406863467 0.481225875415 0.853468344008 0.145026524473 
0.445994972946 0.38465825299 0.266766045356 0.304888403737 0.746516467527 0.574286597732 
0.418906294682 0.371655097875 0.773049721043 0.817021994955 0.66048274742 0.129502719399 
0.410970022138 0.735267228606 0.602144124431 0.491821424389 0.645535600603 0.595597405277 
0.44214888046 0.453767649905 0.58706076515 0.608774154699 0.5418536296 0.503620918182 
0.464777198267 0.48100977546 0.409999100617 0.563529794213 0.607085059498 0.597209430001 
0.456609308329 0.495436385466 0.488995657298 0.837261021948 0.713271720762 0.165173308263 
0.460387976562 0.469249160688 0.576110887442 0.611615661094 0.652968507098 0.393649294507 
0.467290582365 0.458724618743 0.463098282817 0.294211041438 0.642476320616 0.602410458087 
0.396082963833 0.443337659442 0.719338332093 0.822364943109 0.712723429885 0.196819601707 
0.429220616771 0.455753294315 0.632132590748 0.700354700765 0.663747439673 0.145315244445 
0.484625442775 0.381103049473 0.331088711653 0.344106187623 0.675476860885 0.616130844219 
0.457321276907 0.493999037991 0.48594909817 0.776682023808 0.69005146278 0.145171081991 
0.464472378837 0.477386606974 0.909432874949 0.568599658328 0.720604725018 0.463525513254 
0.453639853159 0.490303407629 0.45629540662 0.328883149006 0.595894081087 0.668020515888 
0.451408554946 0.464663260415 0.407604169014 0.593390174793 0.697314278683 0.753595306399 
0.524335085276 0.499576732948 0.499133049466 0.453480580037 0.533153404539 0.717764987473 
0.456858453829 0.466058158015 0.425393306626 0.372000440922 0.716231869433 0.467872471626 
0.465771255496 0.482844015704 0.406203660378 0.575265634311 0.61561663985 0.634306643281 
0.49141584204 0.364833422458 0.314423521822 0.338769782531 0.695586437784 0.678092570551 
0.412546326064 0.730451657765 0.599997863484 0.491216923395 0.643363875949 0.587616203345 
0.488069477098 0.372758835508 0.322518529793 0.341325721651 0.68581573177 0.647936106141 
0.482437108757 0.498814664765 0.489150937629 0.562817640449 0.5337038808 0.638935463884 
0.488727347532 0.371187691659 0.320910510662 0.340812871456 0.687756162601 0.653917855016 
0.450098902948 0.465849302382 0.427555958808 0.39059386631 0.430974208909 0.922404329297 
0.46028313459 0.467961420039 0.38049418787 0.525292550702 0.884701200541 0.346748610595 
0.460232606988 0.478098454475 0.447471041509 0.448884860194 0.483885345907 0.806334707047 
0.465864771659 0.48301618613 0.405854725916 0.576342425789 0.616400045546 0.637715731001 
0.55392322097 0.508151526746 0.463145927372 0.459294787009 0.281455225965 0.647308876526 
0.453216378233 0.505053222154 0.565953118439 0.731031077217 0.609133807227 0.123969069108 
0.464739535166 0.480940119892 0.410146356176 0.56307348422 0.606753596518 0.595769305141 
0.309437468421 0.370072582374 0.710194309691 0.539619856316 0.752759122532 0.213140560265 
0.498749767524 0.54706111153 0.484065869729 0.419408210114 0.873843290166 0.258525984346 
0.491071220587 0.481777120667 0.446582801128 0.456496995417 0.541283493 0.856766241981 
0.463782000596 0.519821052765 0.579611083662 0.552595280873 0.572748954465 0.650869527156 
0.45621001341 0.484359708061 0.450180726318 0.343458604184 0.577638030112 0.576258379846 
0.42157315827 0.378231936946 0.758906839227 0.801021587255 0.656424834118 0.1248368803 
0.457467470718 0.466687392765 0.443940877663 0.457767647318 0.659608641309 0.691319268823 
0.451306830423 0.493558035555 0.379549020565 0.475832309669 0.827961726014 0.189611106683 
0.450363364688 0.465366235515 0.625209380466 0.678049832681 0.696893067163 0.499866267801 
0.457448043039 0.471141595547 0.438604928973 0.679632293731 0.702969019934 0.481311488358 
0.469803917888 0.484490285757 0.763616652513 0.539348097941 0.665933441242 0.346551927525 
0.476696076758 0.564492572779 0.666502940402 0.554354463755 0.718633121673 0.462251223699 
0.495824451158 0.541720022681 0.482496040976 0.420077617292 0.838046330789 0.237017511565 
0.48396218185 0.382735320327 0.332771613131 0.344662170571 0.673447078878 0.609900688349 
0.465157465355 0.478634687062 0.459458830305 0.435840912446 0.359185625327 0.777094102609 
0.444924866839 0.494453544293 0.477041777001 0.341536844757 0.635571178377 0.710158351249 
0.456609308329 0.495436385466 0.488995657298 0.837261021948 0.713271720762 0.165173308263 
0.493198842608 0.360672985436 0.310189366677 0.337457092323 0.700699599951 0.693908086313 
0.468688218876 0.514935485981 0.53415436094 0.642394511104 0.545066119112 0.669540339319 
0.465972218469 0.483213928261 0.405455356901 0.57757447126 0.617296524046 0.641617380289 
