0.380565284743 0.285938386186 0.541908563897 0.619571831431 0.609917042395 0.575322239782 
0.565168054532 0.516721493157 0.441509477276 0.491909917483 0.192534473139 0.645624150712 
0.407407883113 0.40812878368 0.400938957842 0.6728058878 0.512612103475 0.592294392458 
0.382494640318 0.401699501019 0.419028365794 0.543431859493 0.629920546637 0.696915224994 
0.335023614881 0.466342176672 0.0925096760896 0.268260316826 0.814599846716 0.308958312569 
0.342893015432 0.173806551036 0.728514126476 0.536531727799 0.719416443417 0.425782162156 
0.374986974155 0.362077844071 0.418828192395 0.365378327193 0.250138895516 0.73062344497 
0.374481789109 0.381244478605 0.387972867779 0.294837070948 0.818944981975 0.22780289727 
0.373601099997 0.383052049127 0.612699322645 0.578223889346 0.709350216413 0.266464220315 
0.422684009722 0.39917643737 0.457690637631 0.207962703726 0.288465075748 0.696453140068 
0.393330325166 0.46554333603 0.566748186762 0.596802966298 0.907198009375 0.105880811597 
0.377531278377 0.374254819898 0.445198902471 0.713569791432 0.621204894742 0.280689354037 
0.37394359818 0.367841350493 0.382984085697 0.74220239131 0.561288909379 0.519490174028 
0.378029319901 0.403225725554 0.356230895545 0.502326337523 0.845801329313 0.323474667957 
0.372252059365 0.37399220583 0.384423475932 0.405337023873 0.676224293758 0.553268464412 
0.418071466308 0.519118173211 0.472577362027 0.47317908881 0.593708225779 0.610048008122 
0.565326852507 0.488984662758 0.50190799904 0.507266340397 0.769421274708 0.101398466466 
0.449634788417 0.492151241254 0.434936959304 0.465199824125 0.162899047107 0.658363255932 
0.555651042454 0.453756518912 0.559538268928 0.557183511766 0.674872386814 0.661051062248 
0.367852205873 0.345255031515 0.367916449971 0.552745495823 0.489825828901 0.694023066941 
0.685181931669 0.958634513146 0.603525268098 0.707162813148 0.651745599598 0.107231027469 
0.373909422817 0.377218076164 0.366153331888 0.739459543852 0.566561071069 0.493316123576 
0.372809194519 0.387195867933 0.58754790635 0.662799637083 0.571654266104 0.421696723836 
0.380687241793 0.38538445986 0.39028563874 0.49495788377 0.489130006406 0.733200277945 
0.434580093638 0.509433193864 0.669864610399 0.524672971483 0.558921031666 0.581588500765 
0.360052678852 0.36239555568 0.426931548911 0.764273134671 0.569160994022 0.485891261069 
0.391639619958 0.39419666414 0.467418860039 0.548867611261 0.788994628062 0.217357985295 
0.492150248072 0.639901385766 0.538850669658 0.635798756408 0.580811751733 0.378625024401 
0.30995980023 0.325167029514 0.614132987827 0.648916838364 0.531812541576 0.235244559825 
0.564364002452 0.49710490629 0.570094561283 0.743109723235 0.642390343665 0.198327725674 
0.374562527797 0.379872342334 0.391594018692 0.4267102368 0.33783314399 0.851026243654 
0.366647934285 0.37063035008 0.506759279993 0.67116087166 0.531034374705 0.629062982567 
0.333216252227 0.470094143501 0.221751913563 0.658568584623 0.73749143171 0.415200260845 
0.377880172512 0.369642394535 0.403415136097 0.466034417112 0.199649179353 0.798217358939 
0.374940825148 0.37313849513 0.544027572122 0.845494693173 0.675358433047 0.176844997195 
0.374533325401 0.380424479027 0.389656110808 0.404847863303 0.402648843192 0.769896801664 
0.456636642845 0.417458157231 0.460688236998 0.644123105943 0.765441303182 0.400249758784 
0.374161571026 0.37865005544 0.384313969072 0.611955158802 0.821294616893 0.0491571800087 
0.392351297315 0.398268544098 0.454015460295 0.319376057243 0.563447724715 0.68776581225 
0.400617208544 0.310199729297 0.331248400771 0.252765974077 0.794738560241 0.126068909167 
0.31916006114 0.492626502726 0.422886130686 0.508729534334 0.594407468965 0.723192428888 
0.365353007129 0.376364024555 0.405232947703 0.393289018547 0.398156508874 0.7124989143 
0.411249224752 0.430134189393 0.414098790015 0.449761942804 0.329554062202 0.76018131212 
0.349439639586 0.481229868012 0.586670122271 0.629952041548 0.641237643192 0.43368136602 
0.374448263861 0.380978565287 0.345786211874 0.664566906657 0.629648013643 0.444793340942 
0.374592092132 0.379796660345 0.374375700174 0.406279314917 0.769871447205 0.380617920324 
0.375460963479 0.38469445966 0.395414714598 0.434947282286 0.29873461224 0.778081375486 
0.374913969195 0.380215158911 0.387840837711 0.425513828719 0.886727732519 0.224934582903 
0.379269154351 0.413688980485 0.309793809767 0.539686787802 0.477613996613 0.790303834327 
0.374961075789 0.365116957274 0.531100559553 0.577690129065 0.84130294628 0.268543448707 
0.37566598785 0.380512428955 0.383085903087 0.415666189326 0.436389116844 0.823167423697 
0.374482357373 0.380542153905 0.390203256805 0.40269416883 0.402404563825 0.846838789153 
0.43576911272 0.270716879229 0.329493819072 0.598758672582 0.611159015643 0.73993507481 
0.338839816117 0.459748947555 0.108614062501 0.274665370347 0.801871275307 0.297463272263 
0.297250134827 0.314418373275 0.658609736072 0.611003268437 0.59122900744 0.0647478490244 
0.374918485159 0.363038264363 0.417657825157 0.366779411 0.254377602689 0.711181618756 
0.336618638594 0.464426294053 0.229472784569 0.651416675867 0.727609547553 0.401795679671 
0.377696581706 0.370104615899 0.4028624406 0.464490697506 0.203976970746 0.781335579095 
0.456381076591 0.473919725659 0.575289610123 0.522697764601 0.846856230107 0.0788988768328 
0.360086367401 0.362427546909 0.426908504631 0.763457830418 0.568976461629 0.48486687758 
0.288870654804 0.311199890366 0.647707668862 0.674359682173 0.533309033382 0.261608101201 
0.373613036032 0.378105284277 0.466371215442 0.472054117123 0.566704634139 0.700762202299 
0.37071233797 0.370574206142 0.406435258452 0.438554946803 0.444120413024 0.705328843705 
0.359958937097 0.362306616015 0.426995741591 0.766549943958 0.56967620913 0.488752575382 
0.429079263952 0.482400155734 0.496164294906 0.198762360081 0.749167767549 0.268866251296 
0.376637848968 0.38623560923 0.391266275866 0.398928190672 0.450986607629 0.743968772306 
0.374586301023 0.38042163229 0.35205624576 0.64750412686 0.618024778347 0.417093744806 
0.374164106615 0.378656049778 0.384329480806 0.611067730712 0.819344982289 0.0867042972679 
0.374606307821 0.379813177266 0.373640958743 0.405305663916 0.775136251692 0.3862313841 
0.374555749036 0.379870407551 0.391686371755 0.426753412587 0.337340423935 0.856899177046 
0.43534728156 0.511092496084 0.673480958627 0.525955241215 0.560833383725 0.576896533198 
0.336763846923 0.463350066661 0.0997998235976 0.27115197627 0.808839498474 0.303752198068 
0.374951271547 0.380266813326 0.387884489298 0.425674281275 0.885179672705 0.224202364977 
0.374012051929 0.378298642278 0.383400147129 0.618076653364 0.834297879798 0.0507416214907 
0.380727791098 0.385385345457 0.390253182513 0.496745742072 0.490761165481 0.749551015948 
0.374570773224 0.380714746817 0.387824511438 0.299897836113 0.810196958129 0.222639614324 
0.374802516925 0.380045734416 0.389215236934 0.421473445632 0.424800412869 0.825081352198 
0.400417243913 0.310573162866 0.331508609817 0.253630105642 0.793668758665 0.125674938455 
0.380693489098 0.385384653573 0.390280702974 0.49522629434 0.489374886076 0.735654692684 
0.384387338621 0.25976814814 0.569035030459 0.651707032399 0.635739540821 0.663540618754 
0.337943816378 0.46130761331 0.104793392777 0.273140051097 0.804892276551 0.300188547802 
0.322306783106 0.488335339168 0.422315604234 0.506203064778 0.58878188268 0.700514988161 
0.409978625424 0.409318308663 0.400609447347 0.703957743566 0.517424840923 0.657819997593 
0.35687628323 0.373172732072 0.558191907647 0.790738711929 0.614991245197 0.457141020516 
0.37221209777 0.373896470324 0.384380457782 0.40502653402 0.677557954756 0.556065595191 
0.364526044494 0.376165863908 0.406241473885 0.392174387031 0.398070145702 0.738636753438 
0.409246833065 0.408979048281 0.400699414544 0.694847320913 0.516022019479 0.638613090504 
0.326135524866 0.4816284744 0.206214536464 0.672942035457 0.757468016054 0.442308857199 
0.337574145546 0.461948716691 0.103224409371 0.272514734236 0.806132638107 0.301308036944 
0.366913218852 0.376374762337 0.51703306425 0.703732277531 0.586032873458 0.360561734869 
0.373020139246 0.386085344201 0.601110505413 0.676153288924 0.576630536172 0.44335296812 
0.37491282878 0.373594103474 0.541440931464 0.838228660236 0.672405673982 0.174145927837 
0.374332162991 0.382090247467 0.388198966038 0.287087837638 0.832336245104 0.235716064122 
0.371592510392 0.372414913721 0.383734214854 0.400216869223 0.698198160485 0.599387887142 
0.374473205122 0.376595673192 0.38189104812 0.46805197598 0.590486668071 0.717826531762 
0.403738678688 0.420721941916 0.410424422921 0.446619307207 0.337286504747 0.674820008419 
0.360145105876 0.362483362363 0.42686835609 0.762039980768 0.568655502459 0.483085717544 
0.480497627938 0.51353481011 0.45896824866 0.530901621679 0.508974291367 0.580687556725 
0.338984347004 0.351752983559 0.447434505859 0.452288865899 0.431339153353 0.747330189484 
0.379790022221 0.291624368002 0.535904005733 0.612495300819 0.604240366264 0.555972683515 
