0.367875434515 0.460241487967 0.394669417703 0.421101952407 0.441723238194 0.821089104831 
0.381235359999 0.567757840934 0.645504817081 0.481299973929 0.630437216271 0.640876648073 
0.397475085871 0.533158503316 0.495778989978 0.466234747023 0.147334808938 0.413174229898 
0.364659084138 0.464580400615 0.42758796901 0.159396430623 0.85664953258 0.0128449728757 
0.373809289385 0.41652472165 0.834522536042 0.642579541483 0.664507838455 0.408585609932 
0.347051491612 0.576337404333 0.479340300209 0.212789326632 0.770932267668 0.367464111589 
0.379431519669 0.512200373277 0.26847182839 0.659213850657 0.522969205265 0.677220922174 
0.374034564205 0.440646899435 0.467163286089 0.479541753696 0.458265456042 0.707670272942 
0.303921427656 0.636157927819 0.470035631876 0.565011512001 0.530365612636 0.596086589603 
0.388000390576 0.420919425651 0.30449152414 0.539764505736 0.475363466937 0.818056876764 
0.286194917961 0.355068436007 0.728089041215 0.696533186035 0.581921971201 0.0631764439245 
0.394122041474 0.501792900125 0.415416943073 0.213349051424 0.728453371088 0.342063815277 
0.374568949292 0.472356658239 0.543165308202 0.656645094648 0.684975205161 0.388308820876 
0.422878356339 0.561903001613 0.472629431455 0.217859999284 0.330416487913 0.549010391175 
0.372930358703 0.475435947448 0.385992082966 0.582847448096 0.727410988575 0.448479857287 
0.37489446434 0.460958807127 0.468851613381 0.195539364258 0.807828157009 0.0225328447003 
0.410576980925 0.359117568559 0.581716390503 0.631245989314 0.568796517593 0.500845352701 
0.375287160213 0.468002589434 0.41018546622 0.410801653895 0.856266669683 0.145740066787 
0.475401343305 0.497869722643 0.675687330185 0.52101556844 0.781449832065 0.492510015126 
0.376857542201 0.468915295605 0.401602833469 0.405119803 0.464181032257 0.86787022995 
0.383878948788 0.477780995139 0.373359498654 0.358796551527 0.759134698234 0.655182251889 
0.415289753144 0.494527394841 0.467504151581 0.47804645235 0.515340224226 0.755483613568 
0.377476213656 0.463567323044 0.429355169245 0.357667604396 0.663340870741 0.574883841195 
0.348271674867 0.516063529283 0.468298623814 0.301699420443 0.646716570991 0.563977094466 
0.379230542922 0.463921833109 0.421738404914 0.415488383397 0.655601741685 0.623527667225 
0.51657776856 0.242586535939 0.306783117451 0.830397695083 0.586015937989 0.216281739474 
0.463038166858 0.333976534665 0.182751215235 0.198164972931 0.865179914563 0.135411372489 
0.328668304287 0.440185258351 0.56034037413 0.914265691223 0.602299503769 0.168908208901 
0.377629001784 0.470510067125 0.213356052867 0.688646800322 0.72099864665 0.488032167131 
0.419678031827 0.593663837692 0.48211206747 0.460731424075 0.202079318311 0.624481953058 
0.379546257394 0.471218113448 0.404685417193 0.485742626062 0.554402664321 0.703887299459 
0.375337822603 0.467965221392 0.447808100257 0.603610300072 0.73874760636 0.362885477957 
0.376832822179 0.468951553787 0.367552178782 0.483314137109 0.666051939545 0.705603460639 
0.360197664183 0.463578386168 0.431354219358 0.416255821411 0.652064846384 0.674197508734 
0.387341909452 0.593862201453 0.460987691946 0.663322634517 0.565386154982 0.55096179121 
0.373804053872 0.467868076732 0.371276593563 0.715804162554 0.814421261715 0.303190530449 
0.399582602114 0.482493512129 0.371628608721 0.393157371219 0.487873745024 0.815700998405 
0.410275645252 0.504129581815 0.412849261819 0.609909020405 0.656409206363 0.592668774811 
0.326710933536 0.572493738598 0.556676302728 0.728371106264 0.579232419474 0.529979962538 
0.408003129574 0.388924889517 0.307341255043 0.620247184578 0.8136073433 0.0710949654647 
0.372851732758 0.492074168321 0.354220735994 0.49926514807 0.571559187938 0.703575509872 
0.373743909503 0.474970770455 0.404085470769 0.410986353383 0.365488166454 0.782992905408 
0.374253775215 0.466122817464 0.41136447567 0.39120739165 0.834159483018 0.0177725214273 
0.389448880368 0.51847788241 0.468145960809 0.484138565018 0.521751455804 0.514513012878 
0.376110705876 0.470597743424 0.40301449504 0.410258680781 0.440355737352 0.795475378497 
0.341845876001 0.44732593606 0.613044068398 0.740720009797 0.618291163895 0.200557030957 
0.377615473122 0.462750191775 0.43221348517 0.354069040507 0.672373764716 0.598041690431 
0.397244819353 0.507549867702 0.417186754205 0.19629720634 0.742113496431 0.361356107626 
0.379104651672 0.46405619794 0.421830497348 0.415732918932 0.647179256594 0.600401007799 
0.374383481587 0.472698224695 0.538769960007 0.649520395931 0.679505653676 0.378638088895 
0.372940974038 0.464744491978 0.415371551486 0.385949319121 0.863422862778 0.0190720991766 
0.441524649371 0.598181142522 0.49396361963 0.181355972374 0.321231266997 0.655976199579 
0.395401251924 0.52634702078 0.486585799202 0.461960680074 0.160329300299 0.392414430774 
0.28837646784 0.658347403978 0.474537957199 0.58112334037 0.535634414341 0.654968051636 
0.448934308926 0.612520291012 0.502097834654 0.167356506618 0.317687121924 0.697868672205 
0.38129194174 0.566493149481 0.642344851426 0.481023649363 0.628599361159 0.634149608768 
0.415776294232 0.508621103573 0.412494676549 0.649161831407 0.691593086499 0.692921196801 
0.399117360561 0.482266136004 0.372037720163 0.393285504246 0.487370064298 0.80775048797 
0.383735866283 0.501869047328 0.444888631923 0.310304289495 0.740457870659 0.36285797007 
0.375427118843 0.468099077537 0.409203502729 0.410299436378 0.864866044137 0.14867635121 
0.376089534422 0.47062689576 0.403039205588 0.410315381955 0.440526815535 0.808604985986 
0.374582000291 0.46389270703 0.421741775969 0.415496641536 0.655308916459 0.622723501882 
0.374000116622 0.459429474053 0.523098984924 0.733922283999 0.728417094388 0.417393902616 
0.374252069198 0.460307514432 0.518927361414 0.722223801933 0.720244490359 0.404276734798 
0.377637857075 0.462622294378 0.432653113486 0.353522088714 0.67375176236 0.601577381127 
0.374369285612 0.472725220357 0.538421444184 0.648955318216 0.679071848336 0.377871360715 
0.363623178844 0.439322816899 0.346272502102 0.529304414363 0.220991466486 0.709384334148 
0.399466299887 0.511629015043 0.418380782243 0.184556801957 0.751511483594 0.374703040815 
0.382292437146 0.460744538602 0.398115556798 0.429301881469 0.549569893636 0.738840053055 
0.376482229145 0.469478506403 0.579545749802 0.715515392078 0.730170055612 0.468422349911 
0.428920550241 0.52516120303 0.0907613123601 0.832062953752 0.598193951631 0.196689882715 
0.424928249005 0.660246595899 0.478312105658 0.861747450488 0.60244252938 0.285244239623 
0.37156788017 0.496886750792 0.347367207613 0.507893935899 0.584257807498 0.769481419674 
0.389448880368 0.51847788241 0.468145960809 0.484138565018 0.521751455804 0.514513012878 
0.373743909503 0.474970770455 0.404085470769 0.410986353383 0.365488166454 0.782992905408 
0.374544545538 0.45941507351 0.476380670737 0.180620243775 0.822725230732 0.023576571861 
0.374206642494 0.473044821313 0.534281268106 0.642240753337 0.673917108257 0.368764000977 
0.377149173515 0.468600470997 0.401177673228 0.403288900682 0.555562723947 0.752405755999 
0.387328176856 0.600875860971 0.462855074873 0.675749767784 0.568645330921 0.574394158389 
0.373840978616 0.456252367175 0.49095760105 0.152448332923 0.850915889893 0.0255628515702 
0.308935665135 0.423074918393 0.501530845855 0.613762038257 0.512484821224 0.542819601529 
0.334044510043 0.432881020146 0.377715773408 0.588453565315 0.920079619018 0.0496090956614 
0.40002878375 0.403541593308 0.323186108424 0.598445074265 0.77471933155 0.0636860849556 
0.414511624101 0.350648536949 0.590354938769 0.641254058519 0.571934031964 0.521805371149 
0.350507429519 0.442619044302 0.438762609997 0.675350504326 0.715064757313 0.75987401389 
0.377891941879 0.461223098752 0.437348404082 0.347774501043 0.688308540663 0.63896948338 
0.38655330317 0.425060575563 0.312757238977 0.532602604698 0.47469154371 0.770368960916 
0.372791565161 0.459076155259 0.230077248584 0.79945887508 0.675693663269 0.126748528988 
0.349415247613 0.570202835243 0.47551523885 0.219910666675 0.763246467377 0.357689488779 
0.574428117469 0.531274732572 0.809884330544 0.539601209587 0.879577363838 0.0120067728528 
0.37785470199 0.461422842018 0.436689746258 0.348571199276 0.686282727998 0.633761414553 
0.337517469273 0.44443848734 0.544755988773 0.857794212806 0.596637992608 0.151964100388 
0.371355319394 0.463114907494 0.419835098743 0.380434134638 0.894751213638 0.0204652019511 
0.375594080784 0.470712798434 0.564046299452 0.690453022051 0.710929237585 0.434276850464 
0.41179191725 0.3822562418 0.300156558867 0.630089290349 0.831302338734 0.0744669062928 
0.391717696573 0.444866055731 0.3711296741 0.538407764293 0.8278840827 0.181337085222 
0.379431540141 0.475650106801 0.421877053717 0.458034976327 0.818959370744 0.525693232435 
0.406184314041 0.523898127349 0.421728915237 0.150517288091 0.778740284057 0.413658020087 
0.374739108228 0.472058822522 0.546978511908 0.662823549434 0.689718320131 0.396700258563 
0.395946178217 0.528132512952 0.489003805159 0.463098137774 0.156904014154 0.397878088658 
