0.418539057738 0.338002574635 0.367222099309 0.457929451214 0.729706517117 0.541284274297 
0.42829563676 0.35704782776 0.230995304984 0.689957149983 0.606285482956 0.493104344617 
0.424499999938 0.38626056448 0.32676104095 0.190015670219 0.74580677682 0.379910800641 
0.449778996853 0.449004298532 0.458014208908 0.527030213316 0.0718709060593 0.507565537154 
0.424836000657 0.365336573373 0.379298369721 0.421599255767 0.658803212619 0.692306269414 
0.431286822153 0.372617140672 0.567731580594 0.770595393822 0.507053432345 0.611558767843 
0.407862206412 0.350175778785 0.362615230574 0.37490855074 0.503821032044 0.815391726221 
0.394955156533 0.415874790128 0.256850819189 0.6034488153 0.58180299606 0.628111445236 
0.489041617275 0.487543669509 0.503841210854 0.49740516918 0.562610751621 0.602060891251 
0.434410097862 0.343870198668 0.323660193963 0.406834662491 0.3932460616 0.775840666834 
0.421806407815 0.385254944391 0.33872761431 0.339470755296 0.652118748421 0.660699599449 
0.444265498282 0.372121491079 0.415701769453 0.523557128023 0.229111409806 0.878311704751 
0.379880362637 0.515348398651 0.516354779572 0.611817357793 0.683483248953 0.146459397247 
0.463639291569 0.431964951501 0.506395180424 0.521686709535 0.51005821112 0.728543328677 
0.421708189062 0.360345905358 0.374229530893 0.413118468627 0.365899178141 0.922495937411 
0.415925218499 0.400261826238 0.464204558405 0.782180224047 0.735695396651 0.225387931257 
0.424142955749 0.364665149087 0.388160530553 0.330172666612 0.715686797887 0.47539678852 
0.433734653927 0.323071032367 0.435768424158 0.646654385927 0.70094142997 0.68514090225 
0.469674096594 0.292300947667 0.343824183721 0.336846405861 0.693389015045 0.362160862717 
0.440099950135 0.376035440375 0.430804347216 0.785614103187 0.645902150189 0.0271424501683 
0.407037579969 0.346050390629 0.370683139259 0.529169334583 0.729944674866 0.512045652645 
0.432537876018 0.331346681191 0.497883791049 0.603742321133 0.107237173859 0.597432650889 
0.499878028371 0.390306218174 0.45005697442 0.520825713869 0.530567210884 0.621966566349 
0.423374180308 0.345062142597 0.584872211602 0.553720816734 0.817539643784 0.0529711841558 
0.422080270434 0.272635267644 0.570962031675 0.644432406428 0.680772272622 0.0595284271497 
0.688519079505 0.709451289313 0.622885857942 0.747574711392 0.657404088254 0.334519324368 
0.422259152147 0.339527611212 0.596915998346 0.662219364378 0.826096116512 0.0524558422863 
0.321285097164 0.515693042067 0.690790084442 0.631976499826 0.614852939013 0.35367312787 
0.543924182629 0.575775363181 0.46095905407 0.532846328924 0.74299508063 0.210233071905 
0.426167013282 0.36504152996 0.386331319683 0.426028680068 0.463487023499 0.81087978619 
0.419641172483 0.383000910447 0.418365468336 0.497624874835 0.785374393543 0.477876289116 
0.425975572595 0.41729947234 0.399809548693 0.497693338362 0.700386928303 0.574310216689 
0.378971774496 0.308751604434 0.489624350766 0.620491907333 0.794007219668 0.128027878672 
0.424684831495 0.380353365752 0.353511287559 0.253682545877 0.841356238663 0.28439315458 
0.42565768954 0.366899469996 0.379251573097 0.407042189853 0.71184086537 0.501438456306 
0.424388113952 0.3637808352 0.380472055678 0.426359710044 0.834639393953 0.0317693450828 
0.451473305644 0.374107012446 0.442287670435 0.810781203677 0.566215730243 0.748090272022 
0.422299113477 0.240953598846 0.333644266626 0.802984487903 0.581389150544 0.288633039943 
0.413164226832 0.379383480644 0.387488685366 0.475438028121 0.562456556452 0.668150620488 
0.424497718836 0.365176638717 0.376320391217 0.432516216908 0.754260771014 0.700414215675 
0.408489364383 0.393691334729 0.429368260379 0.613707087661 0.798431176083 0.355325530962 
0.42507152433 0.508906329216 0.625199819581 0.517714328959 0.70533896603 0.276480259493 
0.386459989837 0.425611455181 0.416769266475 0.564467007743 0.215405085517 0.582255749846 
0.49131145116 0.429680804257 0.0493142245055 0.271709214927 0.242787433318 0.421485456602 
0.40268284182 0.403209531978 0.477487572867 0.49538845749 0.80171785241 0.554305965497 
0.430131849266 0.397484713681 0.425331918973 0.60437402963 0.519893616123 0.728144461272 
0.42336707752 0.369347567818 0.382877978383 0.815248945815 0.624472388884 0.183606516733 
0.426625797709 0.377984987173 0.548631840206 0.771077155815 0.761683335182 0.394683047163 
0.464083676868 0.296257167668 0.259251598183 0.855863044606 0.606600545078 0.346516192217 
0.484931384114 0.271941776041 0.248809885104 0.656514756855 0.662155940065 0.304882798477 
0.426454055902 0.361360945647 0.368894290599 0.330903259559 0.534023399718 0.838232111761 
0.408001108117 0.327833753094 0.343709453662 0.814634364988 0.67692778953 0.393412623554 
0.405796136634 0.342796438964 0.340700375307 0.496834427508 0.815423925926 0.276135444917 
0.429357542783 0.366131307127 0.370736929256 0.278045210541 0.715384787541 0.470556611148 
0.405819035887 0.344881288956 0.370430404608 0.532312603622 0.74052941116 0.529191284206 
0.284183334087 0.548839833061 0.765115787846 0.663433341122 0.638886998082 0.418758983166 
0.423893091679 0.520170808235 0.642767387312 0.519350070208 0.720406702677 0.292088157782 
0.525977458776 0.41347372744 0.164015666261 0.231489589843 0.256675407357 0.640724737098 
0.445763965212 0.435064728319 0.446488649569 0.513255397913 0.10029789431 0.462684461391 
0.489696681401 0.411885571987 0.0781726847581 0.278448985572 0.25029749616 0.392267620225 
0.421822682049 0.360524066734 0.374348557082 0.413493862916 0.368164044212 0.880606449172 
0.396756722302 0.413456058844 0.261043154783 0.599504825524 0.578624972787 0.613874178141 
0.429727619479 0.334860525757 0.425235899599 0.595760163267 0.644256267888 0.54323566409 
0.421917048729 0.360670905946 0.374446276622 0.413802150467 0.370024347145 0.846201804798 
0.423711531548 0.363938360526 0.37690617829 0.425199458776 0.627316652128 0.602661110548 
0.467363895612 0.722325539495 0.541212403932 0.526477580294 0.807245814681 0.32809160488 
0.483136501233 0.273069400978 0.218636943274 0.943191882143 0.626457628245 0.412285956432 
0.424759016391 0.458484464477 0.538842065324 0.542240633133 0.77328438902 0.0470157462671 
0.426258557456 0.413240150041 0.399110421946 0.493381741564 0.68034499893 0.534191218472 
0.424494837783 0.386361566551 0.326612656263 0.189150546786 0.746488033819 0.380851715038 
0.392089728703 0.419225486019 0.41357937414 0.550356972237 0.226144221317 0.543490750448 
0.37568393952 0.437296963413 0.422472915944 0.590474907887 0.195700505962 0.654193696816 
0.441336357611 0.371388902835 0.410653209846 0.510139326554 0.245380678379 0.794535631973 
0.42658250621 0.378073290855 0.564812579289 0.802565956078 0.787335540959 0.426927703601 
0.488278353505 0.272525831032 0.337896422698 0.316125644498 0.727549473515 0.411359953238 
0.416143329867 0.399776082118 0.462999475214 0.776198569682 0.731608045688 0.22210878181 
0.406822361455 0.349394248081 0.361875218914 0.372331622625 0.506677494243 0.844972835338 
0.430889199897 0.372050787954 0.586531131772 0.802557326274 0.507550641258 0.664502997946 
0.426202644903 0.36503043376 0.386542905401 0.426003168833 0.465441250048 0.843632960233 
0.478924589993 0.282257017482 0.340730535338 0.326308163188 0.710725362929 0.38706979219 
0.50282049161 0.439383108855 0.0202201051981 0.265085335905 0.235197931619 0.4512126055 
0.416279639065 0.399472435018 0.462246444161 0.772463382279 0.729055570229 0.220061498886 
0.492748821715 0.267997689252 0.336625569237 0.311391287461 0.735393984636 0.422719675838 
0.416192849054 0.399665778962 0.462725902348 0.774841355129 0.730680595638 0.22136485109 
0.410139131969 0.390624095651 0.423957481635 0.593714445008 0.758154800523 0.47166636355 
0.399223601682 0.338673623107 0.369255781753 0.549187976988 0.797478532387 0.621443902555 
0.437569330114 0.430671099535 0.406875384462 0.604967939259 0.788426420045 0.347814063513 
0.418019290628 0.334293381299 0.366932149733 0.458599167523 0.784754433694 0.635490393855 
0.426170334448 0.365040463219 0.386351022156 0.426026206714 0.46366816276 0.813915514936 
0.423435200792 0.336812723673 0.619898042486 0.568183966671 0.873938779247 0.0605614948007 
0.412253979274 0.408426860057 0.484527404689 0.883667700242 0.80500654647 0.281107644106 
0.49661618731 0.260075319297 0.232614080219 0.672984250136 0.677630023408 0.327203632453 
0.495825455349 0.264921534535 0.335778080137 0.308175369568 0.740730019445 0.430458018383 
0.39124240145 0.420769196696 0.248438160607 0.611343579366 0.588194677757 0.656771933352 
0.496389378159 0.260301026947 0.232922918498 0.672672051203 0.67733478913 0.326777374328 
0.432838943239 0.330462216266 0.500076721731 0.606845814268 0.103935468539 0.604793611092 
0.418286646272 0.336221506393 0.367074938277 0.458219325031 0.755105111972 0.584741108194 
0.410004373764 0.351803324095 0.364164940985 0.380270013016 0.497871497422 0.753980399037 
0.423373799782 0.344768968548 0.58613683067 0.554244654718 0.819571161227 0.0532445784216 
0.404577157378 0.401065303415 0.471439966152 0.492382941238 0.778326060615 0.520925885265 
