0.409136373912 0.431561619766 0.516770044593 0.64064573562 0.52288626254 0.657302244199 
0.361745272741 0.406510271508 0.444054224343 0.480446967673 0.761236438743 0.422606947582 
0.367038059521 0.378839438552 0.600050959433 0.16571881747 0.197561222958 0.704878967364 
0.353180386895 0.401640700871 0.38274730859 0.816929673656 0.637685868678 0.386978553898 
0.3557625333 0.410620930051 0.538524500974 0.652233972945 0.786525865942 0.223652125018 
0.374010996141 0.422635228657 0.455365912208 0.471935025998 0.862451229345 0.220832040196 
0.438487842683 0.438874333939 0.468282501959 0.530485561567 0.784327953418 0.320533797234 
0.377906463932 0.421837817754 0.459152501171 0.447560201406 0.543599982791 0.721711531205 
0.383651288324 0.406312563485 0.477169464214 0.454804506648 0.987774013632 0.026149589856 
0.695026763142 0.641298628722 0.602862981403 0.867723755357 0.650872557391 0.121349273455 
0.370166727321 0.417870066662 0.419305462467 0.647090054167 0.556848689372 0.661364149635 
0.368118898679 0.417226908905 0.29780611611 0.750900390212 0.824379623884 0.331482184686 
0.360510461398 0.517218896816 0.303204172031 0.684955692492 0.711486887343 0.501680852491 
0.369589252033 0.429753494155 0.436847718453 0.878181487102 0.64912942607 0.246409306841 
0.364708431045 0.396170908965 0.42893169009 0.653701741711 0.835887273072 0.00726347224175 
0.355239324106 0.467008293291 0.581775598691 0.683125583084 0.7231425696 0.328699316543 
0.395627315453 0.625051971985 0.727209010537 0.806401929151 0.572914102344 0.195697576889 
0.373975643065 0.419646210343 0.449321222702 0.444787091686 0.526485849674 0.743218677933 
0.426398629761 0.570013040222 0.503426155411 0.82121233322 0.656795385536 0.147892727734 
0.513065492663 0.530181930336 0.562586534317 0.579468715301 0.73601872354 0.61515981658 
0.374416646391 0.416964215562 0.456161935779 0.520172630954 0.493565614046 0.807019361995 
0.377311479049 0.434353183993 0.566524385973 0.274186121406 0.711427356791 0.570982064395 
0.374137577317 0.41941162734 0.443583213499 0.539677035002 0.530208326432 0.644006462341 
0.374333791112 0.414617851331 0.435222953747 0.437954513643 0.505487038922 0.727257764314 
0.416744766864 0.502552129312 0.487296593126 0.539503935744 0.78111352991 0.166603513277 
0.383212724375 0.460812214905 0.397716434492 0.394360587015 0.539238017093 0.707944853631 
0.372292259935 0.416365024419 0.460212416864 0.447933547172 0.521135951975 0.73319463379 
0.374147141412 0.419319292096 0.449611179767 0.444675363882 0.623415160213 0.701744552194 
0.37440729764 0.418712069446 0.440944716399 0.65296641855 0.623412725086 0.556563993799 
0.41829234956 0.434157119528 0.502302078053 0.190534464538 0.854550658273 0.34514588851 
0.91648237034 0.68611041209 0.641104781974 0.659184855112 0.726836983709 0.0125253188861 
0.384809951485 0.394525635229 0.553941401606 0.624818193955 0.13726016609 0.522319037802 
0.366508986066 0.429886016859 0.344232532183 0.617059511098 0.501874707607 0.657726704935 
0.370175239829 0.400002092778 0.362732835009 0.734754445179 0.526608846711 0.533278479055 
0.380598573577 0.453307878873 0.469339204704 0.508644083752 0.656586412999 0.68250559515 
0.4189101811 0.43908088806 0.483432662938 0.49625717062 0.444555366841 0.657385098866 
0.380112631831 0.4246788238 0.434302655209 0.364714121813 0.546066784518 0.767074168842 
0.427845944673 0.487082110774 0.699357308854 0.624165182952 0.791062497326 0.392362734306 
0.365234995238 0.430153461847 0.491711931414 0.475549430027 0.189114501319 0.695758620293 
0.375284778989 0.422928748367 0.46576322324 0.396357323032 0.566477881754 0.800661824767 
0.375358486458 0.420825632934 0.450357417575 0.460465794103 0.341165314713 0.751266650701 
0.377724119148 0.428043671859 0.452416794879 0.36091984994 0.340556915068 0.800179433153 
0.357249147494 0.471554581206 0.366482359981 0.331190761796 0.248666974465 0.825770437526 
0.37397523531 0.419655436804 0.449919962819 0.450950216941 0.548713370351 0.686100816093 
0.375699785309 0.420238839632 0.45061518081 0.451306895836 0.727111465553 0.648979891237 
0.37318767875 0.414941863564 0.447797858302 0.453614974511 0.478918253461 0.828907774573 
0.396037150779 0.433660712552 0.574429768906 0.258103518678 0.252729461729 0.752359187664 
0.27400596916 0.38894654637 0.412655106745 0.661054405082 0.751390012511 0.348754135696 
0.351956702787 0.447897058258 0.504769437893 0.475638205496 0.660543171773 0.769574162328 
0.384875378965 0.42565588435 0.482002524612 0.509358690269 0.83971983488 0.333356354665 
0.369186542035 0.413228082099 0.424248845671 0.582527477396 0.833211573629 0.413941250422 
0.385242311746 0.401961626637 0.407095647169 0.384771487492 0.567844792652 0.708595068659 
0.376326620309 0.420968950485 0.451806005477 0.445388152031 0.275365074362 0.792791588152 
0.373990256969 0.419396046821 0.449592134181 0.440698705931 0.429490813461 0.767696330032 
0.258789845515 0.386484761235 0.409120297753 0.677305032517 0.773558700137 0.373438991566 
0.370175239829 0.400002092778 0.362732835009 0.734754445179 0.526608846711 0.533278479055 
0.321453662746 0.566125098209 0.670312082433 0.584355852936 0.557374135767 0.435332791393 
0.375183763835 0.422672630487 0.464349524649 0.399301219661 0.560968621838 0.76847532985 
0.375331030806 0.423046091977 0.466416841394 0.395012082113 0.568998742355 0.815405203167 
0.378405420132 0.429563301637 0.452736663133 0.354992968342 0.33602116563 0.851210292118 
0.387278953337 0.4270636508 0.481397833548 0.456463858646 0.835473027484 0.361566590804 
0.355442395257 0.410499899131 0.539225772794 0.653911713375 0.789079355063 0.225271948108 
0.355447868525 0.475504890383 0.362101769276 0.32548426938 0.240862087823 0.865374411108 
0.364363677878 0.430908289572 0.495342377627 0.477836387449 0.179420424235 0.725762019637 
0.35112140967 0.400085239625 0.376370465246 0.834928837737 0.643702828753 0.403759622571 
0.350449775534 0.408683066083 0.55000857472 0.67975647915 0.828413963334 0.250229464622 
0.382892708011 0.488472014204 0.285997013061 0.327839834818 0.757543153958 0.248353052466 
0.377005874079 0.421326143157 0.452343597656 0.445791022575 0.26971805773 0.823552324716 
0.381344620073 0.451333803476 0.406144581366 0.401709525455 0.528362425028 0.630863366328 
0.380491158853 0.424943059004 0.433750476188 0.360909674928 0.549539932251 0.792398453254 
0.355913552779 0.444739795796 0.498146627586 0.473414294435 0.630668457146 0.674194049194 
0.360852485735 0.515672791398 0.304851629877 0.683133572764 0.709488605745 0.497823075893 
0.360090636142 0.405120600045 0.443961611141 0.480806270027 0.802902999635 0.47394683688 
0.384161926149 0.394325742881 0.421040906616 0.575898390035 0.865057846556 0.286615556969 
0.383589273732 0.406188499232 0.477756844005 0.455206625172 0.971353840108 0.025393864742 
0.377379073173 0.434737607856 0.571417277878 0.269417419418 0.716646109077 0.583402990461 
0.370802179508 0.427215735496 0.43982816038 0.855292772436 0.642786749173 0.234920319387 
0.468950263428 0.558346639263 0.610365846951 0.582734234956 0.74389594155 0.306854558948 
0.367244122938 0.416574249129 0.33745904391 0.698934892825 0.762795412366 0.277375273042 
0.432949348571 0.452528161914 0.589795195008 0.853663064152 0.667765011197 0.158857716984 
0.373990408013 0.419395464172 0.449591767779 0.440682849575 0.429514694008 0.770086885284 
0.367906548498 0.417099626122 0.304889481753 0.741696311689 0.813421322021 0.321848104811 
0.383212724375 0.460812214905 0.397716434492 0.394360587015 0.539238017093 0.707944853631 
0.353180386895 0.401640700871 0.38274730859 0.816929673656 0.637685868678 0.386978553898 
0.367374242658 0.416711853074 0.328139887746 0.711256293751 0.777328877108 0.290135532627 
0.372161673459 0.416125449617 0.460345276304 0.447781563602 0.529440916999 0.793693242241 
0.360840638066 0.405744669865 0.443995249017 0.480632867586 0.783304221298 0.449793039008 
0.211599470281 0.679834180799 0.555153159997 0.54125361091 0.788876408005 0.340773112108 
0.373999338247 0.419364026679 0.449572839633 0.439660647373 0.43105144505 0.924578051607 
0.38229153495 0.456091198709 0.401847589379 0.397961986022 0.53389005407 0.669919818477 
0.396556203207 0.696570077715 0.717353075381 0.670278530917 0.756567662042 0.139893213575 
0.353459140455 0.40976314968 0.543541481134 0.664245530929 0.804807107683 0.235249946276 
0.374128238887 0.41944737053 0.439424833339 0.558258543008 0.54664967022 0.752642963251 
0.372441621937 0.417543111961 0.433117529904 0.493754976979 0.61136028879 0.727014127873 
0.363279588704 0.43338255535 0.325454321579 0.635157220963 0.505133572047 0.728236334312 
0.326695749365 0.386573484515 0.567519653718 0.514971795023 0.698563724955 0.57417241964 
0.373849566847 0.419582485969 0.450893412801 0.426721583651 0.453564357469 0.723377739187 
0.539012661138 0.638325325089 0.568125532659 0.680797414687 0.706009055379 0.441750279992 
0.382948759235 0.405913509104 0.480418114368 0.457312910679 0.895228268145 0.02189233901 
0.354177374541 0.402400804471 0.38584200153 0.808145458156 0.634749148723 0.378808234448 
