0.459654124192 0.426808622548 0.351734999752 0.149799236949 0.806679037218 0.480254054743 
0.45122056245 0.332151120515 0.632612638753 0.774525050725 0.579481395639 0.207192152247 
0.481494183056 0.468401828638 0.452077622264 0.483774737243 0.591455901025 0.611760169021 
0.467950580084 0.41505097228 0.332436284039 0.574893054673 0.783953475417 0.139623602655 
0.468633060215 0.443322006892 0.415612660089 0.413872230346 0.464215139662 0.817566657188 
0.456736835548 0.428915013212 0.390600728508 0.381543712889 0.575761814366 0.770734009495 
0.459726947684 0.440103081784 0.410140225172 0.587187159504 0.60955799581 0.598775723502 
0.453772831783 0.484220571421 0.491875508958 0.505782357917 0.602817013381 0.73616830758 
0.461543810862 0.440751940655 0.394259043372 0.385740015655 0.514141665915 0.774620643068 
0.467677548049 0.44842777321 0.428158137393 0.431489875626 0.856968334757 0.229344144266 
0.467812702177 0.460657247338 0.369537538945 0.374851504666 0.399724217941 0.739882000709 
0.459536645851 0.439128773001 0.383624917474 0.457914466762 0.841567023309 0.18982689583 
0.390492690755 0.641680937821 0.484806598114 0.523300939379 0.723253792782 0.470996754049 
0.467975074258 0.448067133172 0.282542686233 0.632056941263 0.781601518514 0.242061877535 
0.459409507165 0.439257426748 0.410751214915 0.314405153553 0.717582215062 0.618783753245 
0.459507075487 0.439637284506 0.410229761862 0.411434599583 0.475889289183 0.729646901024 
0.467596451453 0.4553018812 0.415875285945 0.42572342667 0.478629206216 0.70064421921 
0.39046254887 0.357251066154 0.373961086467 0.671684024517 0.702440027276 0.349395136622 
0.460393328264 0.411214643338 0.492916900225 0.23253568182 0.344307097841 0.745202855592 
0.48260166106 0.477958359691 0.428724148473 0.518373313687 0.228456774819 0.735907659287 
0.48003326312 0.797135379491 0.633910242351 0.591006132944 0.522281548939 0.686173065318 
0.458494198256 0.443062922532 0.416267435016 0.390085692734 0.689682937016 0.637920105814 
0.521943141859 0.506832381299 0.435752236572 0.190760666717 0.800854028457 0.0999294762309 
0.454721968642 0.505539770608 0.316816559957 0.329070864322 0.813424198128 0.35324681464 
0.456468286112 0.448787840403 0.424718981205 0.43535187799 0.512292292611 0.708831116894 
0.400650658461 0.422069409095 0.220697214121 0.750241379724 0.724222197904 0.306325771117 
0.421135537701 0.419744101484 0.487224099104 0.291689754722 0.205192458742 0.76484883986 
0.460272338888 0.440588151639 0.47414213116 0.687814118764 0.608606252948 0.340687162456 
0.464158282525 0.379600208839 0.668409862877 0.69976676819 0.551241939179 0.412385093863 
0.47893134306 0.448831738979 0.532691430652 0.614373925337 0.684298598893 0.250004378641 
0.464513311068 0.45928318336 0.319852972542 0.57485133984 0.510750382566 0.711596875043 
0.463430977191 0.423628389674 0.49158586694 0.457043922355 0.5334074237 0.657844517023 
0.46118413082 0.442335601875 0.411956861926 0.422723799358 0.28726082702 0.889700510134 
0.562333352799 0.469933001793 0.272894792192 0.854883322174 0.657567269834 0.0055137623226 
0.468159545274 0.467020211258 0.364677795548 0.520920805876 0.208397350136 0.689576203476 
0.458415543182 0.425807458289 0.535089113687 0.792403169553 0.599181110168 0.427919459483 
0.473417644661 0.493309797892 0.453712741246 0.219422190169 0.838518247256 0.294358547333 
0.430568653573 0.363765618045 0.538340600807 0.51265541269 0.146810663049 0.72806129453 
0.426039778933 0.521690641748 0.216607458531 0.30929783058 0.829687347865 0.119091302465 
0.459490416499 0.440197120853 0.416265002402 0.335183075417 0.575336160147 0.723957910433 
0.443968779049 0.501751303315 0.451288181106 0.532433216413 0.118655689362 0.704822114515 
0.490297216024 0.459071328663 0.328908861201 0.331577652396 0.833195639455 0.140620326017 
0.449651754595 0.427205900457 0.405703827736 0.562425016952 0.724349842769 0.261271450307 
0.47830059639 0.444777273131 0.298958905215 0.692656545253 0.724771323271 0.361571740104 
0.455466774369 0.460259995553 0.468370851313 0.18238780697 0.761807929464 0.212629335288 
0.471284077797 0.475477692726 0.421415061426 0.414063866039 0.31213634939 0.698258456956 
0.46207495038 0.435371378087 0.383710993542 0.560308135069 0.804405945542 0.377606434075 
0.45862235384 0.443077891579 0.404009393986 0.454747227599 0.543508109444 0.7633030361 
0.453782451396 0.457660959955 0.432908318842 0.349769180404 0.685089879401 0.543089426224 
0.467211762775 0.411891070147 0.459414988832 0.523684072291 0.634511213852 0.471772166811 
0.421298787543 0.534769131637 0.446515750963 0.522133590131 0.53304578753 0.650279256501 
0.44801927189 0.501763187347 0.675769457236 0.626808834096 0.674008726998 0.209932331713 
0.460046759767 0.444444065947 0.39281873507 0.346881047246 0.596293873132 0.671957532889 
0.453940160613 0.436482029977 0.418794352354 0.254080677108 0.8692478765 0.2641029051 
0.463901061959 0.44608606947 0.419416944972 0.382063859529 0.760833701825 0.238186941222 
0.406814300369 0.380012841304 0.712890891138 0.713142812569 0.552165087045 0.505457053192 
0.470313951051 0.451079933238 0.4187545948 0.286285724067 0.695776061805 0.49521505055 
0.457032583216 0.429883552038 0.469439708511 0.262274793931 0.701004494169 0.628021700608 
0.466637998298 0.447786572647 0.372508602148 0.505659091645 0.832571136646 0.00245270602055 
0.460422242428 0.440224040676 0.411415684025 0.422403466087 0.528928609894 0.65392356809 
0.466300303289 0.491174652745 0.465226847691 0.178169298227 0.306165935542 0.697547860181 
0.460032636074 0.440951989475 0.409463798358 0.393858324622 0.592959827573 0.655695873304 
0.440565143981 0.51871281111 0.462220426629 0.27317747061 0.647028956401 0.458674078711 
0.479628178733 0.623712595058 0.468970181658 0.521192590048 0.59559268948 0.607837079724 
0.462018171829 0.449045799544 0.423195759362 0.410609603916 0.44077251388 0.836550029254 
0.482134392536 0.401266331521 0.39397461066 0.391480413049 0.529577886211 0.658065748143 
0.446688039466 0.470075648501 0.47074374338 0.657980750018 0.73894781279 0.32667307925 
0.476619568982 0.468376254744 0.470649873411 0.275677469864 0.240372263519 0.739676856507 
0.459406968197 0.44028335089 0.418247622633 0.3238870906 0.590034502212 0.799712183538 
0.524111411564 0.508953113608 0.436246696067 0.186500896036 0.805170689753 0.101264929885 
0.337700372833 0.682123434956 0.50895125292 0.597023429728 0.717612727419 0.335951236284 
0.459477290745 0.440211298065 0.416555094895 0.33348462138 0.577546765492 0.735324338145 
0.439304355042 0.506095414887 0.457911735964 0.465617506238 0.683565269811 0.252062832606 
0.467584723086 0.468994008293 0.436103532151 0.275968489771 0.760620932238 0.23449115069 
0.419812361225 0.519074364914 0.548543669442 0.44728871269 0.532189817853 0.817774633193 
0.473963644597 0.458143174185 0.425010592726 0.414665571022 0.431690719493 0.767099334999 
0.469860232992 0.472817661473 0.357366179174 0.534061161812 0.193823040885 0.744694538823 
0.459684188876 0.439523530641 0.38034057442 0.45991274194 0.894042438345 0.213265456107 
0.48003326312 0.797135379491 0.633910242351 0.591006132944 0.522281548939 0.686173065318 
0.459097131823 0.438803963002 0.410353737227 0.32394603034 0.699755209445 0.579789229284 
0.494825328651 0.386409969631 0.389459171539 0.389589599387 0.549583730741 0.787658357556 
0.459757078832 0.439746980757 0.478891266186 0.717882014925 0.619271900797 0.37073816957 
0.458733117459 0.430400862244 0.51872981456 0.7367041771 0.587482741704 0.373720559925 
0.467771872962 0.474150711297 0.463033446709 0.730083302357 0.58572621991 0.513598798482 
0.490222509645 0.391633273516 0.390991249823 0.390191111749 0.542524350002 0.741800477029 
0.461753791609 0.440852036786 0.393235949656 0.384793068847 0.516959217865 0.798819988557 
0.462385887948 0.43496802882 0.380042845226 0.570406409161 0.829394623921 0.402217635092 
0.402569071032 0.422331087233 0.227262532713 0.742752491229 0.718895848568 0.299839259455 
0.459628838527 0.439374962516 0.381544025523 0.459155378675 0.874306251336 0.204448602413 
0.48576603332 0.396856642804 0.392580435345 0.390857603608 0.53549458003 0.696267344584 
0.459622374215 0.439357646252 0.381686497076 0.459067620999 0.872007838413 0.203421931874 
0.444550658269 0.509700119595 0.723929523644 0.655827669331 0.700063929058 0.237948954145 
0.492029125989 0.459999810356 0.325804319738 0.32923687853 0.840678939227 0.143289783121 
0.336009852316 0.684289031477 0.509436658433 0.598306503773 0.719398484429 0.338199071667 
0.467096878662 0.412157000485 0.459164459349 0.522989855358 0.633448840326 0.469344111294 
0.480330127234 0.775903559049 0.623754056298 0.584466621638 0.521341161986 0.655387136415 
0.473417644661 0.493309797892 0.453712741246 0.219422190169 0.838518247256 0.294358547333 
0.460769459172 0.406612624483 0.501775042043 0.220833200651 0.341983451121 0.795685460914 
0.527645647297 0.512395963309 0.43703169428 0.179633415443 0.812134144383 0.103422797236 
0.464425582227 0.458888428913 0.320995690545 0.573528710759 0.510369146159 0.706163068735 
