0.5088533662 0.536929352267 0.222187475928 0.709975220719 0.602213638258 0.628718557182 
0.439462025611 0.408294715287 0.401481822195 0.430040650898 0.673310183358 0.728463166295 
0.462572246594 0.435550838694 0.420551398052 0.359864982044 0.372898303509 0.781013984673 
0.424849227044 0.434783578945 0.491586542378 0.463823557215 0.450284777031 0.656735971777 
0.393528343721 0.465131075486 0.473912574622 0.649654575639 0.472436125104 0.82785856595 
0.447706357318 0.444195847909 0.502652168368 0.848241913368 0.786612954085 0.189784380435 
0.438393047113 0.39522697583 0.392825291263 0.447490616355 0.358511046259 0.818764245669 
0.452760549559 0.403714634381 0.39666343611 0.43507862249 0.515470701302 0.605164870162 
0.453031139306 0.470058292842 0.463405646551 0.272077612677 0.300120889122 0.660961939656 
0.443116912223 0.551407847144 0.529433265576 0.631168124036 0.654361533873 0.166780465195 
0.534726301333 0.562092722458 0.480496677121 0.622400784066 0.56528658032 0.452385021672 
0.245432151041 0.698380198722 0.573199056248 0.665654767043 0.54414971022 0.481724034885 
0.511944261483 0.485861231141 0.521887420246 0.482788521415 0.554488504684 0.585660457894 
0.441121031797 0.397862688883 0.453162239641 0.457009297949 0.767761479179 0.327235232643 
0.438127468039 0.394397149232 0.390997943877 0.430426791244 0.71158654054 0.618655927503 
0.440212577921 0.396507626081 0.392891608388 0.449485123521 0.153070687733 0.738407954752 
0.467559779782 0.404398611599 0.438609301548 0.629202866111 0.612851301824 0.550796052047 
0.705700107019 0.479391437262 0.498240292299 0.620596490375 0.795807882223 0.176158443727 
0.419132046501 0.425446338216 0.457909996325 0.473740677716 0.620423921466 0.698345957636 
0.496352109691 0.418842058729 0.296099494361 0.370551165085 0.749266835438 0.240393561675 
0.402213052629 0.311414220125 0.586391270788 0.709980440849 0.781013415946 0.284047073561 
0.431989139849 0.378756282792 0.380349770231 0.372092010481 0.827486556324 0.180610642576 
0.489989719066 0.432076671261 0.4442965847 0.310377578786 0.631830458008 0.718404385979 
0.442941762224 0.387051219741 0.373160917949 0.521001763157 0.742107588321 0.614525091343 
0.436328582503 0.419605226508 0.448141378086 0.299945511725 0.347310186183 0.733629139719 
0.439690879406 0.397618114868 0.492723327038 0.489184073132 0.579971561696 0.642011734901 
0.445686473188 0.379114759607 0.451184830104 0.333686179756 0.75295639281 0.639541885358 
0.27406596623 0.307277543842 0.644561765159 0.855951729536 0.544164561534 0.325100952582 
0.347884062844 0.358555305441 0.340119252224 0.680539150757 0.738455418164 0.372757074594 
0.463875364153 0.404786168991 0.334858037834 0.658666324336 0.832619811928 0.281161247082 
0.455067821602 0.412272991874 0.412337823741 0.363148644119 0.76130581565 0.348546240056 
0.657297259384 0.528000183045 0.472954286981 0.189813034902 0.323415532502 0.820600361288 
0.482351317241 0.409302443549 0.485417725616 0.480705727843 0.482640119872 0.718463823225 
0.415435329097 0.448479448143 0.309751084593 0.813080553161 0.642151922712 0.147193590417 
0.451595627115 0.400174827243 0.377536378891 0.576762886683 0.475230876418 0.759310268797 
0.476445239896 0.287277825536 0.607782582681 0.750453576371 0.683808588153 0.148985913494 
0.448502811149 0.360835616904 0.369633468784 0.476181654884 0.61894333046 0.643467203352 
0.225585438419 0.143302317414 0.210028817058 0.796542835013 0.724836715895 0.294742244708 
0.427226778823 0.431880709561 0.470010853723 0.631111846942 0.520101370636 0.602540399316 
0.436862589076 0.397117280461 0.402809678525 0.294933693239 0.794730155875 0.437799581582 
0.483822970372 0.257112496747 0.333951375615 0.329936940236 0.128726435905 0.615686927221 
0.433416056854 0.370460519363 0.432430820782 0.547216131971 0.685446482019 0.382560243255 
0.435819029473 0.39378166131 0.388764288856 0.407364852934 0.812522072181 0.407802454538 
0.29622641142 0.72151450517 0.607816618786 0.591778257922 0.626941720687 0.39629240344 
0.430427902891 0.392125702986 0.314760248473 0.369258364756 0.857684430319 0.481355766772 
0.432559969687 0.405233950977 0.370621723255 0.402722237433 0.621854167291 0.777328408183 
0.434341913157 0.376525801678 0.606591880764 0.553049618971 0.579870410288 0.39723864727 
0.435277062109 0.389462535686 0.413755504887 0.442520699456 0.449828397612 0.889600564488 
0.465391784045 0.332203030239 0.291583231849 0.32530858398 0.817850829766 0.337831965361 
0.437188843549 0.396745378875 0.400458939466 0.309697118 0.769128467564 0.407175787463 
0.403132686736 0.454817311119 0.462076133425 0.61660387677 0.470488762459 0.715006045594 
0.445402118124 0.40497658224 0.402253024852 0.43538751291 0.532914972555 0.703221985576 
0.445790025652 0.370336164793 0.340257763754 0.647917126946 0.699122038034 0.440798059016 
0.413280065829 0.3366218521 0.547622662521 0.657475511624 0.722017329587 0.235496993156 
0.448107148744 0.40567768437 0.404845726094 0.380983258937 0.712383554194 0.298857178752 
0.256845565325 0.686549896514 0.567498216005 0.65868289886 0.542585106234 0.466546111348 
0.441703977582 0.398580594263 0.447344502978 0.456528798562 0.721137361441 0.285133226175 
0.467672014382 0.405774149224 0.329002329977 0.673261116626 0.857840822864 0.298179092478 
0.439814956595 0.409486278705 0.402922316198 0.431705269944 0.623600636386 0.592051451247 
0.466012879867 0.331144314203 0.289882210239 0.323910387242 0.821533690998 0.341060290909 
0.437331040405 0.393488128466 0.537243565139 0.507425522415 0.638221133773 0.868666066524 
0.427494979276 0.431374219133 0.468869063254 0.62811533808 0.519282890372 0.594940438846 
0.588342813161 0.494466899549 0.456351112828 0.23201695156 0.329531691547 0.657807773063 
0.441521868873 0.388939614539 0.377936403777 0.508365268052 0.692277417744 0.523171085982 
0.438292123752 0.395104113028 0.392149515275 0.423951286977 0.785308209001 0.76925391251 
0.467920279332 0.327919675498 0.284697136514 0.319666156342 0.832740742159 0.350891191247 
1.14574262457 0.624461043712 0.587471416027 0.761553602566 0.559450461744 0.226442010729 
0.39547576623 0.463063707686 0.471529719978 0.642996941418 0.472049287933 0.805045819769 
0.459987774812 0.341627684499 0.306695197135 0.337875382121 0.784972905302 0.309069014285 
0.438212183371 0.394152723945 0.394047085677 0.443569646505 0.368552971914 0.809478279266 
0.432376574928 0.405498420809 0.370157098193 0.402314859137 0.623997775021 0.785274061916 
0.406451215633 0.451169822338 0.457924527428 0.605025310617 0.469786567135 0.675746883044 
0.464202013415 0.43806836451 0.42200891275 0.357602898855 0.37207222039 0.810287033633 
0.442313599994 0.38786786198 0.375243303667 0.515467294567 0.720261021979 0.574472290047 
0.455916992647 0.413054875067 0.413217009409 0.361160245077 0.766823324845 0.354167205417 
0.438219012899 0.394898491474 0.382397512228 0.451054912892 0.673048794068 0.535420309515 
0.217953728519 0.135238760836 0.205071673592 0.803897102773 0.730314483852 0.300974673932 
0.433094676492 0.404454414373 0.372001245246 0.403936169064 0.615485622353 0.753730025024 
0.457142951411 0.404355782944 0.396102107856 0.435975075087 0.561462172171 0.86384337088 
0.42378229031 0.436579013689 0.496708118931 0.464444236604 0.450891352493 0.683354843977 
0.403940246068 0.453934452963 0.461069431487 0.613795484532 0.47031960643 0.705468480777 
0.426279572793 0.442747342034 0.635698196619 0.837020635173 0.675258859271 0.235895647672 
0.443900243809 0.382391454042 0.441967900401 0.344280817608 0.726461109412 0.588203412558 
0.454054049176 0.370548243337 0.363511130661 0.343989778721 0.929910395657 0.225732229806 
0.438214511312 0.394226149512 0.393979742385 0.441844410143 0.370634311571 0.763564589879 
0.221878862401 0.72239858647 0.584750535734 0.679836983081 0.547327302237 0.512836724949 
0.481254174362 0.444915789857 0.439510037557 0.283101916846 0.68578781432 0.335515715301 
0.601876904362 0.476656272918 0.447648766868 0.678806512056 0.667555618349 0.542890977485 
0.418868519163 0.425703488826 0.458547313034 0.4740699981 0.622267575256 0.70442383298 
0.44272295274 0.387332866875 0.373881805337 0.519082030817 0.734526354874 0.600625692583 
0.484251088225 0.256270552453 0.333718547971 0.32954005111 0.127370081561 0.618697334404 
0.379414333306 0.330699445994 0.374778451268 0.644044415705 0.876873244168 0.124839287628 
0.440154707905 0.391078208084 0.384944289449 0.445743417109 0.483805405083 0.703782597539 
0.439462025611 0.408294715287 0.401481822195 0.430040650898 0.673310183358 0.728463166295 
1.10232168208 0.598954571158 0.566271224246 0.729463506906 0.538813382776 0.553107016754 
0.485645740882 0.449431277251 0.443373587204 0.275256230551 0.694073687971 0.347461862523 
0.461314954822 0.312419437935 0.334786376369 0.295675225932 0.632170274371 0.762452303695 
0.43250645191 0.364564666856 0.437266240436 0.564908176203 0.722977557019 0.434886998812 
0.400603841815 0.457564257287 0.465215433495 0.62536445284 0.471012202548 0.744815152491 
0.438310493433 0.395186069978 0.392281032047 0.423328604355 0.792438374292 0.783830540185 
