0.349440646879 0.392981024525 0.450858180734 0.396738375125 0.673837102425 0.707073036658 
0.335780098535 0.450078729789 0.526050835863 0.476452780055 0.596692151539 0.416741264071 
0.370970454632 0.373439973081 0.443868476947 0.460747571373 0.575869851524 0.697027470011 
0.378523273906 0.460964683152 0.657986278959 0.1081096254 0.864851368909 0.336132894734 
0.347421251755 0.391475620898 0.44816392904 0.392427679904 0.207314892417 0.903414018757 
0.415478376483 0.298599242766 0.159152742731 0.274271326219 0.27025095703 0.417589545826 
0.371012457731 0.326282939571 0.406046528168 0.532656246302 0.539313993045 0.60001349915 
0.354019067477 0.44993388267 0.349899136562 0.674175011001 0.563787992944 0.496522439631 
0.39162923089 0.288077194699 0.36623762008 0.216991494778 0.810698004926 0.245407115874 
0.343994494692 0.391809964898 0.47854227935 0.414650606516 0.606513230578 0.753599740094 
0.552531093646 0.512773938462 0.589252731672 0.582505232838 0.743066954562 0.136028488658 
0.370041153425 0.364290955947 0.4089604667 0.383534504633 0.895150936259 0.23351521247 
0.345089776417 0.390540367523 0.645476954693 0.577320890457 0.577228120382 0.470688194671 
0.360228288314 0.410973578382 0.434411053085 0.553082683765 0.525487348145 0.832158650264 
0.428574759505 0.460479173336 0.504819352077 0.549697632408 0.138758763544 0.485703543703 
0.359960392605 0.403098360612 0.518039288811 0.588000053438 0.560171550076 0.719319586398 
0.359728539353 0.395499517558 0.453462965777 0.329055906354 0.793997602753 0.522070045114 
0.355845279645 0.386273158076 0.440974121392 0.444951871301 0.626299243646 0.607086311933 
0.356507159901 0.436592778902 0.490341104844 0.597299384157 0.877180845432 0.252497052778 
0.399978188222 0.420006189383 0.368965318622 0.328242765563 0.316560088868 0.612990605812 
0.380675622655 0.310869498923 0.749118120041 0.680353304159 0.749013303227 0.149596264736 
0.352371044754 0.410360670861 0.482363399059 0.534709738979 0.165580247729 0.554972525103 
0.365048317272 0.400001678447 0.471441316046 0.606722677053 0.757784469634 0.504187539806 
0.371819335814 0.403955154703 0.484500251391 0.50173832429 0.25393749676 0.669608732141 
0.446661477052 0.201697869575 0.318707229588 0.310121385936 0.0998823025561 0.555214027327 
0.358736969261 0.40401233485 0.485670066529 0.7048428846 0.679221858245 0.417240426874 
0.342283670694 0.524063442993 0.637640551654 0.517164908446 0.521374540253 0.579063505293 
0.366656621546 0.380351365977 0.430964443882 0.322696984947 0.678100276135 0.640649978344 
0.358600223267 0.395872699981 0.39534596221 0.300507081573 0.648726806029 0.713257918172 
0.365064788258 0.386774336746 0.635684121447 0.509119771922 0.539447066023 0.718939618904 
0.359531587824 0.396839912434 0.45555737267 0.401289037486 0.602183110475 0.769194292633 
0.371620077328 0.408382503477 0.480612883444 0.416262235939 0.47197831513 0.796877984886 
0.337057385056 0.363408760483 0.57002372279 0.542491919194 0.675205099438 0.64725261273 
0.359284844354 0.384979089966 0.449674133858 0.391123443107 0.453842340536 0.850476756988 
0.372339843478 0.410664728935 0.463873307767 0.806936289255 0.751239366649 0.415301516375 
0.329259956397 0.382458330243 0.447438111312 0.206842488644 0.922422893464 0.035913750275 
0.359599578409 0.406202279365 0.410980505179 0.488845240294 0.819383673169 0.35435655783 
0.338829733909 0.369417923648 0.436402994653 0.323168527817 0.891850207847 0.343700508012 
0.374141266012 0.40516209732 0.462760885546 0.365739111576 0.513185050089 0.642230232968 
0.36051658934 0.394429415181 0.463884417889 0.427540602337 0.889716139031 0.0772151683833 
0.373313346892 0.36596047451 0.438712423052 0.380137369792 0.646555015799 0.650387102655 
0.452355893517 0.456564098928 0.5017538349 0.680149380513 0.757357512188 0.17427365915 
0.360269783321 0.396904800868 0.466418794671 0.417855196776 0.337092092909 0.573655146378 
0.322601438649 0.485798810928 0.312224922937 0.174568817432 0.925564653905 0.391328252012 
0.356517266045 0.436052321433 0.47318547073 0.452455687419 0.51057437088 0.571558236621 
0.370444089691 0.323050749986 0.404555268187 0.344711873692 0.78279081022 0.399267489294 
0.380336652361 0.417353344181 0.466864238799 0.288367582488 0.694003575353 0.645069961145 
0.359592789887 0.398482395774 0.449464101969 0.683376965571 0.569341616805 0.558896117807 
0.331982861037 0.385120927913 0.376171845015 0.656152930011 0.643775562558 0.622156922604 
0.346418125154 0.455654636968 0.363939282548 0.336104537979 0.88285708544 0.0578142881462 
0.356706794579 0.401364737368 0.436857000049 0.396426810461 0.805052701432 0.4335063714 
0.348041954425 0.430928450518 0.470899451106 0.419260309492 0.498016552437 0.802944536615 
0.451711491063 0.651874706107 0.705892190421 0.607785217845 0.63181250011 0.331600747203 
0.320416436824 0.348775244651 0.404223568884 0.594210292315 0.814210000357 0.298653012065 
0.358350022825 0.395737441397 0.399934927474 0.307843069272 0.639182377412 0.678245527704 
0.359648035584 0.395561877409 0.452972582108 0.326443279269 0.878085566927 0.11639663672 
0.346418125154 0.455654636968 0.363939282548 0.336104537979 0.88285708544 0.0578142881462 
0.374443626085 0.446165837528 0.610494361071 0.157626897446 0.814915502636 0.289289055761 
0.355268262867 0.441459006991 0.474203041271 0.457355744949 0.517209391677 0.622771610415 
0.347025789342 0.506922628667 0.616022217451 0.5091095741 0.518478905725 0.524234594902 
0.360313344153 0.396880127841 0.474757450931 0.427986370889 0.310969012102 0.744731631043 
0.322296597526 0.451603986495 0.48445580063 0.504343182328 0.248567614433 0.7067062746 
0.339105813457 0.429304056449 0.471152737925 0.41951776682 0.499562199753 0.821314273054 
0.359221245856 0.397058121544 0.45337569542 0.413893062696 0.451143391211 0.818783378832 
0.299762138432 0.65251620451 0.571904418375 0.566750699886 0.78047668554 0.0024740933846 
0.355010185665 0.442542461238 0.474398627576 0.45833597844 0.518538885617 0.633041173057 
0.372436349908 0.410796779984 0.463988887383 0.802271208693 0.748466347046 0.411022832476 
0.373122710963 0.370444297069 0.44285476816 0.465006498283 0.587109362503 0.750840699308 
0.350025795418 0.470434832651 0.322686154099 0.717257021781 0.572484779757 0.572450766737 
0.351831095564 0.41103984236 0.48367014953 0.542532564798 0.156965134783 0.575830499825 
0.35871904012 0.395522699198 0.453600420458 0.327572260359 0.797838059354 0.527748428896 
0.398737628227 0.501584228672 0.578130990074 0.474706230021 0.871128307201 0.126618815051 
0.327770420523 0.382056497443 0.447398254625 0.194108323677 0.941792043365 0.0374625740903 
0.36000021522 0.402952616344 0.513589173593 0.574197229527 0.553783360266 0.67229992556 
0.373208814605 0.411920167827 0.46506000504 0.760438898875 0.723598562217 0.372703559712 
0.328846124377 0.3823458891 0.447426304818 0.203335600673 0.927758448157 0.0363401402146 
0.375951077065 0.361631872526 0.436871522924 0.37761050997 0.659788325879 0.691139622658 
0.326955028545 0.381839699033 0.447379308398 0.187008290673 0.952585605381 0.0383267353883 
0.329292480645 0.382467194843 0.447439064598 0.207117084264 0.92200506088 0.0358803679375 
0.319137658472 0.347360737647 0.40290530544 0.597337263356 0.820304673901 0.303484313533 
0.441529625502 0.470745968674 0.510831335522 0.570974934478 0.115396211489 0.532183383627 
0.363063550014 0.389621737618 0.485820260674 0.708632668184 0.681388305648 0.421753420282 
0.356084632861 0.438515034597 0.491575955675 0.607018117283 0.898339304864 0.264540244746 
0.374687097361 0.30637513899 0.395378860954 0.335107305469 0.817916034019 0.441181296443 
0.369067230419 0.402645430067 0.478645218382 0.480555118571 0.274844862964 0.57594441829 
0.358785737728 0.404009982088 0.485452978405 0.692742962539 0.672303681466 0.40284152249 
0.343857434789 0.391797435876 0.478631767748 0.414662512423 0.607790922576 0.758996079838 
0.358701592958 0.404013816792 0.485828756069 0.714160865653 0.684548234782 0.428339125006 
0.369813726439 0.423049276489 0.493619864395 0.461813086176 0.562457906644 0.533800359647 
0.355709416612 0.385885346189 0.440490694964 0.445642358935 0.630975660593 0.621374833875 
0.370393825826 0.403285803431 0.481479623029 0.490773998244 0.264736868374 0.621035416574 
0.366762595751 0.380184444611 0.430722297038 0.321856834451 0.67957196621 0.644707905581 
0.346850078212 0.39211064282 0.476706875881 0.414460005128 0.580917500062 0.645531266519 
0.33352424232 0.464813464512 0.33820545561 0.215960076098 0.865065361373 0.338612761013 
0.382512962049 0.305778867659 0.760115612068 0.688962899376 0.757033075258 0.154164266096 
0.355432465966 0.385093238849 0.43950844866 0.447058262321 0.640575564248 0.650708925426 
0.357946081189 0.395494159428 0.408719011321 0.321957675787 0.620798288097 0.61117572119 
0.385262136198 0.280508284042 0.382329529488 0.575207691276 0.56573643485 0.800281555678 
0.360326083582 0.396901467135 0.472552936786 0.425352775602 0.317783695065 0.699918706569 
0.365014950601 0.400086922726 0.471494747072 0.589128810544 0.733100969244 0.464909817971 
