0.489523386773 0.422396193903 0.40967449119 0.594339271008 0.585657142319 0.584346084568 
0.471668415468 0.41770133596 0.482348371752 0.558242574135 0.646514790947 0.667510591471 
0.487576634796 0.455645508715 0.421495822193 0.738721421468 0.78422295035 0.172623584997 
0.321694399033 0.697235495932 0.550171528543 0.69001323014 0.560920469333 0.629656479186 
0.494151676134 0.410260241007 0.406770257359 0.373066418622 0.681361031254 0.633304738473 
0.493205985263 0.406979442557 0.391221911012 0.669733237504 0.65989928844 0.673534322003 
0.489384137588 0.425911804185 0.413057489013 0.437736606214 0.491444791427 0.709621595296 
0.492980389528 0.351826689339 0.517423406863 0.532806736855 0.121753592084 0.609904783776 
0.47388361689 0.417369272487 0.398913280898 0.350637436531 0.679744425544 0.696422496097 
0.481587396054 0.389908805576 0.39995396038 0.496315134443 0.495110164105 0.751149248264 
0.511132923005 0.344045723364 0.385045613123 0.526322882337 0.567038882938 0.739265010766 
0.371580462282 0.66271978345 0.533708972837 0.582049666768 0.534588127502 0.660685007394 
0.480074230518 0.443206673962 0.465884431582 0.516704098591 0.76693619172 0.680469013195 
0.59796017964 0.568157683195 0.561962597477 0.505914486812 0.604077566979 0.597963783437 
0.490926087782 0.427808779105 0.447463401687 0.350587548107 0.369807494061 0.741345458297 
0.486186634767 0.442121744511 0.423364142039 0.306477082809 0.378202806035 0.730674988418 
0.475973149048 0.483156357201 0.440865269478 0.735711036377 0.607720586177 0.508561536875 
0.481817170408 0.418201071282 0.432109624262 0.605627851251 0.797749985773 0.276526954025 
0.324109877562 0.321095137778 0.334078726141 0.653241014759 0.882751828342 0.0265546341877 
0.489631537038 0.424842330039 0.398338829768 0.617881937604 0.557505251511 0.740007276894 
0.481160415389 0.439367587628 0.454671971169 0.516692789482 0.506030467001 0.71142691155 
0.477218409696 0.621468910571 0.696863976578 0.57426463181 0.663582754013 0.57970008408 
0.527350798389 0.553424567246 0.549614083541 0.545433147933 0.917262892667 0.0824533059669 
0.489585933708 0.424531382393 0.418677093832 0.408708853692 0.323542024633 0.874777944846 
0.489924654935 0.422758044571 0.411287118686 0.422732676224 0.388578632615 0.764192302099 
0.516169713166 0.459838177428 0.428741936187 0.498375723606 0.736321760193 0.4981563263 
0.490981704304 0.428547375683 0.45036100577 0.361802770909 0.826295050648 0.160441308765 
0.488813986195 0.427449418836 0.408531049234 0.745825096366 0.747919045994 0.133156325236 
0.461405184893 0.414002527529 0.404981077539 0.850890817179 0.696667823986 0.259144789552 
0.489081450329 0.42678665554 0.242353067858 0.38688586324 0.231027198686 0.807013338925 
0.489255578708 0.425620336672 0.413807589123 0.427788921156 0.433953368856 0.765239912396 
0.488677920092 0.425027919909 0.403681377244 0.397030941922 0.525374912551 0.732568281803 
0.523256734457 0.51970489031 0.478143720427 0.644213123756 0.670462009109 0.522440651467 
0.395686579563 0.303221927071 0.263108389758 0.794878105687 0.720050180028 0.315478991344 
0.498027211156 0.570732302618 0.459002923828 0.226576925549 0.304496641387 0.446425298258 
0.48960968609 0.424060051771 0.422437046954 0.401082051433 0.756333518552 0.502249697682 
0.454310158256 0.401184119363 0.340683640432 0.408930419757 0.403694843182 0.792792444224 
0.492490518058 0.3998575415 0.481583369296 0.48325612496 0.512147874565 0.725325171221 
0.489360903951 0.425874350353 0.433151142279 0.444143224177 0.695472908499 0.656617486932 
0.463844538312 0.408967783604 0.401620833534 0.661830959934 0.722814695742 0.624989206595 
0.488053478369 0.422783820584 0.412021537238 0.596888752856 0.568511529541 0.714437680384 
0.502610382784 0.432228870904 0.394749612448 0.674096123719 0.56124494857 0.672150850276 
0.4866691616 0.407633032917 0.407402656837 0.618064663474 0.581361273698 0.736014451392 
0.479364767317 0.420887468131 0.454566467789 0.84563425311 0.611888105893 0.490827329625 
0.475008398381 0.362811082077 0.375917434673 0.290755508368 0.773319302574 0.588900747976 
0.489257363032 0.425712457996 0.412868981256 0.429473549985 0.443830269146 0.735232110136 
0.469430075841 0.474467201262 0.35222274056 0.258551945083 0.749225874522 0.441128265824 
0.489763329502 0.44203897646 0.478820046892 0.528198401857 0.675963393648 0.489820209691 
0.441839068513 0.370043183847 0.49947661445 0.484429675196 0.787008829467 0.29179857381 
0.488472861138 0.422793599509 0.406698067983 0.491088358067 0.831802384272 0.195689830701 
0.342009583517 0.2386294368 0.700617704027 0.540074236053 0.586255534934 0.442800970183 
0.47978285279 0.442679187498 0.357939411366 0.349262131565 0.845912600041 0.553021893648 
0.463762115648 0.491591903126 0.716306304345 0.559953023575 0.600908812822 0.394999379767 
0.486941697694 0.435701706657 0.400425687085 0.335882862066 0.392074902637 0.748557784999 
0.489788422496 0.424452978228 0.432698295063 0.444518565294 0.376581081643 0.737274468759 
0.488113184984 0.428961344922 0.416143751365 0.43531993723 0.780987384635 0.346546874231 
0.486582342694 0.436594748378 0.399901105164 0.32704091733 0.389867549534 0.81070976891 
0.370920425449 0.274707287643 0.23054905957 0.846060996558 0.750687194953 0.35871096295 
0.481817170408 0.418201071282 0.432109624262 0.605627851251 0.797749985773 0.276526954025 
0.495443672338 0.435714737784 0.391914791136 0.398741228645 0.766284489111 0.580063869384 
0.498231676669 0.442569590709 0.452876795524 0.305826675932 0.344897942368 0.722785872112 
0.467115753051 0.415981602595 0.40623517447 0.825074157089 0.68651210305 0.245155351093 
0.507512912905 0.353573341721 0.38719424699 0.519655166227 0.55841972596 0.686367071712 
0.474192944658 0.414970799356 0.405339555137 0.620697067735 0.679347231925 0.524347849181 
0.493596175065 0.445749171479 0.420781233468 0.470020703101 0.647168867798 0.670905398209 
0.4919231759 0.402759489404 0.476786601153 0.480443016759 0.508523547515 0.684624052257 
0.481658451665 0.418091736564 0.432167663365 0.609338349437 0.804826129886 0.282012085992 
0.502313148488 0.449386445422 0.43772929881 0.527246103515 0.751948822881 0.611004911856 
0.409433463912 0.319325854218 0.28161836503 0.765516211963 0.702609768038 0.290959362101 
0.30005501844 0.193231610371 0.743762660428 0.54335844674 0.596266049337 0.505483862509 
0.677981844277 0.528020713866 0.584103506425 0.510850153576 0.623680882109 0.681438229246 
0.502333104236 0.433458619538 0.389958645166 0.829684456721 0.652022795971 0.219570405898 
0.493325063375 0.405041527644 0.39782972682 0.423562259519 0.52383334444 0.701039572832 
0.491280742154 0.414436774347 0.39956889268 0.625740501335 0.627345482224 0.562993637915 
0.490174256715 0.417248221138 0.404999986967 0.632108767761 0.610378070315 0.699836132689 
0.486864645276 0.435895102028 0.400313061825 0.333996872252 0.391603508965 0.761795896827 
0.557593461584 0.462729581893 0.447428710006 0.48700111134 0.896178002391 0.172633296896 
0.289214852276 0.305212734727 0.323696720328 0.677405417478 0.935227727458 0.0297531530846 
0.513321899605 0.438698187739 0.375796172981 0.909619049362 0.674442547679 0.258075967388 
0.371350155068 0.663028370299 0.533826252666 0.582187222942 0.534630929934 0.661368789014 
0.487928702182 0.424804448005 0.385068954847 0.568034644106 0.722450925075 0.55590057064 
0.47996921803 0.440789600289 0.386517632502 0.375432209016 0.215783898035 0.685122162595 
0.488813986195 0.427449418836 0.408531049234 0.745825096366 0.747919045994 0.133156325236 
0.441845508856 0.370049435427 0.499471149441 0.484427949881 0.786982210443 0.291776536418 
0.487508833922 0.455550717075 0.421338390707 0.74550811129 0.790298848592 0.175926558666 
0.495570355796 0.436589097984 0.390649926343 0.248123969388 0.385011856581 0.784881541046 
0.523256734457 0.51970489031 0.478143720427 0.644213123756 0.670462009109 0.522440651467 
0.489540804523 0.421718536333 0.411599209341 0.360117064433 0.564172545359 0.790675473566 
0.4866691616 0.407633032917 0.407402656837 0.618064663474 0.581361273698 0.736014451392 
0.466448542238 0.479774684736 0.347617200443 0.243929988124 0.763937116817 0.465435268744 
0.423961840545 0.340236586695 0.308363891528 0.684535336537 0.634651583277 0.598946239143 
0.438266984688 0.366593963809 0.502489176441 0.485388303282 0.80177265633 0.304021521671 
0.471201613473 0.493030304795 0.443219559785 0.814594413694 0.632013046151 0.622481296086 
0.324641709971 0.723920342247 0.55673473564 0.609331953457 0.543096800479 0.798390932347 
0.489515788283 0.424723392631 0.418080710159 0.409832672989 0.332438690168 0.806978556944 
0.493737384751 0.405075703456 0.389116363042 0.680688631112 0.668018133899 0.701153483722 
0.451194241849 0.379271980144 0.49138003856 0.481933825777 0.748310226644 0.259762743438 
0.495495410204 0.429608193125 0.438690566903 0.376660608924 0.664250898272 0.735386618326 
0.48944978135 0.424913413062 0.417469864275 0.410952833247 0.34130086875 0.739455409459 
0.487023209755 0.435495808322 0.400545007858 0.33787252813 0.392572587307 0.734604104332 
