0.502786771857 0.471066808497 0.694883215943 0.696785800718 0.637549806166 0.180649350513 
0.543639007414 0.508134607108 0.598189586532 0.490432757168 0.646760790914 0.661960569186 
0.398422883836 0.48946948149 0.65749972241 0.707909032453 0.68880401349 0.302386304835 
0.485672961451 0.168011415794 0.333951393269 0.259605027368 0.270692692297 0.719848465783 
0.463426052604 0.258218130187 0.207539080608 0.328389752689 0.778745835201 0.238679158764 
0.368559185711 0.407387400877 0.397450292635 0.386070540025 0.940609067799 0.0503033200933 
0.369488415239 0.409479534369 0.51536361153 0.441587904095 0.784681539223 0.505276001179 
0.375373972851 0.394675293757 0.379465187138 0.512900146643 0.846313691082 0.106484315237 
0.361542054025 0.404050632962 0.378375209584 0.332695124975 0.881506144717 0.111196305407 
0.358739986605 0.403159453782 0.356968236319 0.777867189623 0.623397825369 0.487824268343 
0.36439051905 0.405580499496 0.356165858018 0.211950120843 0.950106391567 0.147049825565 
0.374219400984 0.391894987968 0.500197631797 0.451505719201 0.851208582078 0.433568237646 
0.368609189854 0.408504362578 0.395291124753 0.42224660248 0.499755917347 0.904242550277 
0.380568468907 0.28392880316 0.28345705176 0.834599789065 0.711482173034 0.128415207418 
0.36790287308 0.409138145228 0.379328861708 0.532355344647 0.543087180341 0.689455343066 
0.40434473788 0.353370016449 0.250697586097 0.66365978279 0.688276030176 0.216745531915 
0.368799857422 0.408966996216 0.389371894834 0.385208096145 0.5848856884 0.786960363057 
0.369883831267 0.409635120416 0.387048438659 0.357628415021 0.753535482841 0.246082515247 
0.370850407147 0.394135071569 0.435976655524 0.318257835994 0.81645540333 0.410714107968 
0.368627152429 0.408007997744 0.395281809159 0.411609858998 0.486971501754 0.843340499817 
0.370963416234 0.409140982089 0.397949859493 0.325048076888 0.763237679222 0.43622790512 
0.375969050278 0.373571342735 0.473423829769 0.51588539585 0.619291503819 0.677750960439 
0.366713356051 0.407643830306 0.409849252497 0.494302788882 0.634484968303 0.733964328584 
0.368879064564 0.408578326148 0.395377897866 0.437465970996 0.805524383875 0.56388483702 
0.368495762057 0.408604484256 0.395109726326 0.412249952537 0.407728967552 0.823383334747 
0.524083784613 0.537329363936 0.496067503205 0.900131688209 0.636565916447 0.118088009179 
0.426224934318 0.461780821889 0.444215316923 0.47027335375 0.877698749055 0.113120046353 
0.36851086853 0.408335885019 0.396142771278 0.406245966993 0.4585766428 0.885226450155 
0.369598893464 0.580958161453 0.716832415291 0.57297344014 0.595955932932 0.50842259713 
0.359279239448 0.435255518617 0.418887433314 0.431778164765 0.855271394087 0.308881704629 
0.358077349542 0.42864479275 0.410111124763 0.559513661471 0.660603757125 0.667216573679 
0.367534385194 0.508940167217 0.517102545658 0.519274812647 0.641828814488 0.620655142986 
0.401818825153 0.431728495548 0.142305933392 0.303233196046 0.795939144362 0.380880535918 
0.363155421249 0.365622696782 0.372811261266 0.547611801169 0.556117093774 0.690474115835 
0.3600957934 0.441738715765 0.434112201986 0.443026666826 0.844829278426 0.175562658668 
0.371315034194 0.410972807848 0.404475801031 0.412129377721 0.54629564485 0.82606690518 
0.371857223737 0.412678374141 0.398698134406 0.515099191827 0.676606524062 0.577411467794 
0.351038904687 0.471948791555 0.426803858108 0.495424088864 0.95497595857 0.172335784742 
0.330662272697 0.386702062757 0.517528678135 0.792368588988 0.605474234008 0.328150349768 
0.603004915188 0.663101353193 0.586838604521 0.698671551277 0.610572903616 0.59388430964 
0.365095287447 0.413510654568 0.340909881752 0.531412769737 0.708644755321 0.429697973935 
0.485672961451 0.168011415794 0.333951393269 0.259605027368 0.270692692297 0.719848465783 
0.420971372216 0.347535382337 0.639024814029 0.596520560223 0.689729275146 0.741350818651 
0.375639147296 0.37456405274 0.472008878628 0.513940309329 0.616427044496 0.666749979335 
0.378868220069 0.293526207203 0.291056924202 0.815689874042 0.703457725279 0.123166734196 
0.370021147823 0.409749838579 0.386576454132 0.354277343088 0.761809392335 0.252669200511 
0.375091366432 0.390098069972 0.505729104948 0.452716283084 0.875645812915 0.458735108865 
0.368627152429 0.408007997744 0.395281809159 0.411609858998 0.486971501754 0.843340499817 
0.370661948821 0.41176888048 0.399336540018 0.309306878379 0.795934023111 0.481749369974 
0.359343999101 0.419859745529 0.307953799603 0.571286913523 0.795624834505 0.567999648676 
0.364789980255 0.532116551917 0.540895613413 0.537485260926 0.673310315968 0.72182202858 
0.370704972926 0.569486331768 0.696898584199 0.566528567365 0.591552506375 0.483234706748 
0.404837688264 0.433607445008 0.130111910388 0.30011118087 0.805189004286 0.392453784714 
0.360027356787 0.441839530395 0.434187474434 0.443059389987 0.846848369134 0.176416322798 
0.36853246488 0.407769664403 0.396984074489 0.391325479042 0.906779353936 0.0469328322333 
0.376057671491 0.393690566749 0.378344129797 0.515958866848 0.860454006548 0.110102596301 
0.367773006619 0.409776305689 0.407770244992 0.415351407258 0.707783846651 0.567780332398 
0.324864496449 0.384158513369 0.526699339641 0.8275548396 0.611019732096 0.354603273908 
0.396587251802 0.428421338759 0.164073569093 0.308934105932 0.779387552086 0.360251773825 
0.413554939429 0.344102250962 0.223810086044 0.689731775297 0.707839371691 0.237935564931 
0.367754804951 0.409837708988 0.408044241387 0.415660672839 0.701152252617 0.554114720499 
0.36855345583 0.407463547432 0.397359429884 0.387039977856 0.934367425441 0.0496812287963 
0.368492243115 0.408644498148 0.394977575067 0.412763442589 0.406614847545 0.860541038962 
0.354475248479 0.464934100868 0.425087681153 0.487518442307 0.893671875798 0.152229946618 
0.348403190544 0.477307164136 0.42814191913 0.50156257945 1.00251907658 0.187931360908 
0.486978097039 0.580305075809 0.502762149604 0.948913623229 0.644402662103 0.12867259111 
0.37087532143 0.409462129382 0.401451408731 0.508814772201 0.663615933426 0.546227562294 
0.603004915188 0.663101353193 0.586838604521 0.698671551277 0.610572903616 0.59388430964 
0.368563899136 0.408439639505 0.395625059036 0.420493173615 0.492074887367 0.79995075671 
0.388277723128 0.41599641137 0.348488283378 0.342504767476 0.864709207006 0.202272895959 
0.359748670846 0.434954685259 0.418940417791 0.43199355553 0.83499068519 0.294132237642 
0.358040530047 0.400849422843 0.430416272691 0.458337326318 0.507488111692 0.722800080484 
0.368511413654 0.408334172838 0.396139438536 0.406175112464 0.460208467695 0.942807120279 
0.36581923103 0.523659725288 0.532239660964 0.530870191355 0.661845920112 0.684965596752 
0.371031046526 0.411549180866 0.397921379452 0.531357609626 0.710244515144 0.658163649119 
0.375743308102 0.388786336395 0.509781038837 0.453615285661 0.893636998354 0.477264650601 
0.376997050634 0.37053000256 0.477738227159 0.521826109072 0.628042860031 0.711367186442 
0.471244859888 0.24973188392 0.197526536459 0.326351302317 0.788027812466 0.246475644182 
0.357609936452 0.429086575358 0.410264766318 0.565935270018 0.668658265283 0.692055167397 
0.371373215731 0.391910230079 0.440682674298 0.310810202476 0.834716096481 0.431193320255 
0.397047307855 0.416615218579 0.421762786724 0.438055382633 0.50041201847 0.747609484863 
0.37633790909 0.372471451252 0.47498755706 0.518036899232 0.622460464848 0.689922656737 
0.370624208245 0.41171019385 0.399285280628 0.309866166463 0.794772649035 0.480129482393 
0.271812796871 0.36086408162 0.601835054595 0.477154927085 0.704648703328 0.585033910442 
0.362484962075 0.416540557947 0.324735365807 0.551065224995 0.751313617613 0.497537853936 
0.377551703013 0.368917833559 0.480013888043 0.524965177282 0.632668569253 0.729139385091 
0.352711059456 0.468540956473 0.425964646643 0.491562456685 0.925043008787 0.162518095693 
0.392934983586 0.459888906251 0.430497596266 0.493381775731 0.487670029362 0.756489421432 
0.374493467831 0.391324348147 0.501951835218 0.451887399814 0.85894175883 0.441532093725 
0.322820057408 0.38327888312 0.529910379488 0.839924179238 0.612959231916 0.363929943174 
0.367845499833 0.409563856522 0.406706542845 0.414219504035 0.732546291015 0.618835310922 
0.369543797795 0.409544218507 0.514625979744 0.441537363405 0.782530563342 0.502200542392 
0.546429202312 0.689402440224 0.607034885822 0.57952823684 0.689973342905 0.473449354055 
0.369816891398 0.410447787516 0.398163681179 0.322522974324 0.768484269943 0.443519869317 
0.3600957934 0.441738715765 0.434112201986 0.443026666826 0.844829278426 0.175562658668 
0.368566530632 0.408443431628 0.395604156542 0.420601680851 0.492549901931 0.806400163576 
0.375874487141 0.388525238444 0.510588969361 0.453795675745 0.897232576786 0.48096792896 
0.369598893464 0.580958161453 0.716832415291 0.57297344014 0.595955932932 0.50842259713 
0.353175034923 0.467593700834 0.425733164637 0.490495807023 0.916771163082 0.159805213836 
0.368489040613 0.408690562976 0.395745814049 0.420298301246 0.491221909596 0.788369737089 
