0.440144877756 0.378551989062 0.43503963977 0.836273592244 0.769028647259 0.0977927228917 
0.555359559929 0.443557211672 0.533062546228 0.162835699132 0.248554393115 0.459791830069 
0.421739607048 0.52254178556 0.544693876198 0.491411032431 0.480822112043 0.596175326418 
0.512312053903 0.271527747736 0.664311648837 0.536638158592 0.704201622724 0.538052175782 
0.456409931265 0.333728732154 0.454319192094 0.504816873019 0.462822537348 0.685944103169 
0.333878508419 0.352869257695 0.57970283697 0.523744272489 0.849147457216 0.338552481484 
0.510435044839 0.415216638151 0.306153515537 0.662915818001 0.771101329592 0.268031878842 
0.442720494002 0.416283518345 0.404890614901 0.72287660508 0.756705300318 0.230095061769 
0.423111646257 0.415598497749 0.818899984575 0.744555025774 0.608837806446 0.301504293433 
0.338548016137 0.244463482914 0.840200312586 0.595141968855 0.596316160292 0.257832086992 
0.44582907764 0.471026123309 0.723500732552 0.728827991616 0.615055613474 0.613843186126 
0.478254212827 0.407133038105 0.479967628305 0.485179831952 0.618443727689 0.699292109478 
0.43823797817 0.377679184503 0.432720235605 0.828684159606 0.591694607142 0.407638088719 
0.436303484225 0.382398264132 0.466300200243 0.414669248657 0.418208672078 0.759603718067 
0.44988918051 0.360911475653 0.456833841014 0.476514871653 0.641568513592 0.438897775754 
0.443306798146 0.450244471711 0.517720676342 0.629565382062 0.523391250529 0.746598671377 
0.442939014903 0.385926178365 0.45052001264 0.458613645611 0.848397485247 0.202090826795 
0.422325731808 0.365751877177 0.453187317958 0.404110626021 0.697285132975 0.725324574096 
0.447241581979 0.388928701973 0.420078276072 0.398397058479 0.777085704922 0.362748887159 
0.443037788279 0.384226829525 0.479924527338 0.817533465635 0.744312506947 0.546459401791 
0.440337206332 0.383853199044 0.502773361503 0.63269896153 0.678101472528 0.13766244047 
0.549665004242 0.198079276929 0.418264842164 0.38929063613 0.298126613398 0.733914845616 
0.438278026606 0.390542078738 0.426051642406 0.538067465835 0.572822294405 0.730386342392 
0.435215696054 0.378998189798 0.518876569893 0.454332629984 0.731248393768 0.652346227278 
0.446439237937 0.3987672752 0.480252580073 0.439488264866 0.449857767376 0.629744895889 
0.400549561911 0.352601544664 0.45838805767 0.372891772584 0.581830431298 0.76307525198 
0.397306116399 0.365609014885 0.527705353624 0.780167107205 0.715044291163 0.0189547486812 
0.463278387985 0.409424200508 0.524923070682 0.536767907055 0.18705249105 0.615366993723 
0.432356611825 0.373999134081 0.447097416651 0.453931147321 0.382191520313 0.908687769602 
0.539770887413 0.426436356113 0.366993460519 0.242079422748 0.714207663874 0.667715989295 
0.428178622605 0.39955708605 0.487738227369 0.444987198057 0.87796936304 0.271908275632 
0.440345664771 0.384782916514 0.464351790314 0.434857628257 0.554030225202 0.732480637872 
0.440848861908 0.44774531576 0.379732516351 0.834997321606 0.592411739125 0.324623445909 
0.417000846441 0.361082590654 0.449849933003 0.416938440772 0.399352268649 0.854316631089 
0.361528964905 0.573284786585 0.737428494171 0.690631189324 0.649671878575 0.0842675274193 
0.442875693335 0.368784087376 0.508824954345 0.449487029331 0.824318195289 0.261790739184 
0.41388690513 0.360824146797 0.666017751428 0.67450635058 0.677181007209 0.541009009322 
0.437445319884 0.393292495799 0.481146908187 0.43297608844 0.815718316078 0.401784079564 
0.467805663209 0.398710925109 0.47669779255 0.615921013608 0.558497080896 0.61151475088 
0.452274018048 0.403679339237 0.388061474794 0.585191618951 0.706568399874 0.146215368465 
0.434739466711 0.387948280641 0.458936874744 0.706276401305 0.567343728067 0.678872175184 
0.426184031226 0.37796042828 0.490397945082 0.450119421365 0.139905275986 0.797011685824 
0.437348782582 0.38189935265 0.463534806967 0.420522020613 0.50097542101 0.787825551733 
0.430737326254 0.374879359611 0.463862236464 0.841877473585 0.610277631293 0.338112104972 
0.442211962335 0.384556645499 0.468018895077 0.434503821693 0.555877843199 0.756472855104 
0.44235616432 0.425759927773 0.36138526495 0.313942736736 0.71175721565 0.415680251311 
0.43958749039 0.383464673417 0.504832482523 0.659709266879 0.701212795803 0.152344817216 
0.461156101659 0.396405268443 0.381029552946 0.379907435003 0.887889069495 0.482280138203 
0.442428665143 0.370080517271 0.504984409821 0.447496290006 0.788177811885 0.373063635667 
0.443417157047 0.384395310869 0.480865790459 0.794946019155 0.73014774124 0.518013806196 
0.441480154705 0.396000560106 0.536025620334 0.47217472622 0.778070498234 0.44416056433 
0.424442313899 0.415958445277 0.760684934385 0.703826446313 0.598647139694 0.26232817032 
0.438389001937 0.383256853304 0.465247030515 0.426194052607 0.651243649908 0.578836413189 
0.631760654384 0.470242575572 0.563275003163 0.0821425029536 0.211575405519 0.591411998173 
0.438231787763 0.377737058724 0.433241777268 0.826359204123 0.591335738492 0.40550799175 
0.436974290223 0.382012908085 0.472594313992 0.450092014576 0.725550302508 0.649416289641 
0.40369350632 0.354758661688 0.458670819865 0.376759877014 0.575450580738 0.728227734834 
0.525135558713 0.257870344352 0.681308995534 0.542592747609 0.723517503551 0.57861106063 
0.45736899819 0.352816604044 0.454425656556 0.48327474652 0.69122660766 0.541476660365 
0.40234084506 0.353827492217 0.458545997515 0.375091725517 0.578202062441 0.743247825334 
0.387698408154 0.532028870224 0.680452289295 0.648924425309 0.628229530926 0.0709372884856 
0.437379748402 0.372964857915 0.4136305176 0.673886738036 0.756967208665 0.295276457722 
0.443759681226 0.426180788952 0.391863961008 0.757230051652 0.787662206573 0.254311826479 
0.533294269991 0.424403189004 0.371289619866 0.250356923205 0.706369391367 0.645654036244 
0.442697046275 0.369076190204 0.508665609127 0.449640601552 0.81655836309 0.256657520617 
0.438316904923 0.376989684359 0.426218662887 0.857473177569 0.596126897562 0.434084745125 
0.438098206906 0.382891921942 0.50893085189 0.717686949808 0.750798349909 0.183952378236 
0.443130603356 0.368375616456 0.509048273888 0.449274233574 0.835619115687 0.269267769584 
0.410637311646 0.354358849364 0.457071471822 0.978445004864 0.63539038027 0.438019264831 
0.443505568249 0.384437277227 0.481084507327 0.789609171218 0.726801066537 0.51129708346 
0.44305986996 0.385974468275 0.450455107099 0.458354117884 0.856431604172 0.205964127315 
0.462336902907 0.390822443757 0.64738774371 0.589153381871 0.700223160296 0.338165124828 
0.426184031226 0.37796042828 0.490397945082 0.450119421365 0.139905275986 0.797011685824 
0.520201000083 0.41838704664 0.292625707455 0.674880411221 0.788263167678 0.282566221138 
0.439659064997 0.37934257482 0.442780196902 0.797439352779 0.744763027877 0.0895340500311 
0.396220142395 0.349668625838 0.458037127603 0.367611927617 0.590537516775 0.81074117758 
0.512500643417 0.271323640395 0.664565914344 0.536727517881 0.704489471731 0.538656431636 
0.466604621574 0.456564115661 0.534600493216 0.624606622081 0.898412720462 0.14528066364 
0.435519071399 0.37939664615 0.51735231255 0.454030994768 0.719614843375 0.627211339479 
0.537863761836 0.425841600418 0.368252771737 0.244508712201 0.711907576244 0.661236373353 
0.571322653958 0.44947242038 0.539643970658 0.145409550083 0.240610895671 0.487913085686 
0.527401953094 0.255498782843 0.684257998338 0.543622280608 0.726883040423 0.585679965686 
0.430918147463 0.489520400767 0.332440104442 0.305623238223 0.17577081906 0.542198887476 
0.510389802276 0.416857356341 0.387021010731 0.280402538569 0.677886321829 0.56602182709 
0.410812246066 0.358301486168 0.677713236012 0.687076349151 0.687038932898 0.56670064388 
0.437453983316 0.393596644724 0.481579427362 0.433208340378 0.809493671436 0.395291379674 
0.525686888474 0.435739912939 0.495131724454 0.552752598473 0.838570853814 0.348768668338 
0.441996031593 0.370275301092 0.508011580632 0.450281822881 0.787251845761 0.237278585326 
0.520265870607 0.26300660213 0.674919994569 0.540358823399 0.716240070713 0.563327679995 
0.394032502467 0.364899433016 0.529775637205 0.801836442658 0.72691305643 0.0199517037476 
0.527416134868 0.422523197197 0.375240074186 0.257942423617 0.699183623956 0.625479539351 
0.522561722019 0.228515296669 0.421505535201 0.390357232483 0.314651340895 0.632943045885 
0.452860285766 0.392070297578 0.403188377771 0.390103510921 0.825327445363 0.414691873549 
0.435382511766 0.379207102193 0.520096470565 0.455460186529 0.735337484853 0.607261745057 
0.437958136609 0.382961663023 0.467166231437 0.488329005971 0.537301601542 0.750991426063 
0.433710530922 0.389353547492 0.456903253146 0.722693151322 0.571858186759 0.714856625749 
0.461253914875 0.324942996875 0.45323645069 0.512632829921 0.463815743429 0.755076973996 
0.442414701109 0.369548467027 0.508408220124 0.449891181139 0.804545915857 0.248712747716 
0.549665004242 0.198079276929 0.418264842164 0.38929063613 0.298126613398 0.733914845616 
0.441775830585 0.391152589901 0.439364045082 0.351824811622 0.372140830531 0.751713276763 
