0.33047520169 0.445101742868 0.437328777856 0.283373053596 0.778750993431 0.555281760963 
0.327371401856 0.446269864165 0.395470472919 0.351868614125 0.290334769431 0.524322045217 
0.324672295138 0.393811860981 0.447473232162 0.498795995019 0.47678948418 0.595879249784 
0.33139596547 0.415901389328 0.366340009641 0.343280399802 0.413274884893 0.647135715793 
0.332206892573 0.409934094954 0.381344362879 0.414811937814 0.289345819658 0.798964891626 
0.338778901139 0.415019140479 0.395797993072 0.444934352347 0.619745643126 0.507574678541 
0.330739064049 0.411900344147 0.384443005095 0.442327647508 0.489776687016 0.784346820334 
0.329930914488 0.413392660489 0.376207191087 0.641958726644 0.536414148818 0.599939632121 
0.335782554013 0.400594217761 0.355996558493 0.51607312297 0.572517405585 0.649104063033 
0.348258692697 0.376922483502 0.454525456476 0.470855961032 0.612116727713 0.610649446731 
0.333130498359 0.413089522123 0.360304792635 0.852536885098 0.64454842732 0.164790520974 
0.350246186502 0.423418452309 0.342806288906 0.304236773055 0.945694720036 0.0277596070373 
0.350016635854 0.512248789144 0.432951216617 0.237285741348 0.75053450356 0.51388720084 
0.325874130876 0.422611102975 0.420688130197 0.427795457087 0.611024155338 0.697603534191 
0.298924040616 0.388306386407 0.443172186644 0.436198540387 0.529412670628 0.89993426981 
0.330556461683 0.412217023395 0.385379441547 0.418109588185 0.377745934795 0.633037468582 
0.331967696995 0.401943442756 0.348856484956 0.707180279262 0.682034099449 0.335828083044 
0.329076104199 0.411371242359 0.376183778692 0.539132927381 0.874921601511 0.294923088445 
0.329289654824 0.416185553843 0.390362354759 0.390304905759 0.412626270423 0.6728745707 
0.28914709642 0.499236283829 0.457186009095 0.450588782713 0.587703568415 0.777110386872 
0.334334207094 0.413224166665 0.39157695773 0.68383236897 0.764729862935 0.470914393115 
0.337074911582 0.437842001848 0.43140821761 0.243793137491 0.802833404017 0.527536071403 
0.332746627123 0.420942699037 0.405460618971 0.366360028403 0.60731435742 0.561728610441 
0.333254925378 0.414297219954 0.384845158476 0.426230496241 0.482309771165 0.714547791368 
0.328069553447 0.421307861531 0.401751127647 0.373395206386 0.292658361648 0.760213282366 
0.330586490093 0.412382909339 0.385180116974 0.4118733673 0.424423309309 0.762421563858 
0.291403177043 0.397253103067 0.194655664057 0.357071393943 0.85518566696 0.369125414124 
0.326430265842 0.455431735614 0.397651094514 0.455386903729 0.841533289888 0.393822778182 
0.240970916513 0.37825154408 0.354459733609 0.59739427507 0.77723215969 0.190456640086 
0.325502742066 0.426914353918 0.391382441856 0.666876679072 0.608116835586 0.557866356226 
0.330535684335 0.410708155271 0.388788563342 0.422743260927 0.480852004418 0.691362579307 
0.331885775896 0.413555529615 0.401282542772 0.379326780396 0.25700098642 0.514823307398 
0.281886051416 0.381871369405 0.315936521315 0.300149498439 0.751496328601 0.709230743502 
0.351919569967 0.337226315468 0.313067826774 0.749538634955 0.570962062819 0.212913264963 
0.292072753156 0.505856836606 0.171771414347 0.289182032203 0.975750119683 0.26696751841 
0.352430414404 0.421096212603 0.554926615021 0.469047511114 0.791545125694 0.479009022122 
0.318940507442 0.44178425765 0.434411470373 0.660679565022 0.586227057374 0.742409424314 
0.327784374546 0.401076872059 0.372674797468 0.4522524802 0.700181363966 0.573177326796 
0.336919217336 0.392450871366 0.412130181674 0.657101081223 0.52056936462 0.531181593922 
0.330943141478 0.410486639232 0.383074487564 0.428618593378 0.365607415379 0.825981372588 
0.330116028313 0.414073471269 0.38656343605 0.354453476406 0.419283841422 0.779425190393 
0.332936479909 0.421597107243 0.359826722957 0.804807354633 0.681420112094 0.328004615397 
0.330963287247 0.412449754853 0.38618311716 0.420715071773 0.892235856991 0.308573813724 
0.329758147262 0.40609191635 0.379261460452 0.45073558619 0.597875747415 0.669459828451 
0.323888137638 0.339484226313 0.332322215755 0.564382408245 0.783721328151 0.377746247019 
0.352086898468 0.448799839565 0.204042913785 0.714264381193 0.71608783146 0.174469692299 
0.345595673966 0.378002957435 0.357094892185 0.380222195997 0.832751229797 0.0882165205872 
0.305853721811 0.542116203359 0.412783285844 0.487997809926 0.066051238815 0.536937567159 
0.402206200026 0.465184625573 0.193885141366 0.675836541813 0.715838818463 0.360551094062 
0.330794516735 0.41167275338 0.281431605181 0.806113298261 0.615680206504 0.232759997665 
0.425816254844 0.485932235409 0.509927595874 0.465870207105 0.213088417964 0.667531183968 
0.27625490409 0.522737583412 0.514903000731 0.499419348975 0.176667814149 0.418307946321 
0.361409510117 0.434880096159 0.292695362014 0.285034162135 0.311567967018 0.703643036842 
0.330190022517 0.41090918567 0.382281922254 0.520138470387 0.767616811952 0.167859698568 
0.30036670519 0.308895232307 0.276226832846 0.289008996946 1.00169258871 0.0129450895647 
0.326554661926 0.406721017266 0.364392988841 0.397763792263 0.680382058485 0.5591157996 
0.345850104896 0.446556016929 0.415732775914 0.526397818395 0.826698146627 0.152116394116 
0.3307508198 0.411902086842 0.385902896534 0.420864456735 0.450998760583 0.757970181444 
0.365945647728 0.36738871691 0.448878880384 0.453592726335 0.761561108758 0.598988491617 
0.325163729665 0.407255200393 0.376644135185 0.39796093127 0.419386704212 0.989806380165 
0.332446223311 0.352528821804 0.367947320322 0.519672218449 0.845285913503 0.168669127856 
0.330635701398 0.41161247936 0.392153671544 0.420860425628 0.464879080853 0.69993120169 
0.329378109745 0.465038477956 0.323744958616 0.749498412299 0.58073384311 0.577965049441 
0.330601304896 0.412350141709 0.385097787851 0.41199671738 0.425179465156 0.72782439791 
0.350216990469 0.432077524599 0.479466804884 0.63395066775 0.640972264075 0.504026074217 
0.325502742066 0.426914353918 0.391382441856 0.666876679072 0.608116835586 0.557866356226 
0.330766087186 0.411953442328 0.384270446233 0.416310175309 0.940659026636 0.341673560345 
0.348258692697 0.376922483502 0.454525456476 0.470855961032 0.612116727713 0.610649446731 
0.330746147898 0.411894115781 0.385977824687 0.421076098881 0.451368409477 0.786297425402 
0.27388815244 0.377968668982 0.306298738267 0.284676129548 0.778174058689 0.774632247272 
0.324567482909 0.393488851473 0.448069013273 0.499467721298 0.476821312539 0.600327681982 
0.334316650285 0.423842809331 0.394429679193 0.510879828304 0.809037089126 0.546466906711 
0.325696091434 0.422789747307 0.421559416486 0.42777989148 0.616105449744 0.718253863353 
0.33050829672 0.444551641044 0.436477475793 0.284872159719 0.776343198204 0.551014016212 
0.339284321904 0.396426334892 0.377213034774 0.513698297631 0.498288567919 0.730826457559 
0.322951970522 0.310354309839 0.315848068079 0.595168660972 0.859480136684 0.461863849391 
0.352258585124 0.421121688319 0.551596446898 0.468768497787 0.78550968222 0.470736706784 
0.352430414404 0.421096212603 0.554926615021 0.469047511114 0.791545125694 0.479009022122 
0.326792324851 0.406992693709 0.365507011312 0.398672691595 0.67579314342 0.548249243957 
0.302830754778 0.552712740743 0.413807767989 0.492681227337 0.049991699395 0.561017080052 
0.290289965505 0.397041058741 0.188268275532 0.356060783727 0.863071058012 0.376685964227 
0.360396931421 0.372086910156 0.44442586061 0.452067726206 0.732342940154 0.544844403338 
0.334911368466 0.413518438004 0.392863733838 0.663290402914 0.743898731554 0.438678185429 
0.331423866353 0.416134954322 0.365915667393 0.340917254014 0.413088284917 0.665512912638 
0.356466513298 0.462600716343 0.276725961082 0.792266581303 0.57221094337 0.260110293055 
0.318466900251 0.517075612751 0.446434659387 0.442775101014 0.267278189399 0.742656299577 
0.370540944569 0.310937400132 0.213710097557 0.91259455997 0.577854283448 0.310224753578 
0.325453000564 0.405479350944 0.35922237567 0.393631809529 0.701449800238 0.609067843315 
0.344958584255 0.442720941284 0.492731325283 0.599094408472 0.735901560867 0.439851400511 
0.402206200026 0.465184625573 0.193885141366 0.675836541813 0.715838818463 0.360551094062 
0.373190798184 0.306039755355 0.205512606288 0.927649254647 0.5784327317 0.319438195262 
0.323859876231 0.338767551832 0.331907162794 0.56515072455 0.785599065255 0.379831104855 
0.333308525932 0.407659389025 0.368492733119 0.452058903926 0.489414560372 0.805090594065 
0.328982834625 0.416818134264 0.391268736489 0.388367752591 0.410869084944 0.719457991666 
0.315570205994 0.530928031847 0.452956469729 0.444025447067 0.255338163704 0.799632126052 
0.26569145342 0.374051125101 0.296520569534 0.269030050147 0.805165369761 0.840966803266 
0.324151113044 0.478491623112 0.404897348345 0.434809571285 0.517769754257 0.778204208538 
0.331399878279 0.415933823775 0.366281068224 0.3429527747 0.413248905923 0.649680704943 
0.33595066073 0.414179046988 0.395307193209 0.622210786069 0.702271334905 0.374326513848 
0.330422650934 0.445960378915 0.438656676905 0.281042527957 0.782496684198 0.561923684956 
