0.35166719137 0.298568888507 0.283434479493 0.635767671385 0.58875683424 0.624362647657 
0.402481369745 0.402454168959 0.649402215744 0.748538325605 0.655443523126 0.0893199123737 
0.401898063137 0.397270276932 0.402549242835 0.589154002031 0.579627465281 0.640875278459 
0.377353630534 0.369810838969 0.556577321166 0.531529875019 0.536645361796 0.703632769211 
0.562205994912 0.499916371925 0.731537287469 0.698809814684 0.635468441202 0.528967487149 
0.419253727155 0.355915830415 0.344322977628 0.375443081718 0.526665503868 0.677592869726 
0.42840058729 0.425554384487 0.435559155196 0.41566457325 0.440845514326 0.771286453516 
0.345150683539 0.364172141392 0.322927875492 0.822993518593 0.593484934061 0.123185974009 
0.394324392841 0.427420448618 0.437881773159 0.465020636508 0.542425481259 0.747981103396 
0.405107331231 0.405473639111 0.386155175765 0.567571525485 0.526948137139 0.757313445821 
0.421861380384 0.414532127345 0.459356817404 0.299108383514 0.598235991942 0.608724194629 
0.402465121989 0.399290309626 0.40741228909 0.432502680026 0.540936975288 0.756466332085 
0.431644403057 0.36481018865 0.404344925604 0.484638843852 0.798744707958 0.451008991676 
0.22086506975 0.254674145802 0.80165299043 0.751784042611 0.581971308212 0.307901980474 
0.402925417285 0.445781438675 0.524010882864 0.523638434943 0.838104991069 0.26610516674 
0.374472601364 0.385338930031 0.40692553527 0.525540698415 0.830205936199 0.133372993605 
0.423885719365 0.490380950012 0.600751152642 0.548136928037 0.73606553457 0.423924629884 
0.410660076706 0.434242400659 0.432042062224 0.426740958166 0.66948943291 0.572359179312 
0.44772994849 0.474385375571 0.463723332795 0.262865390069 0.695393089194 0.503691090912 
0.389854230491 0.437541458121 0.365616730678 0.628971161122 0.743886292962 0.32059843504 
0.404829782964 0.361995322393 0.39605928415 0.585279374891 0.530779160277 0.631473062061 
0.472644575307 0.450469397241 0.462247441518 0.298030823742 0.181120458143 0.59481141687 
0.392522991538 0.366147284411 0.49195520816 0.891397765276 0.565030257917 0.193733235516 
0.401817204586 0.404569787519 0.404630554388 0.292349367933 0.855646818391 0.372472373214 
0.420651546503 0.433369375925 0.455670650864 0.554254754704 0.827538905593 0.55279257215 
0.454384433812 0.461984587911 0.457361227567 0.304812776914 0.368104675082 0.706250041671 
0.403869871314 0.413195588941 0.434195103005 0.433096424613 0.315615458671 0.790821365003 
0.405025311492 0.422626153085 0.461315247438 0.54848971118 0.475915654345 0.770094352951 
0.489896388584 0.450834582283 0.292651669508 0.324037674453 0.338761276458 0.704155751926 
0.398852770521 0.373300205089 0.405535489644 0.457265814544 0.593789261197 0.780227214772 
0.413860714308 0.412879870967 0.404338659424 0.370160326369 0.379769369621 0.776552252819 
0.407314210762 0.437195720063 0.427804267328 0.468825791381 0.50738788029 0.706484883819 
0.407746752094 0.401381180091 0.416430601943 0.437060192296 0.442566989523 0.751888550152 
0.39782948068 0.398345704273 0.48109993662 0.522568631595 0.621250111993 0.598409159271 
0.403893636242 0.430664834399 0.440702613447 0.503487383627 0.101545942624 0.639834002201 
0.368457129955 0.327264719891 0.821754569869 0.638198166731 0.610451294881 0.23728454635 
0.662098618824 0.50609669081 0.746985342685 0.866412045554 0.69775950684 0.00123907262402 
0.406157156547 0.407166083741 0.416453397019 0.419485084607 0.389065704826 0.795951611517 
0.406168981803 0.408001792573 0.442801066169 0.415234544978 0.364079038834 0.666897133101 
0.405856878552 0.406723355244 0.419108122713 0.40259898003 0.419146553834 0.926179895044 
0.409550009991 0.395932738546 0.397969343518 0.433934972457 0.328949813404 0.814574731955 
0.405727898302 0.441580084351 0.374541920339 0.383625254405 0.583473461687 0.736053425218 
0.405061116986 0.405542651385 0.422230779308 0.387565215853 0.888960384789 0.250928992497 
0.51850634379 0.443910647412 1.03440814234 0.579888566547 0.676378277563 0.0322108364412 
0.408099775001 0.402448778012 0.478212369534 0.483360272475 0.280865923359 0.713465632699 
0.405535588165 0.41071705318 0.431447552135 0.439616687358 0.467956058135 0.638462416931 
0.406323828787 0.407040821181 0.420449664518 0.406598660326 0.621893399638 0.746435276476 
0.422162065873 0.382101774359 0.516477571573 0.445942294329 0.0898461382184 0.621422550776 
0.404894802441 0.411194724695 0.333886721288 0.52357712997 0.654742298255 0.619664279491 
0.381351573148 0.460327667879 0.496790095269 0.479557640138 0.877302640559 0.2914084575 
0.405868025354 0.408015141863 0.55360810862 0.502911734683 0.8324698503 0.0716271780844 
0.407710183297 0.408884425305 0.420553750195 0.408526222645 0.588856248358 0.812715926573 
0.40215259954 0.397859080563 0.403544200378 0.584657837213 0.57674680838 0.627130219646 
0.405856060334 0.405856176491 0.571930468091 0.511757187675 0.882549609526 0.080363568108 
0.392085146272 0.429947594074 0.439876392896 0.472147932472 0.555989162982 0.832292969573 
0.401105625829 0.39544251503 0.399477371571 0.602932912405 0.588460647735 0.68307257235 
0.387951227611 0.441222717993 0.359283485248 0.655569808841 0.782363669688 0.0705566618693 
0.405090079495 0.405433816118 0.390807495432 0.554972849417 0.521285686009 0.704292929028 
0.406125987936 0.407850688563 0.450809503906 0.417086990407 0.355138399091 0.783923106078 
0.406193572912 0.407232852981 0.416241954422 0.420229246829 0.388085260535 0.823315413164 
0.393436119774 0.428429214892 0.43867622168 0.467855380556 0.547820107809 0.78151327284 
0.404828641298 0.364408047087 0.399171629625 0.493413706898 0.504830675794 0.6029250971 
0.416723375116 0.410717489786 0.432724917162 0.422021662797 0.536335720691 0.610369427517 
0.405090698826 0.405436174188 0.390370222 0.5561634466 0.52182055422 0.709293386535 
0.441043838592 0.464254751201 0.458233114781 0.276625325847 0.679718552041 0.470269338023 
0.405854386588 0.40680228056 0.563973975782 0.507912820478 0.860768962734 0.076563930352 
0.403901300878 0.413120851017 0.434017810191 0.432791537596 0.316271559113 0.785628094884 
0.391518354327 0.363031713724 0.494436573639 0.927516246256 0.566217347139 0.206784925422 
0.410192244587 0.409146609541 0.393470177835 0.831641019025 0.625665335591 0.0897417727161 
0.380321746239 0.46169810804 0.498682942876 0.480887639989 0.889848735544 0.299358618685 
0.401252274375 0.401006529163 0.661885980764 0.76492743944 0.661934558387 0.0931320861906 
0.410673832138 0.434477494096 0.432028056041 0.426758465493 0.673403426783 0.581280287032 
0.375151532432 0.340968297993 0.783253609875 0.623907127949 0.603441172915 0.219407622483 
0.406969648464 0.407705417862 0.422702139401 0.408529129916 0.595150107354 0.647455528804 
0.404831471661 0.361934393715 0.39603571814 0.585400116377 0.53082346275 0.631852277452 
0.396578731049 0.397231112187 0.485522601915 0.530513476945 0.633218081381 0.635382590326 
0.405863089997 0.405163777833 0.577695076968 0.514545269423 0.898358080991 0.0831213707377 
0.40619124311 0.406911637655 0.419998786833 0.40623411084 0.627096588694 0.765709433118 
0.405853880845 0.40656913359 0.565944096892 0.508864295194 0.866157649671 0.077503985857 
0.400549388978 0.400189471821 0.668867099345 0.774084182383 0.665558850386 0.0952661089119 
0.40482839623 0.362045473097 0.396078688311 0.585179975354 0.530742688857 0.631160891349 
0.414102146319 0.421654610567 0.446420665766 0.425759726148 0.300690807291 0.672236913883 
0.395707645435 0.384732337272 0.384576589049 0.536370194191 0.874457528652 0.147721665727 
0.405045485689 0.355132102485 0.393458202379 0.598752846487 0.535725032477 0.673910452702 
0.412946192256 0.418446091621 0.44080192605 0.430366532846 0.581003196604 0.788584650273 
0.474013661635 0.433758078684 0.489820656136 0.758807560912 0.602072357886 0.533604953255 
0.405869925461 0.408108911506 0.552797459966 0.502521017643 0.830260860606 0.0712418237782 
0.393655224703 0.431720203399 0.373406225449 0.610117098978 0.719975004046 0.295643226511 
0.451884624078 0.444392341497 0.497010768509 0.479712446747 0.878763925556 0.292334421226 
0.405856860508 0.407213463776 0.560482849382 0.506227514303 0.851227697397 0.0748994615514 
0.458006094939 0.46554274209 0.459232249987 0.301149666473 0.367134756071 0.733335985035 
0.405112372673 0.405483249822 0.385375540525 0.569669357724 0.527891539243 0.766163371839 
0.418398032143 0.386723081157 0.502263488893 0.441734155784 0.116207248195 0.569754602408 
0.244077474224 0.270497933284 0.772344687265 0.728945874191 0.57863951982 0.286683868427 
0.407157263039 0.441470685744 0.428035585927 0.476887163477 0.516552457705 0.7857902937 
0.405878168649 0.406814119211 0.419056388305 0.41606334191 0.638231894273 0.675070141335 
0.496868817235 0.461832675571 0.47220967352 0.279968357334 0.135730055569 0.709440550257 
0.391383091685 0.435240413081 0.368661400435 0.621588182854 0.734511025684 0.310812142189 
0.383753255961 0.354826368333 0.497778409199 0.255526954411 0.268438539729 0.619653137088 
0.412257570101 0.409913394797 0.461017279601 0.336931968479 0.600182777379 0.604359565428 
