0.649238740724 0.671761495415 0.675180997367 0.866786130047 0.639803113831 0.176336786194 
0.45252665382 0.475737162367 0.497257611821 0.287865383501 0.258391840614 0.634903194942 
0.375836027862 0.389070409397 0.519086771694 0.59063603743 0.685954580555 0.446009351408 
0.408781612137 0.38680613857 0.469921157123 0.136956940252 0.283117648337 0.604035614923 
0.414451025861 0.417011452985 0.397990286428 0.314155611892 0.8520817436 0.316113806151 
0.414714902501 0.408808611267 0.425018529186 0.447100496092 0.402655007365 0.695294470829 
0.334533477567 0.607678069823 0.496629031331 0.515835192197 0.8230047286 0.338338291447 
0.436219466376 0.433376991446 0.366021032979 0.593922262207 0.799763350148 0.329570557458 
0.415282969217 0.411554487451 0.427605083201 0.42817811752 0.399519987563 0.70574410562 
0.412533799642 0.453796455065 0.526261114658 0.0487075286999 0.260637105782 0.530604417657 
0.409535618118 0.39838190368 0.451195037404 0.490029713454 0.476467065052 0.663041980592 
0.415617508172 0.412112600854 0.434360886656 0.457042403717 0.439441579431 0.630143450042 
0.453664989706 0.440066012343 0.453132672364 0.509616837718 0.237327040811 0.728876034111 
0.424430266232 0.392627825025 0.418425683545 0.458560333915 0.931086969073 0.224731914066 
0.418319343518 0.413632433522 0.434622001712 0.435955742511 0.569235799146 0.62420514813 
0.372057381957 0.350848619581 0.400254255309 0.593363908138 0.68773469064 0.719300925068 
0.417010382602 0.405880551223 0.426424546841 0.441904047787 0.454098511611 0.657736232384 
0.415374889589 0.411346380431 0.432913499172 0.43080402988 0.392760077278 0.666531880743 
0.416484944729 0.408022120343 0.428446356271 0.467093642289 0.316216340403 0.731122953949 
0.387406616785 0.387291917808 0.274898391055 0.930016758793 0.597209965752 0.136157545252 
0.455323258605 0.437889002787 0.480670351835 0.471738650684 0.268305627448 0.795058076064 
0.448879393513 0.421777152564 0.388430302621 0.602683438723 0.673035867518 0.680813137843 
0.414236822649 0.40944724701 0.434689763663 0.421828371051 0.449185341892 0.673873944981 
0.421164283416 0.402284625764 0.415771755317 0.395381031108 0.381999102678 0.770783617871 
0.415113061217 0.410764899671 0.432125620282 0.429028683979 0.440768108386 0.713660553782 
0.414737589809 0.412547220305 0.433469722128 0.448221120411 0.739503513614 0.570778322802 
0.409408017468 0.355231353735 0.557728856886 0.612649695994 0.56769567697 0.565317343117 
0.376523701449 0.470257969532 0.459936729009 0.742177514126 0.714795414288 0.193780797352 
0.414844585429 0.417919135463 0.454366990339 0.471659546216 0.849205832067 0.0935847353787 
0.418490527908 0.422000551919 0.450729676121 0.72110878741 0.691748981629 0.31971698641 
0.45724441898 0.444030368359 0.32592476371 0.669661604753 0.602837376828 0.639648328947 
0.438379188029 0.374632814036 0.38886701679 0.191359843893 0.358743231076 0.687669875451 
0.401063353532 0.445118687732 0.472391658583 0.250902385567 0.293746486814 0.644236109101 
0.408368683934 0.406322017539 0.494666700108 0.287886921767 0.752540996783 0.544374219623 
0.412157756223 0.408539304615 0.486126903515 0.465070111081 0.785513755389 0.406368499836 
0.434070863169 0.366361923259 0.501629590067 0.765266207342 0.785971700086 0.116001657162 
0.388976270862 0.481827623775 0.553917608886 0.13635327994 0.330067890273 0.645321983151 
0.490289022412 0.481141766952 0.473842847856 0.65485618559 0.665164502911 0.577439843641 
0.408111239082 0.408312405081 0.440755843865 0.445120319065 0.898099436343 0.118454123093 
0.498568119635 0.447220409898 0.119584970056 0.179739413557 0.195595060313 0.570203671074 
0.454044973365 0.468863565838 0.474029400298 0.300966902063 0.626069787021 0.572431575084 
0.413301122286 0.407914230812 0.429278720808 0.47136957699 0.460922301947 0.675810082706 
0.421315553762 0.400913287029 0.397071816262 0.200557521907 0.358691106038 0.584052567978 
0.415099527445 0.411600457613 0.430409102476 0.429782438796 0.4148491868 0.828262095487 
0.415379300019 0.411498695754 0.431964504014 0.42767074637 0.401913752047 0.778557808442 
0.660261263755 0.512497351052 0.607126979994 0.785506628298 0.661747222927 0.389653908793 
0.418044414324 0.414477556126 0.435153042724 0.732170225669 0.802741490251 0.0969072575116 
0.418151411311 0.414956810119 0.450653027644 0.444346746453 0.306938322494 0.721639927127 
0.413838458102 0.408222164964 0.446556516576 0.510952098084 0.605835016843 0.664733293482 
0.448723591703 0.432940385304 0.330209389746 0.384765202974 0.659307179866 0.648382960484 
0.404339142979 0.386230706784 0.661511931585 0.569097159505 0.88744920611 0.147160529855 
0.424062900685 0.415226259405 0.386247507838 0.416770673052 0.307642777182 0.689223627486 
0.425457831705 0.445091057244 0.380845897394 0.558160416298 0.853365885924 0.00777433811828 
0.391267269105 0.385571870008 0.84083817742 0.686658099423 0.618403943491 0.576079109697 
0.411034247109 0.386128705033 0.337207782326 0.378596917045 0.557798613994 0.800896621573 
0.668899005706 0.480340106493 0.639011748609 0.808493325489 0.681295702665 0.500624167991 
0.410949773232 0.403840111692 0.423357714835 0.465132311378 0.847281841047 0.180602861259 
0.371143464923 0.474356105217 0.460469167936 0.776302512984 0.737579404699 0.211805621008 
0.411506448812 0.389655358755 0.351775540631 0.384511663817 0.54652773925 0.7193285751 
0.414588242464 0.409485816323 0.434108158647 0.459087008723 0.439787511299 0.671645744876 
0.413710220577 0.408701404623 0.435713001384 0.419799112612 0.452126900049 0.773792354614 
0.414157069819 0.416933505049 0.433628141798 0.433294504142 0.405708433788 0.643976159437 
0.416693617014 0.407578699981 0.428008653218 0.469868787955 0.311454684672 0.764268647212 
0.424810692577 0.415473762085 0.384439588101 0.416726847956 0.302908172159 0.716338619422 
0.383375968139 0.492458808234 0.571899908583 0.109234585515 0.327617231146 0.704471423906 
0.418467655474 0.399972665135 0.353977299663 0.16749642123 0.836797761699 0.123069088629 
0.441165401558 0.372077527922 0.386099611519 0.169418638093 0.357846459283 0.745167767569 
0.414832457933 0.417919162302 0.454402488592 0.471673291192 0.854102916801 0.0946632078288 
0.385790310005 0.48791772174 0.564217829359 0.12079387672 0.328659102561 0.679185349604 
0.451141949933 0.434253209414 0.325373998282 0.38329553068 0.665513767011 0.667238269828 
0.3976387396 0.451044253849 0.479016150871 0.233649969666 0.284487326303 0.700522384806 
0.420383102167 0.417578425228 0.462968546205 0.600646629197 0.830120947175 0.00165592345921 
0.414634079294 0.4084781249 0.424033015059 0.44870156741 0.401304827254 0.742235409776 
0.414224707799 0.388244114534 0.420562908005 0.550387617875 0.841213632767 0.211925273699 
0.425420260866 0.444959238928 0.380976710115 0.557962577831 0.85255410041 0.00775950259288 
0.414726738713 0.412598954244 0.433539398632 0.448571620791 0.7320972488 0.557293872567 
0.441390648703 0.457463996687 0.481071936161 0.310941570882 0.283085708521 0.532745313648 
0.373934653896 0.388323145657 0.521352089696 0.594781133133 0.691759397658 0.456478405164 
0.461297653106 0.448622459234 0.476797280454 0.545533079481 0.830851253741 0.470162882772 
0.408804657903 0.406589739829 0.492269788065 0.291701970623 0.747099459007 0.534417212192 
0.433172798473 0.430445976579 0.37235777679 0.584402532552 0.777153879261 0.309448955536 
0.385061197516 0.385660447886 0.260817930425 0.956211036387 0.599827298785 0.142955063446 
0.410513490342 0.403271250596 0.42298661533 0.463332079686 0.916336370377 0.210132907981 
0.390995926543 0.477899731011 0.547275231341 0.146430294779 0.330984904643 0.623508442703 
0.413883148489 0.408944558194 0.435387355346 0.420438223088 0.451197216792 0.742129153548 
0.440606108218 0.437523064292 0.357264700224 0.607130093526 0.831268972474 0.357609780237 
0.413825108727 0.408862778148 0.435497622516 0.42022122794 0.451512553849 0.752861122141 
0.484759847737 0.29260323785 0.330086569611 0.68382981726 0.579436557473 0.502615632031 
0.414417110759 0.417174062309 0.397422996368 0.312011684948 0.856389194222 0.319462109225 
0.411492415123 0.389552143277 0.351351804145 0.384336556903 0.546857156863 0.721702108037 
0.410631195466 0.383042800436 0.32433214962 0.373516532758 0.567687817361 0.872971073833 
0.524510066797 0.627763244045 0.619539571948 0.734895463753 0.642068459223 0.265729704941 
0.415124075912 0.410781620652 0.432104873661 0.42907710897 0.440578480705 0.703424201927 
0.435565789721 0.377239130321 0.391656696726 0.213348936248 0.359674100447 0.63038835055 
0.424759976373 0.392609118245 0.418605019662 0.457600341899 0.964988454481 0.239798320753 
0.38135567305 0.496216349775 0.578257865007 0.0996927946864 0.326759787215 0.725418531421 
0.415113061217 0.410764899671 0.432125620282 0.429028683979 0.440768108386 0.713660553782 
0.415258970009 0.411045951297 0.432163902135 0.429203014727 0.415577139868 0.780411155849 
0.385790310005 0.48791772174 0.564217829359 0.12079387672 0.328659102561 0.679185349604 
0.44499122712 0.491898988418 0.222707373138 0.341253696597 0.194743273972 0.530647891543 
