0.451921933336 0.387920069407 0.388326980196 0.566956450125 0.721089109216 0.190921455966 
0.472784209655 0.402102113755 0.437982543151 0.430762129129 0.567954948506 0.6953589836 
0.447715035729 0.384675819875 0.390834987991 0.43882119317 0.836095563625 0.0745850398787 
0.451379792826 0.385020540066 0.446944689313 0.264173006556 0.375014960649 0.744577593694 
0.451807999486 0.388232748074 0.388396255999 0.416693023488 0.670802133956 0.479327482265 
0.502112554512 0.4193434994 0.413304911255 0.327832252953 0.881581769539 0.157872708698 
0.509887496044 0.424688950351 0.303032688893 0.934275512978 0.695696900548 0.0760679843558 
0.480980084331 0.497405813148 0.185810599854 0.774204386377 0.559092338671 0.240569794799 
0.495690551926 0.402420331762 0.411091766388 0.473589394192 0.538653775714 0.846000937965 
0.425775080273 0.378074244563 0.420786777503 0.437183750708 0.584692010408 0.821720499194 
0.459340317506 0.422690868818 0.556225416899 0.476352835643 0.11933068885 0.506662924783 
0.447833994572 0.39233171749 0.394731015168 0.452390798647 0.470639068372 0.956119446424 
0.473359769031 0.424322464507 0.234443937731 0.324476267057 0.320249938524 0.680518254318 
0.4101235725 0.464682045923 0.257977186845 0.874733638949 0.608248632584 0.510606269754 
0.450087060373 0.386165281904 0.386430240634 0.469806104804 0.656419669848 0.503739216607 
0.508530560486 0.414721749361 0.507909958456 0.564338183732 0.76651814558 0.264653661314 
0.450204349468 0.386747984761 0.401334508261 0.343843558494 0.638488132388 0.699388087789 
0.436006029757 0.376969807588 0.380658929713 0.468446188457 0.759242976343 0.591045144182 
0.452259033633 0.391109619477 0.372489794651 0.3636789487 0.580544674948 0.668284723058 
0.450364402534 0.386950040487 0.387681646406 0.412812934083 0.814187306321 0.323804517215 
0.460359021812 0.430322877854 0.439180593562 0.624482554005 0.61248065421 0.489630217317 
0.46050699406 0.401941954943 0.392429656231 0.361823917096 0.674141326536 0.487044264839 
0.450170865627 0.387294162508 0.396425459891 0.58394685838 0.751290081747 0.344087492202 
0.469959432583 0.414640828917 0.631199006536 0.696755772596 0.670257609978 0.355332492116 
0.470915600333 0.410097835299 0.422272330298 0.446228983819 0.554877365743 0.620917805768 
0.430902912745 0.46275476553 0.409878655566 0.877960941035 0.577957685275 0.121322205554 
0.450197442186 0.386845978839 0.387454271265 0.414013184999 0.863618629712 0.252070841269 
0.446757243308 0.382323966284 0.396538604793 0.384489785715 0.748703562626 0.583199980859 
0.423787441508 0.441471684621 0.454483758111 0.485037414561 0.565446072061 0.675382994707 
0.449545079355 0.386481902891 0.386962024546 0.425094446874 0.604672287363 0.673405488178 
0.448098243748 0.392101900842 0.401788651653 0.430671100401 0.650573027074 0.575760044661 
0.440005427995 0.425646720797 0.328677296886 0.748825911366 0.664919913743 0.213006597617 
0.438777697796 0.43217546424 0.414273970119 0.647056705747 0.491322922704 0.592304485401 
0.448185596648 0.369067156307 0.283881716781 0.639074419544 0.658106987209 0.496619702237 
0.446268186244 0.393314108203 0.374777289225 0.318769727338 0.795912214498 0.491580024531 
0.478587915126 0.436683014197 0.516999451133 0.592389480889 0.55455073214 0.59494060356 
0.439552694798 0.370267460617 0.323553417464 0.233765256562 0.893127450052 0.143805238464 
0.45837542394 0.391466325594 0.371481051363 0.441309428777 0.777119891307 0.580883277498 
0.456559551672 0.368739459853 0.374616580599 0.343222093273 0.569066773939 0.577327749558 
0.42021128207 0.373892644694 0.506111276729 0.25950719866 0.782637960543 0.598749462752 
0.446847938349 0.377441426248 0.461135314729 0.450301197262 0.814168462053 0.0220065919015 
0.450259692427 0.38587526685 0.386961972913 0.415149057937 0.708873070109 0.47608547568 
0.440838365309 0.358309870166 0.420718833561 0.853200206741 0.682342730542 0.06620607318 
0.477851395531 0.273993584894 0.332437697301 0.256747259125 0.752090196594 0.609965648666 
0.465061763012 0.450725594436 0.413679730016 0.499954362732 0.226547798566 0.560468000987 
0.467964395521 0.411347671796 0.409729421817 0.527910680949 0.458605409836 0.805601799795 
0.492625753495 0.433088195985 0.433092714854 0.540806726736 0.751147364473 0.423994556676 
0.454508042585 0.410510103342 0.423574359776 0.456778810369 0.559068071496 0.559615048456 
0.446958889842 0.431580811866 0.540429813885 0.671349936543 0.762791942588 0.0973619479007 
0.471603081512 0.412877870632 0.396292538534 0.423784311528 0.360448164044 0.740082203687 
0.493670458847 0.435782648263 0.406612575863 0.285221674359 0.359447473984 0.659718778262 
0.447595174486 0.396502877207 0.402468883498 0.549724657445 0.465526373142 0.645236876958 
0.452633724595 0.376184684971 0.355890402885 0.346720656501 0.837613787957 0.0906338329382 
0.423046126765 0.376720350025 0.435854914841 0.450399183642 0.74468148637 0.495647443164 
0.425185748514 0.358794006572 0.28206231896 0.334999418536 0.802145709059 0.348699554138 
0.457508301844 0.367027862522 0.373647823175 0.336220650044 0.576461892995 0.61032723589 
0.492625753495 0.433088195985 0.433092714854 0.540806726736 0.751147364473 0.423994556676 
0.382701081373 0.358530745768 0.535157872126 0.463424970036 0.531411916849 0.679515826571 
0.45254760973 0.391706524656 0.3711798246 0.358890454205 0.588638630723 0.70439578513 
0.444824901428 0.442864675692 0.289130601276 0.272845041535 0.334813159889 0.593727686511 
0.427236829612 0.468296247028 0.409134595251 0.947845841621 0.583296319542 0.137538098231 
0.449053543105 0.402642992087 0.441590145473 0.505069890599 0.542730363551 0.660968511131 
0.44545540614 0.39429717971 0.373439158906 0.303535346588 0.828517762016 0.535979912204 
0.483699336552 0.257683756781 0.326317745866 0.236990496097 0.77848248657 0.663881471566 
0.441397241916 0.360168261684 0.420816947999 0.804899630182 0.664309875686 0.0598898792931 
0.524182696107 0.274731807648 0.236970047626 0.350610671399 0.703901754522 0.418527757722 
0.458491214812 0.418884364969 0.533688133402 0.47194459096 0.140917663801 0.46593591599 
0.427429144212 0.468004652737 0.409171281712 0.944029868884 0.583008431542 0.136648916437 
0.46050699406 0.401941954943 0.392429656231 0.361823917096 0.674141326536 0.487044264839 
0.450147853473 0.387672279071 0.402736481472 0.701623739885 0.755742332911 0.0951957431343 
0.423457733066 0.375016881605 0.497347492856 0.26769080472 0.768855313112 0.573794405729 
0.459826033012 0.424888869817 0.569563189979 0.47878432777 0.106610022928 0.530774536806 
0.454508042585 0.410510103342 0.423574359776 0.456778810369 0.559068071496 0.559615048456 
0.521521791039 0.614781006903 0.456153679277 0.663979724676 0.728119734936 0.000554483710493 
0.460903730396 0.412566226091 0.343382506258 0.301500414834 0.365448712483 0.776365990997 
0.459340317506 0.422690868818 0.556225416899 0.476352835643 0.11933068885 0.506662924783 
0.504912388426 0.420824199286 0.414386212189 0.324744130767 0.890774006506 0.16111741975 
0.450293477182 0.386860458575 0.387511686457 0.413215602926 0.811102394244 0.321257472002 
0.445603445316 0.382845317479 0.384650341845 0.406264555867 0.752472463446 0.636704305227 
0.495516013083 0.416733575556 0.318293973515 0.876720255499 0.675963777618 0.0683807495642 
0.4101235725 0.464682045923 0.257977186845 0.874733638949 0.608248632584 0.510606269754 
0.450197442186 0.386845978839 0.387454271265 0.414013184999 0.863618629712 0.252070841269 
0.486330281534 0.410710785543 0.406909052419 0.346254663753 0.827403318362 0.138784876441 
0.498817841937 0.436056543903 0.44810730299 0.467445191763 0.783528645044 0.351991212331 
0.494841017276 0.416350837846 0.319037392166 0.873921700974 0.675004582287 0.0680082583012 
0.447420180148 0.391830755666 0.376859322325 0.340689912773 0.748901707797 0.427763560871 
0.440005427995 0.425646720797 0.328677296886 0.748825911366 0.664919913743 0.213006597617 
0.487930298396 0.524254342199 0.154182791103 0.807472572937 0.5615124786 0.264285684797 
0.433707198161 0.375769145129 0.380037656338 0.471595861209 0.795968464669 0.654890840017 
0.448398538057 0.373563875883 0.320011550132 0.591469814837 0.615723252891 0.397013249238 
0.423046126765 0.376720350025 0.435854914841 0.450399183642 0.74468148637 0.495647443164 
0.455718763525 0.39100947107 0.389353779604 0.435419189853 0.684024933957 0.426924373398 
0.45023318019 0.386857243986 0.399101764815 0.351221452824 0.62528245597 0.654624592892 
0.458805537331 0.39956090781 0.391844308375 0.367349030302 0.661863898278 0.462506677616 
0.47361102815 0.424705988705 0.233528031239 0.324142692528 0.319896068025 0.683784002126 
0.484198643449 0.426239915513 0.404224443645 0.299549406034 0.362937126523 0.590753905017 
0.466216645473 0.360031520986 0.438229143348 0.468470212534 0.603355807406 0.740000529263 
0.448098221026 0.383985947997 0.393484442489 0.392663956668 0.713392500228 0.51964349086 
0.45264176166 0.38957623227 0.389916400967 0.404557886033 0.390446390086 0.86321251749 
0.437346560785 0.377689585511 0.381039922464 0.466663401773 0.738441618922 0.554892844088 
