0.435930657493 0.415242036064 0.383314483775 0.487322602275 0.573305421331 0.577286664973 
0.441060618893 0.420918363396 0.405620872193 0.546970139857 0.244217074459 0.765509445881 
0.410573160169 0.397093086646 0.493145571273 0.5806427037 0.902648198249 0.374139477758 
0.434743218873 0.419745709687 0.394764245759 0.430051555599 0.428061919707 0.759965587626 
0.447323185676 0.467119575792 0.298729462743 0.325199683882 0.340595602973 0.804694392601 
0.429205779816 0.379684706638 0.3742467778 0.473818925361 0.540021736954 0.684433502353 
0.433468095206 0.414271659261 0.400998873062 0.443805120259 0.379341280574 0.602518718796 
0.324199608877 0.653394479282 0.468193351615 0.647968098635 0.663475148359 0.399578763836 
0.432641162967 0.42264645518 0.473113814323 0.842076293708 0.759992852034 0.0849502544087 
0.419691380509 0.413185609428 0.415174462938 0.532677915313 0.570722243132 0.800421123895 
0.433459895173 0.414831395808 0.391015687777 0.434195243657 0.445674638728 0.63668411325 
0.335430749557 0.302509266827 0.347860051996 0.613041174354 0.510760701388 0.57810800709 
0.453796054895 0.422811795172 0.416813879631 0.433568185475 0.0826819114477 0.575750627551 
0.434572762436 0.416953286727 0.393443579516 0.380889029754 0.596229531327 0.643907552002 
0.434172609752 0.416016245899 0.39206194501 0.434431654552 0.442421180618 0.621952199101 
0.435267248141 0.416945793958 0.394133722107 0.423513328128 0.363166282101 0.709010856805 
0.445541670924 0.436055695788 0.452072747207 0.450803189635 0.33616151283 0.7499517158 
0.477934031393 0.442811173671 0.290045498954 0.736185407424 0.555515240188 0.537385011905 
0.434949130721 0.41723130537 0.393951374733 0.426586348998 0.400283477053 0.712346290751 
0.471772093278 0.445750023194 0.407844972625 0.443849432547 0.134060409615 0.55044103994 
0.434796559649 0.416063417535 0.381186819053 0.392176153343 0.58109718991 0.704409086964 
0.434544198813 0.419483785627 0.366415935056 0.388052800885 0.655506208617 0.564798768732 
0.416299563523 0.398072344034 0.45133000476 0.568941378504 0.142455754427 0.53976953215 
0.500751274428 0.518193826707 0.438033695324 0.209475216021 0.341450042486 0.726699040071 
0.432265515921 0.411959484479 0.426936491421 0.592682784359 0.679612604054 0.545840319838 
0.434717244218 0.416834259066 0.403727260754 0.951441419459 0.599329677099 0.0147915662064 
0.44498137196 0.42984300202 0.489834025388 0.488718662265 0.626368351002 0.544259911494 
0.43505647377 0.417264225628 0.392515112432 0.425683967642 0.376800213502 0.721810977313 
0.431570411058 0.429853810701 0.405959159513 0.477574133196 0.310749183861 0.642559164676 
0.430598746067 0.426555748294 0.402208852258 0.469125423892 0.448842757227 0.802820011617 
0.436021907423 0.414818603878 0.398425189216 0.434332426417 0.342676724239 0.663774077984 
0.432675774743 0.41427724995 0.392398181908 0.449261396908 0.690202473789 0.658848395355 
0.444593125695 0.38842635656 0.38256462299 0.415259872602 0.753532806775 0.447700934966 
0.425212454712 0.410169206568 0.45026952454 0.640101184264 0.693589252201 0.458657417174 
0.442577729424 0.419849845749 0.425375743544 0.480235510299 0.824649501877 0.0478620299722 
0.447900515938 0.395572331321 0.373849657757 0.726372897077 0.744248636612 0.0780035189704 
0.433299522587 0.468574018378 0.455595490513 0.517847321504 0.27870625798 0.715953091157 
0.434838685682 0.416892862702 0.337396721592 0.535408311241 0.493170999733 0.603445657666 
0.432710578977 0.562287185852 0.465637565051 0.492479288413 0.710084115183 0.257361618519 
0.454643140474 0.460771618373 0.430085740588 0.447739848625 0.308267214379 0.547096776677 
0.455574861402 0.364948431071 0.252273969287 0.630691596286 0.647359121096 0.51204207476 
0.435062851944 0.417082553413 0.394725985092 0.391511626577 0.391009192309 0.709887504681 
0.435115716252 0.416964869564 0.390989958268 0.416244889036 0.810617647018 0.163886259669 
0.426081833122 0.405854289511 0.478951712705 0.680746016315 0.68648804579 0.0952146023465 
0.43483428675 0.417927172735 0.391714123842 0.422076857776 0.505518160171 0.658520499389 
0.435512287226 0.417509019904 0.392663496396 0.395331038786 0.411671000361 0.769809971232 
0.427243302567 0.409668167075 0.409700144825 0.48169528799 0.779936884121 0.550467497957 
0.423069298222 0.441232416271 0.432697373163 0.445355902215 0.32715590085 0.64974225117 
0.435358608283 0.443028272028 0.425460843277 0.6325737159 0.814423305819 0.15026186735 
0.443466008733 0.436655787641 0.415185382851 0.433954395653 0.761555440996 0.363415700478 
0.434594765709 0.416374376339 0.387312917992 0.393458666002 0.835323648059 0.191910697017 
0.433509416146 0.43193904729 0.408879135532 0.382304998582 0.727419665689 0.533138054246 
0.39966874398 0.622959477703 0.141128782928 0.21678215678 0.246085904369 0.569078366968 
0.434189182569 0.420534836366 0.492411835333 0.252634353385 0.20836738561 0.522546960089 
0.460531713834 0.455891294738 0.490129387202 0.263888793235 0.758980182572 0.514117028707 
0.436429844937 0.420923597411 0.400220824438 0.50946335175 0.735818077099 0.510417187459 
0.489624096277 0.48024976026 0.443368476409 0.489280705926 0.506495325073 0.546012515993 
0.436003214654 0.420449294292 0.383860409787 0.326362339953 0.341544594974 0.763823220399 
0.436690570327 0.452798064244 0.0739845902315 0.337621187401 0.799626345342 0.357078163382 
0.434051366147 0.416776615913 0.392322886567 0.413959345199 0.833024208483 0.235238791665 
0.437287248194 0.418693823757 0.396735760201 0.43777307005 0.35758779424 0.647816063558 
0.447671045785 0.441098522414 0.634741622372 0.525738057559 0.805221611722 0.304493495415 
0.441420448601 0.405429503897 0.356774949098 0.393114801389 0.381159242433 0.708501362045 
0.322591346756 0.357339862615 0.316790271382 0.63178564618 0.780793967868 0.279719717504 
0.451933282846 0.445229739162 0.321264836581 0.353301063791 0.603122060557 0.708551110677 
0.460263363817 0.430497152493 0.358055698687 0.574739243951 0.689792539709 0.526375269424 
0.432827628476 0.42326831172 0.38362045281 0.418868049874 0.349566768866 0.621198531013 
0.428521355013 0.440728453793 0.483171933183 0.458782235198 0.811494044607 0.0351181981902 
0.42738126573 0.472717820577 0.577644714068 0.621846472206 0.712736253873 0.154389582854 
0.406698933309 0.409161398294 0.354602355885 0.592191692271 0.168284491652 0.59599277655 
0.414679971757 0.564808224667 0.188765527452 0.249116153369 0.266815270476 0.471429416511 
0.429861392355 0.385383577879 0.376345542169 0.469903143835 0.529528978722 0.622787161555 
0.435030152072 0.417211586877 0.393488142855 0.422952289153 0.557350206504 0.630140630009 
0.324539826866 0.291673882779 0.345758542977 0.622896323706 0.51268245732 0.609963341848 
0.427248951098 0.473125759994 0.579242364962 0.623161553102 0.714414551449 0.155374919823 
0.399146337088 0.513967316705 0.232477720163 0.352657399856 0.222737707576 0.484422773655 
0.430856292195 0.367828481527 0.329714142646 0.901967250765 0.54321383509 0.365380095141 
0.352239534046 0.613928843994 0.463538545675 0.618262336411 0.638063943348 0.349216876489 
0.431179876433 0.425785719375 0.401601039404 0.464910474416 0.447288305003 0.737815242886 
0.458562311737 0.423743054101 0.422225105056 0.435372053128 0.0554751767721 0.62223161613 
0.432882863479 0.413227729373 0.402607816786 0.448655156488 0.374302582564 0.683889551443 
0.434985395349 0.419028850713 0.383165516974 0.722503088039 0.719342406376 0.320650526752 
0.41939208384 0.528761098965 0.454769923269 0.27377698059 0.118452531146 0.454387703123 
0.43483428675 0.417927172735 0.391714123842 0.422076857776 0.505518160171 0.658520499389 
0.429484582631 0.429911058574 0.406776428515 0.490127819455 0.574537431783 0.674512472749 
0.434668387662 0.416512698955 0.388493298834 0.399456931475 0.810127209441 0.180099708467 
0.542653172038 0.453239403468 0.508299386685 0.898579179883 0.553772851947 0.43928272641 
0.335870546534 0.637227750608 0.466384624076 0.635768939687 0.653018276628 0.378825044681 
0.42063178872 0.444600759929 0.438178690105 0.447366478892 0.320484596393 0.700615866778 
0.434589261936 0.418614640397 0.397998211093 0.432703283092 0.377569096592 0.611086070343 
0.466496041725 0.43709501007 0.309235660643 0.700316821669 0.548618691382 0.479657457648 
0.426094513255 0.405868880661 0.478906810088 0.680597251313 0.686379092966 0.0951688805072 
0.453811399262 0.440907093985 0.411567345692 0.479593028937 0.627614921406 0.596583344739 
0.435199773697 0.417045738374 0.393977826194 0.423434862454 0.364346492074 0.694891378513 
0.426868857059 0.409384998451 0.409982564334 0.483221472122 0.795727959216 0.574599498586 
0.422373194755 0.386569872625 0.480582956356 0.616664107544 0.684754790109 0.214990387584 
0.418773275997 0.400338986919 0.446392971475 0.556029816449 0.156735336877 0.508760612245 
0.426217251535 0.406010239951 0.478471701306 0.679156005664 0.68532352072 0.0947259483559 
0.427243302567 0.409668167075 0.409700144825 0.48169528799 0.779936884121 0.550467497957 
0.417018468416 0.538356650352 0.458618215715 0.267080653387 0.103187116621 0.477637319659 
