0.399720888835 0.400985090428 0.402588489063 0.330399016615 0.83797247017 0.430079855687 
0.368551835839 0.388830440817 0.344835106748 0.390085648127 0.886720190758 0.31444080966 
0.395123151528 0.377985595655 0.478104875048 0.460671754391 0.460641592971 0.727077930172 
0.421583773073 0.431931780657 0.425136345781 0.336839614065 0.576548999122 0.720765102416 
0.386514950854 0.412797719764 0.544922254798 0.483171527349 0.507190910341 0.689420173408 
0.414730797955 0.371721373835 0.524062559561 0.542052794504 0.558729741176 0.759993981445 
0.42091321158 0.41907034608 0.434670375365 0.482671226762 0.525421522181 0.596159022941 
0.374218673272 0.382140071226 0.378788132969 0.371429623644 0.87579649359 0.247122233876 
0.415891811322 0.364533388479 0.480479237707 0.5963559001 0.84826536513 0.316038783118 
0.41385655509 0.461770404416 0.465267880874 0.635427838212 0.837980607159 0.142228724093 
0.462985308439 0.279156294698 0.334080712563 0.360060946934 0.293104200737 0.765337578207 
0.410899620538 0.4084217609 0.48410262548 0.487721868465 0.23272279708 0.685218610482 
0.401712196694 0.401464825003 0.403261229658 0.553454038191 0.616058168657 0.55677468653 
0.425034485664 0.426291878812 0.507329957549 0.540176509085 0.629872856159 0.5900715352 
0.432007382126 0.409576126642 0.136500052522 0.782369998288 0.612136275128 0.0341053786819 
0.39110603759 0.335205130304 0.366631074292 0.687814529104 0.837369682459 0.00825477019768 
0.392436960348 0.402929737354 0.321014976576 0.302334082728 0.732435137483 0.518612004967 
0.19576929836 0.339344414861 0.295017211881 0.67449719746 0.814601883797 0.15258680848 
0.436793680737 0.423481735563 0.435136575615 0.460076752953 0.446788683613 0.675263308551 
0.450906538342 0.460548736989 0.474157691866 0.174003568811 0.300056442147 0.697629684475 
0.396511570098 0.395887498753 0.404664478749 0.456178387327 0.620508925995 0.920200059151 
0.442666718881 0.426076067403 0.320790156851 0.385417003113 0.308829694587 0.708059979422 
0.398789470308 0.419164010084 0.548267762305 0.794508662466 0.626597137277 0.226591329702 
0.423956223716 0.509788308197 0.464495233391 0.206009985311 0.175606350686 0.607387260695 
0.396941656521 0.392972189496 0.378064789666 0.39520956839 0.87769427451 0.278026470464 
0.413725044997 0.322658622057 0.600860477651 0.11833567163 0.312515431239 0.514826129813 
0.400087944075 0.522309141523 0.508909217417 0.851396671829 0.583658779103 0.125511090776 
0.402314774004 0.426785836877 0.454131392804 0.480542651067 0.69957238421 0.677668268253 
0.623251003566 0.529554552111 0.538542801262 0.626492972659 0.573326709625 0.514033543629 
0.389731456828 0.390130301906 0.415785775896 0.666522662637 0.611140055181 0.445486069318 
0.345181288962 0.37282308136 0.474130956027 0.617222070488 0.741708600983 0.526438632575 
0.417365372556 0.406138612532 0.348157186235 0.748429186029 0.619340955537 0.298145254198 
0.431963198086 0.409469068024 0.312316597348 0.607253393129 0.832912522973 0.461427909324 
0.394547336687 0.387500034578 0.388107285082 0.457942681441 0.73022787326 0.614345200043 
0.391518713295 0.385622036042 0.321453971581 0.601578678064 0.611640228711 0.557636808917 
0.38747827091 0.446289687692 0.424535091724 0.478322303395 0.842656032036 0.437337090531 
0.287109737731 0.572982463938 0.576696840863 0.504499755305 0.807681634521 0.0561307476553 
0.394114904481 0.44818435065 0.415006537933 0.361603443049 0.661238579058 0.609220305555 
0.383048782698 0.502236578815 0.676341468635 0.519781350699 0.82576624636 0.0246631681517 
0.404642299294 0.27366501588 0.361537656613 0.328287282608 0.753718103371 0.3599416332 
0.38480338424 0.391454250873 0.389840717028 0.312598748543 0.847702728143 0.164623503907 
0.39918702072 0.416931020209 0.620834676998 0.69910888015 0.57372983595 0.445444516318 
0.392957199234 0.392313400203 0.41402875343 0.164000723319 0.791312000493 0.289645700484 
0.370782843757 0.384204953124 0.479774635495 0.539346726777 0.808725131707 0.123232476665 
0.355094167067 0.364571920686 0.383876136733 0.496445288968 0.756338697813 0.432090874602 
0.39643986253 0.398311571363 0.397082054553 0.42775522356 0.827720898212 0.253297400085 
0.435413393088 0.415741170139 0.435141393224 0.351984484503 0.72851294767 0.637916776425 
0.395686146727 0.411276440965 0.347028528078 0.596079154652 0.489586036315 0.620147739963 
0.340202866787 0.528105176917 0.493601988164 0.49835942839 0.637763927096 0.604404653407 
0.398810542371 0.416449574153 0.679357667168 0.758905199544 0.586541181291 0.537636131504 
0.398317728379 0.421768782442 0.351899321074 0.529946754562 0.807388569655 0.193642204227 
0.4242292247 0.407573888381 0.165157993247 0.760651074259 0.607226378287 0.0318939292142 
0.410899620538 0.4084217609 0.48410262548 0.487721868465 0.23272279708 0.685218610482 
0.402370584603 0.405437359513 0.350866754373 0.646568207797 0.608563316677 0.606769827519 
0.430733310427 0.409186326967 0.314348640196 0.604602521775 0.826656709751 0.454249081294 
0.392328032389 0.403059332169 0.320128334004 0.300991417952 0.734277323072 0.5221120933 
0.43972776583 0.411391832151 0.109519516187 0.802538311238 0.616712602872 0.0361941818641 
0.384181942182 0.498140561211 0.665047006488 0.518676557353 0.81287178242 0.0238339317121 
0.327879871921 0.546160433839 0.503490279079 0.503201588226 0.658795112168 0.667415948607 
0.407783757175 0.408174946517 0.430120380225 0.462578687457 0.619648901154 0.707777903564 
0.424725148701 0.407743230731 0.324486262998 0.591380530681 0.795537933108 0.418539594901 
0.312298564587 0.369542519172 0.361086573059 0.715673789727 0.877281825416 0.00909678921669 
0.383366295543 0.703327500063 0.792051688606 0.584544134426 0.553638882722 0.303943866374 
0.39650002934 0.395920159618 0.404640549592 0.455759741167 0.615351114029 0.895786654791 
0.353180527929 0.37560281189 0.467540232998 0.598269691913 0.713743060678 0.47799942346 
0.2744155152 0.577547664031 0.764666550173 0.80960024684 0.581237094569 0.0442685645706 
0.368284401229 0.384568464005 0.375329927354 0.485332604705 0.842761448994 0.437447210182 
0.398740234199 0.418746978628 0.545411686456 0.787472195591 0.622752458928 0.261166876025 
0.426254760902 0.520301408727 0.469075268188 0.193937322543 0.16384769915 0.638915385744 
0.401178666187 0.507902260416 0.499488629232 0.80604223901 0.580363624639 0.113569896564 
0.389736210803 0.390117704772 0.415921042478 0.663896244736 0.609868369433 0.441343317512 
0.402286136917 0.321856405394 0.513601381365 0.552586557643 0.677704917284 0.62253742986 
0.397341684166 0.305200669376 0.260132051122 0.841407566425 0.552894173041 0.330208183244 
0.394616128154 0.38832539335 0.388888936821 0.457791443031 0.70208484685 0.557673632951 
0.3902396782 0.391048443683 0.41209886897 0.735809971444 0.644642266988 0.555343609832 
0.374440743154 0.385626183246 0.474276843201 0.532699105609 0.782828350889 0.114900228543 
0.442146080529 0.411677670981 0.295913613858 0.628662284044 0.883603817229 0.519599884957 
0.395115818381 0.4165598529 0.334116201183 0.61799146187 0.490872035448 0.697160220057 
0.394542604781 0.387439910943 0.388050975887 0.457955544615 0.732418247937 0.618757363032 
0.422645733685 0.407140930595 0.171226106805 0.756005435069 0.606178634213 0.0314265704507 
0.404642299294 0.27366501588 0.361537656613 0.328287282608 0.753718103371 0.3599416332 
0.408946440572 0.407281187039 0.471469175321 0.480719323437 0.248068215686 0.625351813597 
0.39381680384 0.355052193865 0.569387164618 0.496855256303 0.681126758851 0.559712389742 
0.390610578713 0.383287070028 0.297495051295 0.630924795896 0.637282164311 0.647514901391 
0.398354645896 0.423007519834 0.350325520882 0.53166758443 0.816098744329 0.198045354639 
0.43184573397 0.433885038133 0.424008024927 0.552811848301 0.53066422728 0.974124243929 
0.437972435601 0.446874388557 0.45943855633 0.20721196698 0.309063622292 0.61257789877 
0.358879883084 0.3776765512 0.462751938115 0.584641550691 0.693633300943 0.443179683129 
0.408500569414 0.4206287149 0.567177923257 0.719087441766 0.765807070167 0.328493005115 
0.411029445117 0.370507940829 0.471011811707 0.576122410317 0.798318904932 0.278376900285 
0.294616568041 0.565398720212 0.569975834646 0.50377671599 0.794541168068 0.0541443999496 
0.382464419451 0.504335358133 0.682134664546 0.520339060203 0.832388054091 0.0250890539938 
0.385068034453 0.494910862869 0.656153003653 0.517788935941 0.802733060455 0.0231819953486 
0.424725530452 0.513296598175 0.466032651212 0.201967966519 0.171673671361 0.617929383204 
0.417361330196 0.311840542216 0.620535338607 0.0994798674452 0.311235002769 0.547638011822 
0.394597107076 0.388106004419 0.388679473098 0.457827257784 0.70922573581 0.572049791853 
0.393260763368 0.342265836995 0.532397991862 0.634646046983 0.653149988961 0.575315295194 
0.427853265735 0.408531044622 0.151587757043 0.770978373829 0.609558642306 0.0329402067626 
0.398796609631 0.538168130868 0.519221912406 0.901454246265 0.587168786897 0.138800685503 
0.442146080529 0.411677670981 0.295913613858 0.628662284044 0.883603817229 0.519599884957 
