0.407445451683 0.455009786181 0.359125977414 0.320233996062 0.572836644431 0.625128711713 
0.394824937404 0.438201775945 0.396715656199 0.455296888472 0.435718155488 0.821601144922 
0.369562481052 0.344940559565 0.574416570762 0.544175874341 0.699930293336 0.465762754223 
0.393361247295 0.44757795004 0.402901416661 0.397303686199 0.52783190998 0.703778471778 
0.394163493333 0.435945937189 0.384859277586 0.491721863817 0.872698070763 0.451200872765 
0.39625750151 0.440637738599 0.402399921051 0.441844544352 0.649213324291 0.578411184697 
0.499436695307 0.554295553626 0.497105997234 0.57981638227 0.149189790542 0.601292070054 
0.389212379608 0.429663133885 0.47279471728 0.482416892559 0.648285272544 0.309179781243 
0.394971529278 0.43867360557 0.401607584867 0.424070822269 0.443999204523 0.819406856781 
0.396527408579 0.463154121518 0.329420823674 0.364697880238 0.585849425187 0.660984955879 
0.408783469037 0.515540074863 0.427509322542 0.498153824383 0.801204738198 0.145710967914 
0.400633118615 0.442331754083 0.378134476605 0.505661552066 0.498917717525 0.727923809705 
0.426543066272 0.512132700664 0.450125884661 0.245414601402 0.301013282479 0.731144624704 
0.393173939271 0.442387400452 0.406191220206 0.384397079154 0.374918398734 0.680160624754 
0.411764803022 0.389594919012 0.354257136461 0.874035152591 0.549503004676 0.219264738706 
0.392014782015 0.446151454058 0.465436727494 0.432132448324 0.18261044647 0.568200380532 
0.404885775215 0.440953120939 0.381147466462 0.367370129401 0.228190738111 0.778356124181 
0.389884534638 0.434639771323 0.500662509143 0.77102306395 0.594336879283 0.433997907041 
0.420971232478 0.444540600018 0.534514857168 0.448354862069 0.857465411548 0.438691158698 
0.360237952685 0.340743786101 0.331256321975 0.589650589793 0.719832068316 0.486175956262 
0.387983216921 0.432989418245 0.284494630183 0.314162402082 0.741599891275 0.50485479653 
0.394023553803 0.4349811139 0.297929223068 0.592077152431 0.582236181073 0.619606090906 
0.473027821966 0.471072942505 0.501056839225 0.472292764181 0.806665555028 0.248169483775 
0.395740801925 0.439813011496 0.387746238925 0.400468067817 0.560047241037 0.677314646183 
0.395892919098 0.438437721968 0.40002557882 0.387947181379 0.445909160173 0.644769313011 
0.393673022821 0.436375467106 0.397616948467 0.225225035803 0.874769422935 0.153707121021 
0.365703134936 0.53661579669 0.793599635137 0.569681595161 0.637632957508 0.00471919181021 
0.369678549548 0.425188496 0.466854316585 0.638801826229 0.117425641754 0.697962875145 
0.402716802658 0.450300429358 0.360403671527 0.464170800089 0.527182398921 0.735715199947 
0.399203465901 0.484221059396 0.430140031698 0.617320488193 0.573101386702 0.468836329419 
0.392965024827 0.41343172097 0.449346819719 0.241630117761 0.643255575396 0.578210513515 
0.395058911396 0.461454058111 0.686965846812 0.727627605585 0.651873346733 0.0472414142034 
0.365976243512 0.767348143195 0.65710058819 0.614923778911 0.573434755786 0.5791324901 
0.390785386951 0.417447610492 0.75626813917 0.638593975759 0.512996597585 0.411019017387 
0.213372872689 0.368928907267 0.638633022877 0.677345054444 0.539112388884 0.3367357148 
0.394573298249 0.436324020859 0.400857676605 0.590533429225 0.464354661737 0.63069878 
0.396480575334 0.469323170364 0.432997074271 0.344512585603 0.336034453944 0.62886914552 
0.38752247256 0.495687208072 0.420066623373 0.547606007713 0.466739212371 0.637172277526 
0.407406096822 0.454871393118 0.624290091569 0.651120814426 0.856449685536 0.219119745255 
0.46920739611 0.485196115497 0.258264716012 0.701691433911 0.761267340276 0.27308611448 
0.411184172569 0.401288470585 0.560822162302 0.630070018214 0.655298255557 0.291424799355 
0.401228855338 0.427675771142 0.380653347494 0.441295609874 0.517668135579 0.659468655832 
0.390023761698 0.431809673962 0.394703088863 0.34838527968 0.239802274625 0.866871159272 
0.399007594534 0.430799307216 0.380730265457 0.564195952305 0.217227724649 0.733494126547 
0.380110317072 0.424659144884 0.458764517902 0.508645117492 0.639399315165 0.597478058246 
0.43389476626 0.538488735891 0.227534036405 0.304910007573 0.761293899334 0.0775221278412 
0.390599983061 0.435650216592 0.394105734675 0.458727148464 0.428212397691 0.705738533649 
0.484902792796 0.52426779022 0.2521093938 0.134672775663 0.240711502844 0.507542919978 
0.386536448645 0.453684658634 0.330487066657 0.386145834143 0.268719754664 0.700567928738 
0.402255727286 0.446878543441 0.369239799618 0.37486702715 0.491927259572 0.711501754732 
0.432510310028 0.351820460453 0.368926423069 0.363839147897 0.259815614309 0.546723079972 
0.399790352062 0.417337775705 0.37880380946 0.454274575786 0.295088653529 0.678866688216 
0.423854193896 0.449927787261 0.414562032716 0.358967265266 0.172240250024 0.615212281694 
0.388032282983 0.431322384234 0.427677616842 0.463339559373 0.629501121275 0.52637996878 
0.381456372211 0.425653390192 0.455757876103 0.50411100576 0.628590235396 0.569840555427 
0.23366863539 0.373491411283 0.623771777772 0.662630224404 0.536967679237 0.318284393829 
0.396438209055 0.46088691963 0.333651945564 0.366959732799 0.579764057405 0.636963323866 
0.403545387541 0.440624967648 0.382385347277 0.370675382399 0.244087469796 0.708661487504 
0.394995183414 0.461432050163 0.694256025889 0.734092906403 0.65522173878 0.0481514575654 
0.388007499844 0.432948520128 0.291502256781 0.319139199442 0.73044844182 0.486930466038 
0.397219097619 0.433072903083 0.391340183964 0.423381772563 0.451087775265 0.680439506495 
0.394162911855 0.435938539507 0.383846712687 0.494301447866 0.895949354798 0.473462896722 
0.418371647491 0.4659866769 0.454305327047 0.488110429164 0.625684465632 0.606385565749 
0.390120017879 0.435549559969 0.393571259013 0.461129967624 0.428864542192 0.737380483526 
0.360370606973 0.494136233761 0.428884818809 0.551842705638 0.546142349907 0.631273127578 
0.36953022112 0.748129051246 0.644936217893 0.607723589588 0.568954668931 0.553987391402 
0.413860837368 0.525389867686 0.425401444095 0.684615766198 0.538081010522 0.564042679659 
0.39686142832 0.438002300917 0.392084390079 0.38829499088 0.595541469191 0.833769449443 
0.394528916101 0.436479555743 0.40021645491 0.596728581386 0.464838554129 0.650152476288 
0.429596872555 0.496340985894 0.441122464743 0.545017866378 0.815148634756 0.0122989516138 
0.396696455861 0.468164866618 0.320300157153 0.359892915263 0.598954420838 0.712860297722 
0.402716802658 0.450300429358 0.360403671527 0.464170800089 0.527182398921 0.735715199947 
0.502155025496 0.538523812702 0.236629324285 0.103356452996 0.229964277729 0.559574052188 
0.393864784143 0.434292502781 0.311838033447 0.576585761855 0.56924426793 0.567936036723 
0.433891530984 0.538480303113 0.227543680762 0.304914482403 0.761283411104 0.0775194761051 
0.425827286162 0.470602382414 0.424499706351 0.344214543852 0.33576555896 0.631745081508 
0.399203465901 0.484221059396 0.430140031698 0.617320488193 0.573101386702 0.468836329419 
0.399362971438 0.44130681903 0.381156279918 0.497570468632 0.492285828745 0.671476159085 
0.396259900862 0.440651051877 0.402458904722 0.441464466562 0.638348349552 0.552934099812 
0.40344851811 0.45142735794 0.358200853242 0.46607100076 0.532175681921 0.765943476503 
0.39232905595 0.435861491737 0.398160206842 0.827934352662 0.665501209997 0.176316028844 
0.402319831815 0.480273515568 0.422394045538 0.449070154276 0.437265388633 0.6680185658 
0.401930515095 0.42706466995 0.379359229731 0.442426677235 0.523586683752 0.69371554236 
0.3958945937 0.438439406739 0.400026726271 0.387936483693 0.44591963908 0.644957128575 
0.402477157207 0.449930455337 0.361132722427 0.463541713231 0.525533931771 0.725735846665 
0.418160220544 0.444663628521 0.514734192622 0.44777538719 0.788445478278 0.372259999492 
0.401762740429 0.448824627349 0.363331301533 0.461643850902 0.520575956013 0.695722051987 
0.38737467078 0.433609349513 0.513088287538 0.821210798141 0.609176604832 0.487029334867 
0.390460673333 0.435620379523 0.393949989513 0.459428780625 0.428402871768 0.714968620306 
0.388318096596 0.433985780779 0.508455191457 0.802464432456 0.603639254774 0.467194419895 
0.433153919017 0.477442098677 0.428518406821 0.33686268115 0.329075804483 0.703396034564 
0.443929081836 0.564681915121 0.198397348591 0.291624279216 0.793126176823 0.085609971765 
0.389078947069 0.435349453285 0.392429473274 0.466222695931 0.43024558054 0.804717994342 
0.393710299739 0.401650895325 0.745048591123 0.68459478772 0.555996507131 0.255028600057 
0.43086537426 0.475320361991 0.427286174639 0.339127606771 0.331147697505 0.681185704937 
0.398846046303 0.419867378841 0.381180883164 0.450497523854 0.300958672089 0.639115940354 
0.402444327411 0.449879735116 0.361232911101 0.463455253336 0.525307560349 0.724365462991 
0.39922831912 0.480433776016 0.428701694001 0.599952971135 0.563564826397 0.43582750835 
0.394182608844 0.436042955865 0.389647256281 0.480226389654 0.769207935491 0.35215189618 
0.394036969766 0.436610774473 0.39821114383 0.214499214961 0.891083792891 0.159394356268 
