1.18261552445 1.16156176907 
1.18261552445 1.16156176907 
1.18261552445 1.16156176907 
1.18261552445 1.16156176907 
1.21055245589 0.481601123825 
1.18261552445 1.16156176907 
1.18261552445 1.16156176907 
1.18261552445 1.16156176907 
1.18261552445 1.16156176907 
1.18261552445 1.16156176907 
1.18261552445 1.16156176907 
1.18261552445 1.16156176907 
0.59514911865 1.23935289387 
1.18261552445 1.16156176907 
1.18261552445 1.16156176907 
1.18261552445 1.16156176907 
1.18261552445 1.16156176907 
1.18261552445 1.16156176907 
1.18261552445 1.16156176907 
1.18261552445 1.16156176907 
1.18261552445 1.16156176907 
1.18261552445 1.16156176907 
1.18261552445 1.16156176907 
1.21055245589 0.481601123825 
1.18261552445 1.16156176907 
1.18261552445 1.16156176907 
1.18261552445 1.16156176907 
1.21055245589 0.481601123825 
1.18261552445 1.16156176907 
1.21055245589 0.481601123825 
1.21055245589 0.481601123825 
1.18261552445 1.16156176907 
1.18261552445 1.16156176907 
1.18261552445 1.16156176907 
1.18261552445 1.16156176907 
1.18261552445 1.16156176907 
1.18261552445 1.16156176907 
1.18261552445 1.16156176907 
1.18261552445 1.16156176907 
1.18261552445 1.16156176907 
1.18261552445 1.16156176907 
1.18261552445 1.16156176907 
1.18261552445 1.16156176907 
1.18261552445 1.16156176907 
1.21055245589 0.481601123825 
1.18261552445 1.16156176907 
1.18261552445 1.16156176907 
1.18261552445 1.16156176907 
1.18261552445 1.16156176907 
1.18261552445 1.16156176907 
1.18261552445 1.16156176907 
1.18261552445 1.16156176907 
1.18261552445 1.16156176907 
1.18261552445 1.16156176907 
1.18261552445 1.16156176907 
1.18261552445 1.16156176907 
1.21055245589 0.481601123825 
1.21055245589 0.481601123825 
1.18261552445 1.16156176907 
1.18261552445 1.16156176907 
1.18261552445 1.16156176907 
1.21055245589 0.481601123825 
1.18261552445 1.16156176907 
1.18261552445 1.16156176907 
1.21055245589 0.481601123825 
1.18261552445 1.16156176907 
1.18261552445 1.16156176907 
1.18261552445 1.16156176907 
1.18261552445 1.16156176907 
1.18261552445 1.16156176907 
1.18261552445 1.16156176907 
1.18261552445 1.16156176907 
1.18261552445 1.16156176907 
1.18261552445 1.16156176907 
1.18261552445 1.16156176907 
1.18261552445 1.16156176907 
1.18261552445 1.16156176907 
1.18261552445 1.16156176907 
1.18261552445 1.16156176907 
1.18261552445 1.16156176907 
0.59514911865 1.23935289387 
1.18261552445 1.16156176907 
1.18261552445 1.16156176907 
1.18261552445 1.16156176907 
1.18261552445 1.16156176907 
1.21055245589 0.481601123825 
1.18261552445 1.16156176907 
1.18261552445 1.16156176907 
1.18261552445 1.16156176907 
1.18261552445 1.16156176907 
1.18261552445 1.16156176907 
1.18261552445 1.16156176907 
1.18261552445 1.16156176907 
1.18261552445 1.16156176907 
1.18261552445 1.16156176907 
0.59514911865 1.23935289387 
1.18261552445 1.16156176907 
1.18261552445 1.16156176907 
1.21055245589 0.481601123825 
1.18261552445 1.16156176907 
