1.15318220166 1.12880702054 
1.15318220166 1.12880702054 
1.15318220166 1.12880702054 
1.17016788858 0.0899944099208 
1.15318220166 1.12880702054 
1.15318220166 1.12880702054 
1.15318220166 1.12880702054 
1.15318220166 1.12880702054 
1.15318220166 1.12880702054 
1.15318220166 1.12880702054 
1.15318220166 1.12880702054 
1.15318220166 1.12880702054 
1.15318220166 1.12880702054 
1.15318220166 1.12880702054 
1.15318220166 1.12880702054 
1.15318220166 1.12880702054 
1.15318220166 1.12880702054 
1.15318220166 1.12880702054 
1.15318220166 1.12880702054 
1.15318220166 1.12880702054 
1.15318220166 1.12880702054 
1.15318220166 1.12880702054 
1.15318220166 1.12880702054 
1.15318220166 1.12880702054 
1.15318220166 1.12880702054 
1.15318220166 1.12880702054 
1.15318220166 1.12880702054 
1.15318220166 1.12880702054 
1.15318220166 1.12880702054 
1.15318220166 1.12880702054 
1.15318220166 1.12880702054 
1.15318220166 1.12880702054 
1.15318220166 1.12880702054 
1.15318220166 1.12880702054 
1.17016788858 0.0899944099208 
1.15318220166 1.12880702054 
1.15318220166 1.12880702054 
1.15318220166 1.12880702054 
1.15318220166 1.12880702054 
1.15318220166 1.12880702054 
1.17016788858 0.0899944099208 
1.15318220166 1.12880702054 
1.15318220166 1.12880702054 
1.15318220166 1.12880702054 
1.15318220166 1.12880702054 
1.15318220166 1.12880702054 
1.15318220166 1.12880702054 
1.15318220166 1.12880702054 
1.15318220166 1.12880702054 
1.15318220166 1.12880702054 
1.15318220166 1.12880702054 
1.15318220166 1.12880702054 
1.15318220166 1.12880702054 
1.15318220166 1.12880702054 
1.15318220166 1.12880702054 
1.15318220166 1.12880702054 
1.15318220166 1.12880702054 
1.15318220166 1.12880702054 
1.15318220166 1.12880702054 
1.15318220166 1.12880702054 
1.15318220166 1.12880702054 
1.15318220166 1.12880702054 
1.15318220166 1.12880702054 
1.15318220166 1.12880702054 
1.15318220166 1.12880702054 
1.15318220166 1.12880702054 
1.15318220166 1.12880702054 
1.15318220166 1.12880702054 
1.15318220166 1.12880702054 
1.15318220166 1.12880702054 
1.15318220166 1.12880702054 
1.15318220166 1.12880702054 
1.15318220166 1.12880702054 
1.15318220166 1.12880702054 
1.15318220166 1.12880702054 
1.15318220166 1.12880702054 
1.15318220166 1.12880702054 
1.15318220166 1.12880702054 
1.15318220166 1.12880702054 
1.15318220166 1.12880702054 
1.15318220166 1.12880702054 
1.15318220166 1.12880702054 
1.15318220166 1.12880702054 
1.15318220166 1.12880702054 
1.15318220166 1.12880702054 
1.15318220166 1.12880702054 
1.15318220166 1.12880702054 
1.15318220166 1.12880702054 
1.15318220166 1.12880702054 
1.15318220166 1.12880702054 
1.15318220166 1.12880702054 
1.15318220166 1.12880702054 
1.15318220166 1.12880702054 
1.15318220166 1.12880702054 
1.15318220166 1.12880702054 
1.15318220166 1.12880702054 
1.15318220166 1.12880702054 
1.17016788858 0.0899944099208 
1.15318220166 1.12880702054 
1.15318220166 1.12880702054 
