1.18970005337 1.27053375502 
1.18970005337 1.27053375502 
1.18970005337 1.27053375502 
1.18970005337 1.27053375502 
1.18970005337 1.27053375502 
1.18970005337 1.27053375502 
1.18970005337 1.27053375502 
1.18970005337 1.27053375502 
1.18970005337 1.27053375502 
1.18970005337 1.27053375502 
1.18970005337 1.27053375502 
1.18970005337 1.27053375502 
1.18970005337 1.27053375502 
1.18970005337 1.27053375502 
1.19256699567 0.835553366649 
1.18970005337 1.27053375502 
1.18970005337 1.27053375502 
1.18970005337 1.27053375502 
1.18970005337 1.27053375502 
1.18970005337 1.27053375502 
1.18970005337 1.27053375502 
1.18970005337 1.27053375502 
1.18970005337 1.27053375502 
1.18970005337 1.27053375502 
1.18970005337 1.27053375502 
1.18970005337 1.27053375502 
1.18970005337 1.27053375502 
1.18970005337 1.27053375502 
1.18970005337 1.27053375502 
1.18970005337 1.27053375502 
1.18970005337 1.27053375502 
1.18970005337 1.27053375502 
1.18970005337 1.27053375502 
1.18970005337 1.27053375502 
1.18970005337 1.27053375502 
1.18970005337 1.27053375502 
1.18970005337 1.27053375502 
1.18970005337 1.27053375502 
1.19256699567 0.835553366649 
1.18970005337 1.27053375502 
1.18970005337 1.27053375502 
1.18970005337 1.27053375502 
1.18970005337 1.27053375502 
1.19256699567 0.835553366649 
1.18970005337 1.27053375502 
1.18970005337 1.27053375502 
1.18970005337 1.27053375502 
1.18970005337 1.27053375502 
1.18970005337 1.27053375502 
1.18970005337 1.27053375502 
1.18970005337 1.27053375502 
1.18970005337 1.27053375502 
1.18970005337 1.27053375502 
1.18970005337 1.27053375502 
1.18970005337 1.27053375502 
1.18970005337 1.27053375502 
1.18970005337 1.27053375502 
1.18970005337 1.27053375502 
1.18970005337 1.27053375502 
1.18970005337 1.27053375502 
1.18970005337 1.27053375502 
1.18970005337 1.27053375502 
1.18970005337 1.27053375502 
1.18970005337 1.27053375502 
1.18970005337 1.27053375502 
1.18970005337 1.27053375502 
1.18970005337 1.27053375502 
1.18970005337 1.27053375502 
1.18970005337 1.27053375502 
1.18970005337 1.27053375502 
1.18970005337 1.27053375502 
1.18970005337 1.27053375502 
1.18970005337 1.27053375502 
1.19256699567 0.835553366649 
1.18970005337 1.27053375502 
1.18970005337 1.27053375502 
1.18970005337 1.27053375502 
1.18970005337 1.27053375502 
1.18970005337 1.27053375502 
1.18970005337 1.27053375502 
1.18970005337 1.27053375502 
1.18970005337 1.27053375502 
1.18970005337 1.27053375502 
1.18970005337 1.27053375502 
1.18970005337 1.27053375502 
1.18970005337 1.27053375502 
1.18970005337 1.27053375502 
1.18970005337 1.27053375502 
1.18970005337 1.27053375502 
1.18970005337 1.27053375502 
1.18970005337 1.27053375502 
1.18970005337 1.27053375502 
1.18970005337 1.27053375502 
1.18970005337 1.27053375502 
1.18970005337 1.27053375502 
1.18970005337 1.27053375502 
1.18970005337 1.27053375502 
1.18970005337 1.27053375502 
1.18970005337 1.27053375502 
1.18970005337 1.27053375502 
