1.09029677221 1.20682256388 
1.09029677221 1.20682256388 
1.09029677221 1.20682256388 
1.09029677221 1.20682256388 
1.09029677221 1.20682256388 
1.09029677221 1.20682256388 
1.09029677221 1.20682256388 
1.09029677221 1.20682256388 
1.09029677221 1.20682256388 
1.09029677221 1.20682256388 
1.09029677221 1.20682256388 
1.09029677221 1.20682256388 
1.09029677221 1.20682256388 
1.09029677221 1.20682256388 
1.09029677221 1.20682256388 
1.09029677221 1.20682256388 
1.09029677221 1.20682256388 
1.09029677221 1.20682256388 
1.09029677221 1.20682256388 
1.09029677221 1.20682256388 
1.09029677221 1.20682256388 
1.09029677221 1.20682256388 
1.09029677221 1.20682256388 
1.09029677221 1.20682256388 
1.09029677221 1.20682256388 
1.09029677221 1.20682256388 
1.09029677221 1.20682256388 
1.09029677221 1.20682256388 
1.09029677221 1.20682256388 
1.09029677221 1.20682256388 
1.09029677221 1.20682256388 
1.09029677221 1.20682256388 
1.09029677221 1.20682256388 
1.09029677221 1.20682256388 
1.09029677221 1.20682256388 
1.09029677221 1.20682256388 
1.09029677221 1.20682256388 
1.09029677221 1.20682256388 
1.09029677221 1.20682256388 
1.09029677221 1.20682256388 
1.09029677221 1.20682256388 
1.09029677221 1.20682256388 
1.09029677221 1.20682256388 
1.09029677221 1.20682256388 
1.09029677221 1.20682256388 
1.09029677221 1.20682256388 
1.09029677221 1.20682256388 
1.09029677221 1.20682256388 
1.09029677221 1.20682256388 
1.09029677221 1.20682256388 
1.09029677221 1.20682256388 
1.09029677221 1.20682256388 
1.09029677221 1.20682256388 
1.09029677221 1.20682256388 
1.09029677221 1.20682256388 
1.09029677221 1.20682256388 
1.09029677221 1.20682256388 
1.09029677221 1.20682256388 
1.09029677221 1.20682256388 
1.09029677221 1.20682256388 
1.09029677221 1.20682256388 
1.09029677221 1.20682256388 
1.09029677221 1.20682256388 
1.09029677221 1.20682256388 
1.09029677221 1.20682256388 
1.09029677221 1.20682256388 
1.07469037825 1.22051166575 
1.09029677221 1.20682256388 
1.09029677221 1.20682256388 
1.09029677221 1.20682256388 
1.09029677221 1.20682256388 
1.09029677221 1.20682256388 
1.09029677221 1.20682256388 
1.09029677221 1.20682256388 
1.09029677221 1.20682256388 
1.09029677221 1.20682256388 
1.09029677221 1.20682256388 
1.09029677221 1.20682256388 
1.09029677221 1.20682256388 
1.09029677221 1.20682256388 
1.09029677221 1.20682256388 
1.09029677221 1.20682256388 
1.09029677221 1.20682256388 
1.09029677221 1.20682256388 
1.09029677221 1.20682256388 
1.09029677221 1.20682256388 
1.09029677221 1.20682256388 
1.09029677221 1.20682256388 
1.09029677221 1.20682256388 
1.09029677221 1.20682256388 
1.09029677221 1.20682256388 
1.09029677221 1.20682256388 
1.09029677221 1.20682256388 
1.09029677221 1.20682256388 
1.09029677221 1.20682256388 
1.09029677221 1.20682256388 
1.09029677221 1.20682256388 
1.09029677221 1.20682256388 
1.09029677221 1.20682256388 
1.09029677221 1.20682256388 
