1.1054039742 1.40553813932 1.25569793355 1.19705108007 
1.1054039742 1.40553813932 1.25569793355 1.19705108007 
1.08159301453 1.41670537274 1.26567469002 1.20656285509 
1.1054039742 1.40553813932 1.25569793355 1.19705108007 
1.1054039742 1.40553813932 1.25569793355 1.19705108007 
1.1054039742 1.40553813932 1.25569793355 1.19705108007 
1.1054039742 1.40553813932 1.25569793355 1.19705108007 
1.1054039742 1.40553813932 1.25569793355 1.19705108007 
1.1054039742 1.40553813932 1.25569793355 1.19705108007 
1.1054039742 1.40553813932 1.25569793355 1.19705108007 
1.1054039742 1.40553813932 1.25569793355 1.19705108007 
1.1054039742 1.40553813932 1.25569793355 1.19705108007 
1.1054039742 1.40553813932 1.25569793355 1.19705108007 
1.1054039742 1.40553813932 1.25569793355 1.19705108007 
1.1054039742 1.40553813932 1.25569793355 1.19705108007 
1.1054039742 1.40553813932 1.25569793355 1.19705108007 
1.1054039742 1.40553813932 1.25569793355 1.19705108007 
1.1054039742 1.40553813932 1.25569793355 1.19705108007 
1.1054039742 1.40553813932 1.25569793355 1.19705108007 
1.1054039742 1.40553813932 1.25569793355 1.19705108007 
1.1054039742 1.40553813932 1.25569793355 1.19705108007 
1.1054039742 1.40553813932 1.25569793355 1.19705108007 
1.1054039742 1.40553813932 1.25569793355 1.19705108007 
1.1054039742 1.40553813932 1.25569793355 1.19705108007 
1.1054039742 1.40553813932 1.25569793355 1.19705108007 
1.1054039742 1.40553813932 1.25569793355 1.19705108007 
1.1054039742 1.40553813932 1.25569793355 1.19705108007 
1.1054039742 1.40553813932 1.25569793355 1.19705108007 
1.1054039742 1.40553813932 1.25569793355 1.19705108007 
1.1054039742 1.40553813932 1.25569793355 1.19705108007 
1.1054039742 1.40553813932 1.25569793355 1.19705108007 
1.1054039742 1.40553813932 1.25569793355 1.19705108007 
1.1054039742 1.40553813932 1.25569793355 1.19705108007 
1.1054039742 1.40553813932 1.25569793355 1.19705108007 
1.1054039742 1.40553813932 1.25569793355 1.19705108007 
1.1054039742 1.40553813932 1.25569793355 1.19705108007 
1.1054039742 1.40553813932 1.25569793355 1.19705108007 
1.1054039742 1.40553813932 1.25569793355 1.19705108007 
1.1054039742 1.40553813932 1.25569793355 1.19705108007 
1.1054039742 1.40553813932 1.25569793355 1.19705108007 
1.1054039742 1.40553813932 1.25569793355 1.19705108007 
1.1054039742 1.40553813932 1.25569793355 1.19705108007 
1.1054039742 1.40553813932 1.25569793355 1.19705108007 
1.1054039742 1.40553813932 1.25569793355 1.19705108007 
1.1054039742 1.40553813932 1.25569793355 1.19705108007 
1.1054039742 1.40553813932 1.25569793355 1.19705108007 
1.1054039742 1.40553813932 1.25569793355 1.19705108007 
1.1054039742 1.40553813932 1.25569793355 1.19705108007 
1.1054039742 1.40553813932 1.25569793355 1.19705108007 
1.1054039742 1.40553813932 1.25569793355 1.19705108007 
1.08159301453 1.41670537274 1.26567469002 1.20656285509 
1.1054039742 1.40553813932 1.25569793355 1.19705108007 
1.1054039742 1.40553813932 1.25569793355 1.19705108007 
1.1054039742 1.40553813932 1.25569793355 1.19705108007 
1.1054039742 1.40553813932 1.25569793355 1.19705108007 
1.1054039742 1.40553813932 1.25569793355 1.19705108007 
1.1054039742 1.40553813932 1.25569793355 1.19705108007 
1.1054039742 1.40553813932 1.25569793355 1.19705108007 
1.1054039742 1.40553813932 1.25569793355 1.19705108007 
1.1054039742 1.40553813932 1.25569793355 1.19705108007 
1.1054039742 1.40553813932 1.25569793355 1.19705108007 
1.1054039742 1.40553813932 1.25569793355 1.19705108007 
1.1054039742 1.40553813932 1.25569793355 1.19705108007 
1.1054039742 1.40553813932 1.25569793355 1.19705108007 
1.1054039742 1.40553813932 1.25569793355 1.19705108007 
1.1054039742 1.40553813932 1.25569793355 1.19705108007 
1.1054039742 1.40553813932 1.25569793355 1.19705108007 
1.1054039742 1.40553813932 1.25569793355 1.19705108007 
1.1054039742 1.40553813932 1.25569793355 1.19705108007 
1.1054039742 1.40553813932 1.25569793355 1.19705108007 
1.1054039742 1.40553813932 1.25569793355 1.19705108007 
1.1054039742 1.40553813932 1.25569793355 1.19705108007 
1.1054039742 1.40553813932 1.25569793355 1.19705108007 
1.1054039742 1.40553813932 1.25569793355 1.19705108007 
1.1054039742 1.40553813932 1.25569793355 1.19705108007 
1.1054039742 1.40553813932 1.25569793355 1.19705108007 
1.1054039742 1.40553813932 1.25569793355 1.19705108007 
1.08159301453 1.41670537274 1.26567469002 1.20656285509 
1.1054039742 1.40553813932 1.25569793355 1.19705108007 
1.1054039742 1.40553813932 1.25569793355 1.19705108007 
1.1054039742 1.40553813932 1.25569793355 1.19705108007 
1.1054039742 1.40553813932 1.25569793355 1.19705108007 
1.1054039742 1.40553813932 1.25569793355 1.19705108007 
1.1054039742 1.40553813932 1.25569793355 1.19705108007 
1.1054039742 1.40553813932 1.25569793355 1.19705108007 
1.1054039742 1.40553813932 1.25569793355 1.19705108007 
1.08159301453 1.41670537274 1.26567469002 1.20656285509 
1.1054039742 1.40553813932 1.25569793355 1.19705108007 
1.1054039742 1.40553813932 1.25569793355 1.19705108007 
1.1054039742 1.40553813932 1.25569793355 1.19705108007 
1.1054039742 1.40553813932 1.25569793355 1.19705108007 
1.1054039742 1.40553813932 1.25569793355 1.19705108007 
1.1054039742 1.40553813932 1.25569793355 1.19705108007 
1.1054039742 1.40553813932 1.25569793355 1.19705108007 
1.1054039742 1.40553813932 1.25569793355 1.19705108007 
1.1054039742 1.40553813932 1.25569793355 1.19705108007 
1.1054039742 1.40553813932 1.25569793355 1.19705108007 
1.1054039742 1.40553813932 1.25569793355 1.19705108007 
1.1054039742 1.40553813932 1.25569793355 1.19705108007 
1.1054039742 1.40553813932 1.25569793355 1.19705108007 
