1.3174424869 1.05066552108 0.84829853231 0.871729328706 
1.3174424869 1.05066552108 0.84829853231 0.871729328706 
1.3174424869 1.05066552108 0.84829853231 0.871729328706 
1.3174424869 1.05066552108 0.84829853231 0.871729328706 
1.3174424869 1.05066552108 0.84829853231 0.871729328706 
1.3174424869 1.05066552108 0.84829853231 0.871729328706 
1.3174424869 1.05066552108 0.84829853231 0.871729328706 
1.2805751803 1.38455202417 1.11788278355 1.14876856364 
1.3174424869 1.05066552108 0.84829853231 0.871729328706 
1.3174424869 1.05066552108 0.84829853231 0.871729328706 
1.3174424869 1.05066552108 0.84829853231 0.871729328706 
1.3174424869 1.05066552108 0.84829853231 0.871729328706 
1.3174424869 1.05066552108 0.84829853231 0.871729328706 
1.3174424869 1.05066552108 0.84829853231 0.871729328706 
1.3174424869 1.05066552108 0.84829853231 0.871729328706 
1.3174424869 1.05066552108 0.84829853231 0.871729328706 
1.3174424869 1.05066552108 0.84829853231 0.871729328706 
1.3174424869 1.05066552108 0.84829853231 0.871729328706 
1.3174424869 1.05066552108 0.84829853231 0.871729328706 
1.3174424869 1.05066552108 0.84829853231 0.871729328706 
1.3174424869 1.05066552108 0.84829853231 0.871729328706 
1.3174424869 1.05066552108 0.84829853231 0.871729328706 
1.2805751803 1.38455202417 1.11788278355 1.14876856364 
1.3174424869 1.05066552108 0.84829853231 0.871729328706 
1.3174424869 1.05066552108 0.84829853231 0.871729328706 
1.3174424869 1.05066552108 0.84829853231 0.871729328706 
1.3174424869 1.05066552108 0.84829853231 0.871729328706 
1.3174424869 1.05066552108 0.84829853231 0.871729328706 
1.3174424869 1.05066552108 0.84829853231 0.871729328706 
1.3174424869 1.05066552108 0.84829853231 0.871729328706 
1.3174424869 1.05066552108 0.84829853231 0.871729328706 
1.3174424869 1.05066552108 0.84829853231 0.871729328706 
1.3174424869 1.05066552108 0.84829853231 0.871729328706 
1.3174424869 1.05066552108 0.84829853231 0.871729328706 
1.3174424869 1.05066552108 0.84829853231 0.871729328706 
1.3174424869 1.05066552108 0.84829853231 0.871729328706 
1.3174424869 1.05066552108 0.84829853231 0.871729328706 
1.3174424869 1.05066552108 0.84829853231 0.871729328706 
1.3174424869 1.05066552108 0.84829853231 0.871729328706 
1.3174424869 1.05066552108 0.84829853231 0.871729328706 
1.3174424869 1.05066552108 0.84829853231 0.871729328706 
1.3174424869 1.05066552108 0.84829853231 0.871729328706 
1.3174424869 1.05066552108 0.84829853231 0.871729328706 
1.3174424869 1.05066552108 0.84829853231 0.871729328706 
1.3174424869 1.05066552108 0.84829853231 0.871729328706 
1.3174424869 1.05066552108 0.84829853231 0.871729328706 
1.2805751803 1.38455202417 1.11788278355 1.14876856364 
1.3174424869 1.05066552108 0.84829853231 0.871729328706 
1.3174424869 1.05066552108 0.84829853231 0.871729328706 
1.3174424869 1.05066552108 0.84829853231 0.871729328706 
1.3174424869 1.05066552108 0.84829853231 0.871729328706 
1.3174424869 1.05066552108 0.84829853231 0.871729328706 
1.3174424869 1.05066552108 0.84829853231 0.871729328706 
1.3174424869 1.05066552108 0.84829853231 0.871729328706 
1.3174424869 1.05066552108 0.84829853231 0.871729328706 
1.3174424869 1.05066552108 0.84829853231 0.871729328706 
1.3174424869 1.05066552108 0.84829853231 0.871729328706 
1.3174424869 1.05066552108 0.84829853231 0.871729328706 
1.3174424869 1.05066552108 0.84829853231 0.871729328706 
1.3174424869 1.05066552108 0.84829853231 0.871729328706 
1.3174424869 1.05066552108 0.84829853231 0.871729328706 
1.3174424869 1.05066552108 0.84829853231 0.871729328706 
1.3174424869 1.05066552108 0.84829853231 0.871729328706 
1.3174424869 1.05066552108 0.84829853231 0.871729328706 
1.3174424869 1.05066552108 0.84829853231 0.871729328706 
1.3174424869 1.05066552108 0.84829853231 0.871729328706 
1.3174424869 1.05066552108 0.84829853231 0.871729328706 
1.3174424869 1.05066552108 0.84829853231 0.871729328706 
1.3174424869 1.05066552108 0.84829853231 0.871729328706 
1.3174424869 1.05066552108 0.84829853231 0.871729328706 
1.3174424869 1.05066552108 0.84829853231 0.871729328706 
1.3174424869 1.05066552108 0.84829853231 0.871729328706 
1.2805751803 1.38455202417 1.11788278355 1.14876856364 
1.3174424869 1.05066552108 0.84829853231 0.871729328706 
1.3174424869 1.05066552108 0.84829853231 0.871729328706 
1.3174424869 1.05066552108 0.84829853231 0.871729328706 
1.3174424869 1.05066552108 0.84829853231 0.871729328706 
1.3174424869 1.05066552108 0.84829853231 0.871729328706 
1.3174424869 1.05066552108 0.84829853231 0.871729328706 
1.2805751803 1.38455202417 1.11788278355 1.14876856364 
1.3174424869 1.05066552108 0.84829853231 0.871729328706 
1.3174424869 1.05066552108 0.84829853231 0.871729328706 
1.3174424869 1.05066552108 0.84829853231 0.871729328706 
1.3174424869 1.05066552108 0.84829853231 0.871729328706 
1.3174424869 1.05066552108 0.84829853231 0.871729328706 
1.3174424869 1.05066552108 0.84829853231 0.871729328706 
1.3174424869 1.05066552108 0.84829853231 0.871729328706 
1.3174424869 1.05066552108 0.84829853231 0.871729328706 
1.3174424869 1.05066552108 0.84829853231 0.871729328706 
1.3174424869 1.05066552108 0.84829853231 0.871729328706 
1.2805751803 1.38455202417 1.11788278355 1.14876856364 
1.3174424869 1.05066552108 0.84829853231 0.871729328706 
1.3174424869 1.05066552108 0.84829853231 0.871729328706 
1.3174424869 1.05066552108 0.84829853231 0.871729328706 
1.2805751803 1.38455202417 1.11788278355 1.14876856364 
1.3174424869 1.05066552108 0.84829853231 0.871729328706 
1.3174424869 1.05066552108 0.84829853231 0.871729328706 
1.3174424869 1.05066552108 0.84829853231 0.871729328706 
1.3174424869 1.05066552108 0.84829853231 0.871729328706 
1.3174424869 1.05066552108 0.84829853231 0.871729328706 
