1.52522924177 1.44795160834 1.27572264297 1.21719079494 
1.52522924177 1.44795160834 1.27572264297 1.21719079494 
1.52522924177 1.44795160834 1.27572264297 1.21719079494 
1.52522924177 1.44795160834 1.27572264297 1.21719079494 
1.52522924177 1.44795160834 1.27572264297 1.21719079494 
1.52522924177 1.44795160834 1.27572264297 1.21719079494 
1.52522924177 1.44795160834 1.27572264297 1.21719079494 
1.52522924177 1.44795160834 1.27572264297 1.21719079494 
1.52522924177 1.44795160834 1.27572264297 1.21719079494 
1.52522924177 1.44795160834 1.27572264297 1.21719079494 
1.56244831851 1.39085832804 1.22542006465 1.16918991232 
1.52522924177 1.44795160834 1.27572264297 1.21719079494 
1.52522924177 1.44795160834 1.27572264297 1.21719079494 
1.52522924177 1.44795160834 1.27572264297 1.21719079494 
1.52522924177 1.44795160834 1.27572264297 1.21719079494 
1.52522924177 1.44795160834 1.27572264297 1.21719079494 
1.52522924177 1.44795160834 1.27572264297 1.21719079494 
1.52522924177 1.44795160834 1.27572264297 1.21719079494 
1.52522924177 1.44795160834 1.27572264297 1.21719079494 
1.56244831851 1.39085832804 1.22542006465 1.16918991232 
1.52522924177 1.44795160834 1.27572264297 1.21719079494 
1.52522924177 1.44795160834 1.27572264297 1.21719079494 
1.52522924177 1.44795160834 1.27572264297 1.21719079494 
1.52522924177 1.44795160834 1.27572264297 1.21719079494 
1.52522924177 1.44795160834 1.27572264297 1.21719079494 
1.52522924177 1.44795160834 1.27572264297 1.21719079494 
1.52522924177 1.44795160834 1.27572264297 1.21719079494 
1.52522924177 1.44795160834 1.27572264297 1.21719079494 
1.52522924177 1.44795160834 1.27572264297 1.21719079494 
1.52522924177 1.44795160834 1.27572264297 1.21719079494 
1.52522924177 1.44795160834 1.27572264297 1.21719079494 
1.52522924177 1.44795160834 1.27572264297 1.21719079494 
1.52522924177 1.44795160834 1.27572264297 1.21719079494 
1.52522924177 1.44795160834 1.27572264297 1.21719079494 
1.52522924177 1.44795160834 1.27572264297 1.21719079494 
1.52522924177 1.44795160834 1.27572264297 1.21719079494 
1.52522924177 1.44795160834 1.27572264297 1.21719079494 
1.52522924177 1.44795160834 1.27572264297 1.21719079494 
1.52522924177 1.44795160834 1.27572264297 1.21719079494 
1.52522924177 1.44795160834 1.27572264297 1.21719079494 
1.52522924177 1.44795160834 1.27572264297 1.21719079494 
1.52522924177 1.44795160834 1.27572264297 1.21719079494 
1.52522924177 1.44795160834 1.27572264297 1.21719079494 
1.52522924177 1.44795160834 1.27572264297 1.21719079494 
1.52522924177 1.44795160834 1.27572264297 1.21719079494 
1.52522924177 1.44795160834 1.27572264297 1.21719079494 
1.52522924177 1.44795160834 1.27572264297 1.21719079494 
1.52522924177 1.44795160834 1.27572264297 1.21719079494 
1.52522924177 1.44795160834 1.27572264297 1.21719079494 
1.52522924177 1.44795160834 1.27572264297 1.21719079494 
1.52522924177 1.44795160834 1.27572264297 1.21719079494 
1.56244831851 1.39085832804 1.22542006465 1.16918991232 
1.52522924177 1.44795160834 1.27572264297 1.21719079494 
1.52522924177 1.44795160834 1.27572264297 1.21719079494 
1.52522924177 1.44795160834 1.27572264297 1.21719079494 
1.52522924177 1.44795160834 1.27572264297 1.21719079494 
1.52522924177 1.44795160834 1.27572264297 1.21719079494 
1.52522924177 1.44795160834 1.27572264297 1.21719079494 
1.52522924177 1.44795160834 1.27572264297 1.21719079494 
1.52522924177 1.44795160834 1.27572264297 1.21719079494 
1.52522924177 1.44795160834 1.27572264297 1.21719079494 
1.52522924177 1.44795160834 1.27572264297 1.21719079494 
1.52522924177 1.44795160834 1.27572264297 1.21719079494 
1.52522924177 1.44795160834 1.27572264297 1.21719079494 
1.52522924177 1.44795160834 1.27572264297 1.21719079494 
1.56244831851 1.39085832804 1.22542006465 1.16918991232 
1.52522924177 1.44795160834 1.27572264297 1.21719079494 
1.52522924177 1.44795160834 1.27572264297 1.21719079494 
1.52522924177 1.44795160834 1.27572264297 1.21719079494 
1.52522924177 1.44795160834 1.27572264297 1.21719079494 
1.56244831851 1.39085832804 1.22542006465 1.16918991232 
1.56244831851 1.39085832804 1.22542006465 1.16918991232 
1.52522924177 1.44795160834 1.27572264297 1.21719079494 
1.52522924177 1.44795160834 1.27572264297 1.21719079494 
1.52522924177 1.44795160834 1.27572264297 1.21719079494 
1.52522924177 1.44795160834 1.27572264297 1.21719079494 
1.52522924177 1.44795160834 1.27572264297 1.21719079494 
1.52522924177 1.44795160834 1.27572264297 1.21719079494 
1.52522924177 1.44795160834 1.27572264297 1.21719079494 
1.52522924177 1.44795160834 1.27572264297 1.21719079494 
1.52522924177 1.44795160834 1.27572264297 1.21719079494 
1.56244831851 1.39085832804 1.22542006465 1.16918991232 
1.52522924177 1.44795160834 1.27572264297 1.21719079494 
1.52522924177 1.44795160834 1.27572264297 1.21719079494 
1.52522924177 1.44795160834 1.27572264297 1.21719079494 
1.56244831851 1.39085832804 1.22542006465 1.16918991232 
1.52522924177 1.44795160834 1.27572264297 1.21719079494 
1.52522924177 1.44795160834 1.27572264297 1.21719079494 
1.52522924177 1.44795160834 1.27572264297 1.21719079494 
1.52522924177 1.44795160834 1.27572264297 1.21719079494 
1.52522924177 1.44795160834 1.27572264297 1.21719079494 
1.56244831851 1.39085832804 1.22542006465 1.16918991232 
1.52522924177 1.44795160834 1.27572264297 1.21719079494 
1.52522924177 1.44795160834 1.27572264297 1.21719079494 
1.52522924177 1.44795160834 1.27572264297 1.21719079494 
1.56244831851 1.39085832804 1.22542006465 1.16918991232 
1.52522924177 1.44795160834 1.27572264297 1.21719079494 
1.52522924177 1.44795160834 1.27572264297 1.21719079494 
1.52522924177 1.44795160834 1.27572264297 1.21719079494 
1.52522924177 1.44795160834 1.27572264297 1.21719079494 
