0.152861062245 1.15966930119 1.19945972376 1.20056376115 
0.152861062245 1.15966930119 1.19945972376 1.20056376115 
0.152861062245 1.15966930119 1.19945972376 1.20056376115 
0.152861062245 1.15966930119 1.19945972376 1.20056376115 
0.152861062245 1.15966930119 1.19945972376 1.20056376115 
0.152861062245 1.15966930119 1.19945972376 1.20056376115 
0.152861062245 1.15966930119 1.19945972376 1.20056376115 
0.152861062245 1.15966930119 1.19945972376 1.20056376115 
0.152861062245 1.15966930119 1.19945972376 1.20056376115 
0.152861062245 1.15966930119 1.19945972376 1.20056376115 
0.152861062245 1.15966930119 1.19945972376 1.20056376115 
0.152861062245 1.15966930119 1.19945972376 1.20056376115 
0.152861062245 1.15966930119 1.19945972376 1.20056376115 
0.152861062245 1.15966930119 1.19945972376 1.20056376115 
0.152861062245 1.15966930119 1.19945972376 1.20056376115 
0.152861062245 1.15966930119 1.19945972376 1.20056376115 
0.152861062245 1.15966930119 1.19945972376 1.20056376115 
0.361934616547 0.846555358191 1.29856002785 1.19247701947 
0.152861062245 1.15966930119 1.19945972376 1.20056376115 
0.152861062245 1.15966930119 1.19945972376 1.20056376115 
0.152861062245 1.15966930119 1.19945972376 1.20056376115 
0.152861062245 1.15966930119 1.19945972376 1.20056376115 
0.152861062245 1.15966930119 1.19945972376 1.20056376115 
0.152861062245 1.15966930119 1.19945972376 1.20056376115 
0.152861062245 1.15966930119 1.19945972376 1.20056376115 
0.152861062245 1.15966930119 1.19945972376 1.20056376115 
0.152861062245 1.15966930119 1.19945972376 1.20056376115 
0.152861062245 1.15966930119 1.19945972376 1.20056376115 
0.152861062245 1.15966930119 1.19945972376 1.20056376115 
0.152861062245 1.15966930119 1.19945972376 1.20056376115 
0.152861062245 1.15966930119 1.19945972376 1.20056376115 
0.152861062245 1.15966930119 1.19945972376 1.20056376115 
0.152861062245 1.15966930119 1.19945972376 1.20056376115 
0.152861062245 1.15966930119 1.19945972376 1.20056376115 
0.152861062245 1.15966930119 1.19945972376 1.20056376115 
0.152861062245 1.15966930119 1.19945972376 1.20056376115 
0.152861062245 1.15966930119 1.19945972376 1.20056376115 
0.983537632093 1.06624025965 1.23005357739 1.20056376115 
0.152861062245 1.15966930119 1.19945972376 1.20056376115 
0.152861062245 1.15966930119 1.19945972376 1.20056376115 
0.152861062245 1.15966930119 1.19945972376 1.20056376115 
0.152861062245 1.15966930119 1.19945972376 1.20056376115 
0.152861062245 1.15966930119 1.19945972376 1.20056376115 
0.607070265872 1.41992004803 1.27151608873 1.18758056476 
0.152861062245 1.15966930119 1.19945972376 1.20056376115 
0.152861062245 1.15966930119 1.19945972376 1.20056376115 
0.152861062245 1.15966930119 1.19945972376 1.20056376115 
0.152861062245 1.15966930119 1.19945972376 1.20056376115 
0.152861062245 1.15966930119 1.19945972376 1.20056376115 
0.152861062245 1.15966930119 1.19945972376 1.20056376115 
0.361934616547 0.846555358191 1.29856002785 1.19247701947 
0.152861062245 1.15966930119 1.19945972376 1.20056376115 
0.152861062245 1.15966930119 1.19945972376 1.20056376115 
0.152861062245 1.15966930119 1.19945972376 1.20056376115 
0.361934616547 0.846555358191 1.29856002785 1.19247701947 
0.152861062245 1.15966930119 1.19945972376 1.20056376115 
0.152861062245 1.15966930119 1.19945972376 1.20056376115 
0.152861062245 1.15966930119 1.19945972376 1.20056376115 
0.152861062245 1.15966930119 1.19945972376 1.20056376115 
0.152861062245 1.15966930119 1.19945972376 1.20056376115 
0.152861062245 1.15966930119 1.19945972376 1.20056376115 
0.152861062245 1.15966930119 1.19945972376 1.20056376115 
0.152861062245 1.15966930119 1.19945972376 1.20056376115 
0.152861062245 1.15966930119 1.19945972376 1.20056376115 
0.152861062245 1.15966930119 1.19945972376 1.20056376115 
0.152861062245 1.15966930119 1.19945972376 1.20056376115 
0.152861062245 1.15966930119 1.19945972376 1.20056376115 
0.152861062245 1.15966930119 1.19945972376 1.20056376115 
0.152861062245 1.15966930119 1.19945972376 1.20056376115 
0.152861062245 1.15966930119 1.19945972376 1.20056376115 
0.152861062245 1.15966930119 1.19945972376 1.20056376115 
0.152861062245 1.15966930119 1.19945972376 1.20056376115 
0.152861062245 1.15966930119 1.19945972376 1.20056376115 
0.152861062245 1.15966930119 1.19945972376 1.20056376115 
0.361934616547 0.846555358191 1.29856002785 1.19247701947 
0.152861062245 1.15966930119 1.19945972376 1.20056376115 
0.152861062245 1.15966930119 1.19945972376 1.20056376115 
0.152861062245 1.15966930119 1.19945972376 1.20056376115 
0.152861062245 1.15966930119 1.19945972376 1.20056376115 
0.152861062245 1.15966930119 1.19945972376 1.20056376115 
0.361934616547 0.846555358191 1.29856002785 1.19247701947 
0.152861062245 1.15966930119 1.19945972376 1.20056376115 
0.152861062245 1.15966930119 1.19945972376 1.20056376115 
0.152861062245 1.15966930119 1.19945972376 1.20056376115 
0.152861062245 1.15966930119 1.19945972376 1.20056376115 
0.152861062245 1.15966930119 1.19945972376 1.20056376115 
0.152861062245 1.15966930119 1.19945972376 1.20056376115 
0.152861062245 1.15966930119 1.19945972376 1.20056376115 
0.152861062245 1.15966930119 1.19945972376 1.20056376115 
0.152861062245 1.15966930119 1.19945972376 1.20056376115 
0.152861062245 1.15966930119 1.19945972376 1.20056376115 
0.152861062245 1.15966930119 1.19945972376 1.20056376115 
0.152861062245 1.15966930119 1.19945972376 1.20056376115 
0.361934616547 0.846555358191 1.29856002785 1.19247701947 
0.152861062245 1.15966930119 1.19945972376 1.20056376115 
0.152861062245 1.15966930119 1.19945972376 1.20056376115 
0.152861062245 1.15966930119 1.19945972376 1.20056376115 
0.152861062245 1.15966930119 1.19945972376 1.20056376115 
0.152861062245 1.15966930119 1.19945972376 1.20056376115 
0.152861062245 1.15966930119 1.19945972376 1.20056376115 
