1.4400972128 1.59358944219 1.41644378475 1.32910787132 
1.4400972128 1.59358944219 1.41644378475 1.32910787132 
1.4400972128 1.59358944219 1.41644378475 1.32910787132 
1.4400972128 1.59358944219 1.41644378475 1.32910787132 
1.4400972128 1.59358944219 1.41644378475 1.32910787132 
1.4400972128 1.59358944219 1.41644378475 1.32910787132 
1.4400972128 1.59358944219 1.41644378475 1.32910787132 
1.4400972128 1.59358944219 1.41644378475 1.32910787132 
1.4400972128 1.59358944219 1.41644378475 1.32910787132 
1.4400972128 1.59358944219 1.41644378475 1.32910787132 
1.4400972128 1.59358944219 1.41644378475 1.32910787132 
1.4400972128 1.59358944219 1.41644378475 1.32910787132 
1.4400972128 1.59358944219 1.41644378475 1.32910787132 
1.4400972128 1.59358944219 1.41644378475 1.32910787132 
1.4400972128 1.59358944219 1.41644378475 1.32910787132 
1.4400972128 1.59358944219 1.41644378475 1.32910787132 
1.4400972128 1.59358944219 1.41644378475 1.32910787132 
1.4400972128 1.59358944219 1.41644378475 1.32910787132 
1.4400972128 1.59358944219 1.41644378475 1.32910787132 
1.4400972128 1.59358944219 1.41644378475 1.32910787132 
1.4400972128 1.59358944219 1.41644378475 1.32910787132 
1.4400972128 1.59358944219 1.41644378475 1.32910787132 
1.4400972128 1.59358944219 1.41644378475 1.32910787132 
1.4400972128 1.59358944219 1.41644378475 1.32910787132 
1.4400972128 1.59358944219 1.41644378475 1.32910787132 
1.4400972128 1.59358944219 1.41644378475 1.32910787132 
1.4400972128 1.59358944219 1.41644378475 1.32910787132 
1.4400972128 1.59358944219 1.41644378475 1.32910787132 
1.4400972128 1.59358944219 1.41644378475 1.32910787132 
1.4400972128 1.59358944219 1.41644378475 1.32910787132 
1.4400972128 1.59358944219 1.41644378475 1.32910787132 
1.4571793753 1.58366427502 1.40762187467 1.32082932003 
1.4400972128 1.59358944219 1.41644378475 1.32910787132 
1.4400972128 1.59358944219 1.41644378475 1.32910787132 
1.4400972128 1.59358944219 1.41644378475 1.32910787132 
1.4400972128 1.59358944219 1.41644378475 1.32910787132 
1.4400972128 1.59358944219 1.41644378475 1.32910787132 
1.4400972128 1.59358944219 1.41644378475 1.32910787132 
1.4400972128 1.59358944219 1.41644378475 1.32910787132 
1.4400972128 1.59358944219 1.41644378475 1.32910787132 
1.4400972128 1.59358944219 1.41644378475 1.32910787132 
1.4400972128 1.59358944219 1.41644378475 1.32910787132 
1.4400972128 1.59358944219 1.41644378475 1.32910787132 
1.4400972128 1.59358944219 1.41644378475 1.32910787132 
1.4400972128 1.59358944219 1.41644378475 1.32910787132 
1.4400972128 1.59358944219 1.41644378475 1.32910787132 
1.4400972128 1.59358944219 1.41644378475 1.32910787132 
1.4400972128 1.59358944219 1.41644378475 1.32910787132 
1.4400972128 1.59358944219 1.41644378475 1.32910787132 
1.4400972128 1.59358944219 1.41644378475 1.32910787132 
1.4400972128 1.59358944219 1.41644378475 1.32910787132 
1.4400972128 1.59358944219 1.41644378475 1.32910787132 
1.4400972128 1.59358944219 1.41644378475 1.32910787132 
1.4400972128 1.59358944219 1.41644378475 1.32910787132 
1.4400972128 1.59358944219 1.41644378475 1.32910787132 
1.4400972128 1.59358944219 1.41644378475 1.32910787132 
1.4400972128 1.59358944219 1.41644378475 1.32910787132 
1.4400972128 1.59358944219 1.41644378475 1.32910787132 
1.4400972128 1.59358944219 1.41644378475 1.32910787132 
1.4400972128 1.59358944219 1.41644378475 1.32910787132 
1.4400972128 1.59358944219 1.41644378475 1.32910787132 
1.4571793753 1.58366427502 1.40762187467 1.32082932003 
1.4400972128 1.59358944219 1.41644378475 1.32910787132 
1.4400972128 1.59358944219 1.41644378475 1.32910787132 
1.4400972128 1.59358944219 1.41644378475 1.32910787132 
1.4400972128 1.59358944219 1.41644378475 1.32910787132 
1.4400972128 1.59358944219 1.41644378475 1.32910787132 
1.4400972128 1.59358944219 1.41644378475 1.32910787132 
1.4400972128 1.59358944219 1.41644378475 1.32910787132 
1.4400972128 1.59358944219 1.41644378475 1.32910787132 
1.4400972128 1.59358944219 1.41644378475 1.32910787132 
1.4400972128 1.59358944219 1.41644378475 1.32910787132 
1.4400972128 1.59358944219 1.41644378475 1.32910787132 
1.4400972128 1.59358944219 1.41644378475 1.32910787132 
1.4400972128 1.59358944219 1.41644378475 1.32910787132 
1.4400972128 1.59358944219 1.41644378475 1.32910787132 
1.4400972128 1.59358944219 1.41644378475 1.32910787132 
1.4400972128 1.59358944219 1.41644378475 1.32910787132 
1.4571793753 1.58366427502 1.40762187467 1.32082932003 
1.4400972128 1.59358944219 1.41644378475 1.32910787132 
1.4400972128 1.59358944219 1.41644378475 1.32910787132 
1.4400972128 1.59358944219 1.41644378475 1.32910787132 
1.4400972128 1.59358944219 1.41644378475 1.32910787132 
1.4400972128 1.59358944219 1.41644378475 1.32910787132 
1.4400972128 1.59358944219 1.41644378475 1.32910787132 
1.4400972128 1.59358944219 1.41644378475 1.32910787132 
1.4400972128 1.59358944219 1.41644378475 1.32910787132 
1.4400972128 1.59358944219 1.41644378475 1.32910787132 
1.4400972128 1.59358944219 1.41644378475 1.32910787132 
1.4400972128 1.59358944219 1.41644378475 1.32910787132 
1.4400972128 1.59358944219 1.41644378475 1.32910787132 
1.4400972128 1.59358944219 1.41644378475 1.32910787132 
1.4400972128 1.59358944219 1.41644378475 1.32910787132 
1.4400972128 1.59358944219 1.41644378475 1.32910787132 
1.4400972128 1.59358944219 1.41644378475 1.32910787132 
1.4400972128 1.59358944219 1.41644378475 1.32910787132 
1.4400972128 1.59358944219 1.41644378475 1.32910787132 
1.4400972128 1.59358944219 1.41644378475 1.32910787132 
1.4400972128 1.59358944219 1.41644378475 1.32910787132 
1.4400972128 1.59358944219 1.41644378475 1.32910787132 
