1.34655620867 1.6122743406 1.46006915195 1.27254601397 
1.34655620867 1.6122743406 1.46006915195 1.27254601397 
1.34655620867 1.6122743406 1.46006915195 1.27254601397 
1.34655620867 1.6122743406 1.46006915195 1.27254601397 
1.34655620867 1.6122743406 1.46006915195 1.27254601397 
0.398844791 0.477548299699 1.46200168664 1.27254601397 
1.34655620867 1.6122743406 1.46006915195 1.27254601397 
1.34655620867 1.6122743406 1.46006915195 1.27254601397 
1.34655620867 1.6122743406 1.46006915195 1.27254601397 
1.34655620867 1.6122743406 1.46006915195 1.27254601397 
1.34655620867 1.6122743406 1.46006915195 1.27254601397 
1.34655620867 1.6122743406 1.46006915195 1.27254601397 
1.34655620867 1.6122743406 1.46006915195 1.27254601397 
1.34655620867 1.6122743406 1.46006915195 1.27254601397 
1.34655620867 1.6122743406 1.46006915195 1.27254601397 
1.34655620867 1.6122743406 1.46006915195 1.27254601397 
1.34655620867 1.6122743406 1.46006915195 1.27254601397 
1.34655620867 1.6122743406 1.46006915195 1.27254601397 
1.34655620867 1.6122743406 1.46006915195 1.27254601397 
1.34655620867 1.6122743406 1.46006915195 1.27254601397 
1.34655620867 1.6122743406 1.46006915195 1.27254601397 
1.34655620867 1.6122743406 1.46006915195 1.27254601397 
1.34655620867 1.6122743406 1.46006915195 1.27254601397 
0.398844791 0.477548299699 1.46200168664 1.27254601397 
1.34655620867 1.6122743406 1.46006915195 1.27254601397 
1.34655620867 1.6122743406 1.46006915195 1.27254601397 
1.34655620867 1.6122743406 1.46006915195 1.27254601397 
1.34655620867 1.6122743406 1.46006915195 1.27254601397 
1.34655620867 1.6122743406 1.46006915195 1.27254601397 
1.34655620867 1.6122743406 1.46006915195 1.27254601397 
1.34655620867 1.6122743406 1.46006915195 1.27254601397 
1.34655620867 1.6122743406 1.46006915195 1.27254601397 
1.34655620867 1.6122743406 1.46006915195 1.27254601397 
1.34655620867 1.6122743406 1.46006915195 1.27254601397 
1.34655620867 1.6122743406 1.46006915195 1.27254601397 
1.34655620867 1.6122743406 1.46006915195 1.27254601397 
1.34655620867 1.6122743406 1.46006915195 1.27254601397 
1.34655620867 1.6122743406 1.46006915195 1.27254601397 
1.34655620867 1.6122743406 1.46006915195 1.27254601397 
1.34655620867 1.6122743406 1.46006915195 1.27254601397 
1.34655620867 1.6122743406 1.46006915195 1.27254601397 
1.34655620867 1.6122743406 1.46006915195 1.27254601397 
1.34655620867 1.6122743406 1.46006915195 1.27254601397 
1.34655620867 1.6122743406 1.46006915195 1.27254601397 
1.34655620867 1.6122743406 1.46006915195 1.27254601397 
0.398844791 0.477548299699 1.46200168664 1.27254601397 
1.34655620867 1.6122743406 1.46006915195 1.27254601397 
1.34655620867 1.6122743406 1.46006915195 1.27254601397 
1.34655620867 1.6122743406 1.46006915195 1.27254601397 
1.34655620867 1.6122743406 1.46006915195 1.27254601397 
1.34655620867 1.6122743406 1.46006915195 1.27254601397 
0.398844791 0.477548299699 1.46200168664 1.27254601397 
1.34655620867 1.6122743406 1.46006915195 1.27254601397 
1.34655620867 1.6122743406 1.46006915195 1.27254601397 
1.34655620867 1.6122743406 1.46006915195 1.27254601397 
1.34655620867 1.6122743406 1.46006915195 1.27254601397 
1.34655620867 1.6122743406 1.46006915195 1.27254601397 
1.34655620867 1.6122743406 1.46006915195 1.27254601397 
1.34655620867 1.6122743406 1.46006915195 1.27254601397 
1.34655620867 1.6122743406 1.46006915195 1.27254601397 
1.34655620867 1.6122743406 1.46006915195 1.27254601397 
1.34655620867 1.6122743406 1.46006915195 1.27254601397 
1.34655620867 1.6122743406 1.46006915195 1.27254601397 
1.34655620867 1.6122743406 1.46006915195 1.27254601397 
1.34655620867 1.6122743406 1.46006915195 1.27254601397 
1.34655620867 1.6122743406 1.46006915195 1.27254601397 
1.34655620867 1.6122743406 1.46006915195 1.27254601397 
1.34655620867 1.6122743406 1.46006915195 1.27254601397 
1.34655620867 1.6122743406 1.46006915195 1.27254601397 
0.398844791 0.477548299699 1.46200168664 1.27254601397 
1.34655620867 1.6122743406 1.46006915195 1.27254601397 
0.398844791 0.477548299699 1.46200168664 1.27254601397 
1.34655620867 1.6122743406 1.46006915195 1.27254601397 
1.34655620867 1.6122743406 1.46006915195 1.27254601397 
0.398844791 0.477548299699 1.46200168664 1.27254601397 
1.34655620867 1.6122743406 1.46006915195 1.27254601397 
1.34655620867 1.6122743406 1.46006915195 1.27254601397 
1.34655620867 1.6122743406 1.46006915195 1.27254601397 
1.34655620867 1.6122743406 1.46006915195 1.27254601397 
1.34655620867 1.6122743406 1.46006915195 1.27254601397 
1.34655620867 1.6122743406 1.46006915195 1.27254601397 
1.34655620867 1.6122743406 1.46006915195 1.27254601397 
1.34655620867 1.6122743406 1.46006915195 1.27254601397 
1.34655620867 1.6122743406 1.46006915195 1.27254601397 
1.34655620867 1.6122743406 1.46006915195 1.27254601397 
1.34655620867 1.6122743406 1.46006915195 1.27254601397 
1.34655620867 1.6122743406 1.46006915195 1.27254601397 
1.34655620867 1.6122743406 1.46006915195 1.27254601397 
1.34655620867 1.6122743406 1.46006915195 1.27254601397 
1.34655620867 1.6122743406 1.46006915195 1.27254601397 
1.34655620867 1.6122743406 1.46006915195 1.27254601397 
1.34655620867 1.6122743406 1.46006915195 1.27254601397 
1.34655620867 1.6122743406 1.46006915195 1.27254601397 
1.34655620867 1.6122743406 1.46006915195 1.27254601397 
1.34655620867 1.6122743406 1.46006915195 1.27254601397 
1.34655620867 1.6122743406 1.46006915195 1.27254601397 
1.34655620867 1.6122743406 1.46006915195 1.27254601397 
1.34655620867 1.6122743406 1.46006915195 1.27254601397 
1.34655620867 1.6122743406 1.46006915195 1.27254601397 
1.34655620867 1.6122743406 1.46006915195 1.27254601397 
