1.46702153581 1.34410298023 1.2690583534 1.21518308696 
1.46702153581 1.34410298023 1.2690583534 1.21518308696 
1.46702153581 1.34410298023 1.2690583534 1.21518308696 
1.46702153581 1.34410298023 1.2690583534 1.21518308696 
1.46702153581 1.34410298023 1.2690583534 1.21518308696 
1.46702153581 1.34410298023 1.2690583534 1.21518308696 
1.46702153581 1.34410298023 1.2690583534 1.21518308696 
1.46702153581 1.34410298023 1.2690583534 1.21518308696 
1.46702153581 1.34410298023 1.2690583534 1.21518308696 
1.46702153581 1.34410298023 1.2690583534 1.21518308696 
1.46702153581 1.34410298023 1.2690583534 1.21518308696 
1.46702153581 1.34410298023 1.2690583534 1.21518308696 
1.46702153581 1.34410298023 1.2690583534 1.21518308696 
1.49197471546 1.27546112274 1.20424846783 1.15312217156 
1.46702153581 1.34410298023 1.2690583534 1.21518308696 
1.46702153581 1.34410298023 1.2690583534 1.21518308696 
1.46702153581 1.34410298023 1.2690583534 1.21518308696 
1.46702153581 1.34410298023 1.2690583534 1.21518308696 
1.46702153581 1.34410298023 1.2690583534 1.21518308696 
1.46702153581 1.34410298023 1.2690583534 1.21518308696 
1.46702153581 1.34410298023 1.2690583534 1.21518308696 
1.46702153581 1.34410298023 1.2690583534 1.21518308696 
1.46702153581 1.34410298023 1.2690583534 1.21518308696 
1.46702153581 1.34410298023 1.2690583534 1.21518308696 
1.46702153581 1.34410298023 1.2690583534 1.21518308696 
1.49197471546 1.27546112274 1.20424846783 1.15312217156 
1.46702153581 1.34410298023 1.2690583534 1.21518308696 
1.46702153581 1.34410298023 1.2690583534 1.21518308696 
1.46702153581 1.34410298023 1.2690583534 1.21518308696 
1.46702153581 1.34410298023 1.2690583534 1.21518308696 
1.46702153581 1.34410298023 1.2690583534 1.21518308696 
1.46702153581 1.34410298023 1.2690583534 1.21518308696 
1.46702153581 1.34410298023 1.2690583534 1.21518308696 
1.46702153581 1.34410298023 1.2690583534 1.21518308696 
1.46702153581 1.34410298023 1.2690583534 1.21518308696 
1.46702153581 1.34410298023 1.2690583534 1.21518308696 
1.46702153581 1.34410298023 1.2690583534 1.21518308696 
1.46702153581 1.34410298023 1.2690583534 1.21518308696 
1.46702153581 1.34410298023 1.2690583534 1.21518308696 
1.46702153581 1.34410298023 1.2690583534 1.21518308696 
1.46702153581 1.34410298023 1.2690583534 1.21518308696 
1.46702153581 1.34410298023 1.2690583534 1.21518308696 
1.46702153581 1.34410298023 1.2690583534 1.21518308696 
1.46702153581 1.34410298023 1.2690583534 1.21518308696 
1.46702153581 1.34410298023 1.2690583534 1.21518308696 
1.46702153581 1.34410298023 1.2690583534 1.21518308696 
1.46702153581 1.34410298023 1.2690583534 1.21518308696 
1.46702153581 1.34410298023 1.2690583534 1.21518308696 
1.46702153581 1.34410298023 1.2690583534 1.21518308696 
1.46702153581 1.34410298023 1.2690583534 1.21518308696 
1.49197471546 1.27546112274 1.20424846783 1.15312217156 
1.46702153581 1.34410298023 1.2690583534 1.21518308696 
1.46702153581 1.34410298023 1.2690583534 1.21518308696 
1.46702153581 1.34410298023 1.2690583534 1.21518308696 
1.46702153581 1.34410298023 1.2690583534 1.21518308696 
1.46702153581 1.34410298023 1.2690583534 1.21518308696 
1.46702153581 1.34410298023 1.2690583534 1.21518308696 
1.46702153581 1.34410298023 1.2690583534 1.21518308696 
1.46702153581 1.34410298023 1.2690583534 1.21518308696 
1.46702153581 1.34410298023 1.2690583534 1.21518308696 
1.46702153581 1.34410298023 1.2690583534 1.21518308696 
1.46702153581 1.34410298023 1.2690583534 1.21518308696 
1.46702153581 1.34410298023 1.2690583534 1.21518308696 
1.46702153581 1.34410298023 1.2690583534 1.21518308696 
1.46702153581 1.34410298023 1.2690583534 1.21518308696 
1.46702153581 1.34410298023 1.2690583534 1.21518308696 
1.46702153581 1.34410298023 1.2690583534 1.21518308696 
1.46702153581 1.34410298023 1.2690583534 1.21518308696 
1.46702153581 1.34410298023 1.2690583534 1.21518308696 
1.46702153581 1.34410298023 1.2690583534 1.21518308696 
1.46702153581 1.34410298023 1.2690583534 1.21518308696 
1.46702153581 1.34410298023 1.2690583534 1.21518308696 
1.46702153581 1.34410298023 1.2690583534 1.21518308696 
1.46702153581 1.34410298023 1.2690583534 1.21518308696 
1.46702153581 1.34410298023 1.2690583534 1.21518308696 
1.46702153581 1.34410298023 1.2690583534 1.21518308696 
1.46702153581 1.34410298023 1.2690583534 1.21518308696 
1.46702153581 1.34410298023 1.2690583534 1.21518308696 
1.46702153581 1.34410298023 1.2690583534 1.21518308696 
1.46702153581 1.34410298023 1.2690583534 1.21518308696 
1.49197471546 1.27546112274 1.20424846783 1.15312217156 
1.46702153581 1.34410298023 1.2690583534 1.21518308696 
1.50258031811 0.360367703573 0.340240674965 0.325762054168 
1.46702153581 1.34410298023 1.2690583534 1.21518308696 
1.46702153581 1.34410298023 1.2690583534 1.21518308696 
1.46702153581 1.34410298023 1.2690583534 1.21518308696 
1.46702153581 1.34410298023 1.2690583534 1.21518308696 
1.46702153581 1.34410298023 1.2690583534 1.21518308696 
1.46702153581 1.34410298023 1.2690583534 1.21518308696 
1.46702153581 1.34410298023 1.2690583534 1.21518308696 
1.46702153581 1.34410298023 1.2690583534 1.21518308696 
1.46702153581 1.34410298023 1.2690583534 1.21518308696 
1.46702153581 1.34410298023 1.2690583534 1.21518308696 
1.49197471546 1.27546112274 1.20424846783 1.15312217156 
1.46702153581 1.34410298023 1.2690583534 1.21518308696 
1.46702153581 1.34410298023 1.2690583534 1.21518308696 
1.46702153581 1.34410298023 1.2690583534 1.21518308696 
1.46702153581 1.34410298023 1.2690583534 1.21518308696 
1.46702153581 1.34410298023 1.2690583534 1.21518308696 
1.46702153581 1.34410298023 1.2690583534 1.21518308696 
