0.988471235754 0.582623701186 0.934111365538 0.214788554817 0.816689379283 0.799935015743 
0.850083426797 0.844384923092 0.733472673483 0.0523102860678 0.937456838019 0.671124775294 
0.675825681801 0.985822399533 0.892608557739 0.120120144388 0.927765951995 0.924353595464 
0.949324905961 0.980170642415 0.928540113647 0.738033033104 0.837300212012 0.891064207988 
0.992980510637 0.485005884454 0.976832554844 0.731323247028 0.243489959913 0.856341289583 
0.262173268844 0.148962058767 0.995501753236 0.23661243919 0.838504661763 0.826915685019 
0.850083426797 0.844384923092 0.733472673483 0.98975524353 0.741707622131 0.876354851104 
0.638100842946 0.738896077126 0.940060228238 0.80066312485 0.380514351461 0.923850367366 
0.887654342901 0.567398268791 0.250315351815 0.37952719312 0.184872624342 0.971457523598 
0.817352820233 0.373325289055 0.549214828032 0.96439038338 0.987885866493 1.00611510632 
0.820608524656 0.991313036485 0.552837322519 0.572083926229 0.513129759776 1.0381852272 
0.985583389371 0.826143553292 0.670544654007 0.81784806174 0.704607415593 0.748999411519 
0.995272157442 0.438731102282 0.236751273961 0.60126638079 0.203634926668 0.663345040498 
0.893458885256 0.337835654944 0.995654297807 0.269237298103 0.510550782714 0.864915562989 
0.918321571869 0.538996624262 0.97222579441 0.196611333677 0.30484829922 0.996384082309 
0.988471235754 0.582623701186 0.934111365538 0.214788554817 0.816689379283 0.799935015743 
0.573893535318 0.567398268791 0.250315351815 0.978401470991 0.440213593822 0.980614985012 
0.952640711645 0.875534692058 0.0769513574666 0.97762259775 0.457550644278 0.47282677186 
0.638100842946 0.918458342891 0.782098935684 0.37952719312 0.184872624342 1.05003480255 
0.561504552543 0.168901718669 0.631954681915 0.773970637477 0.978786245499 1.06104578741 
0.985583389371 0.826143553292 0.629368703492 0.576042059745 0.828763865721 0.88332543581 
0.488220964986 0.55303867134 0.0632289514464 0.97642962674 0.964845567327 1.01797482075 
0.989085485085 0.491514570046 0.893126679711 0.592296694358 0.0864927535124 0.853834974955 
0.633148768389 0.942962004177 0.631954681915 0.773970637477 0.978786245499 0.893756265867 
0.137501487928 0.992065128604 0.482456493883 0.432845692229 0.414406854268 0.808762547427 
0.963399260663 0.988367688548 0.73288315604 0.653582286362 0.158714308183 0.885963112159 
0.63904655964 0.936761547159 0.380852548157 0.911812386455 0.615270116715 0.82440580271 
0.820648692689 0.909774935211 0.403640585747 0.888020782561 0.827253906234 0.938544240564 
0.674318916474 0.520533522382 0.972650849695 0.683849436262 0.906611756326 1.00325242392 
0.286483119562 0.991322469072 0.775920693361 0.883785720841 0.828281152001 0.28732024999 
0.638100842946 0.918458342891 0.967664307645 0.0719825526119 0.0560805885406 0.996638909761 
0.989085485085 0.491514570046 0.967664307645 0.0719825526119 0.0560805885406 0.961624161152 
0.843478710576 0.912982667479 0.758319376254 0.804220592368 0.590956061502 0.92048790947 
0.980424532702 0.807680838289 0.72271146656 0.361810600324 0.351838776311 0.787597408277 
0.99853304729 0.751914101941 0.349761621895 0.516999660332 0.204373307731 0.945929289544 
0.860421103668 0.993221197055 0.134730827688 0.274653650826 0.164340052441 0.87805809383 
0.963399260663 0.988367688548 0.73288315604 0.653582286362 0.158714308183 0.885963112159 
0.928940704559 0.946343686431 0.964624469161 0.326643603768 0.79266174923 0.954068942401 
0.939179434022 0.825554790176 0.869097443567 0.866387063752 0.747177708325 0.75801201378 
0.63904655964 0.936761547159 0.828426238206 0.0523102860678 0.937456838019 0.854590580588 
0.998757302435 0.411897822295 0.607491753843 0.71449679983 0.0788438776111 0.674582654058 
0.843478710576 0.912982667479 0.733472673483 0.98975524353 0.741707622131 0.866037779337 
0.963399260663 0.706674401381 0.892174714929 0.96439038338 0.987885866493 0.94117112883 
0.860421103668 0.993221197055 0.134730827688 0.274653650826 0.937456838019 0.856009175504 
0.5764457595 0.269224380815 0.988479809333 0.19828023887 0.506339266307 0.989257896684 
0.843478710576 0.912982667479 0.733472673483 0.98975524353 0.741707622131 0.866037779337 
0.573893535318 0.938005294052 0.828426238206 0.0523102860678 0.937456838019 0.786614345704 
0.963399260663 0.706674401381 0.892174714929 0.96439038338 0.987885866493 0.94117112883 
0.985583389371 0.826143553292 0.670544654007 0.81784806174 0.704607415593 0.748999411519 
0.749515576313 0.586629421339 0.968407418622 0.569669633191 0.805104792657 1.04686652088 
0.0214211549343 0.997130324698 0.424684379929 0.000983448155719 0.827253906234 0.936304957193 
0.860421103668 0.993221197055 0.134730827688 0.274653650826 0.937456838019 0.856009175504 
0.998713525668 0.140142324612 0.196287062735 0.155059012003 0.890481683859 0.792642069569 
0.286483119562 0.991322469072 0.934111365538 0.214788554817 0.816689379283 0.765626076741 
0.985583389371 0.826143553292 0.629368703492 0.576042059745 0.828763865721 0.88332543581 
0.4121172166 0.956559538211 0.375651276691 0.853834190787 0.804511548546 0.978214582734 
0.628759664994 0.792294391639 0.981291414958 0.511722096501 0.0469513611924 0.925745962945 
0.431532369622 0.863136467102 0.973605946527 0.999178238363 0.619746605288 0.942870161862 
0.918321571869 0.538996624262 0.97222579441 0.576042059745 0.828763865721 0.798892065994 
0.963399260663 0.988367688548 0.73288315604 0.653582286362 0.158714308183 0.885963112159 
0.998713525668 0.140142324612 0.196287062735 0.37952719312 0.184872624342 1.04141915191 
0.114580856651 0.404485716601 0.576051407201 0.367014830777 0.998877453229 0.298938596318 
0.776765911116 0.0703146607991 0.782098935684 0.98975524353 0.741707622131 0.967821026867 
0.453035540839 0.948911422969 0.670544654007 0.81784806174 0.704607415593 1.03747775721 
0.573893535318 0.0432743061485 0.4918170583 0.844454639091 0.989803537111 0.813771584374 
0.939179434022 0.825554790176 0.869097443567 0.000613196152201 0.989803537111 0.959582898073 
0.992980510637 0.290658131466 0.94871324088 0.987564859011 0.79266174923 0.760750795321 
0.675825681801 0.985822399533 0.0763185175537 0.892760437287 0.263259791696 0.9135281768 
0.960868429748 0.850727701765 0.940060228238 0.80066312485 0.380514351461 0.882540659852 
0.5764457595 0.269224380815 0.988479809333 0.19828023887 0.506339266307 0.989257896684 
0.573893535318 0.992171640824 0.607543006275 0.116213387902 0.588686918394 0.785381612797 
0.571562810114 0.939773442971 0.801689630638 0.832344564269 0.470062012784 0.909635854016 
0.638100842946 0.918458342891 0.967664307645 0.0719825526119 0.816689379283 0.847667851312 
0.834937314731 0.410002786362 0.877289793466 0.972503772578 0.870508443709 0.373590988228 
0.169985361906 0.823711089854 0.765725219714 0.8981144523 0.819107656544 0.852603381598 
0.837768867886 0.881634647433 0.981516385305 0.414034718204 0.242908164505 0.842403278041 
0.519032992105 0.981355511435 0.0729693696923 0.479179449108 0.811402255427 0.960458673693 
0.887654342901 0.567398268791 0.250315351815 0.978401470991 0.440213593822 0.918899008242 
0.281378080515 0.0767763812469 0.323189582514 0.996250284628 0.963602610834 0.90725789859 
0.638100842946 0.918458342891 0.967664307645 0.0719825526119 0.816689379283 0.847667851312 
0.99853304729 0.751914101941 0.196287062735 0.155059012003 0.890481683859 0.64039565585 
0.658887890034 0.934198602254 0.964972854022 0.37952719312 0.184872624342 1.0403317862 
0.571562810114 0.939773442971 0.801689630638 0.832344564269 0.470062012784 0.909635854016 
0.601088940398 0.228030504735 0.992750962291 0.657798236644 0.392376433859 0.94611147388 
0.998713525668 0.140142324612 0.196287062735 0.37952719312 0.184872624342 1.04141915191 
0.994346002982 0.863425378446 0.892608557739 0.120120144388 0.927765951995 0.889519652891 
0.628759664994 0.792294391639 0.981291414958 0.653582286362 0.158714308183 0.890397028055 
0.250468813874 0.754333799284 0.285744755021 0.935062120131 0.773009150515 0.852422490476 
0.675825681801 0.863136467102 0.973605946527 0.999178238363 0.619746605288 0.847511888851 
0.817352820233 0.373325289055 0.549214828032 0.96439038338 0.987885866493 1.00611510632 
0.509758210646 0.965559070584 0.436342849131 0.678384691565 0.658377494152 1.12380110897 
0.985583389371 0.826143553292 0.670544654007 0.81784806174 0.704607415593 0.769776055509 
0.262173268844 0.148962058767 0.995501753236 0.23661243919 0.838504661763 0.775513374642 
0.638100842946 0.918458342891 0.967664307645 0.0719825526119 0.0560805885406 0.996638909761 
0.431532369622 0.863136467102 0.973605946527 0.999178238363 0.619746605288 0.888442005391 
0.488220964986 0.55303867134 0.0632289514464 0.97642962674 0.964845567327 1.1009126896 
0.169985361906 0.823711089854 0.765725219714 0.8981144523 0.819107656544 0.789620100338 
0.488220964986 0.55303867134 0.0632289514464 0.97642962674 0.964845567327 1.01797482075 
0.837768867886 0.881634647433 0.981516385305 0.414034718204 0.242908164505 0.874135507261 
0.573893535318 0.992171640824 0.607543006275 0.116213387902 0.588686918394 0.537771872879 
