0.93689972747 0.903600671729 0.976164849039 0.247886250837 0.585797933235 0.681812593917 
0.55396902052 0.991774036501 0.543919328525 0.988087856328 0.888546283164 0.752605359461 
0.92428066305 0.831608804445 0.31590136154 0.898137595526 0.989639693075 0.649091173902 
0.929083871507 0.730835709454 0.572681189868 0.898137595526 0.989639693075 0.718031880158 
0.698874143824 0.966464637374 0.707001619118 0.538204474823 0.179875172679 0.645191212284 
0.599703951174 0.212313470494 0.904416456417 0.737395343796 0.997629106568 0.448549560031 
0.55396902052 0.991774036501 0.543919328525 0.635073115622 0.615217278128 0.885035980493 
0.768324798096 0.903909036851 0.227244432928 0.900542409333 0.0870071304546 0.798223232783 
0.802006258584 0.425389744465 0.811984534727 0.961616732975 0.908171958131 0.730478740054 
0.589304098308 0.540302197074 0.856711032213 0.524267410092 0.410137711739 0.940699195827 
0.991161154381 0.415886990081 0.124052789288 0.608254937326 0.587534790945 0.782077729343 
0.852285606048 0.0271812115664 0.824024423771 0.961616732975 0.908171958131 0.641474942766 
0.487877922054 0.903600671729 0.976164849039 0.247886250837 0.585797933235 0.845013658748 
0.998993104864 0.233887427446 0.122874129452 0.0491913061005 0.0961818396784 0.873600476779 
0.958235298398 0.844226311105 0.719989804172 0.239103362893 0.621612712773 0.629640654242 
0.476308871683 0.10462732842 0.988230509012 0.775916545182 0.401036729846 0.809198430184 
0.92957154652 0.829947361498 0.546090395726 0.773747155236 0.587534790945 0.88809930411 
0.815552863066 0.68030076125 0.857287911908 0.731540958164 0.521098278603 0.680059785438 
0.36872642888 0.194712383538 0.87367102758 0.998165452035 0.00348411350774 0.761309195336 
0.487877922054 0.903600671729 0.976164849039 0.247886250837 0.585797933235 0.845013658748 
0.992112069519 0.665409602724 0.655152515332 0.869823764819 0.350237745234 0.87983662451 
0.93689972747 0.903600671729 0.976164849039 0.247886250837 0.898511085496 0.677898637746 
0.938966836123 0.0580585725354 0.646672384902 0.981626710672 0.504860964862 0.76333630075 
0.950873080136 0.429200330747 0.0944028379318 0.68457249469 0.462227303818 0.926195126823 
0.616933076644 0.88262388817 0.811984534727 0.961616732975 0.908171958131 0.876679644686 
0.629698169292 0.975003499256 0.165231844725 0.272426175596 0.622232624569 0.597359607203 
0.852285606048 0.0271812115664 0.824024423771 0.928679763512 0.702549178484 0.763124595141 
0.382551124216 0.186360521634 0.976235012709 0.635073115622 0.615217278128 0.873487096071 
0.754703156736 0.309116755256 0.97125067022 0.345276705932 0.521098278603 0.935199253791 
0.55396902052 0.991774036501 0.543919328525 0.988087856328 0.143833758564 0.872687002021 
0.909893213337 0.92132453677 0.282208034791 0.19116902808 0.539978980949 0.709385932645 
0.717380202553 0.124104144658 0.241708893303 0.892015869222 0.994218257701 0.434631162691 
0.992112069519 0.665409602724 0.989611045459 0.47244650017 0.467534782851 0.873279896712 
0.996539166197 0.0605778633527 0.0360422044949 0.191793698305 0.898511085496 0.598909374221 
0.998993104864 0.233887427446 0.122874129452 0.0491913061005 0.0961818396784 0.873600476779 
0.462584655112 0.99264408404 0.092195848545 0.452517201415 0.371070860882 0.759673968064 
0.929083871507 0.730835709454 0.572681189868 0.524267410092 0.410137711739 0.911632289134 
0.754703156736 0.309116755256 0.97125067022 0.345276705932 0.881506554285 0.623510352618 
0.876641622175 0.371913832053 0.737888334355 0.971844809006 0.888546283164 0.676431876339 
0.754703156736 0.309116755256 0.97125067022 0.709128041893 0.350237745234 0.756135582402 
0.653482468733 0.998689788698 0.917367594201 0.840416700531 0.0453519903356 0.777287293801 
0.852285606048 0.0271812115664 0.824024423771 0.928679763512 0.702549178484 0.763124595141 
0.880709036177 0.124104144658 0.241708893303 0.892015869222 0.994218257701 0.411840641703 
0.611033962468 0.921934676952 0.33308033324 0.547353902729 0.418847538477 0.850853339718 
0.996539166197 0.0605778633527 0.0360422044949 0.191793698305 0.409002645835 0.849385050842 
0.666224691208 0.0369538150602 0.679762643367 0.35663324433 0.990635518635 0.781219190387 
0.36872642888 0.194712383538 0.87367102758 0.998165452035 0.898511085496 0.743196134409 
0.597254170477 0.467390882736 0.662759189062 0.467339361442 0.812554699546 1.03675009443 
0.671753605463 0.623510103709 0.96023596741 0.131074217672 0.993293428899 0.886281773914 
0.909893213337 0.92132453677 0.282208034791 0.19116902808 0.539978980949 0.709385932645 
0.71099977385 0.969241052007 0.918076509509 0.823336187778 0.169378825289 0.49961182997 
0.880709036177 0.124104144658 0.241708893303 0.892015869222 0.994218257701 0.411840641703 
0.675322725255 0.965605174639 0.848583456319 0.0647489147215 0.898511085496 0.799900712044 
0.406839925274 1.0001421077 0.0802450537064 0.542338808799 0.532021729462 1.0329570467 
0.537185964321 0.0339719388953 0.877163857743 0.748209673513 0.524093301441 0.878450464901 
0.593809045674 0.0268930665865 0.372374022063 0.988331919214 0.119534964959 0.433881841749 
0.814721464341 0.0582651512497 0.460319746761 0.922238388977 0.912950533864 0.500285824815 
0.789112872436 0.96751951782 0.555263161805 0.365205052301 0.723649741809 0.729087236224 
0.589304098308 0.68030076125 0.857287911908 0.731540958164 0.521098278603 0.834302616744 
0.958235298398 0.844226311105 0.719989804172 0.239103362893 0.350237745234 0.819928037116 
0.599703951174 0.631494704871 0.00556099145904 0.965129562168 0.738486831105 0.898855499342 
0.660140055905 0.82721406396 0.555704070022 0.386352311709 0.950506988003 0.902676662845 
0.998993104864 0.233887427446 0.122874129452 0.0491913061005 0.0961818396784 0.873600476779 
0.909893213337 0.99264408404 0.092195848545 0.452517201415 0.371070860882 0.706015010664 
0.92957154652 0.829947361498 0.107278234687 0.773747155236 0.8826649035 0.665653552668 
0.868520321432 0.072916699351 0.737150634552 0.711441665229 0.334226782133 0.871195743931 
0.905330746488 0.500213428846 0.82625163326 0.707582310371 0.62595170141 0.851855267004 
0.992112069519 0.665409602724 0.655152515332 0.869823764819 0.350237745234 0.87983662451 
0.957004886897 0.058486283435 0.707001619118 0.538204474823 0.179875172679 0.745636757046 
0.921008134487 0.575034657748 0.910740788178 0.499898065123 0.844117279083 1.02510485415 
0.572673248623 0.631494704871 0.857287911908 0.731540958164 0.521098278603 0.98203097621 
0.675322725255 0.903919163056 0.189639501979 0.828861105099 0.980538506186 0.734858727272 
0.660140055905 0.82721406396 0.555704070022 0.386352311709 0.950506988003 0.902676662845 
0.698874143824 0.991774036501 0.543919328525 0.635073115622 0.615217278128 0.849226778821 
0.909893213337 0.92132453677 0.282208034791 0.19116902808 0.539978980949 0.709385932645 
0.352720170435 0.917762159347 0.985549718478 0.977807459275 0.558598940363 0.814754179882 
0.661087550917 0.848099964802 0.260442118015 0.85739655017 0.254810793106 0.64038080396 
0.713957213573 0.970879731802 0.869720253803 0.573640572125 0.00716466741854 0.897986554153 
0.852285606048 0.0271812115664 0.460319746761 0.922238388977 0.912950533864 0.49967254428 
0.996539166197 0.0605778633527 0.0360422044949 0.900542409333 0.0870071304546 0.806446116989 
0.698874143824 0.966464637374 0.973333270234 0.482798603247 0.811504790162 1.01553309853 
0.883529778547 0.30964663925 0.655934357944 0.645359781969 0.845813337032 0.799407968781 
0.344636537661 0.966464637374 0.707001619118 0.538204474823 0.179875172679 0.744528124216 
0.408898421055 0.888014482289 0.985671334762 0.39104295811 0.866718702569 0.786417061694 
0.881554247506 0.577196499194 0.895908511101 0.971579226584 0.00143709078053 0.245968257275 
0.92957154652 0.829947361498 0.107278234687 0.773747155236 0.8826649035 0.665653552668 
0.790516289596 0.793208639201 0.922826593992 0.953536911344 0.98617076979 0.791426151955 
0.0255749267895 0.994003297296 0.718684755303 0.582537150894 0.66895076119 0.75852096771 
0.408898421055 0.888014482289 0.87367102758 0.998165452035 0.00348411350774 0.751148454622 
0.938966836123 0.0580585725354 0.646672384902 0.998165452035 0.00348411350774 0.904909631243 
0.880709036177 0.885919082765 0.928561490054 0.566521770979 0.6024840524 0.872689600684 
0.184327607932 0.95963538574 0.330022909514 0.453617848013 0.981401811618 0.900498379097 
0.480888390024 0.0811222238383 0.985781049027 0.0257982877821 0.598502245288 0.958459733386 
0.411270031289 0.793404360265 0.952449799535 0.657695895089 0.344451341085 0.925145103455 
0.828613874434 0.943486466798 0.0688566573631 0.816041766974 0.561459066346 0.757154965338 
0.406839925274 1.0001421077 0.0802450537064 0.542338808799 0.532021729462 1.0329570467 
0.298139777297 0.942648623809 0.929921697315 0.971844809006 0.888546283164 0.749253570855 
0.0667279872097 0.596474157901 0.964200485444 0.627572275154 0.889442623108 0.606614971107 
0.983188281914 0.256868505268 0.511595696026 0.687467116471 0.491927267927 0.940671302396 
0.972157331648 0.359399894322 0.700376674678 0.75649635822 0.191443171942 0.718752993322 
