0.407488708621 0.789125702286 0.805080002452 0.784287995114 0.543779073802 0.597716925527 
0.473427805101 0.62673219639 0.656558988558 0.94688907532 0.767705613232 0.680797962052 
0.557871312698 0.18775290244 0.466585705217 0.879164343064 0.943170824935 0.704642286988 
0.806332853512 0.545376076365 0.54350766948 0.0775243626864 0.0710243229311 0.751551989125 
0.115993617123 0.292195965224 0.948302536019 0.6955345678 0.750989381837 0.562326656763 
0.922442940353 0.594958747069 0.790876131766 0.16051767283 0.322944143084 0.533977131579 
0.798411632466 0.0709958395615 0.972733827463 0.826571598185 0.237843353581 0.671001952056 
0.310741724718 0.994602101149 0.199820702037 0.594561622862 0.429785992979 0.887523468067 
0.0199884034075 0.661676654911 0.879704258173 0.825175460016 0.589823700459 0.617706053396 
0.607305085403 0.45889296616 0.98099524662 0.0455812925591 0.117764530945 0.664869804834 
0.603325490414 0.979678454497 0.647533659282 0.693670209104 0.239022299517 0.657749670137 
0.602358850939 0.588600712041 0.811502539698 0.857921901738 0.147243595124 0.760923437556 
0.923052533314 0.668773454418 0.92524628169 0.0100236557292 0.487908165806 0.611543973638 
0.0175410177942 0.496834568708 0.707753530686 0.891508112118 0.697690944617 0.585555014297 
0.825157894056 0.146441644373 0.810432095209 0.193322817273 0.768561880024 0.58048557997 
0.923052533314 0.668773454418 0.92524628169 0.0100236557292 0.487908165806 0.611543973638 
0.267047862011 0.825499173909 0.632288139351 0.96880162042 0.96322827535 0.896766462482 
0.364797947287 0.769055465178 0.494571089078 0.708563492796 0.593912895707 0.861300940835 
0.25314259454 0.860561011944 0.807024913691 0.70057320771 0.211121121353 0.614633840504 
0.94389808195 0.709462612204 0.650015670816 0.0722664881005 0.355769705477 0.626499696438 
0.750604651081 0.535789996465 0.751189892078 0.419499161537 0.764953923694 0.657144763985 
0.950460729201 0.0602123429131 0.687616395428 0.983499805243 0.703813672245 0.710121839781 
0.767127869614 0.632090452632 0.59430473024 0.29659005378 0.96322827535 0.989039892784 
0.596433886237 0.18383164612 0.667158476298 0.566338637898 0.895678719442 0.751033771876 
0.581358219587 0.554643593817 0.240991663426 0.418266183198 0.360670605855 0.95443482904 
0.978995515536 0.682822197622 0.126762336987 0.555887743316 0.928070551484 0.678751119235 
0.3522755766 0.0326777927795 0.411459688558 0.965331257176 0.974596482338 0.87899078413 
0.664660406853 0.719479029084 0.851623057182 0.629819623951 0.921417443707 0.57315914338 
0.792981095832 0.791196537339 0.44694276643 0.659888335405 0.476564449321 0.652537977318 
0.173198140624 0.848427543476 0.268157407932 0.988825221002 0.196843624239 0.520498025164 
0.683600126428 0.784804663839 0.545818368961 0.707420432871 0.983691619832 0.636980433832 
0.945017878106 0.180336614177 0.388399296115 0.737483208757 0.968313131161 0.54056533122 
0.530693902601 0.787726442567 0.503953805862 0.826571598185 0.237843353581 0.921399105912 
0.614876002551 0.925876384765 0.124062671129 0.742894212705 0.931454647174 0.537542064135 
0.797383489505 0.493372803098 0.640703434027 0.0543395025028 0.0129890138709 0.764825875713 
0.484698204039 0.00185244163697 0.741226613323 0.399699375584 0.992496095944 0.935178133094 
0.733533181426 0.288262156534 0.403436826859 0.883791847599 0.637420303449 0.715912454966 
0.971649441737 0.422625678014 0.124062671129 0.742894212705 0.931454647174 0.614843860336 
0.737049878018 0.769594429966 0.654897304918 0.296593801777 0.3159943338 0.723622790523 
0.00152295969369 0.998358063205 0.689849982947 0.190761688758 0.793605162175 0.786106927207 
0.603325490414 0.979678454497 0.608077007434 0.296531795161 0.802413864412 0.920786860008 
0.922442940353 0.594958747069 0.790876131766 0.0455812925591 0.117764530945 0.580750529767 
0.415628001962 0.135901679924 0.632288139351 0.96880162042 0.96322827535 1.07784352091 
0.213672411802 0.930567356611 0.282928719347 0.812361999066 0.575100094547 0.647561641496 
0.94389808195 0.0326777927795 0.411459688558 0.965331257176 0.974596482338 0.858271163663 
0.683600126428 0.784804663839 0.545818368961 0.826571598185 0.237843353581 0.720266199393 
0.755192772754 0.883554846961 0.645696982822 0.469133190982 0.689900579233 0.609785994135 
0.793224949635 0.318185648087 0.754889263951 0.434841947302 0.816822755959 0.857603387347 
0.838827222555 0.70140559167 0.969304066784 0.773449708492 0.601454738398 0.734005032888 
0.607249510074 0.56018964837 0.0498372779066 0.365965096913 0.632631230621 1.06676181706 
0.923159803358 0.559945188441 0.2019916454 0.514737569163 0.776479104126 0.794629243028 
0.92608326167 0.203377394936 0.344357702259 0.416646842489 0.533815357922 0.620161211631 
0.0705443281981 0.810780674748 0.891426089672 0.732586832279 0.858874070611 0.753100785738 
0.635348359144 0.934629337323 0.884830880783 0.260544635314 0.952782007482 0.541918350738 
0.622363817869 0.967614151906 0.806326375876 0.162378575943 0.86380617433 0.668583789592 
0.54487603114 0.604873105057 0.498527168331 0.846203860808 0.524053766855 0.642518026726 
0.798411632466 0.0709958395615 0.972733827463 0.392998720151 0.741391013936 0.58584903685 
0.113870141928 0.640833511374 0.0498256375738 0.97164176298 0.895678719442 0.759658487162 
0.755192772754 0.883554846961 0.645696982822 0.469133190982 0.689900579233 0.609785994135 
0.991525945159 0.584342640557 0.535320709471 0.981639369773 0.491723108982 0.829528469927 
0.450737496826 0.817268656879 0.793953634643 0.897404392389 0.022171700471 0.47558574752 
0.56840170211 0.338795648566 0.444605268907 0.188217201403 0.997084761399 0.715990963826 
0.955602367202 0.902101782372 0.233434081854 0.501094987694 0.844157842005 0.776688844868 
0.969290346108 0.35163431003 0.0374312435392 0.997285952498 0.461952405494 0.4657209879 
0.635358072972 0.74782609554 0.959635103111 0.796152117608 0.938758739708 0.50243403579 
0.137179978292 0.366842668449 0.806240850327 0.752230040704 0.962810221369 0.329686859434 
0.137179978292 0.366842668449 0.687616395428 0.983499805243 0.703813672245 0.726664804727 
0.267061602223 0.107240555099 0.811051275962 0.951765677677 0.552944654487 0.775170572269 
0.867740883108 0.903871084554 0.466961904967 0.192386316427 0.478648165569 0.746916271125 
0.829039504911 0.828741820813 0.769916989879 0.30131853669 0.111190436607 0.689279774659 
0.56840170211 0.338795648566 0.444605268907 0.188217201403 0.997084761399 0.715990963826 
0.583260465531 0.897421758796 0.995412096789 0.613550732172 0.947315538705 0.788301994998 
0.579284902566 0.979851453989 0.0689827359102 0.965602277469 0.951365134894 0.707262322222 
0.664747846295 0.547917692116 0.253503729639 0.525217680355 0.416244118752 0.857370229738 
0.806332853512 0.545376076365 0.54350766948 0.0775243626864 0.0710243229311 0.751551989125 
0.0428400845126 0.671123013634 0.691783643843 0.863573304544 0.244692990759 0.674613099286 
0.99234981726 0.441998014054 0.605388324695 0.0738516412669 0.682092438599 0.775160820836 
0.614876002551 0.925876384765 0.458750877354 0.858782328254 0.503286377525 0.813865445259 
0.992134012053 0.930155849425 0.543154912144 0.426790609593 0.397423328892 0.878827212167 
0.286819251269 0.994582662515 0.371255867199 0.965094681739 0.282436289372 0.674194121935 
0.422151045524 0.94371774503 0.524419694113 0.299878025848 0.976864009264 0.810764377017 
0.99495254121 0.451461265769 0.40138964874 0.379846192115 0.632921775327 0.835401389534 
0.15190335299 0.308640113879 0.862160156646 0.939813308206 0.410424901632 0.514223959597 
0.195522975858 0.992313813832 0.544173182567 0.240739447715 0.00625840092184 0.76994540321 
0.915745687681 0.237763198625 0.989098734232 0.742270790089 0.608833149946 0.69136345322 
0.607249510074 0.56018964837 0.751189892078 0.419499161537 0.764953923694 0.705843731786 
0.260517932611 0.507176462919 0.734728355033 0.661944900306 0.910280476444 0.67002862632 
0.764740694484 0.684749476094 0.372756930479 0.967671582236 0.672484403479 0.734205747832 
0.674247845327 0.823796157675 0.356723807973 0.877881752809 0.856553973135 0.439349148085 
0.756805787627 0.275675155333 0.687616395428 0.983499805243 0.703813672245 0.779805479589 
0.756805787627 0.275675155333 0.823354285008 0.685641322825 0.836766228046 0.702409658408 
0.851122823167 0.273393019967 0.741226613323 0.399699375584 0.992496095944 0.858869192434 
0.582429237191 0.732295052214 0.733983568685 0.686822453553 0.00982907819075 0.688357688164 
0.983112583427 0.970982749183 0.185051373123 0.101577470279 0.888170542675 0.65356981958 
0.614876002551 0.925876384765 0.124062671129 0.742894212705 0.931454647174 0.537542064135 
0.793224949635 0.318185648087 0.754889263951 0.434841947302 0.816822755959 0.857603387347 
0.94389808195 0.709462612204 0.650015670816 0.260544635314 0.952782007482 0.523147705921 
0.688549580932 0.803120795313 0.503807385911 0.864906365879 0.105014802414 0.724037284501 
0.809480410376 0.720057194508 0.410932952647 0.577493383574 0.0313129766934 0.753396174312 
0.0705443281981 0.810780674748 0.891426089672 0.732586832279 0.858874070611 0.753100785738 
