0.584869578212 0.987339766166 0.844621250069 0.326540903811 0.255325795689 0.812422906229 
0.916740667063 0.977774971031 0.449619162412 0.886211773999 0.527104657163 0.716856407582 
0.588252813786 0.764763787336 0.711627058406 0.609677700982 0.566734347359 0.65963785969 
0.584869578212 0.987339766166 0.801769894009 0.734504977106 0.948559027092 0.605635841634 
0.838950431007 0.120069490635 0.727235867764 0.963191685025 0.609137811466 0.777435185931 
0.463735909448 0.101437425039 0.96059987559 0.388810862829 0.999526168451 0.794094878383 
0.956837221116 0.274654545381 0.569179489159 0.904620250155 0.772425835437 0.635227230764 
0.96359731862 0.0164672562519 0.235646728519 0.259045399507 0.558302824454 0.712203897377 
0.331110408982 0.947482367992 0.180843119674 0.970543456655 0.837781592818 0.82498405787 
0.958361112849 0.826295971535 0.990524084718 0.612975348434 0.714490023866 0.593792138356 
0.906633892715 0.999146909697 0.747154314136 0.866111571992 0.31075216047 0.441756576901 
0.680286303506 0.801357202164 0.452002059484 0.80665956827 0.0338298159282 0.544176643759 
0.896364434303 0.940513455253 0.840539454496 0.42347968944 0.859293320835 0.612911335047 
0.584869578212 0.987339766166 0.747154314136 0.866111571992 0.31075216047 0.744010094037 
0.670946646308 0.854542654686 0.142601476755 0.627283251529 0.846413446769 0.643376400028 
0.989134540411 0.194795787691 0.00681096236319 0.180425702968 0.932165299006 0.44852819331 
0.674508485181 0.0569747263488 0.939618390428 0.462747521417 0.894503019922 0.714721097516 
0.537388313931 0.759249308293 0.866686967648 0.655704148823 0.749992795073 0.730477250842 
0.771989864731 0.949637772384 0.465127033339 0.795796175585 0.0706295105899 0.772532560679 
0.902454061299 0.67013039471 0.881777922773 0.974652973851 0.852495066282 0.663986822154 
0.982542974727 0.272888625682 0.0377990057512 0.427059336913 0.4141630422 0.617914007492 
0.338186199026 0.366840800034 0.615679094248 0.991947165805 0.570920992684 0.765644036709 
0.677745754147 0.670258364321 0.231938184429 0.801292022506 0.548418542214 0.539054334825 
0.417782942465 0.999146909697 0.747154314136 0.866111571992 0.31075216047 0.492152656388 
0.902454061299 0.67013039471 0.881777922773 0.974652973851 0.852495066282 0.663986822154 
0.751267085282 0.320973382541 0.23079984893 0.981534699188 0.645648645691 0.567381702894 
0.890291000898 0.47818345869 0.811240866687 0.583676468137 0.994980382372 0.710363334203 
0.951762150095 0.792582731692 0.500972023394 0.549044921946 0.933688307447 0.669112436613 
0.186245920701 0.690815399625 0.503314105079 0.980522259365 0.852495066282 0.664213395484 
0.11341047357 0.986792725892 0.795569048434 0.798287161789 0.00562298882175 0.626560029636 
0.693226778101 0.332837555806 0.273593279324 0.980522259365 0.852495066282 0.596067138901 
0.902454061299 0.67013039471 0.881777922773 0.974652973851 0.852495066282 0.663986822154 
0.994314908951 0.344534497117 0.277860686873 0.0830029831485 0.291863076753 0.671835656947 
0.523317843041 0.0672105900657 0.894697726982 0.641273084358 0.852796002438 0.696614221029 
0.0494359592047 0.991024368816 0.231938184429 0.717437354684 0.852796002438 0.66903976688 
0.765842349082 0.271990470742 0.208168335194 0.717437354684 0.852796002438 0.682864088515 
0.356574458619 0.988633447591 0.814014688947 0.582088245016 0.563456203318 0.469794544858 
0.946483464446 0.835678937982 0.254310494042 0.579335505871 0.428700900637 0.696503510395 
0.471608189258 0.649879488601 0.980212058276 0.907887567808 0.863901502744 0.668201262152 
0.139818926848 0.558048743645 0.723750800798 0.776317307373 0.84757570505 0.810511307116 
0.632068362742 0.493499413853 0.673077422087 0.975672160749 0.133641324557 0.992758050153 
0.959534062829 0.371885476061 0.518032623373 0.64774326422 0.517039627649 1.02529311462 
0.39277219464 0.98305584799 0.0795232769859 0.866563750372 0.0921840443048 0.643478673957 
0.890291000898 0.47818345869 0.811240866687 0.705987344041 0.994980382372 0.678947698173 
0.933923854518 0.322722564028 0.973965225806 0.981282776083 0.358579784606 0.480021269756 
0.933923854518 0.53695423965 0.108327631988 0.951518543596 0.47686925894 0.967089208846 
0.916740667063 0.977774971031 0.321132619413 0.057927936703 0.925215555986 0.566547147211 
0.709104588009 0.791510298363 0.360639580395 0.776317307373 0.84757570505 0.859006578272 
0.607132460708 0.692456887609 0.785460666693 0.290572744487 0.950956632076 0.666581385571 
0.637677757626 0.996431445731 0.169224013918 0.825712349779 0.674533706357 0.767015456562 
0.150275296322 0.0980220784622 0.925976238307 0.846980087674 0.917643759112 0.505577284796 
0.637677757626 0.937806802768 0.894697726982 0.641273084358 0.385206013326 0.731603845924 
0.312399299262 0.919030407624 0.113804768467 0.788283396486 0.853595940746 0.171526299983 
0.186245920701 0.690815399625 0.503314105079 0.980522259365 0.852495066282 0.664213395484 
0.959534062829 0.371885476061 0.518032623373 0.981282776083 0.358579784606 0.645605397967 
0.103702552921 0.47818345869 0.811240866687 0.705987344041 0.994980382372 0.707539165052 
0.638489769479 0.328079310894 0.977944833435 0.134114575572 0.865920740855 0.555171088984 
0.463735909448 0.101437425039 0.96059987559 0.388810862829 0.999526168451 0.794094878383 
0.381513026893 0.254055463965 0.67348674891 0.900102409694 0.934820570037 0.361700785446 
0.638902068557 0.876025006835 0.0173492553107 0.801292022506 0.548418542214 0.655527427834 
0.991008661961 0.455827562641 0.974203047407 0.805537198563 0.397271285407 0.496787213532 
0.947451111109 0.0291472157234 0.515459956718 0.206160144045 0.749992795073 0.742384332711 
0.677745754147 0.670258364321 0.933492006874 0.765690927283 0.768599246433 0.750207987202 
0.637677757626 0.937806802768 0.360639580395 0.776317307373 0.84757570505 0.822155378237 
0.197895085593 0.0503257363354 0.963036985278 0.744522637979 0.927740932586 0.430825122249 
0.356574458619 0.988633447591 0.332419224912 0.922009208248 0.289950227602 0.45286899311 
0.906633892715 0.999146909697 0.518032623373 0.64774326422 0.517039627649 1.01110291793 
0.168457941393 0.978086574919 0.684495324804 0.64774326422 0.517039627649 0.99289945411 
0.959736955669 0.672252927694 0.321132619413 0.057927936703 0.925215555986 0.673410181999 
0.838950431007 0.120069490635 0.727235867764 0.963191685025 0.609137811466 0.777435185931 
0.640925946859 0.0948970926042 0.965456515286 0.957643164197 0.728948073973 0.615851654252 
0.517954410479 0.491603696304 0.84333784688 0.65150410023 0.935385447681 0.713638016186 
0.356574458619 0.988633447591 0.66922669947 0.510676677285 0.659601931081 0.716372879493 
0.110949474766 0.787009929165 0.0216146209173 0.995911854559 0.00512053944549 0.41033465259 
0.916740667063 0.130947144448 0.56942200754 0.828368800481 0.904012672441 0.594630502446 
0.873609397627 0.991815270515 0.900313796232 0.552359788265 0.540375639132 0.790768455942 
0.418117038804 0.883494878698 0.65344262864 0.775577911259 0.84757570505 0.75561973734 
0.0691131964584 0.632621143622 0.424152685955 0.904483264089 0.871346322494 0.568984785685 
0.933923854518 0.322722564028 0.973965225806 0.634017079329 0.812978322592 0.631886783192 
0.635229849324 0.657616635848 0.0118415364743 0.765313847422 0.933678183956 0.320718488808 
0.991207064392 0.20598402214 0.818957291892 0.915872691855 0.336455558452 0.605409879736 
0.40942685101 0.998933396433 0.093208656296 0.815117472004 0.601299202382 0.796341473938 
0.0494359592047 0.991024368816 0.231938184429 0.801292022506 0.548418542214 0.822900059593 
0.595206406288 0.289786565037 0.183505999897 0.891019465035 0.974274277512 0.78036778775 
0.151498623921 0.438659437681 0.894329653499 0.318899778381 0.97195184986 0.697956060134 
0.890291000898 0.708233827667 0.642736346175 0.00585997740597 0.540375639132 0.743047230534 
0.471608189258 0.649879488601 0.503314105079 0.980522259365 0.852495066282 0.713674941995 
0.186245920701 0.690815399625 0.503314105079 0.888500829745 0.890472298749 0.756994225894 
0.902454061299 0.67013039471 0.881777922773 0.974652973851 0.852495066282 0.663986822154 
0.588252813786 0.764763787336 0.711627058406 0.888443633806 0.938582247251 0.628520986152 
0.933923854518 0.53695423965 0.108327631988 0.951518543596 0.47686925894 0.967089208846 
0.293523717477 0.791597236904 0.952555989808 0.840781641475 0.715828367278 0.754541287607 
0.774498892939 0.731893650446 0.462489012845 0.783756260945 0.622753604006 0.264518630229 
0.983069619474 0.778474868904 0.178534376911 0.349381691708 0.0598867909903 0.616582908774 
0.637677757626 0.937806802768 0.208168335194 0.717437354684 0.852796002438 0.724671083251 
0.186245920701 0.690815399625 0.503314105079 0.980522259365 0.852495066282 0.664213395484 
0.0494359592047 0.991024368816 0.231938184429 0.717437354684 0.852796002438 0.66903976688 
0.981191917125 0.695340638823 0.166450244086 0.660297099381 0.637416466913 0.765200695457 
0.584869578212 0.987339766166 0.844621250069 0.326540903811 0.846413446769 0.73440919397 
0.994314908951 0.344534497117 0.277860686873 0.0830029831485 0.291863076753 0.671835656947 
