0.42345968153 0.513025675858 0.635374792157 0.817549757109 0.693134325262 0.820546973378 
0.827310581762 0.284477842356 0.225116802482 0.859411208093 0.125121854569 0.594677913779 
0.640013802776 0.516974665185 0.619664929437 0.290188059401 0.57409556194 0.614909224405 
0.600917466147 0.604916716835 0.9831624583 0.142934584022 0.896087177917 0.752145877599 
0.295048628011 0.56173670223 0.433198390552 0.715293623401 0.997204452604 0.441663037558 
0.6926514527 0.925677235683 0.913955547212 0.823043964899 0.998544159828 0.382260037652 
0.435172641956 0.293799508004 0.938566289928 0.553796028934 0.835743597298 0.645769832344 
0.424081638052 0.0632747459877 0.522890777778 0.374164176039 0.886857140317 0.79644348193 
0.819303913925 0.0759859349025 0.879405172738 0.256394367779 0.320893579879 0.484477109366 
0.721174839168 0.139601132676 0.513674483008 0.950553249899 0.427145092176 0.61866575496 
0.143952855198 0.439440045979 0.79428693349 0.763857974539 0.31690600737 0.46968682794 
0.877534479667 0.932617476048 0.7845651527 0.209320714685 0.120519674676 0.250314609541 
0.759256782269 0.945884508013 0.520291189684 0.657519102329 0.382737208702 0.329774066325 
0.502320434015 0.769024961607 0.891784248379 0.368678336535 0.153736841136 0.590290610723 
0.283751968285 0.822890736724 0.966436109113 0.301334134398 0.213669712658 0.391856202821 
0.197315326899 0.247437916748 0.988472885452 0.603223623454 0.442941962593 0.777073026938 
0.706187955725 0.988463583433 0.65548425854 0.61869500921 0.269275085654 0.674848364752 
0.902563731728 0.853563699554 0.219337612397 0.971357568501 0.174360758904 0.313863751245 
0.795592206725 0.84926395758 0.0668776458976 0.824267505692 0.839463466862 0.315834427977 
0.750479330328 0.989492076551 0.623375979298 0.98655332462 0.605003620665 0.431115701865 
0.400864790549 0.510183240986 0.572380311732 0.994065049965 0.70989872873 0.581460739206 
0.169016829993 0.844065376539 0.156247895623 0.96615523666 0.955721361266 0.651966367506 
0.771728184204 0.648508776117 0.620991287301 0.866421293044 0.190566793694 0.561770737734 
0.144849991528 0.565436989852 0.429318246357 0.863707047687 0.648037631927 0.609704838306 
0.503268140272 0.409706800048 0.153047055879 0.669339558458 0.567310826801 0.824993714261 
0.244225345246 0.543448306967 0.957170686265 0.942672552083 0.258111992414 0.627877894874 
0.0524332509638 0.989711389318 0.473496682037 0.417510057826 0.854314511837 0.723548106414 
0.28300661163 0.519713085164 0.295764633781 0.34976296215 0.0466713323029 0.750916661839 
0.425873764344 0.93886379348 0.434185283608 0.682427323731 0.665685455555 0.510897083227 
0.307393537064 0.220822502645 0.817093218378 0.726094630404 0.127269071004 0.768313491146 
0.400160086957 0.740707833307 0.645953968584 0.401377167068 0.83634026611 0.543446233002 
0.513421670707 0.968344510432 0.835180828053 0.00475494863675 0.20949137464 0.402664320016 
0.240781198089 0.93649321035 0.660777098323 0.0338282425703 0.501392398489 0.819410472788 
0.578160950159 0.458698417749 0.0977099699314 0.559947311056 0.857190995082 0.684475782783 
0.729305792835 0.962973932438 0.604637750548 0.42232718403 0.651885865061 0.647717881648 
0.280206746156 0.289177603459 0.128672380224 0.411077155456 0.718265860237 0.679091555418 
0.745155942607 0.669585659598 0.973715495968 0.771729063687 0.753554242192 0.372457145049 
0.0327500750452 0.608796736211 0.908592741328 0.317637312398 0.153263637247 0.701981361756 
0.240781198089 0.93649321035 0.0668776458976 0.824267505692 0.839463466862 0.36004939267 
0.815072400296 0.228878827825 0.923235091133 0.315100080807 0.553832527435 0.4764713566 
0.502320434015 0.769024961607 0.891784248379 0.368678336535 0.153736841136 0.590290610723 
0.0327500750452 0.608796736211 0.908592741328 0.317637312398 0.153263637247 0.701981361756 
0.974275621667 0.877129546995 0.350585124642 0.828156540659 0.644418862219 0.685734104694 
0.307393537064 0.220822502645 0.817093218378 0.726094630404 0.127269071004 0.768313491146 
0.966114792283 0.815989891008 0.940813473403 0.167815151648 0.0529581440307 0.298480349259 
0.640013802776 0.458698417749 0.0977099699314 0.559947311056 0.857190995082 0.669027762667 
0.166950662703 0.219516047512 0.766858351435 0.857203236772 0.777989747633 0.52819094206 
0.545065678963 0.00402892563094 0.929906656747 0.876480668169 0.560268892116 0.763836437178 
0.786265772728 0.71827737344 0.154678598867 0.679586840742 0.720832450212 0.459912012089 
0.0524332509638 0.989711389318 0.473496682037 0.439682185298 0.520282748841 0.579812398395 
0.852850199527 0.332912193192 0.819267955311 0.637600820411 0.336631616334 0.334346614256 
0.90888981506 0.273547184982 0.397653838561 0.586217124674 0.83634026611 0.587650540395 
0.0216189511038 0.894733162322 0.13444183696 0.816793669825 0.903729764749 0.442743615764 
0.484613761616 0.679575918028 0.604842116943 0.876404047617 0.108121635263 0.623669679354 
0.112757268997 0.145202109487 0.900831788733 0.88549746417 0.851452134165 0.504461936973 
0.326334381042 0.744317414874 0.845105322521 0.372125518864 0.932710547242 0.509089613737 
0.467544475034 0.30522110696 0.955560886727 0.795141921917 0.874218927274 0.494537391721 
0.208287158008 0.862267334984 0.873520033011 0.401307900896 0.463830787639 0.611259997643 
0.578160950159 0.458698417749 0.859169951438 0.403170727496 0.777989747633 0.66456673489 
0.795592206725 0.84926395758 0.0668776458976 0.0718194785822 0.839463466862 0.377375155419 
0.964061317819 0.530111930016 0.979395559653 0.293750857333 0.11729461676 0.609033204499 
0.838088191265 0.829570438035 0.0977099699314 0.559947311056 0.857190995082 0.553371420255 
0.757989860348 0.993797394831 0.755322993789 0.250355986325 0.490223907313 0.33922348072 
0.141753385498 0.79586714553 0.755366616361 0.489255370552 0.193942645807 0.428899252761 
0.979263161184 0.470641950765 0.0888996941082 0.417510057826 0.854314511837 0.924565628743 
0.795087962064 0.336408645343 0.265895537176 0.980057995476 0.488206974044 0.766502183646 
0.467544475034 0.30522110696 0.955560886727 0.795141921917 0.874218927274 0.494537391721 
0.145318426033 0.9716534978 0.140905831545 0.994065049965 0.70989872873 0.468528169061 
0.811437437806 0.342009827069 0.140846524151 0.260534775209 0.746898006495 0.529892735846 
0.424081638052 0.0632747459877 0.522890777778 0.374164176039 0.886857140317 0.79644348193 
0.740768056413 0.68835650593 0.723732534745 0.852513160826 0.0345874273238 0.217329191122 
0.772403390508 0.723480289552 0.991208062275 0.294735697487 0.147176975821 0.5301571422 
0.819303913925 0.0759859349025 0.879405172738 0.256394367779 0.320893579879 0.484477109366 
0.240781198089 0.93649321035 0.660777098323 0.971357568501 0.174360758904 0.64271800969 
0.432878319424 0.299934464016 0.89655973776 0.535739414837 0.0825373651677 0.620482870109 
0.866487369179 0.478707570281 0.702190217168 0.205568678251 0.170475396541 0.669931437938 
0.89143061312 0.445386815691 0.366471902439 0.798319200601 0.304257876576 0.50259594054 
0.870018674283 0.148250523772 0.771971760928 0.619098318041 0.279977424909 0.460332146183 
0.467544475034 0.336408645343 0.265895537176 0.980057995476 0.488206974044 0.833648876468 
0.467544475034 0.30522110696 0.955560886727 0.823043964899 0.998544159828 0.452450831355 
0.106245713593 0.587515707372 0.378344658499 0.569418222935 0.824878433565 0.425112439975 
0.819303913925 0.0759859349025 0.879405172738 0.142934584022 0.896087177917 0.606517265585 
0.424105262281 0.8749316776 0.192408762198 0.844120819376 0.999853415947 0.454462583098 
0.672609839528 0.433874482139 0.861585796008 0.782531150036 0.553832527435 0.726329135265 
0.143952855198 0.439440045979 0.79428693349 0.763857974539 0.31690600737 0.46968682794 
0.240781198089 0.93649321035 0.859169951438 0.403170727496 0.988920601759 0.651070991147 
0.856980163791 0.419158636937 0.364518784794 0.894026120457 0.253144554767 0.34724650982 
0.871311653476 0.514879005683 0.366764827511 0.634188763027 0.466707719606 0.748064152858 
0.842383598648 0.902782621057 0.593913580493 0.98233305901 0.520282748841 0.481561100118 
0.0906099870613 0.0765749920432 0.363093971426 0.41665089659 0.879629622187 0.596097203745 
0.759256782269 0.945884508013 0.520291189684 0.657519102329 0.382737208702 0.329774066325 
0.898574822076 0.667103375458 0.4521647329 0.564720040387 0.316451931576 0.587017887883 
0.979263161184 0.93886379348 0.434185283608 0.682427323731 0.665685455555 0.490641387052 
0.85819408164 0.00784967295381 0.856986521161 0.796521198126 0.769196713484 0.490386681057 
0.795592206725 0.84926395758 0.0668776458976 0.971357568501 0.174360758904 0.580739734217 
0.351433521314 0.712062668465 0.616572738075 0.876966563365 0.811779103321 0.507037990899 
0.191090830184 0.235881641397 0.992389912181 0.187623848485 0.560969094449 0.694589428437 
0.610972614085 0.980029514291 0.736671148964 0.615510456671 0.546746210993 0.618846359023 
0.379373158484 0.930676677267 0.168929390198 0.729305699046 0.926796663017 0.612388315062 
0.602201234329 0.0333444838824 0.757923449218 0.360811793119 0.965501593771 0.689503543528 
