0.580861710249 0.927929216831 0.993911870847 0.390601671091 0.127321144621 0.821866217096 
0.869545809491 0.88482482271 0.957856291955 0.242219134162 0.510635738862 0.615148516362 
0.998246043386 0.975906075273 0.175523267095 0.466404461579 0.428284694404 0.37456329484 
0.28848058093 0.716933686311 0.847535813044 0.909992456087 0.812596667387 0.789367789975 
0.988729055064 0.938877575181 0.694632821659 0.582273334968 0.608714394843 0.860229312195 
0.294265421843 0.051659799666 0.862852920429 0.529546911668 0.221219535402 0.899496975782 
0.969145242609 0.958550295095 0.437520265988 0.409325242033 0.709225871559 0.793848349231 
0.888565498073 0.977510723774 0.590893579413 0.33688283767 0.925908308095 0.778933572326 
0.787702424247 0.810548235463 0.271903068555 0.967761648224 0.904776497934 0.606614840089 
0.28848058093 0.716933686311 0.847535813044 0.909992456087 0.812596667387 0.789367789975 
0.905630938723 0.473545266234 0.468083015019 0.7356088619 0.164816608563 0.85237975387 
0.807141145428 0.714558320528 0.851217751387 0.518428566244 0.566570609957 0.888876242518 
0.888388447251 0.495832147542 0.900182017927 0.482864352218 0.325234646449 0.581187271936 
0.802833676511 0.927929216831 0.993911870847 0.390601671091 0.127321144621 0.792618646596 
0.926875311658 0.531780354028 0.774683308094 0.857855002211 0.723921500298 0.707392041229 
0.574668267928 0.467774415633 0.680498430559 0.936106123399 0.259853226056 0.929556621487 
0.811391361591 0.707345630394 0.828060807469 0.537827262833 0.549758019934 0.732428301315 
0.403040575459 0.696342841496 0.764077761057 0.936106123399 0.259853226056 0.856041602118 
0.933459568169 0.322949166632 0.590864885977 0.160980142792 0.830623222667 0.653421584175 
0.383788622706 0.586266287061 0.545917534748 0.33663522795 0.159560797653 1.05226206143 
0.295780107904 0.835954883304 0.867559182037 0.966449780072 0.16053752224 0.762479833793 
0.905630938723 0.473545266234 0.468083015019 0.7356088619 0.86049451329 0.79800167087 
0.410451017575 0.684350395515 0.976914671334 0.0370233386442 0.567390241023 0.92309337098 
0.988843378728 0.426680771038 0.916669728911 0.628120335129 0.481792665623 0.793725457792 
0.988652732013 0.522189335471 0.339277161564 0.661177497791 0.70372221211 0.822045184786 
0.74570789152 0.460797070038 0.866481449306 0.565631864877 0.845151055756 0.733415987591 
0.368685837498 0.962571413627 0.437520265988 0.409325242033 0.709225871559 0.798066044239 
0.787702424247 0.645192750441 0.924687022769 0.905160699252 0.285343083179 0.777291815928 
0.807141145428 0.714558320528 0.851217751387 0.518428566244 0.566570609957 0.888876242518 
0.926875311658 0.531780354028 0.851217751387 0.518428566244 0.566570609957 0.944875882027 
0.820970237856 0.255861885077 0.367366625968 0.968047312664 0.812215083662 0.730257514711 
0.301568893722 0.667356136493 0.679919062648 0.564905145796 0.759551451884 0.792350009277 
0.119563606291 0.546350302141 0.190205441845 0.99862880797 0.95673315664 0.953987536036 
0.930679396693 0.657819856886 0.165624180898 0.845017223347 0.922156781742 0.737467672953 
0.243690954941 0.0820306770233 0.861820655418 0.834183102905 0.943039440879 0.523149596654 
0.802833676511 0.927929216831 0.993911870847 0.390601671091 0.989246535139 0.792153878595 
0.988843378728 0.426680771038 0.916669728911 0.220308264088 0.646912048588 0.879331874619 
0.308200417021 0.465098781032 0.938789599913 0.937801423472 0.916524906912 0.657149925125 
0.702808679456 0.000290670825915 0.501503363152 0.189420533084 0.970553849634 0.828587524801 
0.703109145058 0.477781310547 0.46470988521 0.449556436905 0.989246535139 0.939705177456 
0.368685837498 0.962571413627 0.437520265988 0.582273334968 0.608714394843 0.897050184675 
0.693729404873 0.966675267815 0.849976063768 0.498398985677 0.723921500298 0.748819855252 
0.936420699289 0.471050309283 0.678429268741 0.845387824686 0.580421257054 0.790386870966 
0.917145605967 0.829750860126 0.980298480006 0.186406617132 0.173682948703 0.743987843169 
0.646009220403 0.0298075463 0.864253021007 0.564815148656 0.894666469454 0.780635127274 
0.442462627589 0.0939331956228 0.325121459815 0.98865901971 0.728168891569 0.646904842616 
0.681940471658 0.627797081163 0.23357090563 0.607954471035 0.513366853915 0.908414653062 
0.807141145428 0.714558320528 0.851217751387 0.518428566244 0.566570609957 0.888876242518 
0.854331607081 0.570050718765 0.660052601879 0.422019083485 0.694500491673 0.796077802911 
0.888565498073 0.977510723774 0.834846694648 0.390601671091 0.989246535139 0.768984340257 
0.595399050607 0.810548235463 0.271903068555 0.967761648224 0.904776497934 0.806804231935 
0.0603072240839 0.904290967997 0.539069874445 0.435818826138 0.750824350821 0.876906670757 
0.640635167934 0.655436787563 0.87443722635 0.955034365977 0.593846705497 0.680644334424 
0.926875311658 0.531780354028 0.250825575169 0.694657400128 0.86049451329 0.80833042776 
0.184969796393 0.35920768077 0.282448240299 0.867717941597 0.945015094131 0.53636165689 
0.888565498073 0.977510723774 0.834846694648 0.993737843987 0.459934903788 0.821124389642 
0.926875311658 0.531780354028 0.851217751387 0.518428566244 0.566570609957 0.944875882027 
0.548014126633 0.0793467510144 0.0839228680714 0.927996655814 0.95565332908 0.877813671671 
0.375688486667 0.977510723774 0.590893579413 0.33688283767 0.925908308095 0.820636865428 
0.969145242609 0.958550295095 0.909435418722 0.867717941597 0.945015094131 0.513752362094 
0.948428582712 0.189403718603 0.829979306032 0.948624504213 0.669249003327 0.822349881277 
0.39657231045 0.412289499281 0.999055181865 0.316312711583 0.0707283813153 0.808501529469 
0.884773923505 0.498578634371 0.931293901574 0.409325242033 0.812596667387 0.832757133479 
0.988843378728 0.426680771038 0.916669728911 0.628120335129 0.481792665623 0.793725457792 
0.180386279757 0.862343678095 0.167651158222 0.678960145804 0.945717509486 0.573039059237 
0.802833676511 0.213709697641 0.975845789524 0.900815423614 0.728013510271 0.683591744393 
0.761432151104 0.652278176751 0.656966889851 0.155381228118 0.970988675102 0.814530941878 
0.275755838088 0.519034028916 0.931987514735 0.506723153833 0.971088808401 0.878340489922 
0.988843378728 0.426680771038 0.847535813044 0.909992456087 0.812596667387 0.835358409962 
0.462269375259 0.809815459329 0.680851297844 0.614523723801 0.643037722077 0.863508794765 
0.518215394137 0.745574916043 0.756785377813 0.534349646908 0.867945537351 0.788962936426 
0.926875311658 0.531780354028 0.774683308094 0.5576212466 0.729573315306 0.937020008369 
0.830173153831 0.777812048444 0.103804761485 0.762233807865 0.612931952747 0.743952572708 
0.595399050607 0.810548235463 0.271903068555 0.967761648224 0.904776497934 0.806804231935 
0.879450176292 0.687949841376 0.347626317605 0.6903939982 0.990625236623 0.737443132641 
0.787702424247 0.810548235463 0.271903068555 0.967761648224 0.904776497934 0.606614840089 
0.926875311658 0.467774415633 0.680498430559 0.936106123399 0.585610906297 0.686797421564 
0.375688486667 0.506272927712 0.78701947802 0.5576212466 0.729573315306 1.01036938972 
0.969145242609 0.958550295095 0.909435418722 0.364475487958 0.378158727592 0.820635079729 
0.605123372437 0.962220693296 0.774683308094 0.694657400128 0.86049451329 0.476366416313 
0.295780107904 0.835954883304 0.867559182037 0.463295364411 0.459934903788 0.974970839814 
0.295780107904 0.835954883304 0.867559182037 0.963814321657 0.823003402913 0.749748912097 
0.794118212097 0.0451715269501 0.855658013793 0.826190698881 0.957403550728 0.660187670909 
0.988843378728 0.696342841496 0.764077761057 0.0225112055695 0.971088808401 0.90368933484 
0.574668267928 0.467774415633 0.680498430559 0.936106123399 0.585610906297 0.819028445746 
0.802833676511 0.213709697641 0.975845789524 0.893146401605 0.375861336135 0.73176300116 
0.916003091336 0.988849899256 0.342058519506 0.731235289704 0.853262850109 0.262502915664 
0.580861710249 0.927929216831 0.834846694648 0.967761648224 0.904776497934 0.773681045356 
0.761432151104 0.652278176751 0.656966889851 0.155381228118 0.970988675102 0.814530941878 
0.954789044693 0.270859101652 0.998887622566 0.840113379615 0.837662574645 0.81715646078 
0.792841526369 0.665455052903 0.0599653719491 0.533936288724 0.951947875615 0.813456995774 
0.295780107904 0.835954883304 0.867559182037 0.463295364411 0.459934903788 0.974970839814 
0.879450176292 0.687949841376 0.347626317605 0.6903939982 0.694500491673 0.741037754445 
0.595399050607 0.810548235463 0.271903068555 0.927996655814 0.95565332908 0.843279334102 
0.888388447251 0.477781310547 0.46470988521 0.449556436905 0.989246535139 0.913108076279 
0.415682976225 0.0456661177936 0.834846694648 0.967761648224 0.904776497934 0.816002748227 
0.48704006132 0.558663486534 0.918042161786 0.926014674017 0.24223119696 0.742865079698 
0.550639733944 0.958670460557 0.164018081287 0.709912186633 0.996916901648 0.523249101736 
0.180386279757 0.862343678095 0.167651158222 0.678960145804 0.945717509486 0.573039059237 
0.595399050607 0.810548235463 0.23357090563 0.607954471035 0.513366853915 0.879302648043 
