0.960831160935 0.872722175509 0.714335819948 0.957936311291 0.67295235584 0.855146801559 
0.710216588527 0.812429413678 0.513583802244 0.600779937196 0.948677138598 0.676119393716 
0.772464907155 0.908228469183 0.782549912348 0.25996898939 0.244660383684 0.846124804069 
0.698569374084 0.929981339715 0.251254535538 0.935832658015 0.99995165292 0.791437467138 
0.747144781806 0.151974879453 0.821426459161 0.975498111011 0.773683906219 0.82361925118 
0.613441770484 0.961289312089 0.933942313983 0.688442761846 0.755754517238 0.709884543612 
0.912498240024 0.987238432475 0.346758582775 0.834390429493 0.993666674965 0.899007395822 
0.839997158925 0.982108048007 0.730860066438 0.673991745197 0.67295235584 0.938025974137 
0.732700742979 0.991935906995 0.863809062754 0.216048396631 0.838181173487 0.937431034239 
0.9740295675 0.625087338109 0.865205144117 0.969851549851 0.810689022674 0.680368550141 
0.364483775531 0.216876794837 0.739491995246 0.365497661053 0.994820797131 0.996110242289 
0.622203857239 0.0479656687361 0.9614484593 0.865595131848 0.542294251386 0.944634007001 
0.95851397139 0.800819923041 0.986822716948 0.836150861327 0.67295235584 0.937681818388 
0.488892523179 0.866570964178 0.513583802244 0.600779937196 0.948677138598 0.904773211709 
0.99189057069 0.804762469449 0.123941970048 0.912923354587 0.378496191027 0.797417183053 
0.9740295675 0.625087338109 0.943973911471 0.83718485607 0.95700843032 0.810372661432 
0.972077442355 1.00007015211 0.0591028936269 0.85841648822 0.735428079414 0.758510193497 
0.962220194189 0.991410356109 0.170523314209 0.358477461702 0.204893470887 0.93880298093 
0.949254400018 0.848420583973 0.988314242074 0.759386022569 0.745388148042 0.850205608027 
0.982535100136 0.91825470878 0.716551930156 0.813153250195 0.952271290173 0.660714470608 
0.491405722316 0.992716228976 0.474401720145 0.96224592863 0.320540162023 1.07905188664 
0.488892523179 0.866570964178 0.889015755634 0.950569218758 0.975639919076 0.781228026192 
0.709601968047 0.237759159271 0.738742121646 0.97247862611 0.0142329305964 0.812939860015 
0.272355406169 0.984205110574 0.760044988145 0.806909503655 0.471278376979 0.863813583486 
0.669342695074 0.0246695088173 0.371959276572 0.370393461516 0.889052682547 1.11624790116 
0.0227346505026 0.972184330987 0.936237878462 0.737917456547 0.99892889386 0.851626722095 
0.95851397139 0.800819923041 0.986822716948 0.935832658015 0.715100584917 0.795043347629 
0.925935941641 0.0806982909148 0.792705111027 0.879190418917 0.133606130197 0.872338234117 
0.934871992554 0.89923066776 0.129544635505 0.344071466082 0.719868014972 0.952620099093 
0.488892523179 0.866570964178 0.889015755634 0.994386626527 0.913611101277 0.852734717812 
0.772464907155 0.982108048007 0.730860066438 0.673991745197 0.67295235584 0.946985368582 
0.698569374084 0.908228469183 0.782549912348 0.25996898939 0.244660383684 0.936277754968 
0.622203857239 0.0479656687361 0.9614484593 0.865595131848 0.542294251386 0.944634007001 
0.658316934893 0.88679965345 0.792000658323 0.588798099623 0.999639436594 0.289568558301 
0.68587931379 0.866570964178 0.889015755634 0.994386626527 0.838181173487 0.935780106902 
0.281613742132 0.876411129568 0.981728301346 0.520146535105 0.626542107869 1.02179801978 
0.996447391649 0.0911475327284 0.0464697975049 0.742042488009 0.99892889386 0.870986234978 
0.934871992554 0.982108048007 0.730860066438 0.673991745197 0.920032709858 0.891213521404 
0.120357267998 0.485545688326 0.993578819098 0.921247032006 0.0722240690099 0.83771700813 
0.925935941641 0.999764625326 0.557890370917 0.462148462629 0.962660640507 0.840355366233 
0.253577781682 0.623047893087 0.962448928037 0.907530327841 0.504783450571 1.02614467698 
0.744899592939 0.99866603944 0.37805036432 0.39897855739 0.626542107869 1.00934005819 
0.979955700733 0.723189955274 0.991995468723 0.0902103869738 0.487990816265 1.01237600842 
0.488892523179 0.990794116566 0.643117392027 0.629391552689 0.33753371804 1.04410163453 
0.904573926478 0.791176099892 0.0138574196833 0.962259997205 0.687252122689 0.901620960545 
0.572596478488 0.905265401905 0.370239883954 0.758002849021 0.60919098812 0.996859229471 
0.193272627831 0.991794265442 0.347928370923 0.790847986168 0.530981719494 0.85579178138 
0.579301066863 0.751543765259 0.611142312192 0.83718485607 0.95700843032 0.933258424125 
0.488892523179 0.625087338109 0.943973911471 0.858573942755 0.114958497986 1.00805369203 
0.960831160935 0.872722175509 0.714335819948 0.358477461702 0.204893470887 0.899267042948 
0.744899592939 0.99866603944 0.972354293442 0.314064323585 0.87566454025 0.890277563287 
0.983633004579 0.714649431464 0.421759847665 0.626493831093 0.339145735208 1.02627336265 
0.934871992554 0.89923066776 0.129544635505 0.344071466082 0.719868014972 0.952620099093 
0.0227346505026 0.972184330987 0.936237878462 0.737917456547 0.99892889386 0.851626722095 
0.9740295675 0.0192678464592 0.919946969455 0.496348400712 0.997136131186 0.887029246258 
0.488892523179 0.866570964178 0.889015755634 0.994386626527 0.838181173487 0.999427749301 
0.995998038362 0.531430020934 0.553712232644 0.443035068019 0.302679556257 0.956663632311 
0.413658775491 0.983528979558 0.513583802244 0.600779937196 0.948677138598 1.02767467721 
0.744899592939 0.99866603944 0.37805036432 0.929248264852 0.382387258271 0.936712237062 
0.99511038536 0.812429413678 0.0128796372472 0.266229961179 0.93167779871 0.901989384604 
0.904573926478 0.882201185847 0.943973911471 0.858573942755 0.114958497986 0.914795563112 
0.99511038536 0.674876822219 0.991995468723 0.834390429493 0.993666674965 0.987954703542 
0.622203857239 0.0479656687361 0.129544635505 0.344071466082 0.719868014972 1.02067700563 
0.925935941641 0.0806982909148 0.792705111027 0.879190418917 0.133606130197 0.872338234117 
0.904573926478 0.882201185847 0.972354293442 0.314064323585 0.87566454025 0.931137227965 
0.822712423966 0.91303332365 0.940711420527 0.0749659578859 0.773628471874 0.825427201439 
0.854522774531 0.80180407507 0.889015755634 0.994386626527 0.581520979596 0.791626117564 
0.744899592939 0.99866603944 0.15109529001 0.97247862611 0.0142329305964 0.956201388249 
0.686894443063 0.866570964178 0.889015755634 0.994386626527 0.913611101277 0.821968071103 
0.966279539998 0.711683823619 0.401076988538 0.343745292025 0.736392641326 0.906755659125 
0.9740295675 0.0192678464592 0.919946969455 0.907530327841 0.504783450571 0.95100331551 
0.133551990755 0.246863117816 0.994042622244 0.295937956876 0.160046350521 0.79579554291 
0.235907199476 0.139615770092 0.785354587469 0.436373473548 0.99892889386 1.00843684447 
0.744899592939 0.99866603944 0.643117392027 0.629391552689 0.33753371804 1.01582707813 
0.272355406169 0.984205110574 0.760044988145 0.479070866364 0.853225909136 0.961189757345 
0.751718035892 0.950332215687 0.981856448212 0.954500189772 0.782209261339 0.788608926576 
0.488892523179 0.990794116566 0.643117392027 0.629391552689 0.33753371804 1.04410163453 
0.912498240024 0.987238432475 0.346758582775 0.834390429493 0.993666674965 0.899007395822 
0.68587931379 0.882201185847 0.738742121646 0.479070866364 0.853225909136 0.881720318432 
0.272355406169 0.984205110574 0.991995468723 0.0902103869738 0.487990816265 0.933095179092 
0.982535100136 0.91825470878 0.716551930156 0.813153250195 0.952271290173 0.660714470608 
0.854522774531 0.80180407507 0.889015755634 0.994386626527 0.913611101277 0.773464190986 
0.0227346505026 0.972184330987 0.936237878462 0.737917456547 0.99892889386 0.851626722095 
0.756609521551 0.90526043021 0.647266478335 0.982722393059 0.314140814505 0.525301411086 
0.744899592939 0.972184330987 0.936237878462 0.737917456547 0.27537951566 0.838736554429 
0.68587931379 0.882201185847 0.738742121646 0.994386626527 0.913611101277 0.793037332931 
0.272355406169 0.984205110574 0.991995468723 0.0902103869738 0.244660383684 1.0014332834 
0.744899592939 0.99866603944 0.15109529001 0.443076603374 0.67295235584 1.15889174331 
0.690758445909 0.73224221276 0.298470378251 0.901377573977 0.831783637339 0.868873002144 
0.155354565587 0.244779316858 0.388351717361 0.365497661053 0.994820797131 1.04950121055 
0.867092013693 0.96662219994 0.572362313727 0.443076603374 0.67295235584 1.05322161517 
0.328714493858 0.0981206386985 0.937050083475 0.969851549851 0.810689022674 0.693826257419 
0.744899592939 0.99866603944 0.15109529001 0.443076603374 0.67295235584 1.15889174331 
0.319600717047 0.882205590462 0.865205144117 0.969851549851 0.810689022674 0.978248674914 
0.491405722316 0.992716228976 0.474401720145 0.96224592863 0.320540162023 1.07905188664 
0.0168017243981 0.844528339126 0.656070512745 0.379107382968 0.66950739201 0.482791080291 
0.732700742979 0.991935906995 0.863809062754 0.216048396631 0.838181173487 0.957987607799 
0.419470466755 0.933605981418 0.878831037018 0.98255630411 0.360235240735 0.715451638899 
0.99511038536 0.812429413678 0.0128796372472 0.266229961179 0.93167779871 0.936870136716 
0.155354565587 0.244779316858 0.388351717361 0.365497661053 0.994820797131 1.03834666753 
