0.557972219833 0.539521886501 0.75361479388 0.986596844943 0.410231750644 0.801416953524 
0.931227055269 0.785486713327 0.998738267332 0.662920806294 0.157213956731 0.723007712451 
0.944007582928 0.213270245998 0.225037477791 0.985858683268 0.14969389532 0.541430918089 
0.66991785124 0.795771191569 0.331962544584 0.886778699004 0.707329503303 0.660669481379 
0.807091282118 0.312066869134 0.963244564513 0.173565565233 0.90301050001 0.521777679713 
0.248500918104 0.980854589522 0.148168813543 0.640339251598 0.996415313693 0.769918911343 
0.753041167419 0.514058256031 0.782677478263 0.315431173431 0.908873404628 0.656703748312 
0.152594381974 0.806861187685 0.350774802352 0.933446152571 0.888231068927 0.490013159527 
0.527477406492 0.737851457639 0.350774802352 0.933446152571 0.888231068927 0.639885345871 
0.764307731085 0.00707728523101 0.92718562901 0.846772025045 0.467950405612 0.590679233396 
0.177964534116 0.668423941159 0.0248077701728 0.991759959868 0.891767832012 0.601185336307 
0.232627740277 0.542461624319 0.634980749014 0.747552578615 0.946123905733 0.6842073034 
0.323745799566 0.428432937205 0.79643826655 0.798718535724 0.497764474369 0.6365399938 
0.667937211361 0.384414960718 0.998738267332 0.662920806294 0.157213956731 0.782649928723 
0.813692222795 0.814085118337 0.997143961105 0.130945147874 0.868662705012 0.577382265881 
0.917324106462 0.532761345056 0.564840064546 0.24056778901 0.715442311102 0.706101020747 
0.853173505533 0.243548707671 0.367546718855 0.118379411848 0.554480085986 0.852428367031 
0.691324091468 0.277360683591 0.733483034266 0.656620364702 0.663518116268 0.628941211021 
0.825517917458 0.250765613955 0.557719138999 0.335290228469 0.720069403333 0.605303320442 
0.152594381974 0.806861187685 0.89055995138 0.43496874058 0.602971264519 0.82077092875 
0.428160088921 0.423436606539 0.357923857017 0.985618381319 0.816943975121 0.646955484709 
0.958332986981 0.260027713893 0.539271442188 0.475005379207 0.805460254706 0.701827942244 
0.717072136634 0.95870508437 0.407529405564 0.547786283498 0.753134284223 0.701981537126 
0.0886022316008 0.27612740507 0.782542458775 0.628296366802 0.992013066057 0.636001386398 
0.748189378729 0.48226370077 0.984312983934 0.844532928504 0.339667471958 0.493661594121 
0.0683189099776 0.294780736711 0.818112351227 0.703897050002 0.532135299241 0.669197497113 
0.636311519697 0.983997037369 0.594602769456 0.929111903526 0.994819743915 0.775723905464 
0.119519621003 0.961768550255 0.653456479012 0.734537921591 0.335234760291 0.626078797058 
0.548122094834 0.868684635227 0.807436037336 0.220985571433 0.742042050006 0.720948626647 
0.544147361375 0.205463565522 0.88627399432 0.740172110404 0.625267025451 0.729303052418 
0.15054668982 0.386688299332 0.93928665274 0.477620173182 0.902976914116 0.703441695122 
0.462845551658 0.802775000789 0.675079104984 0.628296366802 0.992013066057 0.851628316589 
0.926868082579 0.908492609734 0.483129065573 0.0699803605144 0.712439815549 0.626667080866 
0.298885734713 0.798734543313 0.993841421436 0.712396603304 0.446721844171 0.620854660349 
0.815983951665 0.906107285261 0.973922693342 0.376997367567 0.387274286589 0.682538710408 
0.462845551658 0.957579192583 0.803657543268 0.966124154853 0.35401836335 0.767746087969 
0.667937211361 0.384414960718 0.650680719499 0.462658627271 0.187055011525 0.803040586902 
0.825517917458 0.978981877849 0.977837690725 0.103754432988 0.685513719815 0.731532344474 
0.853551908727 0.923130950407 0.739475604339 -4.06419639863e-05 0.357784648076 0.604319141568 
0.67855022981 0.536953215735 0.639945128048 0.792483546478 0.342231618067 0.717994212223 
0.813692222795 0.814085118337 0.279887655727 0.398349634913 0.709479949749 0.689682391539 
0.81969808071 0.509436224352 0.421978901246 0.86225305401 0.536564865392 0.720924387981 
0.462845551658 0.802775000789 0.675079104984 0.656620364702 0.663518116268 0.650086071976 
0.0112723317608 0.644969562079 0.934842727666 0.603778338154 0.900386649155 0.805765897667 
0.494543951759 0.978981877849 0.977837690725 0.103754432988 0.685513719815 0.817684198943 
0.901312218844 0.551170666968 0.345561789281 0.567836849378 0.438751345542 0.800703705918 
0.667937211361 0.384414960718 0.998738267332 0.315431173431 0.908873404628 0.816805635334 
0.948074617619 0.561531037863 0.313554152239 0.615718968143 0.539064452683 0.855532097645 
0.984944740264 0.553214517151 0.971581266033 0.131889456829 0.893843617262 0.712203439867 
0.733764549697 0.699233965002 0.585462032038 0.368464352197 0.950338021041 0.736909782903 
0.152442858029 0.919055805628 0.997143961105 0.130945147874 0.868662705012 0.645620434807 
0.659258518405 0.706994096306 0.76272223222 0.551450499155 0.623051280788 0.748910792892 
0.807091282118 0.384414960718 0.650680719499 0.462658627271 0.357784648076 0.692095451552 
0.322060952664 0.995520940332 0.364571044477 0.57882569056 0.879524799348 0.836991102675 
0.424540938126 0.28892773366 0.693530337549 0.78271112677 0.714080350453 0.673274779459 
0.152442858029 0.919055805628 0.997143961105 0.130945147874 0.868662705012 0.645620434807 
0.853173505533 0.243548707671 0.367546718855 0.118379411848 0.554480085986 0.852428367031 
0.294423581486 0.94818397453 0.819868712581 0.519205107866 0.218634742796 0.642097084167 
0.848593487604 0.454934600545 0.650004471557 0.921916824839 0.707329503303 0.841614454387 
0.883941540101 0.711711368169 0.19695881379 0.699988786959 0.960543349522 0.70952923766 
0.958332986981 0.260027713893 0.539271442188 0.475005379207 0.320048961235 0.853738003327 
0.813692222795 0.919055805628 0.997143961105 0.130945147874 0.868662705012 0.571978952023 
0.754278638826 0.196513638037 0.914589438163 0.711876241568 0.243736988479 0.695499944776 
0.848593487604 0.454934600545 0.650004471557 0.43496874058 0.602971264519 0.890543725445 
0.490323473401 0.825981572325 0.892853307791 0.658214272394 0.851314717465 0.588593564282 
0.329996918863 0.0399336243572 0.915377084858 0.999989418006 0.507758510997 0.762230855462 
0.443584672868 0.129670567811 0.796107301993 0.998213981148 0.589581235986 0.735886468104 
0.309694778887 0.628557758769 0.847531963557 0.576510442086 0.995610247114 0.756288843531 
0.452528382462 0.557317007229 0.731326656751 0.658028711563 0.882008100208 0.455458334793 
0.790983539403 0.801252752545 0.84842482588 0.166658549437 0.649988864638 0.678537652838 
0.962293529852 0.766121194563 0.438003004272 0.0975838398435 0.974053477264 0.776621239436 
0.797634813477 0.970381010502 0.970994913803 0.659685163567 0.811425357155 0.495996355516 
0.978750367109 0.613691204763 0.94829076345 0.555655532055 0.0340356571519 0.757887602589 
0.667937211361 0.384414960718 0.998738267332 0.662920806294 0.157213956731 0.782649928723 
0.555938595412 0.368989256424 0.669077318055 0.884689068675 0.877325241818 0.568852011772 
0.72682374433 0.0640643160738 0.841667816556 0.788912479822 0.861420286602 0.666944824763 
0.955042643549 0.950415477708 0.53918688216 0.853624599528 0.543943519511 0.406135593446 
0.0542638389811 0.546363700817 0.900546590471 0.536429667413 0.586119505146 0.794253947117 
0.754278638826 0.196513638037 0.914589438163 0.103754432988 0.685513719815 0.777229119078 
0.801432413524 0.796821307445 0.503509936474 0.862497138408 0.650822988941 0.696070452343 
0.39066915012 0.689215830227 0.65061441512 0.813216930463 0.876356877025 0.481390572017 
0.494543951759 0.978981877849 0.977837690725 0.103754432988 0.790017501384 0.708870373612 
0.999213740927 0.332037785744 0.116756248199 0.638923989709 0.808586459412 0.550049680764 
0.119519621003 0.961768550255 0.653456479012 0.734537921591 0.335234760291 0.626078797058 
0.232627740277 0.542461624319 0.634980749014 0.747552578615 0.946123905733 0.6842073034 
0.0157423405328 0.173035606661 0.153424272953 0.941202333015 0.885431119075 0.49871714957 
0.280015149439 0.528533299322 0.719796333281 0.967035101862 0.549754801375 0.639049262407 
0.448599782839 0.99462709259 0.490042998065 0.101854687872 0.790017501384 0.784874873933 
0.416166426111 0.694907389422 0.813787139416 0.330925232319 0.467950405612 0.67196558094 
0.0878906262915 0.176876330992 0.7073662339 0.702161080673 0.802347179984 0.690281861944 
0.957883328525 0.648715684288 0.699361529484 0.313531804901 0.611730054909 0.624689641611 
0.667937211361 0.129670567811 0.796107301993 0.998213981148 0.589581235986 0.42216903392 
0.875202229377 0.0600692440957 0.0963043588852 0.871546444524 0.928216753163 0.708675913032 
0.527477406492 0.737851457639 0.892853307791 0.658214272394 0.851314717465 0.669366308777 
0.883941540101 0.711711368169 0.984312983934 0.844532928504 0.339667471958 0.448902645254 
0.532082111687 0.972371119754 0.847531963557 0.170098987634 0.995610247114 0.706940784279 
0.546541228364 0.501364250607 0.798563275298 0.931899273014 0.645251667755 0.577608113639 
0.279599685848 0.259578083763 0.587004759907 0.962342736501 0.767364694158 0.808794158835 
0.802314759452 0.859171954279 0.16670464767 0.202166995366 0.892374328843 0.423347874332 
0.790983539403 0.801252752545 0.84842482588 0.166658549437 0.649988864638 0.678537652838 
