0.276351904727 0.488110623507 0.836353948411 0.605194114547 0.657975705561 0.86002169586 
0.113915759778 0.940731675975 0.663435915671 0.938698738318 0.951299598413 0.848704104728 
0.549010064318 0.981934545367 0.450300498079 0.710124878573 0.833412437902 0.810816744593 
0.741015826212 0.642862291703 0.849743328639 0.995847080206 0.712198360008 0.724458253928 
0.34679552617 0.975309859995 0.842472307638 0.953893044695 0.220452658025 0.552863447947 
0.40164798164 0.879471872246 0.605215596435 0.147572871614 0.952160420114 0.745968901744 
0.42418224312 0.415242723295 0.976336094529 0.45418057868 0.78746786815 0.815614588091 
0.977137750187 0.760691509651 0.663435915671 0.938698738318 0.951299598413 0.850929145449 
0.697200329186 0.924760893341 0.244319577764 0.843228425526 0.776537478468 0.632380250324 
0.471444555671 0.986567377629 0.468363489794 0.353114050566 0.982714946831 0.820889391105 
0.955370481334 0.874206743645 0.54122894828 0.961058536623 0.752174316156 0.74441060762 
0.0591367418125 0.76578089302 0.964625788622 0.486353311889 0.075478864426 0.750788818292 
0.0270806617947 0.060934931974 0.964041444012 0.887300572538 0.600823835029 0.850354999246 
0.697200329186 0.924760893341 0.450300498079 0.710124878573 0.833412437902 0.750318923293 
0.976698052491 0.781979147701 0.884215758109 0.542976587016 0.445053854965 0.816012503024 
0.593734878484 0.798942790625 0.108984097713 0.259851705159 0.915097950007 0.817511979662 
0.681257454026 0.956009520888 0.932230585795 0.803666427411 0.757397248754 0.632985501911 
0.10933903084 0.954518188118 0.368306366536 0.740272734357 0.497337989045 0.948609379708 
0.986028057876 0.837000677011 0.611086810306 0.825119488874 0.897919941648 0.719597000132 
0.789991936858 0.459063691927 0.85865839783 0.175529368642 0.958881926501 0.728049923875 
0.781984531571 0.166893864358 0.0644074265878 0.986860870064 0.596840325675 0.864199819864 
0.983292886351 0.932774294021 0.595016236464 0.915525276079 0.14267679139 0.842609873038 
0.214958192532 0.531385058721 0.966369827125 0.17637156893 0.826946105944 0.685994647738 
0.862142554318 0.238393489489 0.998896977631 0.267949493556 0.641779471701 0.726967116769 
0.648006100249 0.559055657571 0.935776012371 0.0663347407679 0.950220776893 0.661075585145 
0.351688374531 0.99973882821 0.266993290631 0.7715045304 0.253839129563 0.865101377458 
0.983217225501 0.175321535147 0.93573263581 0.494846521207 0.544723380804 0.675193794224 
0.977137750187 0.760691509651 0.663435915671 0.938698738318 0.951299598413 0.850929145449 
0.992712297757 0.463175317669 0.51000381001 0.414707768139 0.375831421379 0.693777382846 
0.601760533956 0.909587125946 0.622304225654 0.986971289353 0.433629518527 0.836826067215 
0.681257454026 0.956009520888 0.932230585795 0.385533961701 0.805637877227 0.776362790087 
1.00019742412 0.0410088130856 0.230923984745 0.816184552002 0.544723380804 0.993598717241 
0.977137750187 0.760691509651 0.663435915671 0.938698738318 0.951299598413 0.850929145449 
0.394177451704 0.974839121708 0.622414002444 0.863555850715 0.210233294549 0.837707346293 
0.54186392169 0.0504566243102 0.671875655265 0.216220291211 0.970912765463 0.868033501766 
0.771185573353 0.868149101782 0.967338141445 0.533844267634 0.338184636726 0.657074887674 
0.977137750187 0.841902687213 0.878854716026 0.981661887079 0.0719732713254 0.73936990199 
0.909052845456 0.965471658081 0.709593524286 0.264345094462 0.228091401248 0.579678587453 
0.239634178826 0.0461678256002 0.973429874094 0.830950750714 0.860450325129 0.708724854754 
0.977137750187 0.760691509651 0.955063886249 0.7715045304 0.253839129563 0.720396050657 
0.681257454026 0.956009520888 0.230923984745 0.816184552002 0.544723380804 0.979459612973 
0.638091544131 0.361887941063 0.979035700047 0.128306763489 0.725051735975 1.10483614063 
0.789991936858 0.459063691927 0.85865839783 0.175529368642 0.958881926501 0.728049923875 
0.8193648053 0.974261863894 0.276984226926 0.974415614836 0.315359931216 0.782911165734 
0.211402737312 0.272301650724 0.331083145525 0.961960456426 0.740061618712 0.836920920671 
0.87104964975 0.983663159761 0.793272113328 0.586658592432 0.502966234271 1.01407573548 
0.473184067246 0.60887172256 0.502820991543 0.0609211869712 0.657110682978 0.977920071252 
0.0591367418125 0.76578089302 0.964625788622 0.486353311889 0.075478864426 0.750788818292 
0.679109404761 0.403182684252 0.80251410914 0.529267467967 0.224480508254 1.08704924984 
0.964944791926 0.763799894013 0.50175730466 0.906688484128 0.328197201951 0.692708444447 
0.995348025702 0.404653199711 0.264501019773 0.547830077718 0.959347808258 0.772891535581 
0.999025219839 0.874016202417 0.0533336585798 0.242901166687 0.775570682309 0.816646374667 
0.977137750187 0.760691509651 0.663435915671 0.938698738318 0.951299598413 0.850929145449 
0.921778918415 0.822875334996 0.500252738084 0.099074375322 0.761742998985 0.74373161902 
0.681257454026 0.956009520888 0.932230585795 0.385533961701 0.533927128728 0.969993339412 
0.0123816029656 0.983550779376 0.955063886249 0.613835505687 0.941906659286 0.930182395454 
0.575548510762 0.523408330446 0.89030392967 0.897444025357 0.952370122791 0.826570198632 
0.983292886351 0.318842880938 0.992501673567 0.962256543754 0.375748950815 0.945672904066 
0.976698052491 0.781979147701 0.884215758109 0.542976587016 0.445053854965 0.816012503024 
0.986028057876 0.837000677011 0.611086810306 0.825119488874 0.897919941648 0.719597000132 
0.560737851984 0.318842880938 0.992501673567 0.962256543754 0.375748950815 1.01239562033 
0.00220994096241 0.900774019499 0.643056305313 0.18196301753 0.98471431119 0.645962754085 
0.0123816029656 0.983550779376 0.955063886249 0.613835505687 0.941906659286 0.930182395454 
0.214958192532 0.531385058721 0.966369827125 0.17637156893 0.826946105944 0.685994647738 
0.983217225501 0.927003196092 0.587358581533 0.936434907926 0.305908108794 0.715208745202 
0.119160778356 0.9254362689 0.73972223603 0.987357054104 0.912486584747 0.64796752873 
0.113915759778 0.940731675975 0.044930312097 0.983848673478 0.868666566784 0.788699183975 
0.944337474873 0.528213501489 0.14108581508 0.504359843127 0.610486989725 0.892615595277 
0.923051667932 0.797963635325 0.130474986526 0.863771555676 0.877643203827 0.359132427953 
0.909392203803 0.813846829839 0.0323712887371 0.0448115538805 0.949241350069 0.794647643439 
0.422500438492 0.988497424065 0.169272205612 0.187601436674 0.951391759748 0.49527572111 
0.898164854159 0.371294696034 0.871046654904 0.843228425526 0.776537478468 0.70097162808 
0.394177451704 0.974839121708 0.622414002444 0.863555850715 0.210233294549 0.837707346293 
0.74576307698 0.415242723295 0.976336094529 0.45418057868 0.78746786815 0.759410901898 
0.638091544131 0.361887941063 0.979035700047 0.803666427411 0.757397248754 0.724910053999 
0.442539136774 0.618784515644 0.690746384953 0.93955081322 0.148268934288 0.7875216239 
0.394177451704 0.0148684151905 0.595774539039 0.211692325273 0.97101864555 0.814096811012 
0.547233344309 0.915850717417 0.84643222784 0.98965248553 0.70668269758 0.75902695697 
0.54186392169 0.0504566243102 0.671875655265 0.216220291211 0.970912765463 0.868033501766 
0.983217225501 0.175321535147 0.932230585795 0.803666427411 0.757397248754 0.783728504856 
0.0591367418125 0.76578089302 0.964625788622 0.486353311889 0.075478864426 0.750788818292 
0.740677588424 0.615325418018 0.440296955464 0.796170914836 0.976126246819 0.418729380899 
0.471444555671 0.986567377629 0.468363489794 0.353114050566 0.982714946831 0.820889391105 
0.636502352781 0.776157926919 0.965564880943 0.318138970695 0.261293136061 0.756969853362 
0.483107499195 0.875876057806 0.984231361975 0.318138970695 0.261293136061 0.805236193344 
0.697200329186 0.924760893341 0.955063886249 0.613835505687 0.941906659286 0.795187061186 
0.775302547327 0.992914638984 0.24696244477 0.691060725296 0.826946105944 0.794917990988 
0.681257454026 0.956009520888 0.932230585795 0.803666427411 0.757397248754 0.632985501911 
0.991840671989 0.110561454959 0.279262154806 0.361521191833 0.109851903827 0.759343363662 
0.483107499195 0.875876057806 0.984231361975 0.318138970695 0.14267679139 0.853836356133 
0.909392203803 0.813846829839 0.992501673567 0.962256543754 0.375748950815 0.69776777106 
0.636502352781 0.776157926919 0.965564880943 0.00545789984366 0.0117690802339 0.874052748868 
0.10933903084 0.954518188118 0.368306366536 0.740272734357 0.497337989045 0.948609379708 
0.985613041562 0.924760893341 0.31501599135 0.946913074607 0.0117690802339 0.866646943873 
0.0591367418125 0.404653199711 0.264501019773 0.547830077718 0.959347808258 0.784577935215 
0.977137750187 0.760691509651 0.955063886249 0.613835505687 0.941906659286 0.830967650826 
0.0591367418125 0.76578089302 0.964625788622 0.486353311889 0.075478864426 0.750788818292 
0.840939443141 0.798974625104 0.87958991632 0.664028484652 0.915097950007 0.796224794153 
0.0591367418125 0.76578089302 0.964625788622 0.987357054104 0.912486584747 0.659903123289 
0.983292886351 0.932774294021 0.595016236464 0.93955081322 0.148268934288 0.756131446841 
