0.685921991135 0.721335496247 0.944892477867 0.909145044749 0.260520823794 0.548529274091 
0.640281713182 0.620207048346 0.766563931725 0.429459851907 0.873161728287 0.86689444711 
0.979801725476 0.670683482199 0.3236655348 0.712291968634 0.701496491401 0.601457247296 
0.725806401597 0.736825751481 0.086111258576 0.974270734465 0.0172340066365 0.702909745 
0.487130059171 0.642350991671 0.680830986174 0.691351503701 0.904926896492 0.718337860727 
0.263757464561 0.645710983643 0.383874942032 0.696180365054 0.0942580266902 0.773909685153 
0.716713202671 0.472495270838 0.175411768539 0.813349351254 0.910784282573 0.546865181252 
0.0997892038304 0.999697652533 0.768643296272 0.00315095250736 0.645446189188 0.709991314723 
0.887259946964 0.968127584555 0.348132755431 0.0383034117307 0.694664513574 0.566743303558 
0.318180945712 0.135241414673 0.887038691056 0.869177083538 0.0240161676161 0.738497020083 
0.522078267698 0.992510844438 0.369988498968 0.764587491408 0.390198398529 0.564631144381 
0.723734624972 0.626224562859 0.984556399458 0.0455202346498 0.674518307644 0.669742179669 
0.634707821682 0.72482249624 0.934242798322 0.0709390757831 0.512402026724 0.798149082334 
0.868239382611 0.901602141498 0.122561518082 0.669775192333 0.175232886209 0.675774126716 
0.537395045176 0.780860683403 0.160125775977 0.26805846768 0.993552452869 0.536248082937 
0.82021085963 0.545465891265 0.509947316691 0.24171769343 0.592896053453 0.864263167816 
0.988442576259 0.811874237517 0.425838163359 0.311327915556 0.985607504295 0.717956690348 
0.556674022764 0.0657948353639 0.693918126363 0.521933380051 0.981881154436 0.80343173772 
0.104893352063 0.918440409174 0.523720581244 0.878227619902 0.371894967355 0.710892197014 
0.570283378212 0.507285899425 0.858922930976 0.859305167335 0.99396121191 0.454283430431 
0.370166272003 0.90572126826 0.517205864305 0.882824684375 0.76652180661 0.48611901932 
0.666948956258 0.0464364523983 0.855869776611 0.773106798985 0.752276091753 0.578572703308 
0.974298500816 0.979358673042 0.851178549402 0.128482529161 0.769679743672 0.255596651384 
0.988442576259 0.608414856724 0.995253730012 0.459818921332 0.76446136093 0.72643458228 
0.570283378212 0.197069259435 0.386440566072 0.819439632018 0.854963620687 0.873844213626 
0.604892232231 0.817680933837 0.569772005108 0.918300004943 0.994233726032 0.38305820712 
0.487130059171 0.642350991671 0.680830986174 0.691351503701 0.904926896492 0.718337860727 
0.666948956258 0.0464364523983 0.855869776611 0.773106798985 0.752276091753 0.578572703308 
0.975857770061 0.606631017692 0.071667368714 0.750158018727 0.324917785987 0.711477974164 
0.0846019759691 0.482857771814 0.843886312843 0.996023586123 0.110018987565 0.807870975996 
0.604892232231 0.817680933837 0.272904974571 0.821873819644 0.841012441506 0.675074970616 
0.947173143022 0.809481699917 0.943754582818 0.44262953892 0.797922650417 0.523863670436 
0.370166272003 0.90572126826 0.355508687868 0.91008871244 0.718076621902 0.738568188165 
0.464476742799 0.999916182593 0.0377318027071 0.557712685101 0.577970820146 0.725825681314 
0.570283378212 0.507285899425 0.858922930976 0.859305167335 0.985607504295 0.719039980345 
0.0459451752868 0.889818696623 0.0621250891234 0.574499274807 0.960992637635 0.721015214061 
0.537395045176 0.901602141498 0.122561518082 0.669775192333 0.175232886209 0.819358354557 
0.963955476299 0.326065828473 0.288953807004 0.947372817202 0.224404247582 0.656713743839 
0.145039338307 0.688506682839 0.870722179546 0.997927343964 0.367131432054 0.762989173157 
0.26244159041 0.884515615096 0.557976200461 0.446191478408 0.778306442539 0.751235419382 
0.947173143022 0.817680933837 0.569772005108 0.918300004943 0.994233726032 0.34542775155 
0.988442576259 0.482857771814 0.843886312843 0.996023586123 0.110018987565 0.737458787769 
0.535150246682 0.964108712612 0.157730587124 0.919339174649 0.645446189188 0.730122943913 
0.570283378212 0.507285899425 0.858922930976 0.859305167335 0.99396121191 0.454283430431 
0.472522870823 0.210072856014 0.870286029941 0.156055244999 0.964185126411 0.834038396269 
0.522078267698 0.72482249624 0.934242798322 0.0709390757831 0.512402026724 0.814191292309 
0.761877378195 0.797629526472 0.356951056737 0.842964703523 0.529800742028 0.662785592484 
0.988442576259 0.482857771814 0.843886312843 0.691351503701 0.904926896492 0.759502810704 
0.780727275153 0.861595281019 0.525634424437 0.68222802412 0.743045491056 0.867138599166 
0.341363339302 0.824336044707 0.758949465622 0.105632952372 0.105787405715 0.775748529208 
0.678315337344 0.46624531859 0.926308818109 0.492824439023 0.518772240537 0.620580861017 
0.238489212588 0.774861014109 0.646583827097 0.797122834415 0.40311733685 0.692562763977 
0.738112943548 0.517062679641 0.751212844659 0.462273727373 0.784722393551 0.779864057586 
0.318180945712 0.135241414673 0.887038691056 0.311327915556 0.985607504295 0.679297943856 
0.867686941263 0.197069259435 0.386440566072 0.819439632018 0.854963620687 0.822711016864 
0.487130059171 0.642350991671 0.680830986174 0.691351503701 0.522175253231 0.93661846483 
0.898721255139 0.908808790025 0.496704686567 0.356970928555 0.880157615419 0.655901507647 
0.55204881233 0.924520067162 0.202141052066 0.105632952372 0.105787405715 0.856091529097 
0.89174889588 0.0385351370771 0.986258144705 0.473987450845 0.192999150544 0.526086843486 
0.678315337344 0.46624531859 0.926308818109 0.492824439023 0.518772240537 0.620580861017 
0.827438707089 0.51778830249 0.195432015739 0.973053323406 0.787067396563 0.43023374755 
0.318180945712 0.135241414673 0.887038691056 0.869177083538 0.0240161676161 0.738497020083 
0.742566478787 0.636197792661 0.638398724293 0.339169041531 0.673263045266 0.73180590301 
0.455893960559 0.57177424461 0.978985182413 0.941500259852 0.918627125308 0.67670183523 
0.492503256751 0.719876271 0.749984811315 0.339169041531 0.673263045266 0.691354722845 
0.537395045176 0.780860683403 0.160125775977 0.839532755255 0.371423581498 0.745397431243 
0.852757182804 0.445778680327 0.804913044477 0.969172719889 0.791760162506 0.607002502652 
0.25668261684 0.652356090894 0.631213997228 0.853052648462 0.592662640428 0.800764787062 
0.350683342354 0.647302935541 0.800766857866 0.645129104126 0.0777413147034 0.704214586952 
0.99236678471 0.58895924597 0.183588568405 0.167636377476 0.531902867611 0.769635121695 
0.992629542071 0.270230456506 0.116373370094 0.792488215332 0.060868397917 0.397042344136 
0.974298500816 0.979358673042 0.843886312843 0.996023586123 0.110018987565 0.70218542912 
0.0434523015053 0.457816824718 0.951707119628 0.709179883581 0.334472788905 0.700853955889 
0.32114058732 0.22574232922 0.656687603476 0.60443121058 0.954320976118 0.785988853484 
0.992596875053 0.285809872156 0.103969446185 0.0168213298821 0.76711590052 0.732829331592 
0.902119593772 0.288737984695 0.385647390025 0.963794071868 0.134999226714 0.56440751331 
0.945689558064 0.557677587445 0.816011186226 0.632669179973 0.327386706985 0.32392692208 
0.979801725476 0.670683482199 0.3236655348 0.712291968634 0.701496491401 0.601457247296 
0.895380551369 0.808939296292 0.272904974571 0.821873819644 0.841012441506 0.656077434789 
0.633537768544 0.374178373517 0.612529308685 0.693440465648 0.163791508297 0.679626044227 
0.988442576259 0.811874237517 0.425838163359 0.311327915556 0.985607504295 0.717956690348 
0.742566478787 0.636197792661 0.638398724293 0.715509393411 0.0207864133703 0.777346027975 
0.585892880698 0.48383894664 0.533144495502 0.799018915726 0.642829455401 0.512018407438 
0.537395045176 0.901602141498 0.122561518082 0.669775192333 0.175232886209 0.819358354557 
0.776874124755 0.0416548167115 0.425572418803 0.983194582779 0.582453380651 0.756593637161 
0.74636781067 0.884323693235 0.349780076189 0.597830032753 0.954974558 0.758371200614 
0.377408620363 0.183149760925 0.673577316791 0.970693678489 0.824417024752 0.714717419735 
0.963244729175 0.592886497102 0.347738036934 0.604452781094 0.241457403411 0.835093593592 
0.747266624281 0.891508567009 0.864455870084 0.0960510375348 0.814847048288 0.369727152503 
0.455893960559 0.57177424461 0.978985182413 0.941500259852 0.918627125308 0.67670183523 
0.232451119762 0.662127873627 0.971409598207 0.330006851803 0.766457562347 0.600449355597 
0.271661488767 0.670516908683 0.980760285309 0.903332100604 0.0358914017096 0.522007807229 
0.793132425158 0.975744081797 0.850322343819 0.266265572128 0.800012671509 0.62406982565 
0.983740464321 0.272569781501 0.143751681194 0.26805846768 0.993552452869 0.705367893441 
0.983740464321 0.272569781501 0.143751681194 0.669775192333 0.182301292365 0.889928135725 
0.194904842563 0.577280763315 0.177196708637 0.512304226198 0.956069171928 0.479562123285 
0.728026241376 0.735952009581 0.739981760395 0.485310303625 0.748386871793 0.80113245971 
0.882540762698 0.056410925656 0.709821119823 0.485298185014 0.990346111182 0.837637673355 
0.782992559488 0.372044162977 0.575739823398 0.854778411619 0.527126172811 0.815062144334 
0.398107668803 0.871031353131 0.963095732657 0.465658554948 0.923306295104 0.569775681119 
