0.910871890112 0.792744161387 0.879849459557 0.801437424504 0.687034318066 0.515246085191 
0.561375472278 0.730640462382 0.968184970708 0.112152079074 0.980621587461 0.633927815188 
0.711198768931 0.712941204799 0.682369339716 0.701651674954 0.569866218261 0.633236006086 
0.66130272216 0.498109341222 0.61558055055 0.12043734389 0.896023776573 0.444483288532 
0.68522777541 0.424736335808 0.643700485761 0.944908057873 0.190809946911 0.715074837697 
0.711703456687 0.998480236312 0.766847605752 0.880664418589 0.0819041299323 0.51199983366 
0.695755733756 0.906442176858 0.377557245006 0.26730289812 0.961004748169 0.696617475703 
0.515139260942 0.996448250906 0.56513026606 0.726230423382 0.630593771273 0.672066309383 
0.00372837186926 0.889790482556 0.926859701441 0.98516533304 0.216585382239 0.531021813587 
0.695755733756 0.906442176858 0.134721736587 0.873264726263 0.491367458477 0.630356752006 
0.834121150902 0.566333586858 0.11738120873 0.0324857287302 0.979082591289 0.755168631258 
0.501762764436 0.696011227579 0.547178478197 0.732052172981 0.674311096332 0.579253715918 
0.929475115763 0.730640462382 0.968184970708 0.112152079074 0.980621587461 0.580434301918 
0.488657985754 0.423457288691 0.863768825174 0.711784530495 0.787227057513 0.619777012649 
0.288052509638 0.655501740765 0.427577552633 0.836040014852 0.593530766385 0.692876927939 
0.632042831976 0.0507876655819 0.914738995157 0.711396974088 0.238450517561 0.749170434634 
0.802779385838 0.0278413899424 0.494143620266 0.857515217093 0.879102496123 0.70793605976 
0.515139260942 0.996448250906 0.56513026606 0.726230423382 0.630593771273 0.672066309383 
0.917563503487 0.527799971221 0.904358783565 0.979635067765 0.259747304045 0.421798409317 
0.697425809649 0.11817176282 0.377557245006 0.26730289812 0.961004748169 0.738014078059 
0.488657985754 0.423457288691 0.863768825174 0.711784530495 0.73533069734 0.687435297817 
0.352884545986 0.248175836793 0.938961517718 0.796522948714 0.750084880142 0.507855658114 
0.520344451671 0.482434084265 0.980327066142 0.48362127994 0.992413877166 0.721607728321 
0.565965701154 0.482695123256 0.823416761358 0.425973204956 0.028921421773 0.863815220226 
0.876461979078 0.825888354821 0.873050407986 0.896852516287 0.701577279934 0.540206710834 
0.520344451671 0.482434084265 0.980327066142 0.48362127994 0.992413877166 0.721607728321 
0.915108469686 0.338167467218 0.430277533171 0.260838398011 0.832502744093 0.714344483749 
0.848372069339 0.893148134017 0.185573766861 0.932823184792 0.63238102741 0.573478855711 
0.29327765724 0.618538737599 0.443825869048 0.728458812235 0.961070914 0.623821801305 
0.423677193416 0.617936902798 0.912327189524 0.7738807126 0.740259958221 0.643829931808 
0.202753933349 0.933725219552 0.262916768355 0.0912048072445 0.922514655588 0.779903556222 
0.848372069339 0.893148134017 0.185573766861 0.26730289812 0.961004748169 0.658027282829 
0.282135827732 0.947440803672 0.64883064391 0.997411586769 0.70944330917 0.748042441707 
0.809439719123 0.354350243639 0.205946163165 0.800188838809 0.808796656888 0.704117490927 
0.574695353168 0.649588794432 0.204264574449 0.364407124887 0.880749530839 0.705108658249 
0.987390090613 0.52798281387 0.70169972238 0.459719128658 0.730450630854 0.70969489623 
0.55104671851 0.465773058713 0.751304845336 0.669294484505 0.655042266688 0.702339102327 
0.483104102061 0.228007691665 0.810251129423 0.835083466578 0.961173176506 0.735098780379 
0.66130272216 0.498109341222 0.61558055055 0.12043734389 0.896023776573 0.444483288532 
0.740356837383 0.0278413899424 0.494143620266 0.857515217093 0.879102496123 0.827457659053 
0.824064556007 0.436351705669 0.717974793759 0.567866587893 0.5337739454 0.80717820758 
0.00372837186926 0.889790482556 0.926859701441 0.934125609603 0.381929662019 0.484723000136 
0.181882210611 0.405122056305 0.923336842593 0.612531744473 0.813828762504 0.863960985745 
0.238950432054 0.606922345842 0.980327066142 0.48362127994 0.992413877166 0.933586308588 
0.565965701154 0.482695123256 0.823416761358 0.219191473425 0.915480610429 0.654770759491 
0.904360215181 0.540408182327 0.221152592403 0.934125609603 0.559519802703 0.591074828409 
0.290501982507 0.95884727625 0.858241490206 0.449890764912 0.812869313511 0.605218032893 
0.834121150902 0.514300998712 0.26666779515 0.997411586769 0.70944330917 0.742251985559 
0.268015556257 0.910153752617 0.650267280838 0.0825239221946 0.961936555155 0.564273623126 
0.897223748024 0.141426073064 0.921730252506 0.505095029591 0.912652515102 0.532111946577 
0.788056179866 0.496191357746 0.49637241724 0.373224092114 0.904236460684 0.932228896234 
0.501762764436 0.696011227579 0.547178478197 0.732052172981 0.674311096332 0.579253715918 
0.735830154752 0.671473578116 0.61692776727 0.167879717559 0.840245971434 0.312640057193 
0.177206945311 0.798356383719 0.854459924274 0.666219706762 0.992413877166 0.584945994771 
0.29327765724 0.618538737599 0.443825869048 0.728458812235 0.961070914 0.623821801305 
0.565965701154 0.482695123256 0.823416761358 0.425973204956 0.550228702099 0.675539538234 
0.553032319843 0.165067497628 0.89612013226 0.689903496796 0.654329097513 0.747659686777 
0.162423961667 0.566333586858 0.992972611141 0.312857618083 0.2280977901 0.637677002429 
0.711703456687 0.998480236312 0.766847605752 0.669294484505 0.655042266688 0.639547790812 
0.661153133513 0.845381513356 0.888634564729 0.954909459465 0.291278158808 0.45347062987 
0.488657985754 0.423457288691 0.863768825174 0.711784530495 0.787227057513 0.619777012649 
0.458309948683 0.957014915126 0.859380695907 0.830305976023 0.893978223518 0.762096247847 
0.603356394895 0.712139690664 0.790500260222 0.323558381666 0.339427536655 0.791584604643 
0.488657985754 0.423457288691 0.863768825174 0.711784530495 0.787227057513 0.619777012649 
0.44991619265 0.582265938232 0.916293602856 0.324612626092 0.197505716556 0.727864185261 
0.969179142332 0.246646824065 0.770074329336 0.579502822235 0.747985984773 0.639033496269 
0.520344451671 0.482434084265 0.564521882988 0.938292113092 0.962015399222 0.770247534655 
0.557361208511 0.760483526122 0.894594680566 0.71193786328 0.815467658023 0.553617513683 
0.897223748024 0.141426073064 0.921730252506 0.505095029591 0.550228702099 0.624587503659 
0.843934500968 0.7782539643 0.997811200497 0.341163103239 0.804977726296 0.337972025833 
0.553032319843 0.501937916273 0.992972611141 0.312857618083 0.2280977901 0.739192087417 
0.483104102061 0.228007691665 0.810251129423 0.835083466578 0.961173176506 0.735098780379 
0.957948668519 0.537492345665 0.31789320776 0.971335233025 0.530374815288 0.807459993419 
0.735355838223 0.265242814205 0.899501308795 0.620976146279 0.540457855983 0.448462148355 
0.574695353168 0.649588794432 0.204264574449 0.364407124887 0.880749530839 0.705108658249 
0.162048136848 0.120352856983 0.935276526703 0.800188838809 0.808796656888 0.803256602301 
0.929475115763 0.908407549241 0.673752135274 0.711784530495 0.73533069734 0.670255063937 
0.880535421939 0.728248601553 0.240479163206 0.802991590638 0.291484550489 0.654835243437 
0.697425809649 0.198439426537 0.944988163102 0.669544242021 0.955131430937 0.589901362078 
0.657254795102 0.972055505919 0.530643360864 0.649585083495 0.787227057513 0.672468317185 
0.0965083251425 0.49678343466 0.708211428533 0.994178610425 0.231863110039 0.503868370406 
0.665751804512 0.566918270987 0.931085306718 0.57804675795 0.549693028597 0.758272281223 
0.740356837383 0.372265503917 0.225036209347 0.219191473425 0.915480610429 0.758239522934 
0.904360215181 0.540408182327 0.221152592403 0.934125609603 0.381929662019 0.643101024003 
0.700723712809 0.915095110184 0.816402721419 0.0408560206321 0.42957160359 0.648042549401 
0.473458057105 0.824514179891 0.902839393511 0.202202197122 0.403469159561 0.696681164651 
0.364184901106 0.0434933944882 0.21272650237 0.775471564659 0.972473194699 0.311679271984 
0.950549344682 0.690180136977 0.910440267114 0.86262052967 0.384926794465 0.0984553571056 
0.0733550215669 0.849636571336 0.854459924274 0.666219706762 0.992413877166 0.830200873208 
0.28627131674 0.477923166841 0.859380695907 0.905955614742 0.893978223518 0.831944723976 
0.21796029283 0.8348367584 0.524507749957 0.863984895929 0.959833787589 0.573980057135 
0.740356837383 0.372265503917 0.530643360864 0.649585083495 0.787227057513 0.684381177798 
0.68522777541 0.424736335808 0.643700485761 0.944908057873 0.190809946911 0.715074837697 
0.177206945311 0.798356383719 0.9529029696 0.278440211946 0.0970717308095 0.707303213774 
0.999184424864 0.759699631718 0.533726547544 0.00659827881826 0.208888232961 0.654034286534 
0.488657985754 0.198439426537 0.944988163102 0.7738807126 0.740259958221 0.712783186573 
0.904865227574 0.39271246829 0.978145553215 0.622775866261 0.045703849085 0.549820191121 
0.897223748024 0.141426073064 0.921730252506 0.505095029591 0.912652515102 0.532111946577 
0.458309948683 0.957014915126 0.511238670388 0.720847606711 0.137218457179 0.921582870805 
0.910880238012 0.522817117493 0.719950504549 0.824975532955 0.639523772085 0.427135182736 
