0.354469771881 0.415195886332 0.807800041245 0.98195814467 0.205428897728 0.631003005247 
0.338861166981 0.335228228853 0.976053366228 0.514759314893 0.137667333438 0.546086116654 
0.542261146983 0.389485917857 0.86358153721 0.063851295998 0.836504289458 0.576047336378 
0.655780044941 0.129893444208 0.97517846625 0.589280719404 0.870333363933 0.516015584434 
0.0232343383849 0.0810231534398 0.0892954313749 0.932681780856 0.80779984121 0.602495344053 
0.887014473461 0.481672000084 0.95378600336 0.474118819681 0.822162003114 0.638117787313 
0.664532903722 0.985262730564 0.319598020153 0.714496959282 0.816653146835 0.531760152136 
0.963498601119 0.605791608136 0.135063860991 0.636578517189 0.115869509043 0.693471658964 
0.927518841586 0.829156324868 0.592126139458 0.476924220535 0.667448754369 0.388112864193 
0.705100230313 0.649049731453 0.653233991172 0.0620127022938 0.477320517621 0.759199315637 
0.627751224788 0.152833397228 0.310812971245 0.977407105376 0.753284165011 0.885792949103 
0.998589548019 0.877970093005 0.917913779429 0.422877271562 0.0559233413889 0.509618473305 
0.539012535874 0.471748677753 0.980037273632 0.423395415159 0.801612322399 0.57256009662 
0.926816616934 0.698360357378 0.927125488447 0.971486404622 0.567649002219 0.607532956839 
0.663741110669 0.754664564812 0.0209287589703 0.0795928680484 0.543732337779 0.866798812288 
0.325818379509 0.769476488955 0.836516865429 0.403376749438 0.92910069901 0.656189352902 
0.949756838156 0.212487636672 0.955611309739 0.351600214871 0.526647461794 0.712609784065 
0.927636922676 0.804864465986 0.633885934593 0.259507496999 0.634810603546 0.582253873257 
0.926816616934 0.698360357378 0.963123224614 0.922708520201 0.594487831576 0.738230969788 
0.231871139433 0.554357024472 0.575369375358 0.579831924206 0.879956066779 0.924262358133 
0.32297691728 0.992102837371 0.568281544076 0.495410323389 0.161915593896 0.961628942102 
0.77600863837 0.859525803153 0.709682367394 0.497026893742 0.614830980866 0.545214777327 
0.891102316095 0.926918765175 0.88870267067 0.869347074504 0.530051320056 0.571855586464 
0.565564747759 0.968279738444 0.668330224714 0.930792255313 0.620861582116 0.565118449253 
0.998038877129 0.71322641227 0.604816706257 0.480560404376 0.481202248807 0.643482416463 
0.526019768903 0.751866627977 0.300975269022 0.262083020939 0.911269091206 0.889642737776 
0.913595739662 0.409654355585 0.98013184798 0.534501633894 0.103356984187 0.920215271667 
0.96711485984 0.863702003075 0.363983551846 0.0434577562068 0.96442720593 0.684897567217 
0.900078262776 0.268268850319 0.0688779027382 0.15718930951 0.996339184653 0.79212460813 
0.933349406311 0.241564685354 0.183509537258 0.849777859105 0.997491733221 0.831684943948 
0.565564747759 0.968279738444 0.668330224714 0.476924220535 0.667448754369 0.616344924449 
0.673356257693 0.753505553306 0.472409801114 0.873469312649 0.397418835699 0.796703931893 
0.913595739662 0.409654355585 0.319598020153 0.714496959282 0.543732337779 0.974218638686 
0.222458224434 0.988516456082 0.280203547645 0.654192207529 0.805076834062 0.768756131293 
0.84779636319 0.686538146498 0.832504755579 0.622478413196 0.987538753548 0.468317485151 
0.913595739662 0.409654355585 0.319598020153 0.714496959282 0.816653146835 0.634679054945 
0.868060867878 0.114452017646 0.3063028579 0.894443833118 0.850503363509 0.537239648313 
0.560083429809 0.102541601951 0.589366377485 0.977087531154 0.549874074573 0.650005643607 
0.455218300898 0.070151955779 0.965279579119 0.223269754883 0.86446865692 0.651039488233 
0.89859193505 0.793472200448 0.594682778754 0.652198879914 0.749681168962 0.75823552553 
0.956216244043 0.430753673706 0.492481630417 0.45685559086 0.499637726851 0.889288679598 
0.565564747759 0.926918765175 0.88870267067 0.869347074504 0.530051320056 0.632187300872 
0.854166546641 0.847496625182 0.471044428277 0.878583634112 0.651089233678 0.569359252776 
0.854815808608 0.588506726127 0.847915981609 0.34644488246 0.859417772416 0.684593001308 
0.976409320258 0.643729854715 0.546282122022 0.550720583578 0.949970650949 0.534672317366 
0.854815808608 0.588506726127 0.847915981609 0.34644488246 0.75480020273 0.758867377772 
0.854166546641 0.98885361102 0.500915680154 0.733102092978 0.992218560947 0.435685541719 
0.170076821669 0.411152081851 0.802717234578 0.89883567172 0.710803510545 0.390585186726 
0.0366319781845 0.593388698809 0.939508730348 0.38497173568 0.972580838027 0.625541656322 
0.730732749143 0.847496625182 0.471044428277 0.878583634112 0.651089233678 0.721606419784 
0.732358738678 0.890707369033 0.836859948801 0.921931997417 0.361522311845 0.734166635117 
0.228481225925 0.695641756726 0.85972812425 0.67029359787 0.607196591816 0.554616451647 
0.542197018064 0.212487636672 0.955611309739 0.351600214871 0.526647461794 0.783214638348 
0.615794818195 0.933458324433 0.639255588573 0.939748279113 0.514612537202 0.791477240859 
0.730732749143 0.847496625182 0.471044428277 0.34644488246 0.75480020273 0.797040705299 
0.615794818195 0.933458324433 0.639255588573 0.860482620492 0.990336791697 0.741718307834 
0.52993185284 0.948229884337 0.148573341215 0.820666357388 0.29614207643 0.799449903665 
0.213973928554 0.339548918904 0.376041947019 0.999988501195 0.896377364284 0.479593301802 
0.800615529737 0.985399542967 0.753427482777 0.483039030938 0.0953827324232 0.620322045781 
0.526019768903 0.751866627977 0.300975269022 0.262083020939 0.911269091206 0.889642737776 
0.558323758377 0.157982804929 0.871895905043 0.622969934636 0.927451138482 0.847342230311 
0.426383914698 0.87508099463 0.0892954313749 0.932681780856 0.80779984121 0.602480334651 
0.974917030053 0.20771700668 0.57953008443 0.844789959305 0.584463398215 0.726044315389 
0.258218540607 0.380676722669 0.965574297396 0.733219862799 0.514612537202 0.688802241924 
0.664532903722 0.985262730564 0.319598020153 0.714496959282 0.896377364284 0.469494996897 
0.526019768903 0.616270830632 0.927125488447 0.971486404622 0.567649002219 0.756594812699 
0.542197018064 0.212487636672 0.955611309739 0.351600214871 0.526647461794 0.783214638348 
0.922880483863 0.80522383999 0.30896304079 0.477069600839 0.516919941392 0.616805074915 
0.527370724656 0.485716208572 0.174476655714 0.951394135531 0.60440265351 0.397167002518 
0.965017784658 0.827963986238 0.800762443313 0.164057297762 0.864241842117 0.689832646179 
0.974917030053 0.20771700668 0.57953008443 0.844789959305 0.584463398215 0.726044315389 
0.664532903722 0.985262730564 0.832764763 0.499192827828 0.976973969863 0.613037545515 
0.987739882025 0.780651441608 0.847138831711 0.582448048588 0.826172005105 0.651962545274 
0.663741110669 0.430422718072 0.0139445004793 0.541298218298 0.884465807193 0.775032189294 
0.732358738678 0.890707369033 0.836859948801 0.921931997417 0.361522311845 0.734166635117 
0.627751224788 0.933458324433 0.639255588573 0.939748279113 0.514612537202 0.788498609241 
0.966468806292 0.828232803659 0.80730567896 0.0852761365131 0.51586106916 0.610008357139 
0.426383914698 0.87508099463 0.962314539737 0.328568618691 0.809399439286 0.754262984642 
0.52993185284 0.948229884337 0.148573341215 0.820666357388 0.805076834062 0.745138129164 
0.563432225418 0.442457079656 0.347119007724 0.372045545674 0.991982416905 0.608727218917 
0.398360636943 0.346748851155 0.676155830671 0.860482620492 0.990336791697 0.788904071617 
0.609670711903 0.858802065777 0.220204311606 0.836056566984 0.869140205773 0.908061155471 
0.455218300898 0.070151955779 0.965279579119 0.223269754883 0.86446865692 0.651039488233 
0.183680271932 0.996632989792 0.596532352796 0.682005256635 0.389796060535 0.925667824285 
0.418803012883 0.820231941106 0.961224501415 0.713877183316 0.209721615682 0.759219195971 
0.126787805673 0.447267268698 0.798675898825 0.601060671316 0.965689001933 0.538981953654 
0.949756838156 0.980512010888 0.913495729117 0.606387997928 0.499637726851 0.683415914887 
0.32297691728 0.992102837371 0.568281544076 0.682005256635 0.389796060535 0.864591734473 
0.592015023608 0.938972249933 0.143164644566 0.904980119522 0.13565544122 0.581636894848 
0.949756838156 0.212487636672 0.955611309739 0.351600214871 0.526647461794 0.712609784065 
0.705100230313 0.649049731453 0.653233991172 0.0620127022938 0.477320517621 0.759199315637 
0.526019768903 0.751866627977 0.300975269022 0.262083020939 0.911269091206 0.889642737776 
0.105820711991 0.502467519387 0.742241695996 0.590353603258 0.860058539511 0.497558099423 
0.32297691728 0.992102837371 0.568281544076 0.495410323389 0.161915593896 0.961628942102 
0.526019768903 0.616270830632 0.927125488447 0.971486404622 0.209721615682 0.821946389919 
0.647363575135 0.370522298173 0.684639345169 0.715391723052 0.982221034841 0.732413571978 
0.240852582406 0.850154313984 0.626548813072 0.900968581792 0.973989162222 0.565611854821 
0.913595739662 0.409654355585 0.802717234578 0.89883567172 0.710803510545 0.377528079729 
0.327548482727 0.680155179506 0.950441670354 0.957662858357 0.509493327069 0.715654173514 
0.539012535874 0.471748677753 0.980037273632 0.423395415159 0.801612322399 0.57256009662 
