0.107640823299 0.501653877405 0.883468556478 0.419174617616 0.936238273162 0.488148768497 
0.779309898695 0.996754641289 0.651899350966 0.646558998869 0.757821395994 0.820927737129 
0.743663695536 0.175967080962 0.826253756286 0.102607292592 0.620292639018 0.475079550536 
0.484078202894 0.733650406485 0.931257841018 0.740545266667 0.0980027929856 0.373073692873 
0.39664608314 0.416042224012 0.613905575067 0.656782881306 0.101687515352 0.808808954635 
0.963140489866 0.125332949901 0.110486793453 0.787560734382 0.647804775329 0.434762303079 
0.439422079312 0.80684313501 0.142367913021 0.551181108228 0.845587915334 0.662673181056 
0.521428347902 0.848109173378 0.631009818406 0.931250421163 0.924774175727 0.503979000493 
0.590224781123 0.0276348924868 0.893383190057 0.14490315525 0.536016802266 0.631066184758 
0.637521836194 0.247265751382 0.926274219373 0.675246566854 0.518297109303 0.798988984905 
0.554540406121 0.537696690421 0.684667958997 0.376506342769 0.789371865362 0.641159673582 
0.93054249211 0.132531989241 0.677239794044 0.55936240304 0.861003391789 0.363477552179 
0.437914371015 0.876438203918 0.634258583778 0.409954084032 0.898231943808 0.55740817273 
0.87204554148 0.761347142691 0.150369500308 0.445369691223 0.797882781427 0.463841988164 
0.750265031815 0.398001376609 0.772812866838 0.430696039014 0.583336681438 0.605927249816 
0.838900201031 0.958268672707 0.00671564913131 0.123058881582 0.885496273597 0.496090757618 
0.882173557589 0.503402082137 0.553774371004 0.73664859046 0.200775426526 0.689507604783 
0.236402026849 0.784381943847 0.209125171899 0.942225592274 0.549718587249 0.686983314252 
0.792196929377 0.0611010476562 0.691780429367 0.646558998869 0.757821395994 0.783381388882 
0.625361540154 0.338778200221 0.825360584766 0.17234738092 0.668110870541 0.66252395776 
0.893545836456 0.591839231457 0.49901564724 0.892943487377 0.23317763848 0.667021717294 
0.0888273705437 0.877314538895 0.902985077269 0.454614622432 0.682312771901 0.527904659389 
0.345830035472 0.324105726625 0.790450864796 0.996351689564 0.496284924124 0.678318004597 
0.95280438712 0.823059267292 0.144396322458 0.0427738926795 0.566038948504 0.582306983606 
0.239412098259 0.430328623658 0.449855689699 0.826522482854 0.853814187573 0.777876393128 
0.340510590232 0.9576260998 0.842511087117 0.694557305422 0.133932233144 0.667570689432 
0.526356006443 0.77720426824 0.81065104932 0.748084319801 0.748724553249 0.670695769503 
0.763151567258 0.163590109198 0.839740419498 0.877236665121 0.356810787005 0.63508957879 
0.735523151396 0.915884084408 0.0775305753741 0.994773825866 0.308909061556 0.719068174744 
0.873626085509 0.720206139123 0.135899717454 0.509978989436 0.937320325246 0.43989129324 
0.703532179267 0.109848164919 0.10746499183 0.996351689564 0.496284924124 0.704274702653 
0.0998894090471 0.97825688152 0.504982401484 0.963136969721 0.843350133178 0.483102400318 
0.917822364537 0.373771210389 0.293118792514 0.869251462015 0.828817490208 0.613624596689 
0.792196929377 0.0611010476562 0.691780429367 0.892721091217 0.567406183642 0.685356140473 
0.433782068269 0.561778443368 0.25200863219 0.818020536761 0.417089924877 0.729576644239 
0.910094048727 0.975350267208 0.759646398044 0.818050556966 0.584674471443 0.613064438904 
0.51704458197 0.783891582812 0.917727086006 0.689563999295 0.761494888603 0.594847560697 
0.484078202894 0.733650406485 0.931257841018 0.17234738092 0.668110870541 0.67333234444 
0.752137224279 0.000449907209383 0.9014577559 0.854841871166 0.272096241436 0.746064463272 
0.990498325394 0.861186685207 0.835691017976 0.363157342079 0.925247725715 0.40356529669 
0.214422299053 0.593217007241 0.779806202098 0.0154099788981 0.945666809087 0.340440225973 
0.871767831196 0.696793724483 0.0738045417959 0.963136969721 0.843350133178 0.539059134699 
0.247425928427 0.133049303639 0.929596862755 0.0877675804893 0.709569659302 0.416013029761 
0.902435079975 0.597987581166 0.309826043967 0.624895344171 0.848228709481 0.458132533408 
0.855142932823 0.996754641289 0.651899350966 0.646558998869 0.757821395994 0.813005987437 
0.849379852976 0.914953743374 0.158512539863 0.414232492606 0.809686885548 0.365162569472 
0.554404255129 0.555092268135 0.674465831432 0.825774123884 0.686840642895 0.807562127573 
0.779309898695 0.996754641289 0.651899350966 0.646558998869 0.757821395994 0.820927737129 
0.036076938622 0.16613803047 0.170036081558 0.945748431751 0.86358999634 0.726445666795 
0.543978291944 0.921362858317 0.248634228254 0.311630261176 0.861119927345 0.726337421809 
0.95280438712 0.823059267292 0.144396322458 0.624895344171 0.848228709481 0.402872862208 
0.921891948984 0.889142182363 0.829353463951 0.896086651734 0.215031342212 0.464918409612 
0.271090513254 0.24575315632 0.810751562652 0.314125029959 0.974952335115 0.418867315338 
0.320858384824 0.0403663723966 0.981546728959 0.655895910354 0.248565281076 0.583873748153 
0.963140489866 0.125332949901 0.110486793453 0.43167412598 0.335327065837 0.543436838582 
0.368945064743 0.216705571178 0.858859742692 0.509824064628 0.530795110038 0.614800262403 
0.49371071308 0.163497061247 0.82781641906 0.477917074518 0.777482918768 0.898761905774 
0.602752075507 0.0168697007248 0.857230042979 0.44358904034 0.819469057911 0.500236253068 
0.259036322807 0.729009084978 0.525000501256 0.744213666945 0.945178454018 0.654304238486 
0.807463945826 0.972023948546 0.0255937663487 0.810785321443 0.923343276272 0.561332101003 
0.855437063881 0.190416259923 0.600606082215 0.805071948745 0.810717908974 0.388535504157 
0.871767831196 0.696793724483 0.0738045417959 0.540043331871 0.97449617601 0.405965294075 
0.674340820234 0.549949067915 0.925594826599 0.0136484828667 0.294757145487 0.637251017839 
0.699282162202 0.994751724031 0.553183668649 0.266505490051 0.987554038959 0.902472747171 
0.855437063881 0.89921573216 0.600606082215 0.805071948745 0.810717908974 0.262100293444 
0.889067295541 0.155526516833 0.807387455632 0.601672517929 0.774828798932 0.571524822449 
0.917822364537 0.373771210389 0.293118792514 0.963136969721 0.843350133178 0.432268749931 
0.963140489866 0.658747451431 0.907886459098 0.926859361499 0.0631866681444 0.650535872986 
0.764399070489 0.92935407412 0.898454786878 0.0420559940685 0.538891567434 0.756245951413 
0.963140489866 0.125332949901 0.110486793453 0.43167412598 0.335327065837 0.543436838582 
0.564959742271 0.606021149729 0.508323887413 0.963136969721 0.843350133178 0.61915418663 
0.994726720127 0.385396663577 0.415433750516 0.157643799898 0.645050419537 0.71819623048 
0.932696160545 0.948712020155 0.762372617637 0.7873820781 0.114303593427 0.643110303141 
0.643544275106 0.488311363769 0.956254294519 0.442140765219 0.126052149074 0.785770091948 
0.214959969907 0.192844827371 0.933471412159 0.108283985489 0.986845546773 0.664652466194 
0.380138223394 0.85665593958 0.719988558407 0.387410647943 0.740628449276 0.326535355146 
0.341624573836 0.780262631515 0.809184005944 0.464040868206 0.91182581798 0.54400336255 
0.685908495764 0.414547185097 0.517955471369 0.942858621841 0.310253335242 0.754450413328 
0.855142932823 0.963594128088 0.022235867159 0.91904360168 0.122652589143 0.655954965831 
0.0888273705437 0.877314538895 0.902985077269 0.108283985489 0.986845546773 0.701154208236 
0.485543825042 0.507216275565 0.536020852742 0.567803764553 0.786657026159 0.55467388673 
0.583900888667 0.949443246589 0.364781479527 0.87902598768 0.0256029856409 0.533932848038 
0.0999990292203 0.609813672319 0.786904411415 0.624895344171 0.848228709481 0.743427734648 
0.54584691051 0.445000461951 0.774318811306 0.314403595519 0.939043094805 0.760920720805 
0.08944840172 0.82717527273 0.735401310242 0.490976300384 0.764661027872 0.516952731351 
0.273072538934 0.735537910002 0.696870570033 0.400702303878 0.00616600272264 0.735179709296 
0.871767831196 0.696793724483 0.0738045417959 0.963136969721 0.843350133178 0.539059134699 
0.948384032566 0.577803728236 0.706461390577 0.698217474323 0.550297970204 0.768357788961 
0.92239543568 0.598168330231 0.116341855922 0.455489487212 0.62070563578 0.654690971964 
0.634596394939 0.656478624907 0.963993563787 0.454766265726 0.213857372683 0.707648573753 
0.295757039957 0.298184741265 0.763181863085 0.979766096122 0.65388940858 0.521614515708 
0.239412098259 0.430328623658 0.449855689699 0.826522482854 0.853814187573 0.777876393128 
0.382235194909 0.434109767409 0.968126871474 0.43167412598 0.335327065837 0.701054147604 
0.0172824847582 0.188421320392 0.773877103773 0.559150136633 0.533272197542 0.78195701456 
0.752976418264 0.889525628478 0.326414454238 0.508687309257 0.816268985191 0.698271857154 
0.902435079975 0.597987581166 0.309826043967 0.160810616553 0.999710440421 0.675719795253 
0.0998894090471 0.97825688152 0.504982401484 0.731226705127 0.736336779874 0.529797172342 
0.87204554148 0.761347142691 0.150369500308 0.445369691223 0.797882781427 0.463841988164 
0.980958435682 0.415745056517 0.0206364464354 0.892943487377 0.23317763848 0.653868308668 
0.626195751795 0.0132637151773 0.870616431311 0.0195072292922 0.799000575422 0.505972164056 
