0.878958371962 0.694179205897 0.99867049496 0.657357670609 0.787039128454 0.517066436662 
0.903759784587 0.452956488026 0.991958370734 0.298785561275 0.0567314179534 0.484742870922 
0.43803780346 0.799780152524 0.355040839272 0.00503590288499 0.997758865271 0.669748169651 
0.64810807704 0.542695211226 0.691238150342 0.273557126815 0.306780323169 0.580712914499 
0.272828656016 0.893515821441 0.891077791232 0.655183297576 0.394234334674 0.61515343267 
0.948569369173 0.387214928408 0.0375627760454 0.848241012187 0.866139628911 0.633552929387 
0.302287318652 0.862269645638 0.905591100839 0.412022310434 0.687084425495 0.611093575018 
0.626360088245 0.352080935751 0.995286614756 0.0368101761738 0.763573536576 0.748004347855 
0.00963215722858 0.0404881872013 0.533825278443 0.900666714806 0.378422938668 0.587214582929 
0.771655895894 0.253532310987 0.784640390606 0.468908735843 0.82407724654 0.381217681942 
0.464359036043 0.628629122501 0.647892540451 0.495132054423 0.525378965211 0.861384295901 
0.962194913848 0.866042558997 0.0102118219856 0.365609059247 0.837806894363 0.395910381404 
0.617882151908 0.406133332432 0.180338226093 0.777224877164 0.854338320546 0.638673238266 
0.258231697792 0.978545184449 0.599645634355 0.945069819755 0.135273975642 0.410779149082 
0.981033059233 0.0228235125831 0.676540715914 0.124441760457 0.950147690266 0.614420845381 
0.54996519552 0.408032905277 0.847822325214 0.43210151709 0.970758200733 0.442799195768 
0.873844468644 0.0528979702967 0.182743200322 0.809221249021 0.220202625063 0.520656325376 
0.48846235143 0.59981678287 0.786486134226 0.969154833144 0.593609329751 0.571789995769 
0.22582158077 0.521679223287 0.0950210685504 0.0143943873025 0.988812570818 0.628790725107 
0.629292717302 0.128983854777 0.686701180301 0.955009867141 0.798975060884 0.4026588935 
0.641120535697 0.848270120094 0.980660651052 0.777737779897 0.50310136231 0.370129575968 
0.132414673151 0.324724318101 0.419097845967 0.796628307779 0.873250506845 0.550462796047 
0.853686409552 0.878518530129 0.766622391725 0.00953478123339 0.412629594653 0.510739700791 
0.933846210568 0.0311439271703 0.329688253204 0.660646747848 0.0054324006043 0.703540338177 
0.720771724574 0.43754652167 0.821873250852 0.135204637184 0.919562918549 0.609074986522 
0.96118370119 0.352080935751 0.995286614756 0.0368101761738 0.763573536576 0.723365401944 
0.685899823155 0.856068976481 0.226280525795 0.302265883147 0.957440937954 0.382735377071 
0.581924531242 0.202234473435 0.515886441747 0.947296704797 0.937944904937 0.785108501154 
0.517660784859 0.487738424566 0.159682441181 0.812723783756 0.912645911138 0.666037056546 
0.397520872643 0.475934388763 0.0846486630508 0.483988629344 0.870602127704 0.721552305254 
0.158277421769 0.359778022724 0.666367566214 0.823775638578 0.914572707206 0.406005004747 
0.933846210568 0.0311439271703 0.329688253204 0.660646747848 0.0054324006043 0.703540338177 
0.540478420786 0.966572936655 0.676540715914 0.124441760457 0.950147690266 0.644265727383 
0.18388024754 0.661754802512 0.129583289642 0.939487818193 0.400471051128 0.743839574192 
0.228491747121 0.893435634184 0.716695936474 0.65951540168 0.347942635929 0.761227406599 
0.910995147345 0.397100920631 0.0387771908963 0.546992316885 0.786697951906 0.729389412654 
0.793169384849 0.180328235646 0.957466753865 0.678025425365 0.963910290626 0.770896940519 
0.653098975103 0.284619930427 0.460911724087 0.93707090296 0.0395466633978 0.478250860061 
0.429335891048 0.736652783036 0.620002007683 0.140475928576 0.802332600137 0.656196614487 
0.948569369173 0.387214928408 0.0375627760454 0.43210151709 0.970758200733 0.424953618163 
0.776579137079 0.984131382861 0.655809223008 0.732565581598 0.727314359944 0.684984416196 
0.624276989074 0.507465266459 0.824628816077 0.562112057482 0.827093735942 0.443843266515 
0.405097204231 0.394283864119 0.34910227736 0.275393673792 0.942693743461 0.496178646443 
0.18388024754 0.661754802512 0.129583289642 0.939487818193 0.400471051128 0.743839574192 
0.907888095478 0.691018373251 0.501081744287 0.778912679168 0.770525054738 0.773106693813 
0.180565848065 0.00708409524708 0.615893834677 0.750320123684 0.968587206976 0.643391343294 
0.900597897332 0.553219815086 0.0821195217613 0.27041505864 0.962210013649 0.725362751756 
0.258231697792 0.978545184449 0.419097845967 0.796628307779 0.996909368519 0.467140987871 
0.405097204231 0.394283864119 0.34910227736 0.275393673792 0.942693743461 0.496178646443 
0.22582158077 0.521679223287 0.0950210685504 0.0143943873025 0.988812570818 0.628790725107 
0.394434141958 0.1379640403 0.767086277561 0.86304960525 0.843658691424 0.668048302234 
0.267847630936 0.895203611128 0.4850799762 0.667959801695 0.687297184462 0.718523546448 
0.932196688458 0.797092283892 0.517029380239 0.790933459837 0.81632709567 0.591879429919 
0.624276989074 0.978463344763 0.921042197593 0.211387543413 0.987865649862 0.458571721502 
0.96118370119 0.492012144826 0.934455276762 0.639667281611 0.723226551879 0.788046791176 
0.40014149925 0.934148297319 0.896523342072 0.329360736815 0.897796546844 0.434236965343 
0.958778103069 0.126919554497 0.51332240212 0.804031195646 0.745082380014 0.409425994339 
0.72488006711 0.685557963422 0.435606721818 0.622639084855 0.786425419236 0.619592625066 
0.0557193329263 0.732395394455 0.912078401019 0.0263051260531 0.0731976003795 0.635914242159 
0.747010446983 0.670788168244 0.622575194426 0.976987872331 0.422104959187 0.435920145057 
0.158277421769 0.450213172042 0.925761453777 0.777389169281 0.404875631992 0.722912525523 
0.140545164042 0.623282149915 0.329385456886 0.869605275291 0.874194677289 0.497012802236 
0.183509541053 0.0216881292672 0.686955359429 0.926362102336 0.94810111751 0.620795107158 
0.38072034881 0.615114782201 0.653198326245 0.891541575705 0.747562601623 0.59326808226 
0.624276989074 0.507465266459 0.824628816077 0.464129110444 0.379809320913 0.761601767655 
0.618133251754 0.982485352562 0.22720400217 0.165158172974 0.89355806765 0.52204557679 
0.922902511405 0.95699297641 0.87976386315 0.0136563570214 0.279184781794 0.737553381299 
0.900016798562 0.900110534231 0.341945380053 0.207423946486 0.145800448801 0.694881398121 
0.235450840741 0.416774486651 0.635928006487 0.435484988818 0.974441738289 0.688974190509 
0.902279688024 0.699283547384 0.621899089908 0.0305083322226 0.597946297873 0.704583410758 
0.958778103069 0.126919554497 0.51332240212 0.804031195646 0.745082380014 0.409425994339 
0.00963215722858 0.0404881872013 0.533825278443 0.900666714806 0.378422938668 0.587214582929 
0.923943203437 0.770060634652 0.567115926665 0.764007695384 0.365638744802 0.706082649029 
0.862205279545 0.738104393839 0.32129362129 0.562112057482 0.827093735942 0.455079230784 
0.040280827322 0.359778022724 0.666367566214 0.823775638578 0.914572707206 0.660678218292 
0.492219946214 0.882270110036 0.70367038025 0.841946880446 0.592594417145 0.756119029531 
0.540478420786 0.966572936655 0.395601095579 0.745423930822 0.379809320913 0.742026416733 
0.958209437185 0.799810748464 0.345905559071 0.186312829312 0.873250506845 0.671438968229 
0.517660784859 0.738104393839 0.32129362129 0.562112057482 0.827093735942 0.528891461772 
0.235450840741 0.416774486651 0.635928006487 0.435484988818 0.974441738289 0.688974190509 
0.037649520155 0.624001672965 0.975615655423 0.254738230791 0.498167295184 0.640399127109 
0.959742003443 0.607276506771 0.489292980955 0.0839635690433 0.0746420961645 0.508051916213 
0.8565133274 0.246415934207 0.135132891298 0.852199574971 0.320064563747 0.67128365484 
0.323178894788 0.79826332647 0.891077791232 0.655183297576 0.394234334674 0.621078413483 
0.540478420786 0.966572936655 0.395601095579 0.745423930822 0.379809320913 0.742026416733 
0.732966154302 0.810467715305 0.532080288759 0.148510470636 0.731689912787 0.714016337379 
0.517660784859 0.487738424566 0.159682441181 0.812723783756 0.970758200733 0.426118660489 
0.626360088245 0.352080935751 0.995286614756 0.0368101761738 0.763573536576 0.748004347855 
0.603225219585 0.927329283342 0.880910673773 0.181868974082 0.211215729192 0.722451218245 
0.855651002114 0.17087141491 0.783682798551 0.802243605414 0.257355768556 0.630479298131 
0.411662425261 0.635977029105 0.283091202089 0.631324817946 0.972950099863 0.576333723609 
0.43803780346 0.900110534231 0.341945380053 0.207423946486 0.145800448801 0.744508541193 
0.462341294099 0.834949009126 0.891279280955 0.74483826138 0.688624454036 0.511524683865 
0.72488006711 0.685557963422 0.435606721818 0.622639084855 0.786425419236 0.619592625066 
0.367886288223 0.165179700568 0.643275688796 0.891010401017 0.0342748120878 0.724555163204 
0.759762806878 0.668627373097 0.769900208342 0.808956013282 0.762515478078 0.552575937562 
0.958778103069 0.126919554497 0.51332240212 0.804031195646 0.745082380014 0.409425994339 
0.235450840741 0.416774486651 0.635928006487 0.435484988818 0.974441738289 0.688974190509 
0.848404235014 0.823241288196 0.738198019239 0.735286792708 0.0578359010527 0.364234626864 
0.18388024754 0.661754802512 0.129583289642 0.939487818193 0.400471051128 0.743839574192 
