0.978527718448 0.364869928342 0.625259139 0.475859269031 0.73144289456 0.747517804569 
0.482661084822 0.54487111575 0.559132366746 0.982299917722 0.606084894269 0.791331357387 
0.950235109032 0.634877421766 0.861039084375 0.862570407009 0.873862513261 0.84593122243 
0.996684029171 0.342619120023 0.474027989648 0.627227021339 0.826486621496 0.777030831194 
0.152034479356 0.639197573916 0.645030852415 0.572182105323 0.901418961057 0.632765658384 
0.750014428572 0.914928740156 0.0575077469922 0.567958996772 0.0121903239797 0.567475228285 
0.393498153575 0.997523388635 0.924321904418 0.490118787036 0.970301995731 1.03438332003 
0.657395127432 0.73402353296 0.74304163693 0.884496796033 0.22175621246 0.509204657654 
0.657395127432 0.73402353296 0.74304163693 0.901181123951 0.369916201131 0.444133109976 
0.512468907949 0.410591871745 0.999205218775 0.644273424088 0.631729126752 0.844123265892 
0.324968135794 0.721853208894 0.753866152537 0.932018026035 0.650958968726 0.693240705121 
0.709402409825 0.37187521984 0.0926537744394 0.964428310989 0.994556811365 0.538935431311 
0.929306835209 0.730971339529 0.94073488741 0.415567975314 0.771012614991 0.656884979142 
0.288445861905 0.99306057821 0.858259463603 0.653832950195 0.626147487598 0.946945360233 
0.972490163707 0.690815060394 0.434634795083 0.957365196855 0.649959024224 0.907282727923 
0.780809612394 0.41380303758 0.919796272624 0.306563769952 0.792302825555 0.704093966219 
0.311554920292 0.525510096029 0.967545180367 0.734405921517 0.964598093105 0.652014744627 
0.785012619912 0.338899699282 0.619722435779 0.923342754592 0.62632037848 0.830966253391 
0.359024207685 0.484294945998 0.633370765205 0.851190492415 0.91526622843 0.765884379634 
0.843399169836 0.560772327541 0.929656745859 0.608559446204 0.6771406837 1.00082416152 
0.785012619912 0.338899699282 0.619722435779 0.923342754592 0.62632037848 0.830966253391 
0.869299338134 0.8698115872 0.486862263205 0.461942851532 0.804850689125 0.87876103851 
0.259798525291 0.666675298919 0.975605712306 0.478192026774 0.434037805617 0.807683718139 
0.464070564136 0.0998299837685 0.554724702678 0.252715312993 0.916816098589 0.896847912297 
0.915703141872 0.33805957524 0.908393538715 0.364071772251 0.917593579589 0.872809041651 
0.716884941078 0.987162400408 0.434634795083 0.957365196855 0.649959024224 1.03672941383 
0.481198694322 0.931573913392 0.881063986878 0.296568423656 0.920110584711 0.440533719026 
0.392499261896 0.811878954528 0.74304163693 0.884496796033 0.22175621246 0.562834405193 
0.406072729298 0.826641521252 0.255720258779 0.478625188402 0.991674363765 0.767275930674 
0.76734464137 0.508235985874 0.598540172124 0.881823293614 0.567080593905 0.692430113127 
0.223811962414 0.917411978362 0.963853484504 0.0774875797259 0.59548759238 0.736989811254 
0.657395127432 0.73402353296 0.993138316813 0.71555340219 0.419654803264 0.662314632004 
0.161636758149 0.828390048101 0.424177668703 0.955301391655 0.692516288118 0.699609070547 
0.954813671832 0.880794671297 0.858210254404 0.02125280434 0.768992125119 0.537016488483 
0.773000443369 0.785811346662 0.225222256556 0.539226230946 0.98350809639 0.704440478232 
0.746185077092 0.810273405511 0.0797928996718 0.79716432365 0.980526520774 0.480580993951 
0.672371807295 0.194551691305 0.969839567956 0.355256661248 0.794070761476 0.864111750452 
0.122933300067 0.641928729391 0.881872524787 0.821594606265 0.673226150497 0.71891584999 
0.932176475477 0.898104219639 0.528944814328 0.798351470398 0.873862513261 0.865451382956 
0.464070564136 0.0998299837685 0.554724702678 0.252715312993 0.916816098589 0.896847912297 
0.970791211851 0.789528735747 0.562078374618 0.945003852481 0.22794791797 0.695565510838 
0.715864399411 0.814485505907 0.0637959015076 0.141910540567 0.966213559049 0.717004344524 
0.989406990937 0.718056598036 0.349299688099 0.122494215273 0.946310396148 0.755242921547 
0.372609787762 0.547102465414 0.91316487864 0.864451900104 0.161227485646 0.635935259804 
0.738300572185 0.766489349623 0.605287206007 0.849010908451 0.324590757647 0.671509969537 
0.486155846163 0.549466045506 0.213831559741 0.948937441318 0.947442447345 0.766912857019 
0.122933300067 0.641928729391 0.881872524787 0.864451900104 0.161227485646 0.675866776866 
0.847611649992 0.15390139566 0.0663803912328 0.777925253149 0.957284884196 0.637753445929 
0.594012056767 0.946217111472 0.515697504364 0.794773494962 0.976985489517 0.687539222218 
0.320442315867 0.492430892945 0.0411032876545 0.00102873250747 0.994751439418 0.600622444824 
0.600787880978 0.929379685273 0.48121246848 0.702565733257 0.954336143688 0.674859844993 
0.729875882717 0.777857933333 0.77859304489 0.789091405724 0.427905643277 0.841071787655 
0.837507650458 0.290739675512 0.965798022873 0.343519971031 0.130367824725 0.410536051322 
0.122933300067 0.641928729391 0.881872524787 0.864451900104 0.161227485646 0.675866776866 
0.889173245686 0.915809179081 0.605108393848 0.316034146935 0.0223109980074 0.406245306979 
0.423013113155 0.983237261181 0.495351449015 0.879304620624 0.472330754452 0.788416009924 
0.784025676315 0.670098523068 0.00470638572391 0.843728330601 0.98350809639 0.816143340797 
0.784025676315 0.94383691477 0.410356089326 0.0413717442675 0.677189172871 0.713911741081 
0.684522434646 0.834387055435 0.909823979492 0.226974934335 0.00484147410763 0.633621257088 
0.907071944657 0.909026409422 0.012764122759 0.791144415751 0.240289522131 0.598231930415 
0.780809612394 0.829262602112 0.69406129595 0.00346130223483 0.795647598395 0.612262885221 
0.471061302628 0.506697918023 0.00778145663861 0.228854222911 0.989546673925 0.988225043304 
0.959635645647 0.15536552835 0.730714501757 0.364071772251 0.917593579589 0.878301654223 
0.915703141872 0.33805957524 0.908393538715 0.375894060341 0.831930411777 0.659364746391 
0.709402409825 0.37187521984 0.0926537744394 0.964428310989 0.994556811365 0.538935431311 
0.559625976849 0.283019115662 0.688987962338 0.929093373454 0.845282374979 0.89431348435 
0.657395127432 0.73402353296 0.74304163693 0.884496796033 0.22175621246 0.509204657654 
0.369982535091 0.9902678823 0.56083213298 0.98156848827 0.266581043095 0.880722805115 
0.227119327816 0.820717716067 0.688987962338 0.929093373454 0.845282374979 0.814460814406 
0.392499261896 0.811878954528 0.74304163693 0.539226230946 0.98350809639 0.94274552262 
0.902217660329 0.815234511941 0.340355604814 0.990180475764 0.339771215202 0.516345455737 
0.996102126156 0.756974027936 0.817019695565 0.0142048839836 0.346292021802 0.573742048712 
0.641527203737 0.00370566147996 0.909269502199 0.7872933981 0.125029060222 0.582341898395 
0.611452609585 0.972990250061 0.676283630082 0.00437077793184 0.489209879703 0.715911173735 
0.974338971116 0.383251842473 0.489378099757 0.997995896503 0.231088415648 0.607060473331 
0.912757155805 0.825166961126 0.87710131023 0.837102731474 0.343992202303 0.378425507368 
0.550113861071 0.574568074267 0.751399110756 0.706716344425 0.888059945714 0.606856185008 
0.39303162944 0.353125592862 0.991571860228 0.32390245063 0.89411143793 0.627340928496 
0.791616818099 0.138471488808 0.480655123967 0.915440203199 0.414965158928 0.352509741718 
0.776554226871 0.719257576589 0.326442897489 0.712719982962 0.898373460074 0.753487103556 
0.740667031035 0.846391186892 0.144290070058 0.933576975922 0.368486960106 0.810757493274 
0.282426328187 0.908181497196 0.929969074477 0.0943014325592 0.276599353073 0.593646710262 
0.358094134198 0.504683676103 0.901485568595 0.919014875898 0.577481044547 0.946765526769 
0.843940184519 0.723927384267 0.657253824858 0.833500322983 0.531088808649 0.710875125505 
0.776554226871 0.719257576589 0.48121246848 0.702565733257 0.954336143688 0.623658614976 
0.482661084822 0.54487111575 0.559132366746 0.982299917722 0.768992125119 0.740752465132 
0.137403194529 0.898678484509 0.577174935358 0.886155360474 0.378074017515 0.95734663763 
0.729875882717 0.73402353296 0.993138316813 0.71555340219 0.419654803264 0.634744907248 
0.791616818099 0.138471488808 0.96608507608 0.171089147905 0.746618252143 0.849876805332 
0.392499261896 0.811878954528 0.559132366746 0.982299917722 0.606084894269 0.913073133502 
0.684522434646 0.834387055435 0.909823979492 0.119492935957 0.978869965903 0.746428031425 
0.676499467498 0.971781536919 0.113770274208 0.204343768852 0.718288701699 0.567685946639 
0.843940184519 0.723927384267 0.657253824858 0.833500322983 0.531088808649 0.710875125505 
0.715864399411 0.37187521984 0.0926537744394 0.964428310989 0.994556811365 0.536448056526 
0.64702819992 0.99269458516 0.480655123967 0.915440203199 0.414965158928 0.481144709576 
0.902189632675 0.760017845936 0.898831131002 0.864224847929 0.750372686325 0.417878993956 
0.227119327816 0.820717716067 0.577456413897 0.994342415638 0.759510956319 0.703951028608 
0.5198720206 0.237376580795 0.720469479094 0.704294098994 0.901784643973 0.589279378738 
0.288723087832 0.7423832241 0.971100801842 0.646206519275 0.565464092191 0.725348170269 
0.259798525291 0.666675298919 0.975605712306 0.355256661248 0.794070761476 0.872313374247 
