1.84974864203 1.51731037528 1.34361108616 1.21704696552 1.32162100994 1.2759529446 1.12479441229 1.02853068302 
1.84974864203 1.51731037528 1.34361108616 1.21704696552 1.32162100994 1.2759529446 1.12479441229 1.02853068302 
1.84974864203 1.51731037528 1.34361108616 1.21704696552 1.32162100994 1.2759529446 1.12479441229 1.02853068302 
1.8173459581 1.62831707978 1.44190991897 1.30608634519 1.41831104705 1.36930196272 1.20708546054 1.1037801813 
1.84974864203 1.51731037528 1.34361108616 1.21704696552 1.32162100994 1.2759529446 1.12479441229 1.02853068302 
1.84974864203 1.51731037528 1.34361108616 1.21704696552 1.32162100994 1.2759529446 1.12479441229 1.02853068302 
1.84974864203 1.51731037528 1.34361108616 1.21704696552 1.32162100994 1.2759529446 1.12479441229 1.02853068302 
1.84974864203 1.51731037528 1.34361108616 1.21704696552 1.32162100994 1.2759529446 1.12479441229 1.02853068302 
1.84974864203 1.51731037528 1.34361108616 1.21704696552 1.32162100994 1.2759529446 1.12479441229 1.02853068302 
1.84974864203 1.51731037528 1.34361108616 1.21704696552 1.32162100994 1.2759529446 1.12479441229 1.02853068302 
1.8173459581 1.62831707978 1.44190991897 1.30608634519 1.41831104705 1.36930196272 1.20708546054 1.1037801813 
1.8173459581 1.62831707978 1.44190991897 1.30608634519 1.41831104705 1.36930196272 1.20708546054 1.1037801813 
1.84974864203 1.51731037528 1.34361108616 1.21704696552 1.32162100994 1.2759529446 1.12479441229 1.02853068302 
1.84974864203 1.51731037528 1.34361108616 1.21704696552 1.32162100994 1.2759529446 1.12479441229 1.02853068302 
1.84974864203 1.51731037528 1.34361108616 1.21704696552 1.32162100994 1.2759529446 1.12479441229 1.02853068302 
1.84974864203 1.51731037528 1.34361108616 1.21704696552 1.32162100994 1.2759529446 1.12479441229 1.02853068302 
1.84974864203 1.51731037528 1.34361108616 1.21704696552 1.32162100994 1.2759529446 1.12479441229 1.02853068302 
1.84974864203 1.51731037528 1.34361108616 1.21704696552 1.32162100994 1.2759529446 1.12479441229 1.02853068302 
1.84974864203 1.51731037528 1.34361108616 1.21704696552 1.32162100994 1.2759529446 1.12479441229 1.02853068302 
1.8173459581 1.62831707978 1.44190991897 1.30608634519 1.41831104705 1.36930196272 1.20708546054 1.1037801813 
1.84974864203 1.51731037528 1.34361108616 1.21704696552 1.32162100994 1.2759529446 1.12479441229 1.02853068302 
1.84974864203 1.51731037528 1.34361108616 1.21704696552 1.32162100994 1.2759529446 1.12479441229 1.02853068302 
1.84974864203 1.51731037528 1.34361108616 1.21704696552 1.32162100994 1.2759529446 1.12479441229 1.02853068302 
1.84974864203 1.51731037528 1.34361108616 1.21704696552 1.32162100994 1.2759529446 1.12479441229 1.02853068302 
1.84974864203 1.51731037528 1.34361108616 1.21704696552 1.32162100994 1.2759529446 1.12479441229 1.02853068302 
1.84974864203 1.51731037528 1.34361108616 1.21704696552 1.32162100994 1.2759529446 1.12479441229 1.02853068302 
1.84974864203 1.51731037528 1.34361108616 1.21704696552 1.32162100994 1.2759529446 1.12479441229 1.02853068302 
1.84974864203 1.51731037528 1.34361108616 1.21704696552 1.32162100994 1.2759529446 1.12479441229 1.02853068302 
1.84974864203 1.51731037528 1.34361108616 1.21704696552 1.32162100994 1.2759529446 1.12479441229 1.02853068302 
1.84974864203 1.51731037528 1.34361108616 1.21704696552 1.32162100994 1.2759529446 1.12479441229 1.02853068302 
1.8173459581 1.62831707978 1.44190991897 1.30608634519 1.41831104705 1.36930196272 1.20708546054 1.1037801813 
1.84974864203 1.51731037528 1.34361108616 1.21704696552 1.32162100994 1.2759529446 1.12479441229 1.02853068302 
1.84974864203 1.51731037528 1.34361108616 1.21704696552 1.32162100994 1.2759529446 1.12479441229 1.02853068302 
1.84974864203 1.51731037528 1.34361108616 1.21704696552 1.32162100994 1.2759529446 1.12479441229 1.02853068302 
1.84974864203 1.51731037528 1.34361108616 1.21704696552 1.32162100994 1.2759529446 1.12479441229 1.02853068302 
1.84974864203 1.51731037528 1.34361108616 1.21704696552 1.32162100994 1.2759529446 1.12479441229 1.02853068302 
1.84974864203 1.51731037528 1.34361108616 1.21704696552 1.32162100994 1.2759529446 1.12479441229 1.02853068302 
1.84974864203 1.51731037528 1.34361108616 1.21704696552 1.32162100994 1.2759529446 1.12479441229 1.02853068302 
1.84974864203 1.51731037528 1.34361108616 1.21704696552 1.32162100994 1.2759529446 1.12479441229 1.02853068302 
1.84974864203 1.51731037528 1.34361108616 1.21704696552 1.32162100994 1.2759529446 1.12479441229 1.02853068302 
1.84974864203 1.51731037528 1.34361108616 1.21704696552 1.32162100994 1.2759529446 1.12479441229 1.02853068302 
1.84974864203 1.51731037528 1.34361108616 1.21704696552 1.32162100994 1.2759529446 1.12479441229 1.02853068302 
1.84974864203 1.51731037528 1.34361108616 1.21704696552 1.32162100994 1.2759529446 1.12479441229 1.02853068302 
1.84974864203 1.51731037528 1.34361108616 1.21704696552 1.32162100994 1.2759529446 1.12479441229 1.02853068302 
1.84974864203 1.51731037528 1.34361108616 1.21704696552 1.32162100994 1.2759529446 1.12479441229 1.02853068302 
1.84974864203 1.51731037528 1.34361108616 1.21704696552 1.32162100994 1.2759529446 1.12479441229 1.02853068302 
1.84974864203 1.51731037528 1.34361108616 1.21704696552 1.32162100994 1.2759529446 1.12479441229 1.02853068302 
1.84974864203 1.51731037528 1.34361108616 1.21704696552 1.32162100994 1.2759529446 1.12479441229 1.02853068302 
1.84974864203 1.51731037528 1.34361108616 1.21704696552 1.32162100994 1.2759529446 1.12479441229 1.02853068302 
1.84974864203 1.51731037528 1.34361108616 1.21704696552 1.32162100994 1.2759529446 1.12479441229 1.02853068302 
1.8173459581 1.62831707978 1.44190991897 1.30608634519 1.41831104705 1.36930196272 1.20708546054 1.1037801813 
1.84974864203 1.51731037528 1.34361108616 1.21704696552 1.32162100994 1.2759529446 1.12479441229 1.02853068302 
1.84974864203 1.51731037528 1.34361108616 1.21704696552 1.32162100994 1.2759529446 1.12479441229 1.02853068302 
1.84974864203 1.51731037528 1.34361108616 1.21704696552 1.32162100994 1.2759529446 1.12479441229 1.02853068302 
1.84974864203 1.51731037528 1.34361108616 1.21704696552 1.32162100994 1.2759529446 1.12479441229 1.02853068302 
1.84974864203 1.51731037528 1.34361108616 1.21704696552 1.32162100994 1.2759529446 1.12479441229 1.02853068302 
1.8173459581 1.62831707978 1.44190991897 1.30608634519 1.41831104705 1.36930196272 1.20708546054 1.1037801813 
1.84974864203 1.51731037528 1.34361108616 1.21704696552 1.32162100994 1.2759529446 1.12479441229 1.02853068302 
1.84974864203 1.51731037528 1.34361108616 1.21704696552 1.32162100994 1.2759529446 1.12479441229 1.02853068302 
1.84974864203 1.51731037528 1.34361108616 1.21704696552 1.32162100994 1.2759529446 1.12479441229 1.02853068302 
1.84974864203 1.51731037528 1.34361108616 1.21704696552 1.32162100994 1.2759529446 1.12479441229 1.02853068302 
1.84974864203 1.51731037528 1.34361108616 1.21704696552 1.32162100994 1.2759529446 1.12479441229 1.02853068302 
1.84974864203 1.51731037528 1.34361108616 1.21704696552 1.32162100994 1.2759529446 1.12479441229 1.02853068302 
1.84974864203 1.51731037528 1.34361108616 1.21704696552 1.32162100994 1.2759529446 1.12479441229 1.02853068302 
1.84974864203 1.51731037528 1.34361108616 1.21704696552 1.32162100994 1.2759529446 1.12479441229 1.02853068302 
1.84974864203 1.51731037528 1.34361108616 1.21704696552 1.32162100994 1.2759529446 1.12479441229 1.02853068302 
1.84974864203 1.51731037528 1.34361108616 1.21704696552 1.32162100994 1.2759529446 1.12479441229 1.02853068302 
1.8173459581 1.62831707978 1.44190991897 1.30608634519 1.41831104705 1.36930196272 1.20708546054 1.1037801813 
1.8173459581 1.62831707978 1.44190991897 1.30608634519 1.41831104705 1.36930196272 1.20708546054 1.1037801813 
1.84974864203 1.51731037528 1.34361108616 1.21704696552 1.32162100994 1.2759529446 1.12479441229 1.02853068302 
1.8173459581 1.62831707978 1.44190991897 1.30608634519 1.41831104705 1.36930196272 1.20708546054 1.1037801813 
1.84974864203 1.51731037528 1.34361108616 1.21704696552 1.32162100994 1.2759529446 1.12479441229 1.02853068302 
1.8173459581 1.62831707978 1.44190991897 1.30608634519 1.41831104705 1.36930196272 1.20708546054 1.1037801813 
1.84974864203 1.51731037528 1.34361108616 1.21704696552 1.32162100994 1.2759529446 1.12479441229 1.02853068302 
1.84974864203 1.51731037528 1.34361108616 1.21704696552 1.32162100994 1.2759529446 1.12479441229 1.02853068302 
1.8173459581 1.62831707978 1.44190991897 1.30608634519 1.41831104705 1.36930196272 1.20708546054 1.1037801813 
1.84974864203 1.51731037528 1.34361108616 1.21704696552 1.32162100994 1.2759529446 1.12479441229 1.02853068302 
1.84974864203 1.51731037528 1.34361108616 1.21704696552 1.32162100994 1.2759529446 1.12479441229 1.02853068302 
1.84974864203 1.51731037528 1.34361108616 1.21704696552 1.32162100994 1.2759529446 1.12479441229 1.02853068302 
1.84974864203 1.51731037528 1.34361108616 1.21704696552 1.32162100994 1.2759529446 1.12479441229 1.02853068302 
1.84974864203 1.51731037528 1.34361108616 1.21704696552 1.32162100994 1.2759529446 1.12479441229 1.02853068302 
1.84974864203 1.51731037528 1.34361108616 1.21704696552 1.32162100994 1.2759529446 1.12479441229 1.02853068302 
1.84974864203 1.51731037528 1.34361108616 1.21704696552 1.32162100994 1.2759529446 1.12479441229 1.02853068302 
1.84974864203 1.51731037528 1.34361108616 1.21704696552 1.32162100994 1.2759529446 1.12479441229 1.02853068302 
1.84974864203 1.51731037528 1.34361108616 1.21704696552 1.32162100994 1.2759529446 1.12479441229 1.02853068302 
1.84974864203 1.51731037528 1.34361108616 1.21704696552 1.32162100994 1.2759529446 1.12479441229 1.02853068302 
1.84974864203 1.51731037528 1.34361108616 1.21704696552 1.32162100994 1.2759529446 1.12479441229 1.02853068302 
1.84974864203 1.51731037528 1.34361108616 1.21704696552 1.32162100994 1.2759529446 1.12479441229 1.02853068302 
1.84974864203 1.51731037528 1.34361108616 1.21704696552 1.32162100994 1.2759529446 1.12479441229 1.02853068302 
1.84974864203 1.51731037528 1.34361108616 1.21704696552 1.32162100994 1.2759529446 1.12479441229 1.02853068302 
1.84974864203 1.51731037528 1.34361108616 1.21704696552 1.32162100994 1.2759529446 1.12479441229 1.02853068302 
1.84974864203 1.51731037528 1.34361108616 1.21704696552 1.32162100994 1.2759529446 1.12479441229 1.02853068302 
1.84974864203 1.51731037528 1.34361108616 1.21704696552 1.32162100994 1.2759529446 1.12479441229 1.02853068302 
1.84974864203 1.51731037528 1.34361108616 1.21704696552 1.32162100994 1.2759529446 1.12479441229 1.02853068302 
1.84974864203 1.51731037528 1.34361108616 1.21704696552 1.32162100994 1.2759529446 1.12479441229 1.02853068302 
1.84974864203 1.51731037528 1.34361108616 1.21704696552 1.32162100994 1.2759529446 1.12479441229 1.02853068302 
1.84974864203 1.51731037528 1.34361108616 1.21704696552 1.32162100994 1.2759529446 1.12479441229 1.02853068302 
1.8173459581 1.62831707978 1.44190991897 1.30608634519 1.41831104705 1.36930196272 1.20708546054 1.1037801813 
1.8173459581 1.62831707978 1.44190991897 1.30608634519 1.41831104705 1.36930196272 1.20708546054 1.1037801813 
1.84974864203 1.51731037528 1.34361108616 1.21704696552 1.32162100994 1.2759529446 1.12479441229 1.02853068302 
