0.0838435309753 0.1361469481 2.19668667957 1.556813999 1.40790756639 1.14364614158 1.14248274715 1.10813997333 
0.0838435309753 0.1361469481 2.19668667957 1.556813999 1.40790756639 1.14364614158 1.14248274715 1.10813997333 
3.18768498108 3.36302839555 2.19135022636 1.556813999 1.40790756639 1.14364614158 1.14248274715 1.10813997333 
0.0838435309753 0.1361469481 2.19668667957 1.556813999 1.40790756639 1.14364614158 1.14248274715 1.10813997333 
3.18768498108 3.36302839555 2.19135022636 1.556813999 1.40790756639 1.14364614158 1.14248274715 1.10813997333 
0.0838435309753 0.1361469481 2.19668667957 1.556813999 1.40790756639 1.14364614158 1.14248274715 1.10813997333 
0.0838435309753 0.1361469481 2.19668667957 1.556813999 1.40790756639 1.14364614158 1.14248274715 1.10813997333 
0.0838435309753 0.1361469481 2.19668667957 1.556813999 1.40790756639 1.14364614158 1.14248274715 1.10813997333 
0.0838435309753 0.1361469481 2.19668667957 1.556813999 1.40790756639 1.14364614158 1.14248274715 1.10813997333 
0.0838435309753 0.1361469481 2.19668667957 1.556813999 1.40790756639 1.14364614158 1.14248274715 1.10813997333 
0.0838435309753 0.1361469481 2.19668667957 1.556813999 1.40790756639 1.14364614158 1.14248274715 1.10813997333 
0.0838435309753 0.1361469481 2.19668667957 1.556813999 1.40790756639 1.14364614158 1.14248274715 1.10813997333 
0.0838435309753 0.1361469481 2.19668667957 1.556813999 1.40790756639 1.14364614158 1.14248274715 1.10813997333 
0.0838435309753 0.1361469481 2.19668667957 1.556813999 1.40790756639 1.14364614158 1.14248274715 1.10813997333 
0.0838435309753 0.1361469481 2.19668667957 1.556813999 1.40790756639 1.14364614158 1.14248274715 1.10813997333 
0.0838435309753 0.1361469481 2.19668667957 1.556813999 1.40790756639 1.14364614158 1.14248274715 1.10813997333 
0.0838435309753 0.1361469481 2.19668667957 1.556813999 1.40790756639 1.14364614158 1.14248274715 1.10813997333 
0.0838435309753 0.1361469481 2.19668667957 1.556813999 1.40790756639 1.14364614158 1.14248274715 1.10813997333 
0.0838435309753 0.1361469481 2.19668667957 1.556813999 1.40790756639 1.14364614158 1.14248274715 1.10813997333 
0.0838435309753 0.1361469481 2.19668667957 1.556813999 1.40790756639 1.14364614158 1.14248274715 1.10813997333 
0.0838435309753 0.1361469481 2.19668667957 1.556813999 1.40790756639 1.14364614158 1.14248274715 1.10813997333 
0.0838435309753 0.1361469481 2.19668667957 1.556813999 1.40790756639 1.14364614158 1.14248274715 1.10813997333 
0.0838435309753 0.1361469481 2.19668667957 1.556813999 1.40790756639 1.14364614158 1.14248274715 1.10813997333 
0.0838435309753 0.1361469481 2.19668667957 1.556813999 1.40790756639 1.14364614158 1.14248274715 1.10813997333 
3.18768498108 3.36302839555 2.19135022636 1.556813999 1.40790756639 1.14364614158 1.14248274715 1.10813997333 
0.0838435309753 0.1361469481 2.19668667957 1.556813999 1.40790756639 1.14364614158 1.14248274715 1.10813997333 
0.0838435309753 0.1361469481 2.19668667957 1.556813999 1.40790756639 1.14364614158 1.14248274715 1.10813997333 
0.0838435309753 0.1361469481 2.19668667957 1.556813999 1.40790756639 1.14364614158 1.14248274715 1.10813997333 
0.0838435309753 0.1361469481 2.19668667957 1.556813999 1.40790756639 1.14364614158 1.14248274715 1.10813997333 
3.18768498108 3.36302839555 2.19135022636 1.556813999 1.40790756639 1.14364614158 1.14248274715 1.10813997333 
0.0838435309753 0.1361469481 2.19668667957 1.556813999 1.40790756639 1.14364614158 1.14248274715 1.10813997333 
0.0838435309753 0.1361469481 2.19668667957 1.556813999 1.40790756639 1.14364614158 1.14248274715 1.10813997333 
3.18768498108 3.36302839555 2.19135022636 1.556813999 1.40790756639 1.14364614158 1.14248274715 1.10813997333 
0.0838435309753 0.1361469481 2.19668667957 1.556813999 1.40790756639 1.14364614158 1.14248274715 1.10813997333 
0.0838435309753 0.1361469481 2.19668667957 1.556813999 1.40790756639 1.14364614158 1.14248274715 1.10813997333 
0.0838435309753 0.1361469481 2.19668667957 1.556813999 1.40790756639 1.14364614158 1.14248274715 1.10813997333 
0.0838435309753 0.1361469481 2.19668667957 1.556813999 1.40790756639 1.14364614158 1.14248274715 1.10813997333 
0.0838435309753 0.1361469481 2.19668667957 1.556813999 1.40790756639 1.14364614158 1.14248274715 1.10813997333 
0.0838435309753 0.1361469481 2.19668667957 1.556813999 1.40790756639 1.14364614158 1.14248274715 1.10813997333 
0.0838435309753 0.1361469481 2.19668667957 1.556813999 1.40790756639 1.14364614158 1.14248274715 1.10813997333 
0.0838435309753 0.1361469481 2.19668667957 1.556813999 1.40790756639 1.14364614158 1.14248274715 1.10813997333 
0.0838435309753 0.1361469481 2.19668667957 1.556813999 1.40790756639 1.14364614158 1.14248274715 1.10813997333 
0.0838435309753 0.1361469481 2.19668667957 1.556813999 1.40790756639 1.14364614158 1.14248274715 1.10813997333 
0.0838435309753 0.1361469481 2.19668667957 1.556813999 1.40790756639 1.14364614158 1.14248274715 1.10813997333 
0.0838435309753 0.1361469481 2.19668667957 1.556813999 1.40790756639 1.14364614158 1.14248274715 1.10813997333 
0.0838435309753 0.1361469481 2.19668667957 1.556813999 1.40790756639 1.14364614158 1.14248274715 1.10813997333 
0.0838435309753 0.1361469481 2.19668667957 1.556813999 1.40790756639 1.14364614158 1.14248274715 1.10813997333 
0.0838435309753 0.1361469481 2.19668667957 1.556813999 1.40790756639 1.14364614158 1.14248274715 1.10813997333 
0.0838435309753 0.1361469481 2.19668667957 1.556813999 1.40790756639 1.14364614158 1.14248274715 1.10813997333 
0.0838435309753 0.1361469481 2.19668667957 1.556813999 1.40790756639 1.14364614158 1.14248274715 1.10813997333 
0.0838435309753 0.1361469481 2.19668667957 1.556813999 1.40790756639 1.14364614158 1.14248274715 1.10813997333 
0.0838435309753 0.1361469481 2.19668667957 1.556813999 1.40790756639 1.14364614158 1.14248274715 1.10813997333 
0.0838435309753 0.1361469481 2.19668667957 1.556813999 1.40790756639 1.14364614158 1.14248274715 1.10813997333 
0.0838435309753 0.1361469481 2.19668667957 1.556813999 1.40790756639 1.14364614158 1.14248274715 1.10813997333 
0.0838435309753 0.1361469481 2.19668667957 1.556813999 1.40790756639 1.14364614158 1.14248274715 1.10813997333 
0.0838435309753 0.1361469481 2.19668667957 1.556813999 1.40790756639 1.14364614158 1.14248274715 1.10813997333 
3.18768498108 3.36302839555 2.19135022636 1.556813999 1.40790756639 1.14364614158 1.14248274715 1.10813997333 
3.18768498108 3.36302839555 2.19135022636 1.556813999 1.40790756639 1.14364614158 1.14248274715 1.10813997333 
0.0838435309753 0.1361469481 2.19668667957 1.556813999 1.40790756639 1.14364614158 1.14248274715 1.10813997333 
0.0838435309753 0.1361469481 2.19668667957 1.556813999 1.40790756639 1.14364614158 1.14248274715 1.10813997333 
3.18768498108 3.36302839555 2.19135022636 1.556813999 1.40790756639 1.14364614158 1.14248274715 1.10813997333 
0.0838435309753 0.1361469481 2.19668667957 1.556813999 1.40790756639 1.14364614158 1.14248274715 1.10813997333 
3.18768498108 3.36302839555 2.19135022636 1.556813999 1.40790756639 1.14364614158 1.14248274715 1.10813997333 
0.0838435309753 0.1361469481 2.19668667957 1.556813999 1.40790756639 1.14364614158 1.14248274715 1.10813997333 
3.18768498108 3.36302839555 2.19135022636 1.556813999 1.40790756639 1.14364614158 1.14248274715 1.10813997333 
0.0838435309753 0.1361469481 2.19668667957 1.556813999 1.40790756639 1.14364614158 1.14248274715 1.10813997333 
0.0838435309753 0.1361469481 2.19668667957 1.556813999 1.40790756639 1.14364614158 1.14248274715 1.10813997333 
0.0838435309753 0.1361469481 2.19668667957 1.556813999 1.40790756639 1.14364614158 1.14248274715 1.10813997333 
0.0838435309753 0.1361469481 2.19668667957 1.556813999 1.40790756639 1.14364614158 1.14248274715 1.10813997333 
0.0838435309753 0.1361469481 2.19668667957 1.556813999 1.40790756639 1.14364614158 1.14248274715 1.10813997333 
0.0838435309753 0.1361469481 2.19668667957 1.556813999 1.40790756639 1.14364614158 1.14248274715 1.10813997333 
3.18768498108 3.36302839555 2.19135022636 1.556813999 1.40790756639 1.14364614158 1.14248274715 1.10813997333 
3.18768498108 3.36302839555 2.19135022636 1.556813999 1.40790756639 1.14364614158 1.14248274715 1.10813997333 
0.0838435309753 0.1361469481 2.19668667957 1.556813999 1.40790756639 1.14364614158 1.14248274715 1.10813997333 
0.0838435309753 0.1361469481 2.19668667957 1.556813999 1.40790756639 1.14364614158 1.14248274715 1.10813997333 
0.0838435309753 0.1361469481 2.19668667957 1.556813999 1.40790756639 1.14364614158 1.14248274715 1.10813997333 
0.0838435309753 0.1361469481 2.19668667957 1.556813999 1.40790756639 1.14364614158 1.14248274715 1.10813997333 
0.0838435309753 0.1361469481 2.19668667957 1.556813999 1.40790756639 1.14364614158 1.14248274715 1.10813997333 
0.0838435309753 0.1361469481 2.19668667957 1.556813999 1.40790756639 1.14364614158 1.14248274715 1.10813997333 
0.0838435309753 0.1361469481 2.19668667957 1.556813999 1.40790756639 1.14364614158 1.14248274715 1.10813997333 
0.0838435309753 0.1361469481 2.19668667957 1.556813999 1.40790756639 1.14364614158 1.14248274715 1.10813997333 
0.0838435309753 0.1361469481 2.19668667957 1.556813999 1.40790756639 1.14364614158 1.14248274715 1.10813997333 
0.0838435309753 0.1361469481 2.19668667957 1.556813999 1.40790756639 1.14364614158 1.14248274715 1.10813997333 
0.0838435309753 0.1361469481 2.19668667957 1.556813999 1.40790756639 1.14364614158 1.14248274715 1.10813997333 
0.0838435309753 0.1361469481 2.19668667957 1.556813999 1.40790756639 1.14364614158 1.14248274715 1.10813997333 
0.0838435309753 0.1361469481 2.19668667957 1.556813999 1.40790756639 1.14364614158 1.14248274715 1.10813997333 
0.0838435309753 0.1361469481 2.19668667957 1.556813999 1.40790756639 1.14364614158 1.14248274715 1.10813997333 
0.0838435309753 0.1361469481 2.19668667957 1.556813999 1.40790756639 1.14364614158 1.14248274715 1.10813997333 
0.0838435309753 0.1361469481 2.19668667957 1.556813999 1.40790756639 1.14364614158 1.14248274715 1.10813997333 
3.18768498108 3.36302839555 2.19135022636 1.556813999 1.40790756639 1.14364614158 1.14248274715 1.10813997333 
0.0838435309753 0.1361469481 2.19668667957 1.556813999 1.40790756639 1.14364614158 1.14248274715 1.10813997333 
0.0838435309753 0.1361469481 2.19668667957 1.556813999 1.40790756639 1.14364614158 1.14248274715 1.10813997333 
0.0838435309753 0.1361469481 2.19668667957 1.556813999 1.40790756639 1.14364614158 1.14248274715 1.10813997333 
0.0838435309753 0.1361469481 2.19668667957 1.556813999 1.40790756639 1.14364614158 1.14248274715 1.10813997333 
0.0838435309753 0.1361469481 2.19668667957 1.556813999 1.40790756639 1.14364614158 1.14248274715 1.10813997333 
0.0838435309753 0.1361469481 2.19668667957 1.556813999 1.40790756639 1.14364614158 1.14248274715 1.10813997333 
0.0838435309753 0.1361469481 2.19668667957 1.556813999 1.40790756639 1.14364614158 1.14248274715 1.10813997333 
0.0838435309753 0.1361469481 2.19668667957 1.556813999 1.40790756639 1.14364614158 1.14248274715 1.10813997333 
0.0838435309753 0.1361469481 2.19668667957 1.556813999 1.40790756639 1.14364614158 1.14248274715 1.10813997333 
0.0838435309753 0.1361469481 2.19668667957 1.556813999 1.40790756639 1.14364614158 1.14248274715 1.10813997333 
