1.94138165799 2.59186338304 1.91884102799 1.2430756586 1.08900454091 1.45934072771 1.2832493632 1.14669388168 
1.94138165799 2.59186338304 1.91884102799 1.2430756586 1.08900454091 1.45934072771 1.2832493632 1.14669388168 
1.94138165799 2.59186338304 1.91884102799 1.2430756586 1.08900454091 1.45934072771 1.2832493632 1.14669388168 
1.94138165799 2.59186338304 1.91884102799 1.2430756586 1.08900454091 1.45934072771 1.2832493632 1.14669388168 
1.94138165799 2.59186338304 1.91884102799 1.2430756586 1.08900454091 1.45934072771 1.2832493632 1.14669388168 
1.94138165799 2.59186338304 1.91884102799 1.2430756586 1.08900454091 1.45934072771 1.2832493632 1.14669388168 
1.94138165799 2.59186338304 1.91884102799 1.2430756586 1.08900454091 1.45934072771 1.2832493632 1.14669388168 
1.94138165799 2.59186338304 1.91884102799 1.2430756586 1.08900454091 1.45934072771 1.2832493632 1.14669388168 
1.94138165799 2.59186338304 1.91884102799 1.2430756586 1.08900454091 1.45934072771 1.2832493632 1.14669388168 
1.94138165799 2.59186338304 1.91884102799 1.2430756586 1.08900454091 1.45934072771 1.2832493632 1.14669388168 
1.94138165799 2.59186338304 1.91884102799 1.2430756586 1.08900454091 1.45934072771 1.2832493632 1.14669388168 
1.94138165799 2.59186338304 1.91884102799 1.2430756586 1.08900454091 1.45934072771 1.2832493632 1.14669388168 
1.94138165799 2.59186338304 1.91884102799 1.2430756586 1.08900454091 1.45934072771 1.2832493632 1.14669388168 
1.94138165799 2.59186338304 1.91884102799 1.2430756586 1.08900454091 1.45934072771 1.2832493632 1.14669388168 
1.94138165799 2.59186338304 1.91884102799 1.2430756586 1.08900454091 1.45934072771 1.2832493632 1.14669388168 
1.94138165799 2.59186338304 1.91884102799 1.2430756586 1.08900454091 1.45934072771 1.2832493632 1.14669388168 
1.94138165799 2.59186338304 1.91884102799 1.2430756586 1.08900454091 1.45934072771 1.2832493632 1.14669388168 
1.94138165799 2.59186338304 1.91884102799 1.2430756586 1.08900454091 1.45934072771 1.2832493632 1.14669388168 
1.94138165799 2.59186338304 1.91884102799 1.2430756586 1.08900454091 1.45934072771 1.2832493632 1.14669388168 
1.94138165799 2.59186338304 1.91884102799 1.2430756586 1.08900454091 1.45934072771 1.2832493632 1.14669388168 
1.94138165799 2.59186338304 1.91884102799 1.2430756586 1.08900454091 1.45934072771 1.2832493632 1.14669388168 
1.94138165799 2.59186338304 1.91884102799 1.2430756586 1.08900454091 1.45934072771 1.2832493632 1.14669388168 
1.94138165799 2.59186338304 1.91884102799 1.2430756586 1.08900454091 1.45934072771 1.2832493632 1.14669388168 
1.94138165799 2.59186338304 1.91884102799 1.2430756586 1.08900454091 1.45934072771 1.2832493632 1.14669388168 
1.94138165799 2.59186338304 1.91884102799 1.2430756586 1.08900454091 1.45934072771 1.2832493632 1.14669388168 
1.94138165799 2.59186338304 1.91884102799 1.2430756586 1.08900454091 1.45934072771 1.2832493632 1.14669388168 
1.94138165799 2.59186338304 1.91884102799 1.2430756586 1.08900454091 1.45934072771 1.2832493632 1.14669388168 
1.94138165799 2.59186338304 1.91884102799 1.2430756586 1.08900454091 1.45934072771 1.2832493632 1.14669388168 
2.28485173034 3.0504169598 2.25832320227 1.46300113542 1.07504551624 1.45934072771 1.2832493632 1.14669388168 
1.94138165799 2.59186338304 1.91884102799 1.2430756586 1.08900454091 1.45934072771 1.2832493632 1.14669388168 
1.94138165799 2.59186338304 1.91884102799 1.2430756586 1.08900454091 1.45934072771 1.2832493632 1.14669388168 
1.94138165799 2.59186338304 1.91884102799 1.2430756586 1.08900454091 1.45934072771 1.2832493632 1.14669388168 
1.94138165799 2.59186338304 1.91884102799 1.2430756586 1.08900454091 1.45934072771 1.2832493632 1.14669388168 
1.94138165799 2.59186338304 1.91884102799 1.2430756586 1.08900454091 1.45934072771 1.2832493632 1.14669388168 
1.94138165799 2.59186338304 1.91884102799 1.2430756586 1.08900454091 1.45934072771 1.2832493632 1.14669388168 
1.94138165799 2.59186338304 1.91884102799 1.2430756586 1.08900454091 1.45934072771 1.2832493632 1.14669388168 
1.94138165799 2.59186338304 1.91884102799 1.2430756586 1.08900454091 1.45934072771 1.2832493632 1.14669388168 
1.94138165799 2.59186338304 1.91884102799 1.2430756586 1.08900454091 1.45934072771 1.2832493632 1.14669388168 
1.94138165799 2.59186338304 1.91884102799 1.2430756586 1.08900454091 1.45934072771 1.2832493632 1.14669388168 
1.94138165799 2.59186338304 1.91884102799 1.2430756586 1.08900454091 1.45934072771 1.2832493632 1.14669388168 
1.94138165799 2.59186338304 1.91884102799 1.2430756586 1.08900454091 1.45934072771 1.2832493632 1.14669388168 
1.94138165799 2.59186338304 1.91884102799 1.2430756586 1.08900454091 1.45934072771 1.2832493632 1.14669388168 
1.94138165799 2.59186338304 1.91884102799 1.2430756586 1.08900454091 1.45934072771 1.2832493632 1.14669388168 
1.94138165799 2.59186338304 1.91884102799 1.2430756586 1.08900454091 1.45934072771 1.2832493632 1.14669388168 
1.94138165799 2.59186338304 1.91884102799 1.2430756586 1.08900454091 1.45934072771 1.2832493632 1.14669388168 
1.94138165799 2.59186338304 1.91884102799 1.2430756586 1.08900454091 1.45934072771 1.2832493632 1.14669388168 
1.94138165799 2.59186338304 1.91884102799 1.2430756586 1.08900454091 1.45934072771 1.2832493632 1.14669388168 
1.94138165799 2.59186338304 1.91884102799 1.2430756586 1.08900454091 1.45934072771 1.2832493632 1.14669388168 
1.94138165799 2.59186338304 1.91884102799 1.2430756586 1.08900454091 1.45934072771 1.2832493632 1.14669388168 
1.94138165799 2.59186338304 1.91884102799 1.2430756586 1.08900454091 1.45934072771 1.2832493632 1.14669388168 
1.94138165799 2.59186338304 1.91884102799 1.2430756586 1.08900454091 1.45934072771 1.2832493632 1.14669388168 
1.94138165799 2.59186338304 1.91884102799 1.2430756586 1.08900454091 1.45934072771 1.2832493632 1.14669388168 
1.94138165799 2.59186338304 1.91884102799 1.2430756586 1.08900454091 1.45934072771 1.2832493632 1.14669388168 
1.94138165799 2.59186338304 1.91884102799 1.2430756586 1.08900454091 1.45934072771 1.2832493632 1.14669388168 
1.94138165799 2.59186338304 1.91884102799 1.2430756586 1.08900454091 1.45934072771 1.2832493632 1.14669388168 
1.94138165799 2.59186338304 1.91884102799 1.2430756586 1.08900454091 1.45934072771 1.2832493632 1.14669388168 
1.94138165799 2.59186338304 1.91884102799 1.2430756586 1.08900454091 1.45934072771 1.2832493632 1.14669388168 
1.94138165799 2.59186338304 1.91884102799 1.2430756586 1.08900454091 1.45934072771 1.2832493632 1.14669388168 
1.94138165799 2.59186338304 1.91884102799 1.2430756586 1.08900454091 1.45934072771 1.2832493632 1.14669388168 
1.94138165799 2.59186338304 1.91884102799 1.2430756586 1.08900454091 1.45934072771 1.2832493632 1.14669388168 
1.94138165799 2.59186338304 1.91884102799 1.2430756586 1.08900454091 1.45934072771 1.2832493632 1.14669388168 
1.94138165799 2.59186338304 1.91884102799 1.2430756586 1.08900454091 1.45934072771 1.2832493632 1.14669388168 
1.94138165799 2.59186338304 1.91884102799 1.2430756586 1.08900454091 1.45934072771 1.2832493632 1.14669388168 
1.94138165799 2.59186338304 1.91884102799 1.2430756586 1.08900454091 1.45934072771 1.2832493632 1.14669388168 
1.94138165799 2.59186338304 1.91884102799 1.2430756586 1.08900454091 1.45934072771 1.2832493632 1.14669388168 
1.94138165799 2.59186338304 1.91884102799 1.2430756586 1.08900454091 1.45934072771 1.2832493632 1.14669388168 
1.94138165799 2.59186338304 1.91884102799 1.2430756586 1.08900454091 1.45934072771 1.2832493632 1.14669388168 
1.94138165799 2.59186338304 1.91884102799 1.2430756586 1.08900454091 1.45934072771 1.2832493632 1.14669388168 
1.94138165799 2.59186338304 1.91884102799 1.2430756586 1.08900454091 1.45934072771 1.2832493632 1.14669388168 
1.94138165799 2.59186338304 1.91884102799 1.2430756586 1.08900454091 1.45934072771 1.2832493632 1.14669388168 
1.94138165799 2.59186338304 1.91884102799 1.2430756586 1.08900454091 1.45934072771 1.2832493632 1.14669388168 
1.94138165799 2.59186338304 1.91884102799 1.2430756586 1.08900454091 1.45934072771 1.2832493632 1.14669388168 
1.94138165799 2.59186338304 1.91884102799 1.2430756586 1.08900454091 1.45934072771 1.2832493632 1.14669388168 
1.94138165799 2.59186338304 1.91884102799 1.2430756586 1.08900454091 1.45934072771 1.2832493632 1.14669388168 
2.28485173034 3.0504169598 2.25832320227 1.46300113542 1.07504551624 1.45934072771 1.2832493632 1.14669388168 
1.94138165799 2.59186338304 1.91884102799 1.2430756586 1.08900454091 1.45934072771 1.2832493632 1.14669388168 
1.94138165799 2.59186338304 1.91884102799 1.2430756586 1.08900454091 1.45934072771 1.2832493632 1.14669388168 
1.94138165799 2.59186338304 1.91884102799 1.2430756586 1.08900454091 1.45934072771 1.2832493632 1.14669388168 
1.94138165799 2.59186338304 1.91884102799 1.2430756586 1.08900454091 1.45934072771 1.2832493632 1.14669388168 
1.94138165799 2.59186338304 1.91884102799 1.2430756586 1.08900454091 1.45934072771 1.2832493632 1.14669388168 
1.94138165799 2.59186338304 1.91884102799 1.2430756586 1.08900454091 1.45934072771 1.2832493632 1.14669388168 
1.94138165799 2.59186338304 1.91884102799 1.2430756586 1.08900454091 1.45934072771 1.2832493632 1.14669388168 
1.94138165799 2.59186338304 1.91884102799 1.2430756586 1.08900454091 1.45934072771 1.2832493632 1.14669388168 
1.94138165799 2.59186338304 1.91884102799 1.2430756586 1.08900454091 1.45934072771 1.2832493632 1.14669388168 
1.94138165799 2.59186338304 1.91884102799 1.2430756586 1.08900454091 1.45934072771 1.2832493632 1.14669388168 
1.94138165799 2.59186338304 1.91884102799 1.2430756586 1.08900454091 1.45934072771 1.2832493632 1.14669388168 
1.94138165799 2.59186338304 1.91884102799 1.2430756586 1.08900454091 1.45934072771 1.2832493632 1.14669388168 
1.94138165799 2.59186338304 1.91884102799 1.2430756586 1.08900454091 1.45934072771 1.2832493632 1.14669388168 
1.94138165799 2.59186338304 1.91884102799 1.2430756586 1.08900454091 1.45934072771 1.2832493632 1.14669388168 
1.94138165799 2.59186338304 1.91884102799 1.2430756586 1.08900454091 1.45934072771 1.2832493632 1.14669388168 
1.94138165799 2.59186338304 1.91884102799 1.2430756586 1.08900454091 1.45934072771 1.2832493632 1.14669388168 
1.94138165799 2.59186338304 1.91884102799 1.2430756586 1.08900454091 1.45934072771 1.2832493632 1.14669388168 
1.94138165799 2.59186338304 1.91884102799 1.2430756586 1.08900454091 1.45934072771 1.2832493632 1.14669388168 
1.94138165799 2.59186338304 1.91884102799 1.2430756586 1.08900454091 1.45934072771 1.2832493632 1.14669388168 
1.94138165799 2.59186338304 1.91884102799 1.2430756586 1.08900454091 1.45934072771 1.2832493632 1.14669388168 
1.94138165799 2.59186338304 1.91884102799 1.2430756586 1.08900454091 1.45934072771 1.2832493632 1.14669388168 
1.94138165799 2.59186338304 1.91884102799 1.2430756586 1.08900454091 1.45934072771 1.2832493632 1.14669388168 
1.94138165799 2.59186338304 1.91884102799 1.2430756586 1.08900454091 1.45934072771 1.2832493632 1.14669388168 
1.94138165799 2.59186338304 1.91884102799 1.2430756586 1.08900454091 1.45934072771 1.2832493632 1.14669388168 
1.94138165799 2.59186338304 1.91884102799 1.2430756586 1.08900454091 1.45934072771 1.2832493632 1.14669388168 
