2.18260355106 2.79800166816 1.85488438273 1.63568034406 1.62844466289 1.4956831483 1.2218388978 1.13086454568 
2.18260355106 2.79800166816 1.85488438273 1.63568034406 1.62844466289 1.4956831483 1.2218388978 1.13086454568 
2.18260355106 2.79800166816 1.85488438273 1.63568034406 1.62844466289 1.4956831483 1.2218388978 1.13086454568 
2.18260355106 2.79800166816 1.85488438273 1.63568034406 1.62844466289 1.4956831483 1.2218388978 1.13086454568 
2.18260355106 2.79800166816 1.85488438273 1.63568034406 1.62844466289 1.4956831483 1.2218388978 1.13086454568 
2.18260355106 2.79800166816 1.85488438273 1.63568034406 1.62844466289 1.4956831483 1.2218388978 1.13086454568 
2.18260355106 2.79800166816 1.85488438273 1.63568034406 1.62844466289 1.4956831483 1.2218388978 1.13086454568 
2.18260355106 2.79800166816 1.85488438273 1.63568034406 1.62844466289 1.4956831483 1.2218388978 1.13086454568 
2.18260355106 2.79800166816 1.85488438273 1.63568034406 1.62844466289 1.4956831483 1.2218388978 1.13086454568 
2.18260355106 2.79800166816 1.85488438273 1.63568034406 1.62844466289 1.4956831483 1.2218388978 1.13086454568 
2.18260355106 2.79800166816 1.85488438273 1.63568034406 1.62844466289 1.4956831483 1.2218388978 1.13086454568 
2.18260355106 2.79800166816 1.85488438273 1.63568034406 1.62844466289 1.4956831483 1.2218388978 1.13086454568 
1.35536776442 2.48042125446 1.86651237138 1.64593417587 1.63865313593 1.50505935978 1.22949842269 1.13795382915 
2.18260355106 2.79800166816 1.85488438273 1.63568034406 1.62844466289 1.4956831483 1.2218388978 1.13086454568 
2.18260355106 2.79800166816 1.85488438273 1.63568034406 1.62844466289 1.4956831483 1.2218388978 1.13086454568 
2.18260355106 2.79800166816 1.85488438273 1.63568034406 1.62844466289 1.4956831483 1.2218388978 1.13086454568 
2.18260355106 2.79800166816 1.85488438273 1.63568034406 1.62844466289 1.4956831483 1.2218388978 1.13086454568 
2.18260355106 2.79800166816 1.85488438273 1.63568034406 1.62844466289 1.4956831483 1.2218388978 1.13086454568 
2.18260355106 2.79800166816 1.85488438273 1.63568034406 1.62844466289 1.4956831483 1.2218388978 1.13086454568 
1.93792073036 2.48432906364 1.64694082707 1.45231086298 1.44588633354 1.32800816926 1.25008161429 1.13086454568 
2.18260355106 2.79800166816 1.85488438273 1.63568034406 1.62844466289 1.4956831483 1.2218388978 1.13086454568 
2.18260355106 2.79800166816 1.85488438273 1.63568034406 1.62844466289 1.4956831483 1.2218388978 1.13086454568 
2.18260355106 2.79800166816 1.85488438273 1.63568034406 1.62844466289 1.4956831483 1.2218388978 1.13086454568 
2.18260355106 2.79800166816 1.85488438273 1.63568034406 1.62844466289 1.4956831483 1.2218388978 1.13086454568 
2.18260355106 2.79800166816 1.85488438273 1.63568034406 1.62844466289 1.4956831483 1.2218388978 1.13086454568 
2.18260355106 2.79800166816 1.85488438273 1.63568034406 1.62844466289 1.4956831483 1.2218388978 1.13086454568 
2.18260355106 2.79800166816 1.85488438273 1.63568034406 1.62844466289 1.4956831483 1.2218388978 1.13086454568 
2.18260355106 2.79800166816 1.85488438273 1.63568034406 1.62844466289 1.4956831483 1.2218388978 1.13086454568 
2.18260355106 2.79800166816 1.85488438273 1.63568034406 1.62844466289 1.4956831483 1.2218388978 1.13086454568 
2.18260355106 2.79800166816 1.85488438273 1.63568034406 1.62844466289 1.4956831483 1.2218388978 1.13086454568 
2.18260355106 2.79800166816 1.85488438273 1.63568034406 1.62844466289 1.4956831483 1.2218388978 1.13086454568 
2.18260355106 2.79800166816 1.85488438273 1.63568034406 1.62844466289 1.4956831483 1.2218388978 1.13086454568 
2.18260355106 2.79800166816 1.85488438273 1.63568034406 1.62844466289 1.4956831483 1.2218388978 1.13086454568 
2.18260355106 2.79800166816 1.85488438273 1.63568034406 1.62844466289 1.4956831483 1.2218388978 1.13086454568 
2.18260355106 2.79800166816 1.85488438273 1.63568034406 1.62844466289 1.4956831483 1.2218388978 1.13086454568 
2.18260355106 2.79800166816 1.85488438273 1.63568034406 1.62844466289 1.4956831483 1.2218388978 1.13086454568 
2.18260355106 2.79800166816 1.85488438273 1.63568034406 1.62844466289 1.4956831483 1.2218388978 1.13086454568 
2.18260355106 2.79800166816 1.85488438273 1.63568034406 1.62844466289 1.4956831483 1.2218388978 1.13086454568 
2.18260355106 2.79800166816 1.85488438273 1.63568034406 1.62844466289 1.4956831483 1.2218388978 1.13086454568 
2.18260355106 2.79800166816 1.85488438273 1.63568034406 1.62844466289 1.4956831483 1.2218388978 1.13086454568 
2.18260355106 2.79800166816 1.85488438273 1.63568034406 1.62844466289 1.4956831483 1.2218388978 1.13086454568 
2.18260355106 2.79800166816 1.85488438273 1.63568034406 1.62844466289 1.4956831483 1.2218388978 1.13086454568 
2.18260355106 2.79800166816 1.85488438273 1.63568034406 1.62844466289 1.4956831483 1.2218388978 1.13086454568 
2.18260355106 2.79800166816 1.85488438273 1.63568034406 1.62844466289 1.4956831483 1.2218388978 1.13086454568 
2.18260355106 2.79800166816 1.85488438273 1.63568034406 1.62844466289 1.4956831483 1.2218388978 1.13086454568 
2.18260355106 2.79800166816 1.85488438273 1.63568034406 1.62844466289 1.4956831483 1.2218388978 1.13086454568 
2.18260355106 2.79800166816 1.85488438273 1.63568034406 1.62844466289 1.4956831483 1.2218388978 1.13086454568 
2.18260355106 2.79800166816 1.85488438273 1.63568034406 1.62844466289 1.4956831483 1.2218388978 1.13086454568 
2.18260355106 2.79800166816 1.85488438273 1.63568034406 1.62844466289 1.4956831483 1.2218388978 1.13086454568 
1.35536776442 2.48042125446 1.86651237138 1.64593417587 1.63865313593 1.50505935978 1.22949842269 1.13795382915 
2.18260355106 2.79800166816 1.85488438273 1.63568034406 1.62844466289 1.4956831483 1.2218388978 1.13086454568 
2.18260355106 2.79800166816 1.85488438273 1.63568034406 1.62844466289 1.4956831483 1.2218388978 1.13086454568 
2.18260355106 2.79800166816 1.85488438273 1.63568034406 1.62844466289 1.4956831483 1.2218388978 1.13086454568 
2.18260355106 2.79800166816 1.85488438273 1.63568034406 1.62844466289 1.4956831483 1.2218388978 1.13086454568 
2.18260355106 2.79800166816 1.85488438273 1.63568034406 1.62844466289 1.4956831483 1.2218388978 1.13086454568 
2.18260355106 2.79800166816 1.85488438273 1.63568034406 1.62844466289 1.4956831483 1.2218388978 1.13086454568 
2.18260355106 2.79800166816 1.85488438273 1.63568034406 1.62844466289 1.4956831483 1.2218388978 1.13086454568 
2.18260355106 2.79800166816 1.85488438273 1.63568034406 1.62844466289 1.4956831483 1.2218388978 1.13086454568 
2.18260355106 2.79800166816 1.85488438273 1.63568034406 1.62844466289 1.4956831483 1.2218388978 1.13086454568 
2.18260355106 2.79800166816 1.85488438273 1.63568034406 1.62844466289 1.4956831483 1.2218388978 1.13086454568 
2.18260355106 2.79800166816 1.85488438273 1.63568034406 1.62844466289 1.4956831483 1.2218388978 1.13086454568 
2.18260355106 2.79800166816 1.85488438273 1.63568034406 1.62844466289 1.4956831483 1.2218388978 1.13086454568 
2.18260355106 2.79800166816 1.85488438273 1.63568034406 1.62844466289 1.4956831483 1.2218388978 1.13086454568 
2.18260355106 2.79800166816 1.85488438273 1.63568034406 1.62844466289 1.4956831483 1.2218388978 1.13086454568 
2.18260355106 2.79800166816 1.85488438273 1.63568034406 1.62844466289 1.4956831483 1.2218388978 1.13086454568 
2.18260355106 2.79800166816 1.85488438273 1.63568034406 1.62844466289 1.4956831483 1.2218388978 1.13086454568 
2.18260355106 2.79800166816 1.85488438273 1.63568034406 1.62844466289 1.4956831483 1.2218388978 1.13086454568 
2.18260355106 2.79800166816 1.85488438273 1.63568034406 1.62844466289 1.4956831483 1.2218388978 1.13086454568 
2.18260355106 2.79800166816 1.85488438273 1.63568034406 1.62844466289 1.4956831483 1.2218388978 1.13086454568 
2.18260355106 2.79800166816 1.85488438273 1.63568034406 1.62844466289 1.4956831483 1.2218388978 1.13086454568 
2.18260355106 2.79800166816 1.85488438273 1.63568034406 1.62844466289 1.4956831483 1.2218388978 1.13086454568 
2.18260355106 2.79800166816 1.85488438273 1.63568034406 1.62844466289 1.4956831483 1.2218388978 1.13086454568 
2.18260355106 2.79800166816 1.85488438273 1.63568034406 1.62844466289 1.4956831483 1.2218388978 1.13086454568 
2.18260355106 2.79800166816 1.85488438273 1.63568034406 1.62844466289 1.4956831483 1.2218388978 1.13086454568 
2.18260355106 2.79800166816 1.85488438273 1.63568034406 1.62844466289 1.4956831483 1.2218388978 1.13086454568 
2.18260355106 2.79800166816 1.85488438273 1.63568034406 1.62844466289 1.4956831483 1.2218388978 1.13086454568 
2.18260355106 2.79800166816 1.85488438273 1.63568034406 1.62844466289 1.4956831483 1.2218388978 1.13086454568 
2.18260355106 2.79800166816 1.85488438273 1.63568034406 1.62844466289 1.4956831483 1.2218388978 1.13086454568 
2.18260355106 2.79800166816 1.85488438273 1.63568034406 1.62844466289 1.4956831483 1.2218388978 1.13086454568 
2.18260355106 2.79800166816 1.85488438273 1.63568034406 1.62844466289 1.4956831483 1.2218388978 1.13086454568 
2.18260355106 2.79800166816 1.85488438273 1.63568034406 1.62844466289 1.4956831483 1.2218388978 1.13086454568 
2.18260355106 2.79800166816 1.85488438273 1.63568034406 1.62844466289 1.4956831483 1.2218388978 1.13086454568 
2.18260355106 2.79800166816 1.85488438273 1.63568034406 1.62844466289 1.4956831483 1.2218388978 1.13086454568 
2.18260355106 2.79800166816 1.85488438273 1.63568034406 1.62844466289 1.4956831483 1.2218388978 1.13086454568 
2.18260355106 2.79800166816 1.85488438273 1.63568034406 1.62844466289 1.4956831483 1.2218388978 1.13086454568 
2.18260355106 2.79800166816 1.85488438273 1.63568034406 1.62844466289 1.4956831483 1.2218388978 1.13086454568 
2.18260355106 2.79800166816 1.85488438273 1.63568034406 1.62844466289 1.4956831483 1.2218388978 1.13086454568 
2.18260355106 2.79800166816 1.85488438273 1.63568034406 1.62844466289 1.4956831483 1.2218388978 1.13086454568 
2.18260355106 2.79800166816 1.85488438273 1.63568034406 1.62844466289 1.4956831483 1.2218388978 1.13086454568 
2.18260355106 2.79800166816 1.85488438273 1.63568034406 1.62844466289 1.4956831483 1.2218388978 1.13086454568 
2.18260355106 2.79800166816 1.85488438273 1.63568034406 1.62844466289 1.4956831483 1.2218388978 1.13086454568 
2.18260355106 2.79800166816 1.85488438273 1.63568034406 1.62844466289 1.4956831483 1.2218388978 1.13086454568 
2.18260355106 2.79800166816 1.85488438273 1.63568034406 1.62844466289 1.4956831483 1.2218388978 1.13086454568 
2.18260355106 2.79800166816 1.85488438273 1.63568034406 1.62844466289 1.4956831483 1.2218388978 1.13086454568 
2.18260355106 2.79800166816 1.85488438273 1.63568034406 1.62844466289 1.4956831483 1.2218388978 1.13086454568 
2.18260355106 2.79800166816 1.85488438273 1.63568034406 1.62844466289 1.4956831483 1.2218388978 1.13086454568 
2.18260355106 2.79800166816 1.85488438273 1.63568034406 1.62844466289 1.4956831483 1.2218388978 1.13086454568 
2.18260355106 2.79800166816 1.85488438273 1.63568034406 1.62844466289 1.4956831483 1.2218388978 1.13086454568 
2.18260355106 2.79800166816 1.85488438273 1.63568034406 1.62844466289 1.4956831483 1.2218388978 1.13086454568 
2.18260355106 2.79800166816 1.85488438273 1.63568034406 1.62844466289 1.4956831483 1.2218388978 1.13086454568 
