3.05376112533 2.73043057235 2.05532298366 1.52866247919 1.59608065441 1.30888267093 1.36085347655 1.1070375555 
3.05376112533 2.73043057235 2.05532298366 1.52866247919 1.59608065441 1.30888267093 1.36085347655 1.1070375555 
3.05376112533 2.73043057235 2.05532298366 1.52866247919 1.59608065441 1.30888267093 1.36085347655 1.1070375555 
3.05376112533 2.73043057235 2.05532298366 1.52866247919 1.59608065441 1.30888267093 1.36085347655 1.1070375555 
3.05376112533 2.73043057235 2.05532298366 1.52866247919 1.59608065441 1.30888267093 1.36085347655 1.1070375555 
3.05376112533 2.73043057235 2.05532298366 1.52866247919 1.59608065441 1.30888267093 1.36085347655 1.1070375555 
3.05376112533 2.73043057235 2.05532298366 1.52866247919 1.59608065441 1.30888267093 1.36085347655 1.1070375555 
3.05376112533 2.73043057235 2.05532298366 1.52866247919 1.59608065441 1.30888267093 1.36085347655 1.1070375555 
3.05376112533 2.73043057235 2.05532298366 1.52866247919 1.59608065441 1.30888267093 1.36085347655 1.1070375555 
3.05376112533 2.73043057235 2.05532298366 1.52866247919 1.59608065441 1.30888267093 1.36085347655 1.1070375555 
3.05376112533 2.73043057235 2.05532298366 1.52866247919 1.59608065441 1.30888267093 1.36085347655 1.1070375555 
3.05376112533 2.73043057235 2.05532298366 1.52866247919 1.59608065441 1.30888267093 1.36085347655 1.1070375555 
3.05376112533 2.73043057235 2.05532298366 1.52866247919 1.59608065441 1.30888267093 1.36085347655 1.1070375555 
3.05376112533 2.73043057235 2.05532298366 1.52866247919 1.59608065441 1.30888267093 1.36085347655 1.1070375555 
3.05376112533 2.73043057235 2.05532298366 1.52866247919 1.59608065441 1.30888267093 1.36085347655 1.1070375555 
3.05376112533 2.73043057235 2.05532298366 1.52866247919 1.59608065441 1.30888267093 1.36085347655 1.1070375555 
3.05376112533 2.73043057235 2.05532298366 1.52866247919 1.59608065441 1.30888267093 1.36085347655 1.1070375555 
3.05376112533 2.73043057235 2.05532298366 1.52866247919 1.59608065441 1.30888267093 1.36085347655 1.1070375555 
3.05376112533 2.73043057235 2.05532298366 1.52866247919 1.59608065441 1.30888267093 1.36085347655 1.1070375555 
3.05376112533 2.73043057235 2.05532298366 1.52866247919 1.59608065441 1.30888267093 1.36085347655 1.1070375555 
3.05376112533 2.73043057235 2.05532298366 1.52866247919 1.59608065441 1.30888267093 1.36085347655 1.1070375555 
3.05376112533 2.73043057235 2.05532298366 1.52866247919 1.59608065441 1.30888267093 1.36085347655 1.1070375555 
3.05376112533 2.73043057235 2.05532298366 1.52866247919 1.59608065441 1.30888267093 1.36085347655 1.1070375555 
3.05376112533 2.73043057235 2.05532298366 1.52866247919 1.59608065441 1.30888267093 1.36085347655 1.1070375555 
3.05376112533 2.73043057235 2.05532298366 1.52866247919 1.59608065441 1.30888267093 1.36085347655 1.1070375555 
3.05376112533 2.73043057235 2.05532298366 1.52866247919 1.59608065441 1.30888267093 1.36085347655 1.1070375555 
3.05376112533 2.73043057235 2.05532298366 1.52866247919 1.59608065441 1.30888267093 1.36085347655 1.1070375555 
3.05376112533 2.73043057235 2.05532298366 1.52866247919 1.59608065441 1.30888267093 1.36085347655 1.1070375555 
3.05376112533 2.73043057235 2.05532298366 1.52866247919 1.59608065441 1.30888267093 1.36085347655 1.1070375555 
3.05376112533 2.73043057235 2.05532298366 1.52866247919 1.59608065441 1.30888267093 1.36085347655 1.1070375555 
3.05376112533 2.73043057235 2.05532298366 1.52866247919 1.59608065441 1.30888267093 1.36085347655 1.1070375555 
3.05376112533 2.73043057235 2.05532298366 1.52866247919 1.59608065441 1.30888267093 1.36085347655 1.1070375555 
3.05376112533 2.73043057235 2.05532298366 1.52866247919 1.59608065441 1.30888267093 1.36085347655 1.1070375555 
3.05376112533 2.73043057235 2.05532298366 1.52866247919 1.59608065441 1.30888267093 1.36085347655 1.1070375555 
3.05376112533 2.73043057235 2.05532298366 1.52866247919 1.59608065441 1.30888267093 1.36085347655 1.1070375555 
3.05376112533 2.73043057235 2.05532298366 1.52866247919 1.59608065441 1.30888267093 1.36085347655 1.1070375555 
3.05376112533 2.73043057235 2.05532298366 1.52866247919 1.59608065441 1.30888267093 1.36085347655 1.1070375555 
3.05376112533 2.73043057235 2.05532298366 1.52866247919 1.59608065441 1.30888267093 1.36085347655 1.1070375555 
3.05376112533 2.73043057235 2.05532298366 1.52866247919 1.59608065441 1.30888267093 1.36085347655 1.1070375555 
3.05376112533 2.73043057235 2.05532298366 1.52866247919 1.59608065441 1.30888267093 1.36085347655 1.1070375555 
3.05376112533 2.73043057235 2.05532298366 1.52866247919 1.59608065441 1.30888267093 1.36085347655 1.1070375555 
3.05376112533 2.73043057235 2.05532298366 1.52866247919 1.59608065441 1.30888267093 1.36085347655 1.1070375555 
3.05376112533 2.73043057235 2.05532298366 1.52866247919 1.59608065441 1.30888267093 1.36085347655 1.1070375555 
3.05376112533 2.73043057235 2.05532298366 1.52866247919 1.59608065441 1.30888267093 1.36085347655 1.1070375555 
3.05376112533 2.73043057235 2.05532298366 1.52866247919 1.59608065441 1.30888267093 1.36085347655 1.1070375555 
3.05376112533 2.73043057235 2.05532298366 1.52866247919 1.59608065441 1.30888267093 1.36085347655 1.1070375555 
3.05376112533 2.73043057235 2.05532298366 1.52866247919 1.59608065441 1.30888267093 1.36085347655 1.1070375555 
3.05376112533 2.73043057235 2.05532298366 1.52866247919 1.59608065441 1.30888267093 1.36085347655 1.1070375555 
3.05376112533 2.73043057235 2.05532298366 1.52866247919 1.59608065441 1.30888267093 1.36085347655 1.1070375555 
3.05376112533 2.73043057235 2.05532298366 1.52866247919 1.59608065441 1.30888267093 1.36085347655 1.1070375555 
3.08642490544 2.45635759575 1.84901541397 1.37521961602 1.43587052859 1.17750066768 1.22425417913 0.995913616856 
3.05376112533 2.73043057235 2.05532298366 1.52866247919 1.59608065441 1.30888267093 1.36085347655 1.1070375555 
3.05376112533 2.73043057235 2.05532298366 1.52866247919 1.59608065441 1.30888267093 1.36085347655 1.1070375555 
3.05376112533 2.73043057235 2.05532298366 1.52866247919 1.59608065441 1.30888267093 1.36085347655 1.1070375555 
3.05376112533 2.73043057235 2.05532298366 1.52866247919 1.59608065441 1.30888267093 1.36085347655 1.1070375555 
3.05376112533 2.73043057235 2.05532298366 1.52866247919 1.59608065441 1.30888267093 1.36085347655 1.1070375555 
3.05376112533 2.73043057235 2.05532298366 1.52866247919 1.59608065441 1.30888267093 1.36085347655 1.1070375555 
3.05376112533 2.73043057235 2.05532298366 1.52866247919 1.59608065441 1.30888267093 1.36085347655 1.1070375555 
3.05376112533 2.73043057235 2.05532298366 1.52866247919 1.59608065441 1.30888267093 1.36085347655 1.1070375555 
3.05376112533 2.73043057235 2.05532298366 1.52866247919 1.59608065441 1.30888267093 1.36085347655 1.1070375555 
3.05376112533 2.73043057235 2.05532298366 1.52866247919 1.59608065441 1.30888267093 1.36085347655 1.1070375555 
3.05376112533 2.73043057235 2.05532298366 1.52866247919 1.59608065441 1.30888267093 1.36085347655 1.1070375555 
3.05376112533 2.73043057235 2.05532298366 1.52866247919 1.59608065441 1.30888267093 1.36085347655 1.1070375555 
3.05376112533 2.73043057235 2.05532298366 1.52866247919 1.59608065441 1.30888267093 1.36085347655 1.1070375555 
3.05376112533 2.73043057235 2.05532298366 1.52866247919 1.59608065441 1.30888267093 1.36085347655 1.1070375555 
3.05376112533 2.73043057235 2.05532298366 1.52866247919 1.59608065441 1.30888267093 1.36085347655 1.1070375555 
3.05376112533 2.73043057235 2.05532298366 1.52866247919 1.59608065441 1.30888267093 1.36085347655 1.1070375555 
3.05376112533 2.73043057235 2.05532298366 1.52866247919 1.59608065441 1.30888267093 1.36085347655 1.1070375555 
3.05376112533 2.73043057235 2.05532298366 1.52866247919 1.59608065441 1.30888267093 1.36085347655 1.1070375555 
3.05376112533 2.73043057235 2.05532298366 1.52866247919 1.59608065441 1.30888267093 1.36085347655 1.1070375555 
3.05376112533 2.73043057235 2.05532298366 1.52866247919 1.59608065441 1.30888267093 1.36085347655 1.1070375555 
3.05376112533 2.73043057235 2.05532298366 1.52866247919 1.59608065441 1.30888267093 1.36085347655 1.1070375555 
3.05376112533 2.73043057235 2.05532298366 1.52866247919 1.59608065441 1.30888267093 1.36085347655 1.1070375555 
3.05376112533 2.73043057235 2.05532298366 1.52866247919 1.59608065441 1.30888267093 1.36085347655 1.1070375555 
3.05376112533 2.73043057235 2.05532298366 1.52866247919 1.59608065441 1.30888267093 1.36085347655 1.1070375555 
3.05376112533 2.73043057235 2.05532298366 1.52866247919 1.59608065441 1.30888267093 1.36085347655 1.1070375555 
3.05376112533 2.73043057235 2.05532298366 1.52866247919 1.59608065441 1.30888267093 1.36085347655 1.1070375555 
3.05376112533 2.73043057235 2.05532298366 1.52866247919 1.59608065441 1.30888267093 1.36085347655 1.1070375555 
3.05376112533 2.73043057235 2.05532298366 1.52866247919 1.59608065441 1.30888267093 1.36085347655 1.1070375555 
3.05376112533 2.73043057235 2.05532298366 1.52866247919 1.59608065441 1.30888267093 1.36085347655 1.1070375555 
3.05376112533 2.73043057235 2.05532298366 1.52866247919 1.59608065441 1.30888267093 1.36085347655 1.1070375555 
3.05376112533 2.73043057235 2.05532298366 1.52866247919 1.59608065441 1.30888267093 1.36085347655 1.1070375555 
3.05376112533 2.73043057235 2.05532298366 1.52866247919 1.59608065441 1.30888267093 1.36085347655 1.1070375555 
3.05376112533 2.73043057235 2.05532298366 1.52866247919 1.59608065441 1.30888267093 1.36085347655 1.1070375555 
3.05376112533 2.73043057235 2.05532298366 1.52866247919 1.59608065441 1.30888267093 1.36085347655 1.1070375555 
3.05376112533 2.73043057235 2.05532298366 1.52866247919 1.59608065441 1.30888267093 1.36085347655 1.1070375555 
3.05376112533 2.73043057235 2.05532298366 1.52866247919 1.59608065441 1.30888267093 1.36085347655 1.1070375555 
3.05376112533 2.73043057235 2.05532298366 1.52866247919 1.59608065441 1.30888267093 1.36085347655 1.1070375555 
3.05376112533 2.73043057235 2.05532298366 1.52866247919 1.59608065441 1.30888267093 1.36085347655 1.1070375555 
3.05376112533 2.73043057235 2.05532298366 1.52866247919 1.59608065441 1.30888267093 1.36085347655 1.1070375555 
3.05376112533 2.73043057235 2.05532298366 1.52866247919 1.59608065441 1.30888267093 1.36085347655 1.1070375555 
3.05376112533 2.73043057235 2.05532298366 1.52866247919 1.59608065441 1.30888267093 1.36085347655 1.1070375555 
3.05376112533 2.73043057235 2.05532298366 1.52866247919 1.59608065441 1.30888267093 1.36085347655 1.1070375555 
3.05376112533 2.73043057235 2.05532298366 1.52866247919 1.59608065441 1.30888267093 1.36085347655 1.1070375555 
3.05376112533 2.73043057235 2.05532298366 1.52866247919 1.59608065441 1.30888267093 1.36085347655 1.1070375555 
3.05376112533 2.73043057235 2.05532298366 1.52866247919 1.59608065441 1.30888267093 1.36085347655 1.1070375555 
3.05376112533 2.73043057235 2.05532298366 1.52866247919 1.59608065441 1.30888267093 1.36085347655 1.1070375555 
3.05376112533 2.73043057235 2.05532298366 1.52866247919 1.59608065441 1.30888267093 1.36085347655 1.1070375555 
3.05376112533 2.73043057235 2.05532298366 1.52866247919 1.59608065441 1.30888267093 1.36085347655 1.1070375555 
3.08642490544 2.45635759575 1.84901541397 1.37521961602 1.43587052859 1.17750066768 1.22425417913 0.995913616856 
