0.509654669165 1.10278639616 
0.509654669165 1.10278639616 
0.509654669165 1.10278639616 
0.509654669165 1.10278639616 
0.509654669165 1.10278639616 
0.509654669165 1.10278639616 
0.509654669165 1.10278639616 
0.509654669165 1.10278639616 
0.509654669165 1.10278639616 
0.509654669165 1.10278639616 
0.509654669165 1.10278639616 
0.509654669165 1.10278639616 
0.509654669165 1.10278639616 
0.509654669165 1.10278639616 
0.99393536562 1.07965675187 
0.509654669165 1.10278639616 
0.99393536562 1.07965675187 
0.509654669165 1.10278639616 
0.509654669165 1.10278639616 
0.509654669165 1.10278639616 
0.509654669165 1.10278639616 
0.509654669165 1.10278639616 
0.509654669165 1.10278639616 
0.99393536562 1.07965675187 
0.509654669165 1.10278639616 
0.509654669165 1.10278639616 
0.509654669165 1.10278639616 
0.509654669165 1.10278639616 
0.509654669165 1.10278639616 
0.509654669165 1.10278639616 
0.509654669165 1.10278639616 
0.99393536562 1.07965675187 
0.509654669165 1.10278639616 
0.509654669165 1.10278639616 
0.509654669165 1.10278639616 
0.509654669165 1.10278639616 
0.509654669165 1.10278639616 
0.509654669165 1.10278639616 
0.99393536562 1.07965675187 
0.99393536562 1.07965675187 
0.509654669165 1.10278639616 
0.509654669165 1.10278639616 
0.509654669165 1.10278639616 
0.509654669165 1.10278639616 
0.99393536562 1.07965675187 
0.509654669165 1.10278639616 
0.509654669165 1.10278639616 
0.509654669165 1.10278639616 
0.509654669165 1.10278639616 
0.509654669165 1.10278639616 
0.509654669165 1.10278639616 
0.509654669165 1.10278639616 
0.509654669165 1.10278639616 
0.509654669165 1.10278639616 
0.509654669165 1.10278639616 
0.99393536562 1.07965675187 
0.509654669165 1.10278639616 
0.509654669165 1.10278639616 
0.509654669165 1.10278639616 
0.509654669165 1.10278639616 
0.509654669165 1.10278639616 
0.99393536562 1.07965675187 
0.509654669165 1.10278639616 
0.509654669165 1.10278639616 
0.509654669165 1.10278639616 
0.509654669165 1.10278639616 
0.509654669165 1.10278639616 
0.509654669165 1.10278639616 
0.509654669165 1.10278639616 
0.509654669165 1.10278639616 
0.509654669165 1.10278639616 
0.509654669165 1.10278639616 
0.509654669165 1.10278639616 
0.509654669165 1.10278639616 
0.509654669165 1.10278639616 
0.509654669165 1.10278639616 
0.509654669165 1.10278639616 
0.509654669165 1.10278639616 
0.509654669165 1.10278639616 
0.509654669165 1.10278639616 
0.509654669165 1.10278639616 
0.509654669165 1.10278639616 
0.99989943653 0.511248359789 
0.509654669165 1.10278639616 
0.509654669165 1.10278639616 
0.509654669165 1.10278639616 
0.509654669165 1.10278639616 
0.509654669165 1.10278639616 
0.99393536562 1.07965675187 
0.509654669165 1.10278639616 
0.509654669165 1.10278639616 
0.99393536562 1.07965675187 
0.509654669165 1.10278639616 
0.509654669165 1.10278639616 
0.509654669165 1.10278639616 
0.509654669165 1.10278639616 
0.509654669165 1.10278639616 
0.509654669165 1.10278639616 
0.509654669165 1.10278639616 
0.509654669165 1.10278639616 
