0.872616978079 0.834931583921 
0.793273777944 0.916340982005 
0.646184539128 1.06523813164 
0.793273777944 0.916340982005 
0.752615942731 0.967518977607 
0.646184539128 1.06523813164 
0.872616978079 0.834931583921 
0.646184539128 1.06523813164 
0.646184539128 1.06523813164 
0.646184539128 1.06523813164 
0.646184539128 1.06523813164 
0.793273777944 0.916340982005 
0.646184539128 1.06523813164 
0.970672639319 0.629049211109 
0.646184539128 1.06523813164 
0.872616978079 0.834931583921 
0.646184539128 1.06523813164 
0.646184539128 1.06523813164 
0.873906968859 0.784157300655 
0.646184539128 1.06523813164 
0.921119332311 0.717934323593 
0.872616978079 0.834931583921 
0.752615942731 0.967518977607 
0.646184539128 1.06523813164 
0.646184539128 1.06523813164 
0.646184539128 1.06523813164 
0.646184539128 1.06523813164 
1.06026740925 0.298525257725 
0.872616978079 0.834931583921 
0.646184539128 1.06523813164 
0.646184539128 1.06523813164 
0.646184539128 1.06523813164 
0.752615942731 0.967518977607 
0.646184539128 1.06523813164 
0.793273777944 0.916340982005 
0.752615942731 0.967518977607 
0.646184539128 1.06523813164 
0.872616978079 0.834931583921 
0.646184539128 1.06523813164 
0.646184539128 1.06523813164 
0.921119332311 0.717934323593 
0.646184539128 1.06523813164 
0.646184539128 1.06523813164 
0.646184539128 1.06523813164 
0.646184539128 1.06523813164 
0.752615942731 0.967518977607 
0.646184539128 1.06523813164 
1.01292851814 0.418821743229 
0.873906968859 0.784157300655 
0.752615942731 0.967518977607 
0.793273777944 0.916340982005 
0.872616978079 0.834931583921 
0.646184539128 1.06523813164 
0.646184539128 1.06523813164 
0.646184539128 1.06523813164 
0.872616978079 0.834931583921 
0.646184539128 1.06523813164 
0.646184539128 1.06523813164 
0.921119332311 0.717934323593 
0.646184539128 1.06523813164 
0.793273777944 0.916340982005 
0.793273777944 0.916340982005 
0.646184539128 1.06523813164 
0.646184539128 1.06523813164 
0.793273777944 0.916340982005 
0.646184539128 1.06523813164 
0.646184539128 1.06523813164 
0.646184539128 1.06523813164 
0.646184539128 1.06523813164 
0.646184539128 1.06523813164 
0.646184539128 1.06523813164 
0.646184539128 1.06523813164 
0.646184539128 1.06523813164 
0.513540496239 1.15164472996 
0.646184539128 1.06523813164 
0.646184539128 1.06523813164 
0.872616978079 0.834931583921 
0.646184539128 1.06523813164 
0.646184539128 1.06523813164 
0.873906968859 0.784157300655 
0.646184539128 1.06523813164 
0.646184539128 1.06523813164 
0.872616978079 0.834931583921 
0.646184539128 1.06523813164 
0.646184539128 1.06523813164 
0.646184539128 1.06523813164 
0.646184539128 1.06523813164 
0.646184539128 1.06523813164 
0.646184539128 1.06523813164 
0.872616978079 0.834931583921 
0.646184539128 1.06523813164 
0.872616978079 0.834931583921 
0.752615942731 0.967518977607 
0.921119332311 0.717934323593 
0.793273777944 0.916340982005 
0.646184539128 1.06523813164 
0.646184539128 1.06523813164 
0.646184539128 1.06523813164 
0.646184539128 1.06523813164 
0.646184539128 1.06523813164 
