0.268184014325 0.857976904931 
0.26784513236 0.859770440656 
0.268184014325 0.857976904931 
0.267908324141 0.859435997611 
0.259892916659 0.901857610907 
0.267682920527 0.860628948186 
0.635461770177 0.839938977746 
0.259892916659 0.901857610907 
0.259892916659 0.901857610907 
0.26465012481 0.876680045698 
0.270188670687 0.84736724383 
0.259892916659 0.901857610907 
0.268184014325 0.857976904931 
0.268184014325 0.857976904931 
0.685953589415 0.78722725217 
0.25010864375 0.95364095975 
0.635461770177 0.839938977746 
0.263028145933 0.885264382908 
0.268184014325 0.857976904931 
0.270113270176 0.847766301683 
0.878373377496 0.331288586081 
0.267319061057 0.862554677572 
0.846299740134 0.597678212218 
0.635461770177 0.839938977746 
0.271315825238 0.841401768638 
0.704252496888 0.639123276711 
0.268184014325 0.857976904931 
0.911432893029 0.146650537825 
0.259892916659 0.901857610907 
0.268184014325 0.857976904931 
0.268184014325 0.857976904931 
0.260943170612 0.896299132794 
0.268184014325 0.857976904931 
0.25010864375 0.95364095975 
0.268184014325 0.857976904931 
0.262327059909 0.888974886745 
0.259892916659 0.901857610907 
0.259892916659 0.901857610907 
0.635461770177 0.839938977746 
0.268184014325 0.857976904931 
0.259892916659 0.901857610907 
0.256370616154 0.920499416741 
0.257479083008 0.914632846348 
0.262059979084 0.890388414316 
0.270611274729 0.845130608287 
0.268184014325 0.857976904931 
0.259892916659 0.901857610907 
0.259892916659 0.901857610907 
0.268184014325 0.857976904931 
0.254334962144 0.931273133162 
0.27055050327 0.845452241761 
0.24813077089 0.964108868935 
0.268184014325 0.857976904931 
0.267458830882 0.861814944567 
0.25203112786 0.943466195998 
0.846299740134 0.597678212218 
0.250466148983 0.951748860217 
0.255238142066 0.92649304563 
0.267319061057 0.862554677572 
0.270113270176 0.847766301683 
0.25712677429 0.916497443276 
0.26465012481 0.876680045698 
0.267908324141 0.859435997611 
0.259892916659 0.901857610907 
0.265175136751 0.873901415471 
0.25010864375 0.95364095975 
0.259892916659 0.901857610907 
0.254334962144 0.931273133162 
0.250466148983 0.951748860217 
0.266274266508 0.86808426174 
0.259892916659 0.901857610907 
0.846299740134 0.597678212218 
0.24813077089 0.964108868935 
0.268184014325 0.857976904931 
0.264234145466 0.878881619971 
0.259892916659 0.901857610907 
0.250224608129 0.953027217271 
0.267682920527 0.860628948186 
0.254334962144 0.931273133162 
0.267319061057 0.862554677572 
0.259892916659 0.901857610907 
0.250303776867 0.952608216041 
0.25010864375 0.95364095975 
0.25712677429 0.916497443276 
0.256889466736 0.917753395556 
0.259892916659 0.901857610907 
0.257479083008 0.914632846348 
0.267319061057 0.862554677572 
0.262059979084 0.890388414316 
0.262875705766 0.886071173809 
0.259892916659 0.901857610907 
0.250466148983 0.951748860217 
0.263929284664 0.880495098398 
0.266273999991 0.868085672284 
0.267682920527 0.860628948186 
0.259892916659 0.901857610907 
0.260943170612 0.896299132794 
0.259892916659 0.901857610907 
0.911432893029 0.146650537825 
0.270113270176 0.847766301683 
