0.321625807624 1.04090523246 
0.321578857956 1.04142238991 
0.321625807624 1.04090523246 
0.321671286964 1.04040427089 
0.321578857956 1.04142238991 
0.321625807624 1.04090523246 
0.321578857956 1.04142238991 
0.321625807624 1.04090523246 
0.845689003066 0.782392634201 
0.981106151529 0.449665257758 
0.321671286964 1.04040427089 
0.321578857956 1.04142238991 
1.00500717824 0.0842150123565 
0.321578857956 1.04142238991 
0.321625807624 1.04090523246 
0.604105689248 0.988177972931 
0.321625807624 1.04090523246 
0.729027745426 0.869308990365 
0.315993771848 1.10294292922 
0.320279774397 1.05573198507 
0.321671286964 1.04040427089 
0.321671286964 1.04040427089 
0.321671286964 1.04040427089 
0.321578857956 1.04142238991 
0.321578857956 1.04142238991 
0.321578857956 1.04142238991 
0.321578857956 1.04142238991 
0.321578857956 1.04142238991 
0.321578857956 1.04142238991 
0.321625807624 1.04090523246 
0.321625807624 1.04090523246 
0.321578857956 1.04142238991 
0.528986430293 1.03437317225 
0.321625807624 1.04090523246 
0.321625807624 1.04090523246 
0.321625807624 1.04090523246 
0.321625807624 1.04090523246 
0.321578857956 1.04142238991 
0.321671286964 1.04040427089 
0.321578857956 1.04142238991 
0.321578857956 1.04142238991 
0.319055710334 1.06921522953 
0.322085222194 1.03584471386 
0.897718959195 0.619539068946 
0.321671286964 1.04040427089 
0.981106151529 0.449665257758 
0.321578857956 1.04142238991 
0.322038272526 1.03636187131 
0.321211872394 1.04546478948 
0.321578857956 1.04142238991 
0.321625807624 1.04090523246 
0.321578857956 1.04142238991 
0.321625807624 1.04090523246 
0.321578857956 1.04142238991 
0.321578857956 1.04142238991 
0.321625807624 1.04090523246 
0.321671286964 1.04040427089 
0.321578857956 1.04142238991 
0.321671286964 1.04040427089 
0.321578857956 1.04142238991 
0.321578857956 1.04142238991 
0.318643245432 1.07375859068 
0.321578857956 1.04142238991 
0.321578857956 1.04142238991 
0.321625807624 1.04090523246 
0.319055710334 1.06921522953 
0.321578857956 1.04142238991 
0.321625807624 1.04090523246 
0.321671286964 1.04040427089 
0.321625807624 1.04090523246 
0.528986430293 1.03437317225 
0.321578857956 1.04142238991 
0.321578857956 1.04142238991 
0.322038272526 1.03636187131 
0.321625807624 1.04090523246 
0.321578857956 1.04142238991 
0.321625807624 1.04090523246 
0.321578857956 1.04142238991 
0.321671286964 1.04040427089 
0.321578857956 1.04142238991 
0.321625807624 1.04090523246 
1.00500717824 0.0842150123565 
0.321625807624 1.04090523246 
0.320582903529 1.05239297341 
1.00500717824 0.0842150123565 
0.318643245432 1.07375859068 
0.321578857956 1.04142238991 
0.320279774397 1.05573198507 
0.321962005543 1.03720196327 
0.321578857956 1.04142238991 
0.321578857956 1.04142238991 
0.321671286964 1.04040427089 
0.321578857956 1.04142238991 
0.321578857956 1.04142238991 
0.321578857956 1.04142238991 
0.321578857956 1.04142238991 
0.321211872394 1.04546478948 
0.321578857956 1.04142238991 
0.322085222194 1.03584471386 
0.321578857956 1.04142238991 
