0.985289542304 0.974057146166 
0.985289542304 0.974057146166 
0.985289542304 0.974057146166 
0.985289542304 0.974057146166 
0.985289542304 0.974057146166 
0.985289542304 0.974057146166 
0.985289542304 0.974057146166 
0.985289542304 0.974057146166 
0.985289542304 0.974057146166 
0.985289542304 0.974057146166 
0.985289542304 0.974057146166 
0.985289542304 0.974057146166 
0.985289542304 0.974057146166 
0.985289542304 0.974057146166 
0.985289542304 0.974057146166 
0.998165153948 0.972172093336 
0.985289542304 0.974057146166 
0.985289542304 0.974057146166 
0.985289542304 0.974057146166 
0.985289542304 0.974057146166 
0.985289542304 0.974057146166 
0.985289542304 0.974057146166 
0.985289542304 0.974057146166 
0.985289542304 0.974057146166 
0.985289542304 0.974057146166 
0.985289542304 0.974057146166 
0.985289542304 0.974057146166 
0.985289542304 0.974057146166 
0.985289542304 0.974057146166 
0.985289542304 0.974057146166 
0.985289542304 0.974057146166 
0.985289542304 0.974057146166 
0.998165153948 0.972172093336 
0.985289542304 0.974057146166 
0.985289542304 0.974057146166 
0.985289542304 0.974057146166 
0.998165153948 0.972172093336 
0.985289542304 0.974057146166 
0.985289542304 0.974057146166 
0.985289542304 0.974057146166 
0.985289542304 0.974057146166 
0.985289542304 0.974057146166 
0.985289542304 0.974057146166 
0.985289542304 0.974057146166 
0.985289542304 0.974057146166 
0.985289542304 0.974057146166 
0.985289542304 0.974057146166 
0.985289542304 0.974057146166 
0.985289542304 0.974057146166 
0.985289542304 0.974057146166 
0.985289542304 0.974057146166 
0.985289542304 0.974057146166 
0.985289542304 0.974057146166 
0.985289542304 0.974057146166 
0.985289542304 0.974057146166 
0.985289542304 0.974057146166 
0.985289542304 0.974057146166 
0.985289542304 0.974057146166 
0.985289542304 0.974057146166 
0.985289542304 0.974057146166 
0.985289542304 0.974057146166 
0.985289542304 0.974057146166 
0.985289542304 0.974057146166 
0.985289542304 0.974057146166 
0.985289542304 0.974057146166 
0.985289542304 0.974057146166 
0.985289542304 0.974057146166 
0.985289542304 0.974057146166 
0.985289542304 0.974057146166 
0.985289542304 0.974057146166 
0.985289542304 0.974057146166 
0.985289542304 0.974057146166 
0.985289542304 0.974057146166 
0.985289542304 0.974057146166 
0.985289542304 0.974057146166 
0.985289542304 0.974057146166 
0.985289542304 0.974057146166 
0.985289542304 0.974057146166 
0.985289542304 0.974057146166 
0.985289542304 0.974057146166 
0.998165153948 0.972172093336 
0.985289542304 0.974057146166 
0.985289542304 0.974057146166 
0.985289542304 0.974057146166 
0.985289542304 0.974057146166 
0.985289542304 0.974057146166 
0.985289542304 0.974057146166 
0.985289542304 0.974057146166 
0.985289542304 0.974057146166 
0.985289542304 0.974057146166 
0.985289542304 0.974057146166 
0.985289542304 0.974057146166 
0.985289542304 0.974057146166 
0.985289542304 0.974057146166 
0.985289542304 0.974057146166 
0.985289542304 0.974057146166 
0.985289542304 0.974057146166 
0.985289542304 0.974057146166 
0.985289542304 0.974057146166 
0.985289542304 0.974057146166 
