0.999195174386 1.08513850591 
0.999195174386 1.08513850591 
0.999195174386 1.08513850591 
0.999195174386 1.08513850591 
0.999195174386 1.08513850591 
0.999195174386 1.08513850591 
0.999195174386 1.08513850591 
0.999195174386 1.08513850591 
0.999195174386 1.08513850591 
0.999195174386 1.08513850591 
0.999195174386 1.08513850591 
0.999195174386 1.08513850591 
0.999195174386 1.08513850591 
0.528285274229 1.09383524934 
0.999195174386 1.08513850591 
0.999195174386 1.08513850591 
0.999195174386 1.08513850591 
0.999195174386 1.08513850591 
0.999195174386 1.08513850591 
0.999195174386 1.08513850591 
0.999195174386 1.08513850591 
0.999195174386 1.08513850591 
0.999195174386 1.08513850591 
0.999195174386 1.08513850591 
0.999195174386 1.08513850591 
0.999195174386 1.08513850591 
0.999195174386 1.08513850591 
0.999195174386 1.08513850591 
0.999195174386 1.08513850591 
0.999195174386 1.08513850591 
0.999195174386 1.08513850591 
0.999195174386 1.08513850591 
0.999195174386 1.08513850591 
0.999195174386 1.08513850591 
0.999195174386 1.08513850591 
0.999195174386 1.08513850591 
0.999195174386 1.08513850591 
0.999195174386 1.08513850591 
0.999195174386 1.08513850591 
0.999195174386 1.08513850591 
0.999195174386 1.08513850591 
0.999195174386 1.08513850591 
0.999195174386 1.08513850591 
0.999195174386 1.08513850591 
0.999195174386 1.08513850591 
0.999195174386 1.08513850591 
0.999195174386 1.08513850591 
0.999195174386 1.08513850591 
0.999195174386 1.08513850591 
0.999195174386 1.08513850591 
0.999195174386 1.08513850591 
0.999195174386 1.08513850591 
0.999195174386 1.08513850591 
0.999195174386 1.08513850591 
0.528285274229 1.09383524934 
0.999195174386 1.08513850591 
0.999195174386 1.08513850591 
0.999195174386 1.08513850591 
0.999195174386 1.08513850591 
0.999195174386 1.08513850591 
0.999195174386 1.08513850591 
0.999195174386 1.08513850591 
0.999195174386 1.08513850591 
0.999195174386 1.08513850591 
0.999195174386 1.08513850591 
0.999195174386 1.08513850591 
0.999195174386 1.08513850591 
0.999195174386 1.08513850591 
0.999195174386 1.08513850591 
0.999195174386 1.08513850591 
0.99954612842 0.456305467776 
0.999195174386 1.08513850591 
0.999195174386 1.08513850591 
0.999195174386 1.08513850591 
0.999195174386 1.08513850591 
0.999195174386 1.08513850591 
0.999195174386 1.08513850591 
0.528285274229 1.09383524934 
0.999195174386 1.08513850591 
0.999195174386 1.08513850591 
0.999195174386 1.08513850591 
0.999195174386 1.08513850591 
0.999195174386 1.08513850591 
0.999195174386 1.08513850591 
0.999195174386 1.08513850591 
0.999195174386 1.08513850591 
0.999195174386 1.08513850591 
0.999195174386 1.08513850591 
0.999195174386 1.08513850591 
0.999195174386 1.08513850591 
0.999195174386 1.08513850591 
0.999195174386 1.08513850591 
0.999195174386 1.08513850591 
0.999195174386 1.08513850591 
0.999195174386 1.08513850591 
0.999195174386 1.08513850591 
0.999195174386 1.08513850591 
0.999195174386 1.08513850591 
0.999195174386 1.08513850591 
0.999195174386 1.08513850591 
