0.618747041401 1.11994962026 
1.06177692074 0.326912385401 
1.01949616598 0.517663297111 
0.990328895181 0.610550977875 
0.735332734087 1.03357394912 
0.897250317966 0.82009328745 
0.735332734087 1.03357394912 
0.735332734087 1.03357394912 
0.735332734087 1.03357394912 
0.618747041401 1.11994962026 
0.735332734087 1.03357394912 
0.735332734087 1.03357394912 
0.735332734087 1.03357394912 
0.735332734087 1.03357394912 
0.990328895181 0.610550977875 
1.07470703499 0.23545121118 
0.618747041401 1.11994962026 
0.495647593692 1.16653266408 
1.07470703499 0.23545121118 
1.08597437516 0.0990026097254 
1.07470703499 0.23545121118 
1.08597437516 0.0990026097254 
0.735332734087 1.03357394912 
0.735332734087 1.03357394912 
1.07470703499 0.23545121118 
0.735332734087 1.03357394912 
0.897250317966 0.82009328745 
1.08597437516 0.0990026097254 
1.08597437516 0.0990026097254 
1.07470703499 0.23545121118 
0.735332734087 1.03357394912 
0.618747041401 1.11994962026 
0.735332734087 1.03357394912 
1.07470703499 0.23545121118 
1.06177692074 0.326912385401 
1.08597437516 0.0990026097254 
1.08597437516 0.0990026097254 
1.08597437516 0.0990026097254 
0.735332734087 1.03357394912 
1.07470703499 0.23545121118 
0.495647593692 1.16653266408 
0.495647593692 1.16653266408 
1.01949616598 0.517663297111 
0.735332734087 1.03357394912 
0.735332734087 1.03357394912 
0.380932363309 1.17342958267 
0.495647593692 1.16653266408 
1.08597437516 0.0990026097254 
1.07470703499 0.23545121118 
0.735332734087 1.03357394912 
1.08597437516 0.0990026097254 
1.08597437516 0.0990026097254 
1.08597437516 0.0990026097254 
1.07470703499 0.23545121118 
1.07470703499 0.23545121118 
0.735332734087 1.03357394912 
0.990328895181 0.610550977875 
0.735332734087 1.03357394912 
1.08597437516 0.0990026097254 
0.495647593692 1.16653266408 
0.735332734087 1.03357394912 
1.08597437516 0.0990026097254 
0.735332734087 1.03357394912 
0.735332734087 1.03357394912 
0.735332734087 1.03357394912 
0.897250317966 0.82009328745 
1.08597437516 0.0990026097254 
0.735332734087 1.03357394912 
1.08597437516 0.0990026097254 
1.08597437516 0.0990026097254 
0.735332734087 1.03357394912 
0.735332734087 1.03357394912 
0.735332734087 1.03357394912 
1.07470703499 0.23545121118 
1.07470703499 0.23545121118 
1.06177692074 0.326912385401 
0.495647593692 1.16653266408 
1.07470703499 0.23545121118 
0.735332734087 1.03357394912 
0.735332734087 1.03357394912 
1.06177692074 0.326912385401 
0.735332734087 1.03357394912 
0.990328895181 0.610550977875 
1.07470703499 0.23545121118 
0.618747041401 1.11994962026 
0.990328895181 0.610550977875 
1.08597437516 0.0990026097254 
0.735332734087 1.03357394912 
1.07470703499 0.23545121118 
1.08597437516 0.0990026097254 
1.07470703499 0.23545121118 
1.06177692074 0.326912385401 
1.07470703499 0.23545121118 
0.735332734087 1.03357394912 
0.897250317966 0.82009328745 
0.735332734087 1.03357394912 
0.735332734087 1.03357394912 
1.08597437516 0.0990026097254 
1.06177692074 0.326912385401 
1.07470703499 0.23545121118 
