0.302958641013 1.04603373409 
0.291379818724 1.14286869712 
0.300567014893 1.06603516611 
0.292605723785 1.1326163184 
0.288203156283 1.16943547416 
0.29845995993 1.08365669829 
0.290133940932 1.15328810999 
0.291379818724 1.14286869712 
0.610865731956 1.04302893716 
0.978226918017 0.475982117873 
0.291379818724 1.14286869712 
0.302958641013 1.04603373409 
0.302958641013 1.04603373409 
0.291379818724 1.14286869712 
0.300921951951 1.0630667885 
0.291379818724 1.14286869712 
0.815819934484 0.962467829038 
0.978226918017 0.475982117873 
0.875590039771 0.802569628621 
0.815819934484 0.962467829038 
0.291379818724 1.14286869712 
0.291379818724 1.14286869712 
1.04696070761 0.161407482749 
0.291379818724 1.14286869712 
0.291379818724 1.14286869712 
0.299705837722 1.07323728542 
0.291379818724 1.14286869712 
0.29845995993 1.08365669829 
0.301746766837 1.05616877099 
0.302958641013 1.04603373409 
0.610865731956 1.04302893716 
0.761344491808 1.02529028026 
0.291379818724 1.14286869712 
0.291379818724 1.14286869712 
0.961568990409 0.67868519808 
0.291379818724 1.14286869712 
0.301577135381 1.05758741748 
0.290133940932 1.15328810999 
0.291379818724 1.14286869712 
0.978226918017 0.475982117873 
0.978226918017 0.475982117873 
0.299705837722 1.07323728542 
0.288203156283 1.16943547416 
0.961568990409 0.67868519808 
0.815819934484 0.962467829038 
0.978226918017 0.475982117873 
0.292830831607 1.13073371695 
0.300567014893 1.06603516611 
0.291864853369 1.13881229909 
0.961568990409 0.67868519808 
0.291379818724 1.14286869712 
0.290133940932 1.15328810999 
0.290133940932 1.15328810999 
0.292694796497 1.13187139353 
0.294056736668 1.12048133823 
0.291379818724 1.14286869712 
0.291379818724 1.14286869712 
0.300526419973 1.0663746659 
0.978226918017 0.475982117873 
0.299705837722 1.07323728542 
0.292830831607 1.13073371695 
0.291379818724 1.14286869712 
0.292694796497 1.13187139353 
0.291379818724 1.14286869712 
0.299705837722 1.07323728542 
0.289449034075 1.1590160613 
0.291379818724 1.14286869712 
0.299705837722 1.07323728542 
0.29845995993 1.08365669829 
0.288203156283 1.16943547416 
0.815819934484 0.962467829038 
0.978226918017 0.475982117873 
0.292761324356 1.13131501373 
0.29845995993 1.08365669829 
0.815819934484 0.962467829038 
0.291379818724 1.14286869712 
0.291379818724 1.14286869712 
0.291379818724 1.14286869712 
0.294176864827 1.11947669324 
0.290133940932 1.15328810999 
0.291379818724 1.14286869712 
0.291379818724 1.14286869712 
0.291379818724 1.14286869712 
0.290133940932 1.15328810999 
0.815819934484 0.962467829038 
0.288203156283 1.16943547416 
0.610865731956 1.04302893716 
0.300921951951 1.0630667885 
0.291379818724 1.14286869712 
0.302958641013 1.04603373409 
0.291379818724 1.14286869712 
0.302958641013 1.04603373409 
0.291313290866 1.14342507692 
0.610865731956 1.04302893716 
0.291379818724 1.14286869712 
0.300921951951 1.0630667885 
0.291379818724 1.14286869712 
0.291379818724 1.14286869712 
0.978226918017 0.475982117873 
0.292761324356 1.13131501373 
