0.368373534383 0.961720565753 
0.369622417402 0.940386565911 
0.366828394528 0.988115362463 
0.369622417402 0.940386565911 
0.723967783479 0.81535522924 
0.865987341183 0.530244855213 
0.978691534077 0.303920490695 
0.369622417402 0.940386565911 
0.368092870319 0.966514999655 
0.366828394528 0.988115362463 
0.369622417402 0.940386565911 
0.368077277547 0.966781362622 
0.800846850113 0.736189491591 
0.366828394528 0.988115362463 
0.369622417402 0.940386565911 
0.368077277547 0.966781362622 
0.368077277547 0.966781362622 
0.369622417402 0.940386565911 
0.800846850113 0.736189491591 
0.368077277547 0.966781362622 
0.367659987014 0.973909713338 
0.999278072785 0.189205634977 
0.978691534077 0.303920490695 
0.978691534077 0.303920490695 
0.368077277547 0.966781362622 
0.978691534077 0.303920490695 
0.723967783479 0.81535522924 
0.366828394528 0.988115362463 
0.369622417402 0.940386565911 
0.368077277547 0.966781362622 
0.723967783479 0.81535522924 
0.366828394528 0.988115362463 
0.368077277547 0.966781362622 
0.883937711702 0.391274548 
0.368373534383 0.961720565753 
0.366828394528 0.988115362463 
0.366828394528 0.988115362463 
0.368373534383 0.961720565753 
0.368077277547 0.966781362622 
0.368373534383 0.961720565753 
0.366828394528 0.988115362463 
0.978691534077 0.303920490695 
0.369622417402 0.940386565911 
0.368077277547 0.966781362622 
0.865987341183 0.530244855213 
0.368373534383 0.961720565753 
0.363878427074 1.03850807678 
0.723967783479 0.81535522924 
0.366828394528 0.988115362463 
0.369622417402 0.940386565911 
0.368077277547 0.966781362622 
0.368373534383 0.961720565753 
0.366828394528 0.988115362463 
0.865987341183 0.530244855213 
0.369622417402 0.940386565911 
0.368077277547 0.966781362622 
0.366828394528 0.988115362463 
0.366828394528 0.988115362463 
0.368092870319 0.966514999655 
0.368373534383 0.961720565753 
0.368077277547 0.966781362622 
0.368077277547 0.966781362622 
0.368077277547 0.966781362622 
0.368077277547 0.966781362622 
0.369622417402 0.940386565911 
0.978691534077 0.303920490695 
0.368373534383 0.961720565753 
0.365167148146 1.01649354482 
0.978691534077 0.303920490695 
0.368373534383 0.961720565753 
0.369622417402 0.940386565911 
0.368077277547 0.966781362622 
0.366828394528 0.988115362463 
0.561866082834 0.937669147441 
0.367659987014 0.973909713338 
0.366828394528 0.988115362463 
0.369622417402 0.940386565911 
0.800846850113 0.736189491591 
0.369622417402 0.940386565911 
0.368077277547 0.966781362622 
0.865987341183 0.530244855213 
0.366828394528 0.988115362463 
0.368077277547 0.966781362622 
0.368612285411 0.95764210979 
0.368077277547 0.966781362622 
0.368373534383 0.961720565753 
0.368077277547 0.966781362622 
0.368077277547 0.966781362622 
0.723967783479 0.81535522924 
0.369622417402 0.940386565911 
0.369622417402 0.940386565911 
0.369622417402 0.940386565911 
0.366828394528 0.988115362463 
0.362629544055 1.05984207663 
0.369622417402 0.940386565911 
0.368077277547 0.966781362622 
0.368077277547 0.966781362622 
0.367659987014 0.973909713338 
0.723967783479 0.81535522924 
0.368373534383 0.961720565753 
