0.999065787118 1.15902555731 
0.999065787118 1.15902555731 
0.49740937557 1.17216503458 
0.49740937557 1.17216503458 
0.999065787118 1.15902555731 
0.999065787118 1.15902555731 
0.999065787118 1.15902555731 
0.999065787118 1.15902555731 
0.999065787118 1.15902555731 
0.49740937557 1.17216503458 
0.49740937557 1.17216503458 
0.49740937557 1.17216503458 
0.999065787118 1.15902555731 
0.999065787118 1.15902555731 
0.999065787118 1.15902555731 
0.999065787118 1.15902555731 
0.999065787118 1.15902555731 
0.999065787118 1.15902555731 
0.999065787118 1.15902555731 
0.49740937557 1.17216503458 
0.999065787118 1.15902555731 
0.49740937557 1.17216503458 
0.999065787118 1.15902555731 
0.49740937557 1.17216503458 
0.999065787118 1.15902555731 
0.49740937557 1.17216503458 
0.999065787118 1.15902555731 
0.49740937557 1.17216503458 
0.999065787118 1.15902555731 
0.49740937557 1.17216503458 
0.999065787118 1.15902555731 
0.999065787118 1.15902555731 
0.49740937557 1.17216503458 
0.999065787118 1.15902555731 
0.999065787118 1.15902555731 
0.999065787118 1.15902555731 
0.999065787118 1.15902555731 
0.49740937557 1.17216503458 
0.999065787118 1.15902555731 
0.49740937557 1.17216503458 
0.49740937557 1.17216503458 
0.999065787118 1.15902555731 
0.49740937557 1.17216503458 
0.999065787118 1.15902555731 
0.999065787118 1.15902555731 
0.49740937557 1.17216503458 
0.49740937557 1.17216503458 
0.999065787118 1.15902555731 
0.999065787118 1.15902555731 
0.999065787118 1.15902555731 
0.49740937557 1.17216503458 
0.49740937557 1.17216503458 
0.49740937557 1.17216503458 
0.999065787118 1.15902555731 
0.999065787118 1.15902555731 
0.999065787118 1.15902555731 
0.999065787118 1.15902555731 
0.49740937557 1.17216503458 
0.999065787118 1.15902555731 
0.999065787118 1.15902555731 
0.49740937557 1.17216503458 
0.999065787118 1.15902555731 
0.999065787118 1.15902555731 
0.49740937557 1.17216503458 
0.999065787118 1.15902555731 
0.999065787118 1.15902555731 
0.999065787118 1.15902555731 
0.999065787118 1.15902555731 
0.49740937557 1.17216503458 
0.49740937557 1.17216503458 
0.49740937557 1.17216503458 
0.999065787118 1.15902555731 
0.999065787118 1.15902555731 
0.999065787118 1.15902555731 
0.999065787118 1.15902555731 
0.999065787118 1.15902555731 
0.999065787118 1.15902555731 
0.49740937557 1.17216503458 
0.999065787118 1.15902555731 
0.49740937557 1.17216503458 
0.49740937557 1.17216503458 
0.999065787118 1.15902555731 
0.49740937557 1.17216503458 
0.49740937557 1.17216503458 
0.999065787118 1.15902555731 
0.999065787118 1.15902555731 
0.999065787118 1.15902555731 
0.49740937557 1.17216503458 
0.49740937557 1.17216503458 
0.999065787118 1.15902555731 
0.999065787118 1.15902555731 
0.49740937557 1.17216503458 
0.49740937557 1.17216503458 
0.999065787118 1.15902555731 
0.49740937557 1.17216503458 
0.49740937557 1.17216503458 
0.49740937557 1.17216503458 
0.999065787118 1.15902555731 
0.49740937557 1.17216503458 
0.999065787118 1.15902555731 
