1.06799118631 0.0198682168855 
0.941971695182 0.640353206945 
1.06799118631 0.0198682168855 
0.941971695182 0.640353206945 
1.06799118631 0.0198682168855 
0.55875855442 0.999334458808 
1.06799118631 0.0198682168855 
1.06799118631 0.0198682168855 
0.941971695182 0.640353206945 
0.941971695182 0.640353206945 
0.987689260816 0.439923695345 
1.06799118631 0.0198682168855 
1.03973011892 0.316877334644 
1.06799118631 0.0198682168855 
0.941971695182 0.640353206945 
1.06799118631 0.0198682168855 
0.941971695182 0.640353206945 
1.06799118631 0.0198682168855 
1.06799118631 0.0198682168855 
1.03973011892 0.316877334644 
0.941971695182 0.640353206945 
0.55875855442 0.999334458808 
1.06799118631 0.0198682168855 
0.941971695182 0.640353206945 
0.941971695182 0.640353206945 
0.941971695182 0.640353206945 
0.941971695182 0.640353206945 
0.55875855442 0.999334458808 
1.03973011892 0.316877334644 
0.55875855442 0.999334458808 
1.06799118631 0.0198682168855 
1.03973011892 0.316877334644 
1.06799118631 0.0198682168855 
1.06799118631 0.0198682168855 
0.55875855442 0.999334458808 
0.55875855442 0.999334458808 
1.06799118631 0.0198682168855 
0.941971695182 0.640353206945 
0.941971695182 0.640353206945 
0.896492232722 0.731300865843 
0.764012392052 0.919491968331 
0.55875855442 0.999334458808 
1.06799118631 0.0198682168855 
0.440486073161 1.05239660981 
1.03973011892 0.316877334644 
0.941971695182 0.640353206945 
1.03973011892 0.316877334644 
1.03973011892 0.316877334644 
0.941971695182 0.640353206945 
0.941971695182 0.640353206945 
0.941971695182 0.640353206945 
1.06799118631 0.0198682168855 
1.06799118631 0.0198682168855 
0.55875855442 0.999334458808 
1.06799118631 0.0198682168855 
0.55875855442 0.999334458808 
0.941971695182 0.640353206945 
0.941971695182 0.640353206945 
0.941971695182 0.640353206945 
1.03973011892 0.316877334644 
1.06799118631 0.0198682168855 
0.941971695182 0.640353206945 
0.55875855442 0.999334458808 
0.55875855442 0.999334458808 
0.415592132076 1.05852737458 
1.06799118631 0.0198682168855 
1.06799118631 0.0198682168855 
0.55875855442 0.999334458808 
1.06799118631 0.0198682168855 
0.941971695182 0.640353206945 
1.06799118631 0.0198682168855 
1.06799118631 0.0198682168855 
1.03973011892 0.316877334644 
1.06799118631 0.0198682168855 
1.06799118631 0.0198682168855 
0.602244806216 0.932622747712 
1.03973011892 0.316877334644 
0.941971695182 0.640353206945 
0.55875855442 0.999334458808 
0.941971695182 0.640353206945 
0.55875855442 0.999334458808 
1.03973011892 0.316877334644 
1.03973011892 0.316877334644 
0.55875855442 0.999334458808 
0.55875855442 0.999334458808 
1.06799118631 0.0198682168855 
0.55875855442 0.999334458808 
1.06799118631 0.0198682168855 
1.06799118631 0.0198682168855 
0.55875855442 0.999334458808 
0.55875855442 0.999334458808 
0.941971695182 0.640353206945 
0.55875855442 0.999334458808 
0.941971695182 0.640353206945 
1.06799118631 0.0198682168855 
0.941971695182 0.640353206945 
0.55875855442 0.999334458808 
1.06799118631 0.0198682168855 
0.55875855442 0.999334458808 
0.55875855442 0.999334458808 
