0.49083517832 1.20000344501 
0.49083517832 1.20000344501 
0.49083517832 1.20000344501 
0.49083517832 1.20000344501 
0.49083517832 1.20000344501 
0.49083517832 1.20000344501 
0.49083517832 1.20000344501 
0.49083517832 1.20000344501 
0.49083517832 1.20000344501 
0.49083517832 1.20000344501 
0.998326075593 1.18772911687 
0.49083517832 1.20000344501 
0.49083517832 1.20000344501 
0.49083517832 1.20000344501 
0.998326075593 1.18772911687 
0.49083517832 1.20000344501 
0.49083517832 1.20000344501 
0.49083517832 1.20000344501 
0.49083517832 1.20000344501 
0.49083517832 1.20000344501 
0.49083517832 1.20000344501 
0.49083517832 1.20000344501 
0.49083517832 1.20000344501 
0.49083517832 1.20000344501 
0.49083517832 1.20000344501 
0.49083517832 1.20000344501 
0.49083517832 1.20000344501 
0.49083517832 1.20000344501 
0.998326075593 1.18772911687 
0.49083517832 1.20000344501 
0.49083517832 1.20000344501 
0.998326075593 1.18772911687 
0.49083517832 1.20000344501 
0.49083517832 1.20000344501 
0.49083517832 1.20000344501 
0.49083517832 1.20000344501 
0.49083517832 1.20000344501 
0.49083517832 1.20000344501 
0.49083517832 1.20000344501 
0.49083517832 1.20000344501 
0.49083517832 1.20000344501 
0.49083517832 1.20000344501 
0.49083517832 1.20000344501 
0.49083517832 1.20000344501 
0.49083517832 1.20000344501 
0.49083517832 1.20000344501 
0.49083517832 1.20000344501 
0.49083517832 1.20000344501 
0.49083517832 1.20000344501 
0.49083517832 1.20000344501 
0.49083517832 1.20000344501 
0.49083517832 1.20000344501 
0.49083517832 1.20000344501 
0.49083517832 1.20000344501 
0.998326075593 1.18772911687 
0.49083517832 1.20000344501 
0.49083517832 1.20000344501 
0.49083517832 1.20000344501 
0.49083517832 1.20000344501 
0.49083517832 1.20000344501 
0.998326075593 1.18772911687 
0.49083517832 1.20000344501 
0.998326075593 1.18772911687 
0.49083517832 1.20000344501 
0.49083517832 1.20000344501 
0.49083517832 1.20000344501 
0.49083517832 1.20000344501 
0.49083517832 1.20000344501 
0.49083517832 1.20000344501 
0.49083517832 1.20000344501 
0.49083517832 1.20000344501 
0.49083517832 1.20000344501 
0.49083517832 1.20000344501 
0.49083517832 1.20000344501 
0.49083517832 1.20000344501 
0.49083517832 1.20000344501 
0.49083517832 1.20000344501 
0.998326075593 1.18772911687 
0.998326075593 1.18772911687 
0.49083517832 1.20000344501 
0.49083517832 1.20000344501 
0.49083517832 1.20000344501 
0.49083517832 1.20000344501 
0.49083517832 1.20000344501 
0.49083517832 1.20000344501 
0.49083517832 1.20000344501 
0.49083517832 1.20000344501 
0.49083517832 1.20000344501 
0.49083517832 1.20000344501 
0.998326075593 1.18772911687 
0.49083517832 1.20000344501 
0.49083517832 1.20000344501 
0.49083517832 1.20000344501 
0.49083517832 1.20000344501 
0.998326075593 1.18772911687 
0.49083517832 1.20000344501 
0.49083517832 1.20000344501 
0.49083517832 1.20000344501 
0.49083517832 1.20000344501 
0.49083517832 1.20000344501 
