0.390936816003 1.01849046486 
0.390918286859 1.01896669744 
0.391253760456 1.01034441821 
0.391253760456 1.01034441821 
0.391278023779 1.00972080684 
0.391253760456 1.01034441821 
0.695874417704 0.887904370573 
0.391253760456 1.01034441821 
0.391253760456 1.01034441821 
0.559576097107 0.993686395796 
0.391092344626 1.01449309747 
0.962801426137 0.376508406264 
0.391253760456 1.01034441821 
0.391278023779 1.00972080684 
0.391278023779 1.00972080684 
0.390918286859 1.01896669744 
0.391253760456 1.01034441821 
0.390918286859 1.01896669744 
0.391253760456 1.01034441821 
0.391278023779 1.00972080684 
0.390918286859 1.01896669744 
0.391404683067 1.00646543368 
0.391253760456 1.01034441821 
0.391253760456 1.01034441821 
0.391253760456 1.01034441821 
0.390918286859 1.01896669744 
0.559576097107 0.993686395796 
0.390256269782 1.0359817357 
0.391080666844 1.01479323765 
0.390936816003 1.01849046486 
0.390918286859 1.01896669744 
0.390936816003 1.01849046486 
0.390936816003 1.01849046486 
0.391451117392 1.00527198741 
0.390256269782 1.0359817357 
0.391253760456 1.01034441821 
0.391253760456 1.01034441821 
0.390936816003 1.01849046486 
0.391253760456 1.01034441821 
0.391253760456 1.01034441821 
0.390918286859 1.01896669744 
0.391253760456 1.01034441821 
0.391253760456 1.01034441821 
0.391253760456 1.01034441821 
0.390918286859 1.01896669744 
0.390936816003 1.01849046486 
0.391278023779 1.00972080684 
0.390918286859 1.01896669744 
0.391080666844 1.01479323765 
0.754219558961 0.866559211478 
0.391253760456 1.01034441821 
0.559576097107 0.993686395796 
0.391253760456 1.01034441821 
0.391253760456 1.01034441821 
0.391278023779 1.00972080684 
0.391278023779 1.00972080684 
0.391080666844 1.01479323765 
0.391253760456 1.01034441821 
0.390918286859 1.01896669744 
0.390936816003 1.01849046486 
0.962801426137 0.376508406264 
0.390918286859 1.01896669744 
0.390918286859 1.01896669744 
0.391278023779 1.00972080684 
0.391278023779 1.00972080684 
0.390429363395 1.03153291627 
0.391253760456 1.01034441821 
0.391080666844 1.01479323765 
0.841591594117 0.713915766087 
0.390918286859 1.01896669744 
0.391253760456 1.01034441821 
0.391253760456 1.01034441821 
0.391253760456 1.01034441821 
0.390936816003 1.01849046486 
0.391253760456 1.01034441821 
0.391278023779 1.00972080684 
0.391253760456 1.01034441821 
0.390918286859 1.01896669744 
0.390936816003 1.01849046486 
0.391253760456 1.01034441821 
0.389895998687 1.04524135555 
0.391253760456 1.01034441821 
0.389915062006 1.04475139372 
0.391278023779 1.00972080684 
0.390936816003 1.01849046486 
0.904344890297 0.48572016035 
0.391253760456 1.01034441821 
0.391253760456 1.01034441821 
0.391253760456 1.01034441821 
0.390936816003 1.01849046486 
0.390918286859 1.01896669744 
0.390918286859 1.01896669744 
0.391115643795 1.01389426664 
0.391253760456 1.01034441821 
0.390918286859 1.01896669744 
0.391253760456 1.01034441821 
0.388763768971 1.07434171053 
0.390936816003 1.01849046486 
0.390918286859 1.01896669744 
0.390918286859 1.01896669744 
