0.747466915736 1.00700553281 
0.984832860363 0.635782134015 
0.747466915736 1.00700553281 
0.540305397042 1.15814986069 
0.747466915736 1.00700553281 
1.084230089 0.305722831349 
0.984832860363 0.635782134015 
0.984832860363 0.635782134015 
0.540305397042 1.15814986069 
0.984832860363 0.635782134015 
0.984832860363 0.635782134015 
0.984832860363 0.635782134015 
0.747466915736 1.00700553281 
0.747466915736 1.00700553281 
0.747466915736 1.00700553281 
0.747466915736 1.00700553281 
1.0607398429 0.371504365239 
0.747466915736 1.00700553281 
0.984832860363 0.635782134015 
0.747466915736 1.00700553281 
0.540305397042 1.15814986069 
0.747466915736 1.00700553281 
0.540305397042 1.15814986069 
0.984832860363 0.635782134015 
0.984832860363 0.635782134015 
0.747466915736 1.00700553281 
0.747466915736 1.00700553281 
0.984832860363 0.635782134015 
1.084230089 0.305722831349 
0.747466915736 1.00700553281 
0.747466915736 1.00700553281 
0.540305397042 1.15814986069 
0.747466915736 1.00700553281 
0.984832860363 0.635782134015 
0.540305397042 1.15814986069 
0.984832860363 0.635782134015 
0.747466915736 1.00700553281 
0.747466915736 1.00700553281 
0.747466915736 1.00700553281 
0.984832860363 0.635782134015 
0.747466915736 1.00700553281 
0.747466915736 1.00700553281 
0.747466915736 1.00700553281 
0.984832860363 0.635782134015 
1.084230089 0.305722831349 
0.879130797357 0.873080257008 
0.747466915736 1.00700553281 
0.984832860363 0.635782134015 
0.540305397042 1.15814986069 
0.984832860363 0.635782134015 
0.747466915736 1.00700553281 
0.879130797357 0.873080257008 
1.084230089 0.305722831349 
0.540305397042 1.15814986069 
0.984832860363 0.635782134015 
1.0607398429 0.371504365239 
0.984832860363 0.635782134015 
1.084230089 0.305722831349 
0.540305397042 1.15814986069 
0.747466915736 1.00700553281 
0.540305397042 1.15814986069 
0.747466915736 1.00700553281 
0.747466915736 1.00700553281 
0.747466915736 1.00700553281 
0.984832860363 0.635782134015 
0.984832860363 0.635782134015 
0.984832860363 0.635782134015 
0.984832860363 0.635782134015 
0.747466915736 1.00700553281 
0.747466915736 1.00700553281 
0.747466915736 1.00700553281 
0.747466915736 1.00700553281 
0.984832860363 0.635782134015 
0.540305397042 1.15814986069 
1.0607398429 0.371504365239 
0.984832860363 0.635782134015 
0.540305397042 1.15814986069 
0.747466915736 1.00700553281 
0.747466915736 1.00700553281 
0.984832860363 0.635782134015 
0.747466915736 1.00700553281 
0.747466915736 1.00700553281 
0.984832860363 0.635782134015 
0.747466915736 1.00700553281 
0.984832860363 0.635782134015 
0.747466915736 1.00700553281 
0.984832860363 0.635782134015 
0.747466915736 1.00700553281 
0.747466915736 1.00700553281 
0.747466915736 1.00700553281 
0.984832860363 0.635782134015 
0.984832860363 0.635782134015 
1.0607398429 0.371504365239 
1.0607398429 0.371504365239 
0.747466915736 1.00700553281 
0.540305397042 1.15814986069 
0.540305397042 1.15814986069 
0.747466915736 1.00700553281 
0.747466915736 1.00700553281 
1.084230089 0.305722831349 
