0.584889325046 1.19232742283 
0.584889325046 1.19232742283 
0.584889325046 1.19232742283 
0.584889325046 1.19232742283 
0.584889325046 1.19232742283 
0.584889325046 1.19232742283 
0.584889325046 1.19232742283 
0.584889325046 1.19232742283 
0.584889325046 1.19232742283 
0.584889325046 1.19232742283 
0.584889325046 1.19232742283 
0.584889325046 1.19232742283 
0.584889325046 1.19232742283 
0.584889325046 1.19232742283 
0.584889325046 1.19232742283 
0.584889325046 1.19232742283 
0.584889325046 1.19232742283 
0.584889325046 1.19232742283 
0.584889325046 1.19232742283 
0.584889325046 1.19232742283 
0.584889325046 1.19232742283 
0.584889325046 1.19232742283 
0.584889325046 1.19232742283 
0.584889325046 1.19232742283 
0.584889325046 1.19232742283 
0.584889325046 1.19232742283 
0.584889325046 1.19232742283 
0.584889325046 1.19232742283 
0.584889325046 1.19232742283 
0.584889325046 1.19232742283 
0.584889325046 1.19232742283 
0.584889325046 1.19232742283 
0.584889325046 1.19232742283 
0.584889325046 1.19232742283 
0.584889325046 1.19232742283 
0.584889325046 1.19232742283 
0.584889325046 1.19232742283 
0.584889325046 1.19232742283 
0.584889325046 1.19232742283 
0.584889325046 1.19232742283 
0.584889325046 1.19232742283 
0.584889325046 1.19232742283 
0.997253877054 1.17823533013 
0.584889325046 1.19232742283 
0.584889325046 1.19232742283 
0.584889325046 1.19232742283 
0.584889325046 1.19232742283 
0.584889325046 1.19232742283 
0.584889325046 1.19232742283 
0.584889325046 1.19232742283 
0.584889325046 1.19232742283 
0.584889325046 1.19232742283 
0.584889325046 1.19232742283 
0.584889325046 1.19232742283 
0.584889325046 1.19232742283 
0.584889325046 1.19232742283 
0.584889325046 1.19232742283 
0.584889325046 1.19232742283 
0.584889325046 1.19232742283 
0.584889325046 1.19232742283 
0.584889325046 1.19232742283 
0.584889325046 1.19232742283 
0.584889325046 1.19232742283 
0.584889325046 1.19232742283 
0.584889325046 1.19232742283 
0.584889325046 1.19232742283 
0.584889325046 1.19232742283 
0.584889325046 1.19232742283 
0.584889325046 1.19232742283 
0.584889325046 1.19232742283 
0.584889325046 1.19232742283 
0.584889325046 1.19232742283 
0.584889325046 1.19232742283 
0.584889325046 1.19232742283 
0.584889325046 1.19232742283 
0.584889325046 1.19232742283 
0.584889325046 1.19232742283 
0.584889325046 1.19232742283 
0.584889325046 1.19232742283 
0.584889325046 1.19232742283 
0.584889325046 1.19232742283 
0.584889325046 1.19232742283 
0.584889325046 1.19232742283 
0.584889325046 1.19232742283 
0.584889325046 1.19232742283 
0.584889325046 1.19232742283 
0.584889325046 1.19232742283 
0.584889325046 1.19232742283 
0.584889325046 1.19232742283 
0.584889325046 1.19232742283 
0.584889325046 1.19232742283 
0.584889325046 1.19232742283 
0.584889325046 1.19232742283 
0.584889325046 1.19232742283 
0.584889325046 1.19232742283 
0.584889325046 1.19232742283 
0.584889325046 1.19232742283 
0.584889325046 1.19232742283 
0.584889325046 1.19232742283 
0.584889325046 1.19232742283 
