0.78682987373 0.963571092974 
0.954219405119 0.690342107507 
0.78682987373 0.963571092974 
0.78682987373 0.963571092974 
0.78682987373 0.963571092974 
0.78682987373 0.963571092974 
0.78682987373 0.963571092974 
0.78682987373 0.963571092974 
0.78682987373 0.963571092974 
0.78682987373 0.963571092974 
0.954219405119 0.690342107507 
0.937680685313 0.727210698707 
0.78682987373 0.963571092974 
0.78682987373 0.963571092974 
0.78682987373 0.963571092974 
0.78682987373 0.963571092974 
0.78682987373 0.963571092974 
0.78682987373 0.963571092974 
0.954219405119 0.690342107507 
0.527325248088 1.13619235349 
0.937680685313 0.727210698707 
0.78682987373 0.963571092974 
1.0691141042 0.259669806378 
0.78682987373 0.963571092974 
1.00350397254 0.557612245872 
1.00350397254 0.557612245872 
0.937680685313 0.727210698707 
0.937680685313 0.727210698707 
0.78682987373 0.963571092974 
0.89956428397 0.801827651137 
0.78682987373 0.963571092974 
1.0691141042 0.259669806378 
0.937680685313 0.727210698707 
0.937680685313 0.727210698707 
0.78682987373 0.963571092974 
0.78682987373 0.963571092974 
0.78682987373 0.963571092974 
0.78682987373 0.963571092974 
0.78682987373 0.963571092974 
0.78682987373 0.963571092974 
0.78682987373 0.963571092974 
0.954219405119 0.690342107507 
0.937680685313 0.727210698707 
0.937680685313 0.727210698707 
0.954219405119 0.690342107507 
0.937680685313 0.727210698707 
0.78682987373 0.963571092974 
0.937680685313 0.727210698707 
0.78682987373 0.963571092974 
0.78682987373 0.963571092974 
0.78682987373 0.963571092974 
0.937680685313 0.727210698707 
0.78682987373 0.963571092974 
0.937680685313 0.727210698707 
0.937680685313 0.727210698707 
0.78682987373 0.963571092974 
0.954219405119 0.690342107507 
0.78682987373 0.963571092974 
0.78682987373 0.963571092974 
0.954219405119 0.690342107507 
0.78682987373 0.963571092974 
1.00350397254 0.557612245872 
0.78682987373 0.963571092974 
0.78682987373 0.963571092974 
0.78682987373 0.963571092974 
0.78682987373 0.963571092974 
0.78682987373 0.963571092974 
0.78682987373 0.963571092974 
0.527325248088 1.13619235349 
0.937680685313 0.727210698707 
0.78682987373 0.963571092974 
0.78682987373 0.963571092974 
0.78682987373 0.963571092974 
1.00350397254 0.557612245872 
0.78682987373 0.963571092974 
1.0691141042 0.259669806378 
0.78682987373 0.963571092974 
0.954219405119 0.690342107507 
0.937680685313 0.727210698707 
0.937680685313 0.727210698707 
0.937680685313 0.727210698707 
0.954219405119 0.690342107507 
1.00350397254 0.557612245872 
0.78682987373 0.963571092974 
0.937680685313 0.727210698707 
0.954219405119 0.690342107507 
0.527325248088 1.13619235349 
0.78682987373 0.963571092974 
0.954219405119 0.690342107507 
0.78682987373 0.963571092974 
1.00350397254 0.557612245872 
0.78682987373 0.963571092974 
0.78682987373 0.963571092974 
0.937680685313 0.727210698707 
1.00350397254 0.557612245872 
0.78682987373 0.963571092974 
0.78682987373 0.963571092974 
0.954219405119 0.690342107507 
0.937680685313 0.727210698707 
0.78682987373 0.963571092974 
