0.998362623489 1.0284089236 
0.998362623489 1.0284089236 
0.998362623489 1.0284089236 
0.998362623489 1.0284089236 
0.998362623489 1.0284089236 
0.998362623489 1.0284089236 
0.998362623489 1.0284089236 
0.998362623489 1.0284089236 
0.998362623489 1.0284089236 
0.998362623489 1.0284089236 
0.998362623489 1.0284089236 
0.998362623489 1.0284089236 
0.54757051905 1.04836080538 
0.998362623489 1.0284089236 
0.998362623489 1.0284089236 
0.998362623489 1.0284089236 
0.998362623489 1.0284089236 
0.998362623489 1.0284089236 
0.998362623489 1.0284089236 
0.998362623489 1.0284089236 
0.998362623489 1.0284089236 
0.998362623489 1.0284089236 
0.998362623489 1.0284089236 
0.998362623489 1.0284089236 
0.998362623489 1.0284089236 
0.998362623489 1.0284089236 
0.998362623489 1.0284089236 
0.998362623489 1.0284089236 
0.998362623489 1.0284089236 
0.998362623489 1.0284089236 
0.998362623489 1.0284089236 
0.998362623489 1.0284089236 
0.998362623489 1.0284089236 
0.998362623489 1.0284089236 
0.998362623489 1.0284089236 
0.998362623489 1.0284089236 
0.998362623489 1.0284089236 
0.998362623489 1.0284089236 
0.998362623489 1.0284089236 
0.998362623489 1.0284089236 
0.998362623489 1.0284089236 
0.998362623489 1.0284089236 
0.998362623489 1.0284089236 
0.998362623489 1.0284089236 
0.998362623489 1.0284089236 
0.998362623489 1.0284089236 
0.998362623489 1.0284089236 
0.998362623489 1.0284089236 
0.998362623489 1.0284089236 
0.998362623489 1.0284089236 
0.998362623489 1.0284089236 
0.998362623489 1.0284089236 
0.998362623489 1.0284089236 
0.998362623489 1.0284089236 
0.998362623489 1.0284089236 
0.998362623489 1.0284089236 
0.998362623489 1.0284089236 
0.998362623489 1.0284089236 
0.998362623489 1.0284089236 
0.998362623489 1.0284089236 
0.998362623489 1.0284089236 
0.998362623489 1.0284089236 
0.998362623489 1.0284089236 
0.998362623489 1.0284089236 
0.998362623489 1.0284089236 
0.998362623489 1.0284089236 
0.998362623489 1.0284089236 
0.998362623489 1.0284089236 
0.998362623489 1.0284089236 
0.998362623489 1.0284089236 
0.998362623489 1.0284089236 
0.998362623489 1.0284089236 
0.998362623489 1.0284089236 
0.998362623489 1.0284089236 
0.998362623489 1.0284089236 
0.998362623489 1.0284089236 
0.998362623489 1.0284089236 
0.998362623489 1.0284089236 
0.998362623489 1.0284089236 
0.998362623489 1.0284089236 
0.998362623489 1.0284089236 
0.998362623489 1.0284089236 
0.998362623489 1.0284089236 
0.998362623489 1.0284089236 
0.998362623489 1.0284089236 
0.998362623489 1.0284089236 
0.998362623489 1.0284089236 
0.998362623489 1.0284089236 
0.998362623489 1.0284089236 
0.998362623489 1.0284089236 
0.998362623489 1.0284089236 
0.998362623489 1.0284089236 
0.998362623489 1.0284089236 
0.998362623489 1.0284089236 
0.998362623489 1.0284089236 
0.998362623489 1.0284089236 
0.998362623489 1.0284089236 
0.998362623489 1.0284089236 
0.998362623489 1.0284089236 
0.998362623489 1.0284089236 
