0.500621994535 1.11627339862 
1.07674946465 0.031031450425 
0.500621994535 1.11627339862 
0.773549515447 0.923163129253 
0.500621994535 1.11627339862 
1.07674946465 0.031031450425 
0.500621994535 1.11627339862 
0.500621994535 1.11627339862 
0.500621994535 1.11627339862 
0.756995155879 0.971763992131 
0.500621994535 1.11627339862 
0.500621994535 1.11627339862 
0.64505767466 1.06105663921 
0.500621994535 1.11627339862 
0.500621994535 1.11627339862 
0.964115370564 0.631528592605 
0.500621994535 1.11627339862 
0.756995155879 0.971763992131 
0.500621994535 1.11627339862 
0.500621994535 1.11627339862 
0.500621994535 1.11627339862 
0.756995155879 0.971763992131 
0.500621994535 1.11627339862 
0.773549515447 0.923163129253 
1.07674946465 0.031031450425 
0.500621994535 1.11627339862 
1.07674946465 0.031031450425 
0.500621994535 1.11627339862 
0.500621994535 1.11627339862 
1.07674946465 0.031031450425 
0.500621994535 1.11627339862 
0.500621994535 1.11627339862 
0.756995155879 0.971763992131 
0.773549515447 0.923163129253 
0.756995155879 0.971763992131 
0.500621994535 1.11627339862 
0.982981690388 0.587680124442 
1.07674946465 0.031031450425 
0.756995155879 0.971763992131 
0.500621994535 1.11627339862 
0.500621994535 1.11627339862 
0.500621994535 1.11627339862 
0.898407920889 0.777642782827 
0.500621994535 1.11627339862 
0.756995155879 0.971763992131 
0.500621994535 1.11627339862 
1.05464894438 0.308535759429 
0.500621994535 1.11627339862 
0.500621994535 1.11627339862 
1.07674946465 0.031031450425 
0.500621994535 1.11627339862 
0.64505767466 1.06105663921 
0.500621994535 1.11627339862 
0.756995155879 0.971763992131 
0.500621994535 1.11627339862 
1.07674946465 0.031031450425 
0.64505767466 1.06105663921 
1.07674946465 0.031031450425 
0.500621994535 1.11627339862 
0.756995155879 0.971763992131 
0.64505767466 1.06105663921 
0.898407920889 0.777642782827 
0.500621994535 1.11627339862 
1.07674946465 0.031031450425 
1.07674946465 0.031031450425 
0.500621994535 1.11627339862 
0.64505767466 1.06105663921 
0.500621994535 1.11627339862 
0.500621994535 1.11627339862 
1.05464894438 0.308535759429 
1.07674946465 0.031031450425 
0.500621994535 1.11627339862 
1.07674946465 0.031031450425 
0.756995155879 0.971763992131 
0.756995155879 0.971763992131 
0.500621994535 1.11627339862 
0.500621994535 1.11627339862 
0.500621994535 1.11627339862 
1.07674946465 0.031031450425 
0.500621994535 1.11627339862 
0.500621994535 1.11627339862 
0.500621994535 1.11627339862 
0.756995155879 0.971763992131 
0.500621994535 1.11627339862 
1.07674946465 0.031031450425 
0.500621994535 1.11627339862 
0.773549515447 0.923163129253 
1.07674946465 0.031031450425 
1.07674946465 0.031031450425 
0.500621994535 1.11627339862 
1.07674946465 0.031031450425 
0.500621994535 1.11627339862 
1.07674946465 0.031031450425 
1.07674946465 0.031031450425 
0.500621994535 1.11627339862 
0.756995155879 0.971763992131 
1.07674946465 0.031031450425 
0.64505767466 1.06105663921 
0.500621994535 1.11627339862 
0.500621994535 1.11627339862 
