0.622637818614 0.951637613769 
0.867651305282 0.686563263406 
0.622637818614 0.951637613769 
0.93342097528 0.481334532736 
0.622637818614 0.951637613769 
0.729218320022 0.854053485623 
0.93342097528 0.481334532736 
0.903858224447 0.575927330715 
0.973825567424 0.316458611095 
0.77883091749 0.772286500484 
0.622637818614 0.951637613769 
0.77883091749 0.772286500484 
0.236591526011 1.00192302738 
0.622637818614 0.951637613769 
0.622637818614 0.951637613769 
0.729218320022 0.854053485623 
0.454387069215 0.987321449216 
0.236591526011 1.00192302738 
0.93342097528 0.481334532736 
0.236591526011 1.00192302738 
0.729218320022 0.854053485623 
0.622637818614 0.951637613769 
0.973825567424 0.316458611095 
0.77883091749 0.772286500484 
0.867651305282 0.686563263406 
0.622637818614 0.951637613769 
0.93342097528 0.481334532736 
0.77883091749 0.772286500484 
0.77883091749 0.772286500484 
0.93342097528 0.481334532736 
0.903858224447 0.575927330715 
0.93342097528 0.481334532736 
0.700448020174 0.916969575694 
0.93342097528 0.481334532736 
0.236591526011 1.00192302738 
0.622637818614 0.951637613769 
0.537456014056 0.985184099039 
0.93342097528 0.481334532736 
0.729218320022 0.854053485623 
0.622637818614 0.951637613769 
0.622637818614 0.951637613769 
0.93342097528 0.481334532736 
0.93342097528 0.481334532736 
0.622637818614 0.951637613769 
0.93342097528 0.481334532736 
0.236591526011 1.00192302738 
0.77883091749 0.772286500484 
0.729218320022 0.854053485623 
0.622637818614 0.951637613769 
0.729218320022 0.854053485623 
0.622637818614 0.951637613769 
0.93342097528 0.481334532736 
0.622637818614 0.951637613769 
0.867651305282 0.686563263406 
0.973825567424 0.316458611095 
0.93342097528 0.481334532736 
0.622637818614 0.951637613769 
0.93342097528 0.481334532736 
0.729218320022 0.854053485623 
0.622637818614 0.951637613769 
0.700448020174 0.916969575694 
0.93342097528 0.481334532736 
0.236591526011 1.00192302738 
0.93342097528 0.481334532736 
0.93342097528 0.481334532736 
0.729218320022 0.854053485623 
0.622637818614 0.951637613769 
0.93342097528 0.481334532736 
0.622637818614 0.951637613769 
0.622637818614 0.951637613769 
0.77883091749 0.772286500484 
0.93342097528 0.481334532736 
0.77883091749 0.772286500484 
0.622637818614 0.951637613769 
0.93342097528 0.481334532736 
0.622637818614 0.951637613769 
0.93342097528 0.481334532736 
0.729218320022 0.854053485623 
0.537456014056 0.985184099039 
0.236591526011 1.00192302738 
0.93342097528 0.481334532736 
0.622637818614 0.951637613769 
0.867651305282 0.686563263406 
0.729218320022 0.854053485623 
0.236591526011 1.00192302738 
0.93342097528 0.481334532736 
0.236591526011 1.00192302738 
0.77883091749 0.772286500484 
0.93342097528 0.481334532736 
0.93342097528 0.481334532736 
0.93342097528 0.481334532736 
0.93342097528 0.481334532736 
0.93342097528 0.481334532736 
0.700448020174 0.916969575694 
0.903858224447 0.575927330715 
0.93342097528 0.481334532736 
0.236591526011 1.00192302738 
0.236591526011 1.00192302738 
0.867651305282 0.686563263406 
0.77883091749 0.772286500484 
