0.367576785374 0.951007285406 
0.370696571089 0.910753903445 
0.367576785374 0.951007285406 
0.372738780894 0.884404064421 
0.770913638641 0.823917061706 
0.796863010586 0.71797630822 
0.371740370165 0.897286169833 
0.367576785374 0.951007285406 
0.563918510929 0.879473087539 
0.367576785374 0.951007285406 
0.372294644677 0.890134581335 
0.367576785374 0.951007285406 
0.897108040211 0.479256516027 
0.371403365426 0.901634410943 
0.369480790044 0.926440653509 
0.365093020961 0.983054331839 
0.371578176503 0.899378891592 
0.370696571089 0.910753903445 
0.367576785374 0.951007285406 
0.372318870074 0.88982201045 
0.372950975622 0.881666198356 
0.367576785374 0.951007285406 
0.370696571089 0.910753903445 
0.370683903662 0.910917346324 
0.370696571089 0.910753903445 
0.370683903662 0.910917346324 
0.371740370165 0.897286169833 
0.371740370165 0.897286169833 
0.370683903662 0.910917346324 
0.369952901749 0.920349179762 
0.372738780894 0.884404064421 
0.371578176503 0.899378891592 
0.367576785374 0.951007285406 
0.371740370165 0.897286169833 
0.37010604639 0.918373214009 
0.367576785374 0.951007285406 
0.367576785374 0.951007285406 
0.367576785374 0.951007285406 
0.367576785374 0.951007285406 
0.948129090737 0.219264048519 
0.8487140978 0.637277279728 
0.367576785374 0.951007285406 
0.367576785374 0.951007285406 
0.370696571089 0.910753903445 
0.370683903662 0.910917346324 
0.367576785374 0.951007285406 
0.367576785374 0.951007285406 
0.371740370165 0.897286169833 
0.371740370165 0.897286169833 
0.372738780894 0.884404064421 
0.921566908758 0.343386354795 
0.372318870074 0.88982201045 
0.372580693649 0.886443802672 
0.796863010586 0.71797630822 
0.367576785374 0.951007285406 
0.368887771747 0.934092138003 
0.370696571089 0.910753903445 
0.371403365426 0.901634410943 
0.372459831929 0.888003234451 
0.372318870074 0.88982201045 
0.367576785374 0.951007285406 
0.368026540236 0.945204273307 
0.369480790044 0.926440653509 
0.372738780894 0.884404064421 
0.368726353605 0.936174853526 
0.371740370165 0.897286169833 
0.370696571089 0.910753903445 
0.367576785374 0.951007285406 
0.372459831929 0.888003234451 
0.367576785374 0.951007285406 
0.365120049495 0.982705593176 
0.367576785374 0.951007285406 
0.366416180983 0.965982112576 
0.372738780894 0.884404064421 
0.796863010586 0.71797630822 
0.372031134584 0.893534549601 
0.371403365426 0.901634410943 
0.372318870074 0.88982201045 
0.367576785374 0.951007285406 
0.370683903662 0.910917346324 
0.367576785374 0.951007285406 
0.370683903662 0.910917346324 
0.371740370165 0.897286169833 
0.367576785374 0.951007285406 
0.367576785374 0.951007285406 
0.367576785374 0.951007285406 
0.368780971678 0.93547013777 
0.370683903662 0.910917346324 
0.372330894864 0.889666859268 
0.367576785374 0.951007285406 
0.371740370165 0.897286169833 
0.367576785374 0.951007285406 
0.367576785374 0.951007285406 
0.36921110915 0.929920241229 
0.370870530192 0.908509376772 
0.367576785374 0.951007285406 
0.372294644677 0.890134581335 
0.367576785374 0.951007285406 
0.368633251878 0.937376108914 
0.371000319231 0.906834759277 
