0.995829898716 1.00449963894 
0.995829898716 1.00449963894 
0.995829898716 1.00449963894 
0.995829898716 1.00449963894 
0.995829898716 1.00449963894 
0.995829898716 1.00449963894 
0.995829898716 1.00449963894 
0.995829898716 1.00449963894 
0.995829898716 1.00449963894 
0.995829898716 1.00449963894 
0.995829898716 1.00449963894 
0.995829898716 1.00449963894 
0.995829898716 1.00449963894 
0.995829898716 1.00449963894 
0.995829898716 1.00449963894 
0.995829898716 1.00449963894 
0.995829898716 1.00449963894 
0.995829898716 1.00449963894 
0.995829898716 1.00449963894 
0.995829898716 1.00449963894 
0.995829898716 1.00449963894 
0.995829898716 1.00449963894 
0.995829898716 1.00449963894 
0.995829898716 1.00449963894 
0.995829898716 1.00449963894 
0.995829898716 1.00449963894 
0.995829898716 1.00449963894 
0.995829898716 1.00449963894 
0.995829898716 1.00449963894 
0.995829898716 1.00449963894 
0.995829898716 1.00449963894 
0.995829898716 1.00449963894 
0.995829898716 1.00449963894 
0.995829898716 1.00449963894 
0.995829898716 1.00449963894 
0.995829898716 1.00449963894 
0.995829898716 1.00449963894 
0.995829898716 1.00449963894 
0.995829898716 1.00449963894 
0.995829898716 1.00449963894 
0.995829898716 1.00449963894 
0.995829898716 1.00449963894 
0.995829898716 1.00449963894 
0.995829898716 1.00449963894 
0.995829898716 1.00449963894 
0.995829898716 1.00449963894 
0.995829898716 1.00449963894 
0.995829898716 1.00449963894 
0.995829898716 1.00449963894 
0.995829898716 1.00449963894 
0.995829898716 1.00449963894 
0.995829898716 1.00449963894 
0.998817272371 0.235230014681 
0.995829898716 1.00449963894 
0.995829898716 1.00449963894 
0.995829898716 1.00449963894 
0.995829898716 1.00449963894 
0.995829898716 1.00449963894 
0.995829898716 1.00449963894 
0.995829898716 1.00449963894 
0.995829898716 1.00449963894 
0.995829898716 1.00449963894 
0.995829898716 1.00449963894 
0.995829898716 1.00449963894 
0.995829898716 1.00449963894 
0.995829898716 1.00449963894 
0.995829898716 1.00449963894 
0.995829898716 1.00449963894 
0.995829898716 1.00449963894 
0.995829898716 1.00449963894 
0.995829898716 1.00449963894 
0.995829898716 1.00449963894 
0.995829898716 1.00449963894 
0.995829898716 1.00449963894 
0.995829898716 1.00449963894 
0.995829898716 1.00449963894 
0.995829898716 1.00449963894 
0.995829898716 1.00449963894 
0.995829898716 1.00449963894 
0.995829898716 1.00449963894 
0.995829898716 1.00449963894 
0.995829898716 1.00449963894 
0.995829898716 1.00449963894 
0.995829898716 1.00449963894 
0.995829898716 1.00449963894 
0.995829898716 1.00449963894 
0.995829898716 1.00449963894 
0.995829898716 1.00449963894 
0.995829898716 1.00449963894 
0.995829898716 1.00449963894 
0.995829898716 1.00449963894 
0.995829898716 1.00449963894 
0.995829898716 1.00449963894 
0.995829898716 1.00449963894 
0.995829898716 1.00449963894 
0.995829898716 1.00449963894 
0.995829898716 1.00449963894 
0.995829898716 1.00449963894 
0.995829898716 1.00449963894 
0.995829898716 1.00449963894 
