0.591331339377 1.14526284089 
0.591331339377 1.14526284089 
0.591331339377 1.14526284089 
0.591331339377 1.14526284089 
1.00448085472 0.603501855903 
0.830294927428 0.944372963487 
0.951390548529 0.73936401407 
0.591331339377 1.14526284089 
0.591331339377 1.14526284089 
0.870174954888 0.887692574127 
0.830294927428 0.944372963487 
0.591331339377 1.14526284089 
0.830294927428 0.944372963487 
0.591331339377 1.14526284089 
0.591331339377 1.14526284089 
0.830294927428 0.944372963487 
0.778587139825 0.993384865183 
0.951390548529 0.73936401407 
0.870174954888 0.887692574127 
0.591331339377 1.14526284089 
0.591331339377 1.14526284089 
0.951390548529 0.73936401407 
0.591331339377 1.14526284089 
0.951390548529 0.73936401407 
0.591331339377 1.14526284089 
0.591331339377 1.14526284089 
0.696233913948 1.08170100509 
0.591331339377 1.14526284089 
1.00448085472 0.603501855903 
0.591331339377 1.14526284089 
0.591331339377 1.14526284089 
0.870174954888 0.887692574127 
0.591331339377 1.14526284089 
0.591331339377 1.14526284089 
0.591331339377 1.14526284089 
0.830294927428 0.944372963487 
0.951390548529 0.73936401407 
0.951390548529 0.73936401407 
0.591331339377 1.14526284089 
0.830294927428 0.944372963487 
0.591331339377 1.14526284089 
0.591331339377 1.14526284089 
0.951390548529 0.73936401407 
1.00448085472 0.603501855903 
0.591331339377 1.14526284089 
0.591331339377 1.14526284089 
0.870174954888 0.887692574127 
0.951390548529 0.73936401407 
0.591331339377 1.14526284089 
0.830294927428 0.944372963487 
0.591331339377 1.14526284089 
0.951390548529 0.73936401407 
0.951390548529 0.73936401407 
0.696233913948 1.08170100509 
0.591331339377 1.14526284089 
0.591331339377 1.14526284089 
0.591331339377 1.14526284089 
0.591331339377 1.14526284089 
0.591331339377 1.14526284089 
0.591331339377 1.14526284089 
0.591331339377 1.14526284089 
0.591331339377 1.14526284089 
0.591331339377 1.14526284089 
0.830294927428 0.944372963487 
0.591331339377 1.14526284089 
0.591331339377 1.14526284089 
0.870174954888 0.887692574127 
1.00448085472 0.603501855903 
0.591331339377 1.14526284089 
0.591331339377 1.14526284089 
0.951390548529 0.73936401407 
0.591331339377 1.14526284089 
0.591331339377 1.14526284089 
0.951390548529 0.73936401407 
0.591331339377 1.14526284089 
0.830294927428 0.944372963487 
0.591331339377 1.14526284089 
0.591331339377 1.14526284089 
0.951390548529 0.73936401407 
0.830294927428 0.944372963487 
0.830294927428 0.944372963487 
0.591331339377 1.14526284089 
0.696233913948 1.08170100509 
0.591331339377 1.14526284089 
0.591331339377 1.14526284089 
0.591331339377 1.14526284089 
0.591331339377 1.14526284089 
0.591331339377 1.14526284089 
0.591331339377 1.14526284089 
0.591331339377 1.14526284089 
1.09747545156 0.10968884622 
0.830294927428 0.944372963487 
0.591331339377 1.14526284089 
1.00448085472 0.603501855903 
0.591331339377 1.14526284089 
0.591331339377 1.14526284089 
0.591331339377 1.14526284089 
0.951390548529 0.73936401407 
0.830294927428 0.944372963487 
0.591331339377 1.14526284089 
