0.424467418495 1.04135090587 
0.423610649584 1.06669690519 
0.650945584149 0.948132945004 
0.424467418495 1.04135090587 
0.423745645024 1.06270330286 
0.424467418495 1.04135090587 
0.423787633445 1.06146114936 
0.424467418495 1.04135090587 
0.423275894906 1.0766000328 
0.424467418495 1.04135090587 
0.524299871144 1.0367650607 
0.424595451224 1.03756328305 
0.424285674897 1.04672747013 
0.423745645024 1.06270330286 
0.424348807121 1.04485981447 
0.424297044203 1.04639112923 
0.423787633445 1.06146114936 
0.424007164338 1.05496671453 
0.423610649584 1.06669690519 
0.423745645024 1.06270330286 
0.423610649584 1.06669690519 
0.423610649584 1.06669690519 
0.424007164338 1.05496671453 
0.423787633445 1.06146114936 
0.424595451224 1.03756328305 
0.423745645024 1.06270330286 
0.423275894906 1.0766000328 
0.424348807121 1.04485981447 
0.422504611693 1.0994170883 
0.424348807121 1.04485981447 
0.424467418495 1.04135090587 
0.423787633445 1.06146114936 
0.424467418495 1.04135090587 
0.422930864534 1.08680714868 
0.650945584149 0.948132945004 
0.424467418495 1.04135090587 
0.423745645024 1.06270330286 
0.424297044203 1.04639112923 
0.524299871144 1.0367650607 
0.424595451224 1.03756328305 
0.424595451224 1.03756328305 
0.424467418495 1.04135090587 
0.424467418495 1.04135090587 
0.422596109856 1.09671027629 
0.424297044203 1.04639112923 
1.02061991973 0.129208534399 
0.804588624674 0.81569750638 
0.423745645024 1.06270330286 
0.42356106903 1.06816365857 
0.423787633445 1.06146114936 
0.917918867097 0.621428687586 
0.423094151308 1.08197659707 
0.423745645024 1.06270330286 
0.423605889847 1.06683771362 
0.424595451224 1.03756328305 
0.423610649584 1.06669690519 
0.424007164338 1.05496671453 
0.422930864534 1.08680714868 
0.424467418495 1.04135090587 
0.424348807121 1.04485981447 
0.422832666058 1.08971217765 
0.4229248524 1.08698500709 
0.423787633445 1.06146114936 
0.961884373359 0.438216994067 
0.422884116376 1.08819011062 
0.423192533115 1.07906614457 
0.423792393182 1.06132034092 
0.424467418495 1.04135090587 
0.421455769611 1.13044523412 
0.877637472192 0.670437774334 
0.42449926966 1.04040864524 
0.422596109856 1.09671027629 
0.423787633445 1.06146114936 
0.424467418495 1.04135090587 
0.42356106903 1.06816365857 
0.423787633445 1.06146114936 
0.423787633445 1.06146114936 
0.423065859974 1.08281354635 
0.42323584706 1.07778477778 
0.917918867097 0.621428687586 
0.423375782487 1.07364503463 
0.424297044203 1.04639112923 
0.424467418495 1.04135090587 
0.423745645024 1.06270330286 
0.961884373359 0.438216994067 
0.4229248524 1.08698500709 
0.424595451224 1.03756328305 
0.423523291748 1.06928123291 
0.804588624674 0.81569750638 
0.42356106903 1.06816365857 
0.423792393182 1.06132034092 
0.421804440985 1.1201304056 
0.423787633445 1.06146114936 
0.423745645024 1.06270330286 
0.424595451224 1.03756328305 
0.424285674897 1.04672747013 
0.423610649584 1.06669690519 
0.917918867097 0.621428687586 
0.424467418495 1.04135090587 
0.422199595102 1.10844046695 
