0.978440590063 0.956949403423 
0.978440590063 0.956949403423 
0.978440590063 0.956949403423 
0.978440590063 0.956949403423 
0.965004564091 1.08143115825 
0.965004564091 1.08143115825 
0.965004564091 1.08143115825 
0.978440590063 0.956949403423 
0.965004564091 1.08143115825 
0.965004564091 1.08143115825 
0.978440590063 0.956949403423 
0.965004564091 1.08143115825 
0.965004564091 1.08143115825 
0.965004564091 1.08143115825 
0.965004564091 1.08143115825 
0.965004564091 1.08143115825 
0.978440590063 0.956949403423 
0.978440590063 0.956949403423 
0.965004564091 1.08143115825 
0.965004564091 1.08143115825 
0.978440590063 0.956949403423 
0.965004564091 1.08143115825 
0.978440590063 0.956949403423 
0.965004564091 1.08143115825 
0.965004564091 1.08143115825 
0.965004564091 1.08143115825 
0.965004564091 1.08143115825 
0.978440590063 0.956949403423 
0.965004564091 1.08143115825 
0.978440590063 0.956949403423 
0.978440590063 0.956949403423 
0.965004564091 1.08143115825 
0.965004564091 1.08143115825 
0.965004564091 1.08143115825 
0.965004564091 1.08143115825 
0.978440590063 0.956949403423 
0.978440590063 0.956949403423 
0.978440590063 0.956949403423 
0.978440590063 0.956949403423 
0.965004564091 1.08143115825 
0.965004564091 1.08143115825 
0.978440590063 0.956949403423 
0.978440590063 0.956949403423 
0.965004564091 1.08143115825 
0.978440590063 0.956949403423 
0.965004564091 1.08143115825 
0.965004564091 1.08143115825 
0.978440590063 0.956949403423 
0.965004564091 1.08143115825 
0.965004564091 1.08143115825 
0.965004564091 1.08143115825 
0.978440590063 0.956949403423 
0.965004564091 1.08143115825 
0.965004564091 1.08143115825 
0.965004564091 1.08143115825 
0.965004564091 1.08143115825 
0.965004564091 1.08143115825 
0.965004564091 1.08143115825 
0.978440590063 0.956949403423 
0.978440590063 0.956949403423 
0.965004564091 1.08143115825 
0.965004564091 1.08143115825 
0.978440590063 0.956949403423 
0.965004564091 1.08143115825 
0.978440590063 0.956949403423 
0.965004564091 1.08143115825 
0.978440590063 0.956949403423 
0.965004564091 1.08143115825 
0.965004564091 1.08143115825 
0.965004564091 1.08143115825 
0.965004564091 1.08143115825 
0.978440590063 0.956949403423 
0.965004564091 1.08143115825 
0.965004564091 1.08143115825 
0.978440590063 0.956949403423 
0.965004564091 1.08143115825 
0.978440590063 0.956949403423 
0.978440590063 0.956949403423 
0.965004564091 1.08143115825 
0.978440590063 0.956949403423 
0.978440590063 0.956949403423 
0.965004564091 1.08143115825 
0.965004564091 1.08143115825 
0.965004564091 1.08143115825 
0.978440590063 0.956949403423 
0.978440590063 0.956949403423 
0.965004564091 1.08143115825 
0.978440590063 0.956949403423 
0.965004564091 1.08143115825 
0.978440590063 0.956949403423 
0.965004564091 1.08143115825 
0.965004564091 1.08143115825 
0.978440590063 0.956949403423 
0.965004564091 1.08143115825 
0.978440590063 0.956949403423 
0.965004564091 1.08143115825 
0.978440590063 0.956949403423 
0.965004564091 1.08143115825 
0.978440590063 0.956949403423 
0.965004564091 1.08143115825 
