1.18111458064 0.921752087732 
1.18111458064 0.921752087732 
1.18111458064 0.921752087732 
1.18111458064 0.921752087732 
1.18111458064 0.921752087732 
1.18111458064 0.921752087732 
1.18111458064 0.921752087732 
1.18111458064 0.921752087732 
1.18111458064 0.921752087732 
1.18111458064 0.921752087732 
1.18111458064 0.921752087732 
1.18111458064 0.921752087732 
1.18111458064 0.921752087732 
1.18111458064 0.921752087732 
1.18111458064 0.921752087732 
1.18111458064 0.921752087732 
1.18111458064 0.921752087732 
1.18111458064 0.921752087732 
1.18111458064 0.921752087732 
1.18111458064 0.921752087732 
1.18111458064 0.921752087732 
1.18111458064 0.921752087732 
1.18111458064 0.921752087732 
1.18111458064 0.921752087732 
1.18111458064 0.921752087732 
1.18111458064 0.921752087732 
1.18111458064 0.921752087732 
1.18111458064 0.921752087732 
1.18111458064 0.921752087732 
1.13297151807 1.00978994616 
1.18111458064 0.921752087732 
1.18111458064 0.921752087732 
1.18111458064 0.921752087732 
1.18111458064 0.921752087732 
1.18111458064 0.921752087732 
1.18111458064 0.921752087732 
1.18111458064 0.921752087732 
1.18111458064 0.921752087732 
1.18111458064 0.921752087732 
1.18111458064 0.921752087732 
1.18111458064 0.921752087732 
1.18111458064 0.921752087732 
1.18111458064 0.921752087732 
1.18111458064 0.921752087732 
1.18111458064 0.921752087732 
1.18111458064 0.921752087732 
1.18111458064 0.921752087732 
1.18111458064 0.921752087732 
1.18111458064 0.921752087732 
1.18111458064 0.921752087732 
1.18111458064 0.921752087732 
1.18111458064 0.921752087732 
1.18111458064 0.921752087732 
1.18111458064 0.921752087732 
1.18111458064 0.921752087732 
1.18111458064 0.921752087732 
1.18111458064 0.921752087732 
1.18111458064 0.921752087732 
1.18111458064 0.921752087732 
1.18111458064 0.921752087732 
1.18111458064 0.921752087732 
1.18111458064 0.921752087732 
1.18111458064 0.921752087732 
1.18111458064 0.921752087732 
1.18111458064 0.921752087732 
1.18111458064 0.921752087732 
1.18111458064 0.921752087732 
1.18111458064 0.921752087732 
1.18111458064 0.921752087732 
1.18111458064 0.921752087732 
1.18111458064 0.921752087732 
1.18111458064 0.921752087732 
1.18111458064 0.921752087732 
1.18111458064 0.921752087732 
1.18111458064 0.921752087732 
1.18111458064 0.921752087732 
1.18111458064 0.921752087732 
1.18111458064 0.921752087732 
1.18111458064 0.921752087732 
1.18111458064 0.921752087732 
1.18111458064 0.921752087732 
1.18111458064 0.921752087732 
1.18111458064 0.921752087732 
1.18111458064 0.921752087732 
1.18111458064 0.921752087732 
1.18111458064 0.921752087732 
1.18111458064 0.921752087732 
1.18111458064 0.921752087732 
1.18111458064 0.921752087732 
1.18111458064 0.921752087732 
1.18111458064 0.921752087732 
1.18111458064 0.921752087732 
1.18111458064 0.921752087732 
1.13297151807 1.00978994616 
1.18111458064 0.921752087732 
1.18111458064 0.921752087732 
1.18111458064 0.921752087732 
1.18111458064 0.921752087732 
1.18111458064 0.921752087732 
1.18111458064 0.921752087732 
