0.838162731365 0.985154558772 
0.838162731365 0.985154558772 
0.693503871102 0.994314345322 
0.838162731365 0.985154558772 
0.838162731365 0.985154558772 
0.838162731365 0.985154558772 
0.838162731365 0.985154558772 
0.838162731365 0.985154558772 
0.941071372662 0.789400176239 
0.693503871102 0.994314345322 
0.693503871102 0.994314345322 
0.838162731365 0.985154558772 
0.838162731365 0.985154558772 
0.838162731365 0.985154558772 
0.838162731365 0.985154558772 
0.838162731365 0.985154558772 
0.838162731365 0.985154558772 
0.838162731365 0.985154558772 
0.838162731365 0.985154558772 
0.838162731365 0.985154558772 
0.838162731365 0.985154558772 
0.838162731365 0.985154558772 
0.838162731365 0.985154558772 
0.838162731365 0.985154558772 
0.838162731365 0.985154558772 
0.838162731365 0.985154558772 
0.838162731365 0.985154558772 
0.838162731365 0.985154558772 
0.838162731365 0.985154558772 
0.838162731365 0.985154558772 
0.838162731365 0.985154558772 
0.838162731365 0.985154558772 
0.838162731365 0.985154558772 
0.693503871102 0.994314345322 
0.838162731365 0.985154558772 
0.838162731365 0.985154558772 
0.838162731365 0.985154558772 
0.838162731365 0.985154558772 
0.838162731365 0.985154558772 
0.838162731365 0.985154558772 
0.838162731365 0.985154558772 
0.693503871102 0.994314345322 
0.838162731365 0.985154558772 
0.838162731365 0.985154558772 
0.838162731365 0.985154558772 
0.693503871102 0.994314345322 
0.838162731365 0.985154558772 
0.838162731365 0.985154558772 
0.838162731365 0.985154558772 
0.838162731365 0.985154558772 
0.693503871102 0.994314345322 
0.838162731365 0.985154558772 
0.838162731365 0.985154558772 
0.838162731365 0.985154558772 
0.838162731365 0.985154558772 
0.838162731365 0.985154558772 
0.838162731365 0.985154558772 
0.838162731365 0.985154558772 
0.941071372662 0.789400176239 
0.838162731365 0.985154558772 
0.838162731365 0.985154558772 
0.838162731365 0.985154558772 
0.838162731365 0.985154558772 
0.693503871102 0.994314345322 
0.838162731365 0.985154558772 
0.838162731365 0.985154558772 
0.838162731365 0.985154558772 
0.838162731365 0.985154558772 
0.838162731365 0.985154558772 
0.838162731365 0.985154558772 
0.838162731365 0.985154558772 
0.838162731365 0.985154558772 
0.838162731365 0.985154558772 
0.838162731365 0.985154558772 
0.838162731365 0.985154558772 
0.838162731365 0.985154558772 
0.838162731365 0.985154558772 
0.838162731365 0.985154558772 
0.838162731365 0.985154558772 
0.838162731365 0.985154558772 
0.838162731365 0.985154558772 
0.838162731365 0.985154558772 
0.838162731365 0.985154558772 
0.838162731365 0.985154558772 
0.838162731365 0.985154558772 
0.693503871102 0.994314345322 
0.838162731365 0.985154558772 
0.838162731365 0.985154558772 
0.693503871102 0.994314345322 
0.838162731365 0.985154558772 
0.693503871102 0.994314345322 
0.838162731365 0.985154558772 
0.838162731365 0.985154558772 
0.838162731365 0.985154558772 
0.838162731365 0.985154558772 
0.941071372662 0.789400176239 
0.838162731365 0.985154558772 
0.838162731365 0.985154558772 
0.838162731365 0.985154558772 
0.693503871102 0.994314345322 
