1.18455440133 0.954921589612 
1.19033976779 0.855342106535 
1.18455440133 0.954921589612 
1.18455440133 0.954921589612 
1.18455440133 0.954921589612 
1.19033976779 0.855342106535 
1.19033976779 0.855342106535 
1.18455440133 0.954921589612 
1.18455440133 0.954921589612 
1.18455440133 0.954921589612 
1.18455440133 0.954921589612 
1.19033976779 0.855342106535 
1.19033976779 0.855342106535 
1.19033976779 0.855342106535 
1.18455440133 0.954921589612 
1.18455440133 0.954921589612 
1.18455440133 0.954921589612 
1.18455440133 0.954921589612 
1.18455440133 0.954921589612 
1.18455440133 0.954921589612 
1.18455440133 0.954921589612 
1.18455440133 0.954921589612 
1.18455440133 0.954921589612 
1.18455440133 0.954921589612 
1.18455440133 0.954921589612 
1.19033976779 0.855342106535 
1.18455440133 0.954921589612 
1.18455440133 0.954921589612 
1.18455440133 0.954921589612 
1.18455440133 0.954921589612 
1.19033976779 0.855342106535 
1.18455440133 0.954921589612 
1.18455440133 0.954921589612 
1.18455440133 0.954921589612 
1.18455440133 0.954921589612 
1.18455440133 0.954921589612 
1.19033976779 0.855342106535 
1.18455440133 0.954921589612 
1.18455440133 0.954921589612 
1.18455440133 0.954921589612 
1.18455440133 0.954921589612 
1.18455440133 0.954921589612 
1.18455440133 0.954921589612 
1.18455440133 0.954921589612 
1.19033976779 0.855342106535 
1.18455440133 0.954921589612 
1.19033976779 0.855342106535 
1.18455440133 0.954921589612 
1.18455440133 0.954921589612 
1.18455440133 0.954921589612 
1.18455440133 0.954921589612 
1.18455440133 0.954921589612 
1.18455440133 0.954921589612 
1.18455440133 0.954921589612 
1.18455440133 0.954921589612 
1.18455440133 0.954921589612 
1.18455440133 0.954921589612 
1.18455440133 0.954921589612 
1.18455440133 0.954921589612 
1.18455440133 0.954921589612 
1.18455440133 0.954921589612 
1.19033976779 0.855342106535 
1.18455440133 0.954921589612 
1.18455440133 0.954921589612 
1.19033976779 0.855342106535 
1.18455440133 0.954921589612 
1.19033976779 0.855342106535 
1.18455440133 0.954921589612 
1.18455440133 0.954921589612 
1.18455440133 0.954921589612 
1.18455440133 0.954921589612 
1.18455440133 0.954921589612 
1.18455440133 0.954921589612 
1.19033976779 0.855342106535 
1.18455440133 0.954921589612 
1.19033976779 0.855342106535 
1.18455440133 0.954921589612 
1.18455440133 0.954921589612 
1.18455440133 0.954921589612 
1.18455440133 0.954921589612 
1.18455440133 0.954921589612 
1.18455440133 0.954921589612 
1.18455440133 0.954921589612 
1.18455440133 0.954921589612 
1.18455440133 0.954921589612 
1.19033976779 0.855342106535 
1.19033976779 0.855342106535 
1.18455440133 0.954921589612 
1.18455440133 0.954921589612 
1.19033976779 0.855342106535 
1.19033976779 0.855342106535 
1.18455440133 0.954921589612 
1.19033976779 0.855342106535 
1.18455440133 0.954921589612 
1.18455440133 0.954921589612 
1.18455440133 0.954921589612 
1.18455440133 0.954921589612 
1.18455440133 0.954921589612 
1.18455440133 0.954921589612 
1.18455440133 0.954921589612 
