0.00824001750729 0.0162455000905 0.136132895985 0.181658003687 0.195209349701 0.469544458281 0.512715218193 0.211289535946 
0.165326964196 0.187241075665 0.107221788243 0.136511910988 0.140623068272 0.219829615881 0.268115584155 0.164100856153 
0.189803615529 0.19154636029 0.0168049522844 0.20508247064 0.0134696538259 0.0343368034299 0.27506836736 0.717936505681 
1.3559042588e-05 0.0213648918147 0.0214412926768 0.121851543207 0.622107500071 0.180364903831 0.30105942018 0.501924513396 
0.0698476419049 0.10216462478 0.0945145095524 0.410615149008 0.525337421326 0.0320225936257 0.412249928247 0.218074119641 
0.241210961112 0.0445850853058 0.385276956307 0.732310044674 0.344427845329 0.332048668273 0.111773247037 0.00483418993647 
0.220589161492 0.410680615701 0.340604761502 0.0922784061182 0.422015410445 0.310378819357 0.0599250176034 0.396707354274 
0.0346971797814 0.0346654596902 0.0147085875788 0.729966997621 0.809032864531 0.459520034715 0.0403263681434 0.4942085472 
0.0812527875228 0.0753005671845 0.00309539308752 0.0743326928723 0.0577688771298 0.0732230972238 0.489515713105 0.61287932877 
0.0187584958358 0.0190878437833 0.00414394085876 0.187065249762 0.123658769658 0.0118252348568 0.727266173078 0.567755072007 
0.197019371401 0.299101462833 0.474997616888 0.419094759915 0.180902100033 0.045476123901 0.208715918995 0.565491739178 
0.00319097647963 0.0220366652096 0.022468145743 0.00909649427695 0.0547407841693 0.0620284687703 0.260082379009 0.888190313632 
0.0196266738978 0.143786572091 0.191103241858 0.113320703232 0.0760102452541 0.433354321577 0.543131662259 0.459984589207 
0.0305449365477 0.00476710793492 0.132942711643 0.189197319589 0.152806827203 0.224959701234 0.713409634851 0.175446871966 
0.0137448063673 0.0126004218424 0.0573466166183 0.0668378769281 0.052074199048 0.618439457716 0.554253140873 0.301213253898 
0.075811062154 0.201593727922 0.399832761499 0.345624093471 0.0735836795699 0.0979450905186 0.174608912273 0.497687454996 
0.0683552903698 0.0979933260207 0.0826563936842 0.0424765784104 0.0440151186473 0.411182368339 0.82738610406 0.806779976014 
0.000554458827999 0.0014975622022 0.00274666882721 0.00245754381839 0.0432936129812 0.519835162553 0.788704681384 0.576229461605 
0.0172974656295 0.0357138816537 0.068840357162 0.0698985491684 0.0323381783542 0.0411338430755 0.579597279494 0.80695637618 
0.00209608222553 0.654264367278 1.01490480832 0.660257471006 0.183983069728 0.315916409312 0.0451802712989 0.270883786058 
0.486437302192 0.527407478634 0.183793896577 0.121146597242 0.184218792761 0.0443314018155 0.570497800031 0.0336291842485 
0.00509189093472 0.0501583929856 0.13597539978 0.111555046649 0.0361591117538 0.200292612071 0.476549487828 0.603559579458 
0.197019371401 0.299101462833 0.474997616888 0.419094759915 0.180902100033 0.045476123901 0.208715918995 0.565491739178 
0.22210628188 0.041053803931 0.354761787011 0.674308747291 0.317148008946 0.305749325455 0.105211645314 0.159419729596 
0.135211853822 0.0916517036602 0.104694747297 0.074529243605 0.0510730351967 0.257287487592 0.486116521851 0.290952884274 
0.029413927042 0.0240006439211 0.0104689096159 0.0274646640628 0.1591831678 0.473298076671 0.62233206156 0.644387804926 
0.294811189698 0.269411931232 0.10316568783 0.00943258676624 0.259243158649 0.230673725175 0.649237940156 0.477546266229 
0.0477903697536 0.0833107740097 0.0967160034888 0.0813366261166 0.0325883123967 0.010554836531 0.485308690527 0.849286699905 
0.000962027708619 6.2389533791e-05 0.000815027569439 0.0260189578491 0.421363846639 0.408699792103 0.105042418757 0.388203518738 
0.0447837043562 0.0281827739928 0.14745087081 0.493571262567 0.648369903236 0.743852902715 0.305074230576 0.123079892635 
0.0816963969469 0.0597583980735 0.0973881889678 0.416486887078 0.0207299393193 0.399171440144 0.147939042978 0.526636853421 
0.0107913999114 0.0144689168002 0.163649109694 0.310863014169 0.339428998875 0.300574629877 0.212920000253 0.426693052042 
0.000943132360302 0.000362108810008 0.382763239046 0.585187804641 0.386761230645 0.125452877459 0.558430395243 0.466047984314 
0.111846912123 0.0108178650063 0.0637347605004 0.00365870302187 0.459827856576 0.0151213820817 0.123444838492 0.366297116121 
0.0812527875228 0.0753005671845 0.00309539308752 0.0743326928723 0.0577688771298 0.0732230972238 0.489515713105 0.61287932877 
0.0599551425568 0.0472621769897 0.202077509582 0.328172387162 0.300787879867 0.364308759257 0.723832806397 0.0223287134361 
0.328268097556 0.375622822044 0.631783128648 0.816770787506 0.448167431173 0.173956070553 0.459381234191 0.408852813978 
0.0655452873333 0.0978920488195 0.240178542739 0.289640306523 0.180427602921 0.598978458123 0.613567489737 0.51396227623 
0.00146333711481 0.00746452846893 0.114878763307 0.178250162028 0.227261633244 0.487770615322 0.53726704721 0.138352593992 
0.0493930686613 6.74673291976e-05 0.053114637014 0.115717521497 0.104076408175 0.595504890809 0.635451907478 0.0469659245888 
0.000943132360302 0.000362108810008 0.382763239046 0.585187804641 0.386761230645 0.125452877459 0.558430395243 0.466047984314 
0.0462247988586 0.110068586354 0.331360446069 0.420245042013 0.427739612662 0.439299633193 0.531921889688 0.145041931082 
0.0603810035853 0.0446967983258 0.0296185628585 0.191816331841 0.272162363227 0.215103120314 0.0171092978479 0.472406039915 
0.0282081555834 0.09442297987 0.151276597495 0.0951342430991 0.0605948764003 0.0947158840348 0.395056031968 0.724225853724 
0.0794091996445 0.0899349027509 0.051500328024 0.0920567465469 0.141407070566 0.137805755839 0.20918246552 0.577638810055 
0.000653711447128 0.0242064114961 0.258594515636 0.245510481418 0.284688302045 0.68209861291 0.397531665275 0.435872931659 
0.0566787201321 0.0594897966842 0.028065845339 0.292732415023 0.332559580688 0.216254425965 0.238785924381 0.733652101618 
0.0337927646878 0.259880298045 0.325769463206 0.168705975789 0.131472914713 0.0465268889073 0.466349499948 0.56094390883 
0.208176790043 0.192926671306 0.00793073990246 0.190446937673 0.148009938814 0.187604550696 0.515424146058 0.359541872859 
0.0266664068922 0.0355865394852 0.14671029992 0.489194791025 0.543158754353 0.395633018659 0.250653398555 0.41826998171 
0.398258052753 0.534734100913 0.699406187064 0.48795255701 0.263617668652 0.342337060663 0.162872163527 0.339842282526 
0.000339351501545 0.000482181550032 0.0195536162311 0.0248990066668 0.0654695757448 0.322465441344 0.491918554158 0.735788414284 
0.132440926054 0.25114865921 0.263762475338 0.195884779399 0.161748091795 0.230144949602 0.224784324518 0.554340772355 
1.59498767803e-06 2.38885540099e-06 2.13535047797e-06 1.90373526073e-06 0.00272939633339 0.0793015600348 0.696905795532 0.877686777009 
0.00385671163844 0.142809657299 0.739644642706 0.680819717861 0.320210323409 0.308701574022 0.106227598677 0.160960021346 
0.0487134002155 0.0601064377526 0.0350094823258 0.0242746116563 0.791664029006 0.795413991137 0.113998316463 0.425477957462 
0.0623071241014 0.0551172560597 0.0188744753876 0.325599153171 0.21622743424 0.109968333917 0.371419898129 0.473495487062 
0.452879033956 0.413861545172 0.158479682775 0.0144900392882 0.398240961226 0.354353401769 0.744845425139 0.0438212348117 
0.00730362862024 0.0068363970741 0.0521436764403 0.0531296485158 0.143963690949 0.507910314411 0.66563821473 0.708332372679 
0.0590936048147 0.111475967065 0.121732151443 0.248592898202 0.379781394152 0.229569305375 0.395878544299 0.61213272473 
0.000767437626434 0.00108530683212 0.00167860216918 0.053207614826 0.0907442774172 0.370050727047 0.834609763165 0.685047811266 
0.0253542549776 0.0167126531828 0.0169985599091 0.0467177978307 0.218823970679 0.232212889692 0.14386871071 0.643343505195 
0.0175897746627 0.045154713164 0.0582029270392 0.0148384650989 0.214064670207 0.443857818884 0.517686197385 0.57277296641 
0.0324529743713 0.0492679142539 0.123099861928 0.120289034915 0.0389901693896 0.215974160533 0.51386044184 0.650821982186 
0.0879420896968 0.20327784629 0.29219541618 0.248021588229 0.507387443898 0.261368369422 0.0876108710384 0.390713692405 
0.000441806427259 0.000394033312531 0.000477830560416 0.411707868907 0.361266755653 0.0244277615356 0.488696782599 0.711302601136 
0.642414716005 0.00873390479576 0.252841896708 0.439660278604 0.216080361873 0.47355518445 0.0136061351382 0.369656453703 
0.0130369260309 0.0104985712264 0.0313133063062 0.730685942076 0.89593877786 0.614084466407 0.0842465069626 0.0408597972715 
0.0172974656295 0.0357138816537 0.068840357162 0.0698985491684 0.0323381783542 0.0411338430755 0.579597279494 0.80695637618 
0.210855615043 0.237818237206 0.223670980828 0.160406118731 0.0649810482246 0.770715546913 0.777893265021 0.0352613329114 
0.003989404925 0.00225979347485 0.00106173944898 0.00844767091118 0.0470707444081 0.0797084956046 0.591591746182 0.823463170804 
0.0366729639973 0.0191160445249 0.119591612056 0.129548744468 0.0959761883075 0.115125489338 0.595491347502 0.770395058873 
0.0361533583986 0.0525055444971 0.348526088697 0.180490932097 0.140656998517 0.0497770485414 0.498926729153 0.600135667744 
0.000271885224887 0.0905444728059 0.230017183143 0.228298391169 0.200109716417 0.438077812352 0.734177701914 0.584867548755 
0.087466964008 0.202179594925 0.290616768696 0.246681599224 0.445045260292 0.0551380549769 0.470967702876 0.666179588792 
0.0497212788891 0.0324590011373 0.171463842579 0.421896008115 0.369859370492 0.192003182848 0.132809009839 0.670935484621 
0.0599551425568 0.0472621769897 0.202077509582 0.328172387162 0.300787879867 0.364308759257 0.723832806397 0.0223287134361 
0.056027568328 0.0539067835773 0.107759883011 0.944890260458 0.637968714833 0.127135780251 0.0307530449455 0.392855554128 
0.0204160188306 0.0192427808118 0.0425310674716 0.0710604077619 0.0507064213715 0.0836178224329 0.125746392509 0.776245493383 
0.008478620973 0.0044195427669 0.034871107013 0.0335676399236 0.108570412919 0.771942449572 0.694129738295 0.00986438617996 
0.297738375507 0.254161978699 0.0459267463898 0.189541078141 0.275631806699 0.103415697761 0.58517884718 0.453961695757 
0.0239600407211 0.021412076646 0.00542426896249 0.0375875651873 0.091803623995 0.477082224774 0.693170186863 0.546480888389 
0.0812527875228 0.0753005671845 0.00309539308752 0.0743326928723 0.0577688771298 0.0732230972238 0.489515713105 0.61287932877 
0.42845877483 0.207835976991 0.22306449178 0.0290069029822 0.0314005675607 0.129873070494 0.677500695519 0.582196819452 
0.270879988039 0.273367160319 0.0239833624366 0.292685357778 0.0192236147915 0.0800941092323 0.624935496823 0.529279659774 
0.0581675943776 0.149094988204 0.423254364462 0.137672078772 0.184535783427 0.527859785837 0.264412204486 0.599094497977 
0.000653711447128 0.0242064114961 0.258594515636 0.245510481418 0.284688302045 0.68209861291 0.397531665275 0.435872931659 
0.0161444481686 0.0373178494872 0.0536413475745 0.0455319049083 0.0821449229815 0.0101769734183 0.467935014106 0.818879639693 
0.210855615043 0.237818237206 0.223670980828 0.160406118731 0.0649810482246 0.770715546913 0.777893265021 0.0352613329114 
0.0625977553827 0.00364952675467 0.120396569152 1.05569473326 0.712781482764 0.142044655697 0.0343600176185 0.438936354394 
0.0306102666876 0.0176756874433 0.0356392802965 0.0395334211135 0.196567011225 0.246355841421 0.159922071438 0.719415128099 
0.109886643099 0.282089934233 0.363604787291 0.0926988263008 0.351740039317 0.00817646439071 0.44564382833 0.734829117568 
0.00197709307003 0.0112447910107 0.336161821101 0.319015798444 0.105300450586 0.108573578132 0.723129974274 0.1811665569 
0.145509498903 0.0432695625356 0.0999059496554 0.19103073283 0.169093093085 0.327937150087 0.597134092884 0.679374549192 
0.191203449175 0.00111941407504 0.116844358863 0.00906652667365 0.276430211172 0.45457616038 0.116733718919 0.328452653674 
0.00560834359496 0.000979492342969 0.110409120047 0.0282310238996 0.00104400946805 0.0606248014323 0.819426325147 0.351915999063 
0.076099788361 0.0785038255465 0.0248874006224 0.135519517245 0.100399663829 0.120431523385 0.622937202012 0.80590642934 
0.0462247988586 0.110068586354 0.331360446069 0.420245042013 0.427739612662 0.439299633193 0.531921889688 0.145041931082 
0.0535295157635 0.0428506206311 0.0433197804957 0.356437718434 0.474386997598 0.34893554632 0.435347630019 0.232698508123 
0.0346971797814 0.0346654596902 0.0147085875788 0.729966997621 0.809032864531 0.459520034715 0.0403263681434 0.4942085472 
