0.0377732986002 0.0468271921793 0.023387204627 0.0277276664227 0.131456884064 0.60459346061 0.571597294668 0.229372880123 
0.284446718358 0.319709403302 0.184954566922 0.0536273939787 0.110941956792 0.0177972537609 0.121103974317 0.537866011944 
0.0110685850059 0.0179716804669 0.043014051093 0.0607556500313 0.086155924695 0.286339354599 0.59170576485 0.694182587425 
0.203059440723 0.100754385461 0.0301131643971 0.397535832113 0.40668095306 0.498465416392 0.207668626872 0.280948892968 
0.312588140342 0.403034603854 0.23980988996 0.0592393651634 0.0187008798924 0.534997945232 0.297307520011 0.108365400091 
0.0180423994911 0.119035518302 0.375222680785 0.556432023333 0.682836728454 0.382696534806 0.083566045379 0.177180034553 
0.153846338605 0.134022759435 0.034981749155 0.0592928824224 0.146858760729 0.577373243584 0.6615282595 0.258572593297 
0.0533534998297 0.0912684737588 0.0655231109107 0.0417469138554 0.0435421763013 0.294386361575 0.38650215361 0.406479987875 
0.0195120997886 0.0222104103901 0.00804892306167 0.0282835836433 0.0674592823202 0.359081115041 0.454596296795 0.45129608017 
0.0568771656685 0.0484498048026 0.0294223706411 0.114233419261 0.219135010916 0.117863856722 0.0913944758795 0.587555868972 
0.00230011060066 0.00275215948975 0.0115688976224 0.0523947916764 0.604803548408 0.567366231204 0.0473299498608 0.365011143089 
0.0126105641312 0.015190720279 0.0145055848057 0.0254881073285 0.032252098033 0.500095228669 0.614912925984 0.39709719561 
0.00932848066935 0.0321651907299 0.089362994906 0.12396744858 0.199577065603 0.330982373683 0.421914550466 0.354454465768 
0.233007459543 0.169206447214 0.111912117306 0.196270576862 0.229397172647 0.0101521114735 0.234938256439 0.749067969959 
0.00906140959301 0.00817988982975 0.00214565168666 0.0317180825205 0.221867816356 0.234317485623 0.408193724437 0.728859706541 
0.0966382432775 0.177791298459 0.271976381514 0.337908162755 0.22649982161 0.115194986527 0.0688625709677 0.270009958887 
0.129757901893 0.155911919439 0.191119238412 0.152040231184 0.138721537982 0.439602203463 0.348343445188 0.690047285899 
0.00771955849029 0.0513335455959 0.171723623525 0.0670126605692 0.13944344469 0.122940042883 0.455612410472 0.807899651224 
0.12130865094 0.00357445466304 0.0684215569444 0.0793636143025 0.607053512256 0.611928410255 0.299637860081 0.332279389326 
0.0678889659778 0.0451837869448 0.0512799529475 0.41465498928 0.102064211038 0.107387944497 0.125629959506 0.6129564092 
0.0240567533466 0.000708849357015 0.0135686080698 0.0157384945535 0.207991380254 0.235629308298 0.410478982964 0.732940377667 
0.0687813403737 0.0432312011405 0.00288037634208 0.170218561284 0.162201863856 0.361475612452 0.460785258861 0.38711308828 
0.00197181847433 0.00103284396387 0.000348871560319 0.000365141909277 0.430197340058 0.68449953208 0.637285972208 0.443635462483 
0.0583721335999 0.0254884433912 0.0180477817517 0.238490432385 0.0637753239206 0.448288653423 0.747554742834 0.622877193161 
0.0697116432899 0.128252783389 0.0923481934926 0.0688411225405 0.526566851477 0.530795353265 0.259910072072 0.288219556058 
0.000418307136813 0.00047827893447 0.0659240200694 0.135478290499 0.00552029625231 0.0229096718271 0.186201817898 0.730366085918 
0.00232381521985 0.00411451331217 0.00335133174829 0.00826661992775 0.0352398892128 0.561950934168 0.763046894357 0.0158580328418 
0.00494948725061 0.159824194525 0.253249663585 0.174114700228 0.130751564383 0.472051261986 0.634029229365 0.106797027233 
0.0246148156608 0.0428712430887 0.0456292700668 0.0251477994695 0.149847846947 0.561039455327 0.535319989552 0.370475960453 
0.120911362211 0.153077391663 0.0604426619666 0.00263077785469 0.275896531995 0.43844198132 0.435892544093 0.310042119705 
0.0213125596022 0.0234868747269 0.0177530728592 0.289917674289 0.526253974184 0.514801970199 0.285814219928 0.143425141021 
0.527601135823 0.368152572517 0.0477287820385 0.378174009271 0.26107871072 0.515464757182 0.184084902628 0.491823367481 
0.0172119538958 0.0102395266307 0.000319483423316 0.0089876181862 0.503187589963 0.958341898108 0.770493523835 0.0818574262826 
0.0322087373567 0.0233894917073 0.0392427358476 0.145251766621 0.1220250343 0.250942000852 0.820326417317 0.417572183578 
0.0358443916037 0.013678403568 0.0645083357229 0.080406769966 0.228439329927 0.087787947872 0.600134472403 0.234572477333 
0.0311410730842 0.0343180961092 0.0259401428261 0.423616345321 0.681335134495 0.57127183776 0.196901197434 0.331650399682 
0.00691206635464 0.0401710652217 0.0967398707911 0.152341378161 0.127981007354 0.26319031149 0.860365835039 0.437955105785 
0.0116906467106 0.0271344744684 0.0214723177413 0.00569958483952 0.0193097596791 0.0425486740048 0.741757418548 0.792215449481 
0.00968450414441 0.021964159383 0.0317434697672 0.228121955769 0.305594970162 0.203415914677 0.360754056208 0.750520864736 
0.0163465600712 0.0204933164932 0.0181548377283 0.0136649657234 0.0169037115522 0.0893759187147 0.609134853829 0.772439594266 
0.0256312930337 0.0170590148725 0.017236304731 0.17561212135 0.143634556856 0.261984728099 0.601407549293 0.606770514997 
0.214216411115 0.277495508989 0.134942538345 0.206393607767 0.600905929053 0.542175883508 0.39101487313 0.275568777252 
0.722418304235 0.367437495813 0.230039866082 0.104199669445 0.232353883578 0.169194885476 0.167333040048 0.358853320586 
0.0037484897928 0.000522102758122 0.00723982523151 0.0131214790511 0.00819854033819 0.00901086197305 0.654831870037 0.794395152812 
0.102959349047 0.129628125634 0.114148519294 0.13472701121 0.197871049653 0.596325880402 0.68729208445 0.246613479012 
0.0119823837845 0.00519673640605 0.000314309089305 0.0287469245061 0.0338349509779 0.0585421626524 0.807240079761 0.763540551377 
0.19104205702 0.130598416998 0.079700848533 0.0693766595591 0.124673135478 0.125522968072 0.597042271053 0.822570989521 
0.0315398018925 0.0273166604311 0.375203810129 0.498162460615 0.249934031235 0.0666399005869 0.194131730064 0.359892491345 
0.0407890848122 0.327820270432 0.306949327354 0.0275187002669 0.164783958584 0.289288238684 0.39903501048 0.548690652814 
0.212267481146 0.236644722292 0.0519733100283 0.187584346614 0.114695126509 0.246194603465 0.389580760425 0.426511692551 
0.00178081718784 0.000866055321106 0.00211865056391 0.0123695673985 0.265766347844 0.651397770428 0.606467426959 0.422180107991 
0.0862215970472 0.0291171123711 0.0343479995513 0.42346673891 0.537689900353 0.361609134492 0.230868015779 0.492785062744 
0.815791915935 0.616016124192 0.162442764667 0.195510223434 0.248083636198 0.412676415591 0.271950222325 0.0154090295183 
0.0601273776024 0.313679393164 0.4549715302 0.098437311037 0.165489779653 0.0175321315408 0.71072579331 0.333452200774 
0.0332683877729 0.0112347643288 0.0132530201253 0.163393494883 0.207465756861 0.296375908911 0.481074212427 0.403882453484 
0.0256314643361 0.00865576817845 0.0102106975733 0.125885674681 0.159840758577 0.298882981372 0.601867621471 0.461565275182 
0.0162858129444 0.0131788798698 0.0916511728332 0.0819194803041 0.0314167385575 0.57375824385 0.805376318352 0.617644640546 
0.000454252714795 0.000444541440063 0.071588905806 0.147120004779 0.00599473580786 0.0248784226537 0.20220229426 0.793129556797 
0.0119823837845 0.00519673640605 0.000314309089305 0.0287469245061 0.0338349509779 0.0585421626524 0.807240079761 0.763540551377 
0.0687813403737 0.0432312011405 0.00288037634208 0.170218561284 0.162201863856 0.361475612452 0.460785258861 0.38711308828 
0.640425676607 0.018870654943 0.352798585816 0.102541027852 0.228655285115 0.16650163849 0.164669435287 0.353140606597 
0.00197181847433 0.00103284396387 0.000348871560319 0.000365141909277 0.430197340058 0.68449953208 0.637285972208 0.443635462483 
0.50191182663 0.416965472281 0.527349354317 0.183532616829 0.0432959332947 0.235900715411 0.0116264359924 0.1831728153 
0.00640555040091 0.00720217226055 0.00895886808526 0.0179085361001 0.156304292736 0.840194609358 0.758063119518 0.0712952927617 
0.0216700865788 0.000543985358754 0.0796537338743 0.103956585451 0.142721994122 0.520435575545 0.535950798848 0.45460258993 
0.0933901920719 0.402436593581 0.547987539587 0.411504213808 0.136647633084 0.393076617072 0.115197801988 0.581257960138 
0.00133487199124 0.00122395761575 0.00175376529582 0.0669859683132 0.169758250155 0.151776468459 0.206571746313 0.788676684316 
0.00474374269978 0.0474766024155 0.0566111282068 0.0212981156803 0.0995407733456 0.247850888439 0.599623846432 0.645375364028 
0.0995095636465 0.110937450657 0.0243646767 0.0879381931931 0.0537678179992 0.243702992546 0.645671733994 0.733545591713 
0.00416926715071 0.198075845983 0.355839705765 0.112502901516 0.539791402935 0.605520838478 0.208705887637 0.351535503011 
0.00671609552594 0.0901500046662 0.0758893843702 0.081236888041 0.536547592282 0.606513295719 0.418479831827 0.265305710743 
0.000971216463994 0.000484526208912 0.00308483320975 0.609747466955 0.557892982557 0.0713910072491 0.347691373942 0.423251022985 
0.0155876112586 0.0135790996228 0.00797187249271 0.0284258943041 0.0359695917776 0.557736539799 0.685788126357 0.442870569646 
0.0592785502562 0.159608817538 0.143457678271 0.143586493729 0.540693914945 0.580881059722 0.0287078639903 0.481810138844 
0.00922335627708 0.0115631161536 0.0102436075051 0.0353772300172 0.667661713997 0.626333527699 0.0522491187488 0.402950689479 
0.230379377518 0.282953129969 0.204227868154 0.239352659921 0.176048505334 0.244786777142 0.442240496097 0.608801899418 
0.0475275558941 0.0181367592825 0.0855342960237 0.106614699395 0.302897411507 0.0713655068441 0.415960233104 0.197671944472 
0.0163465600712 0.0204933164932 0.0181548377283 0.0136649657234 0.0169037115522 0.0893759187147 0.609134853829 0.772439594266 
7.22175963888e-06 5.54192319054e-06 7.31657643113e-06 0.000467699466799 0.000701891155831 0.00150949179142 0.0242206031328 0.871226231975 
0.129484419545 0.21064632507 0.346473863451 0.353705396638 0.0129441076558 0.00217431227845 0.198658555913 0.520759666578 
0.0135206982646 0.0979218566512 0.145194275586 0.297015696976 0.398577475798 0.203236539636 0.0118906424497 0.424121190282 
0.00588936007425 0.00513049830242 0.00133901949522 0.208534210446 0.510987118635 0.0653885770705 0.318458556951 0.3876627073 
0.373622339733 0.231681097754 0.191856680584 0.315835731388 0.0524562820913 0.0819269857132 0.289845841104 0.58432929742 
0.00373821052388 0.00981520374911 0.0114612498437 0.0423102075168 0.0766377232123 0.287407457844 0.884087563016 0.811313882254 
0.0563995045089 0.0480429176202 0.0291752771456 0.113274072218 0.229341758088 0.157802036865 0.279859065003 0.582218153015 
0.147181455362 0.12821666715 0.0752730264453 0.268404483607 0.0655733335342 0.00851942972472 0.197159825938 0.628611886694 
0.00186979545675 0.0888313616205 0.159583887367 0.0504542516878 0.242080532673 0.402882354914 0.451307220767 0.494094674878 
0.00717153169815 0.0603460355542 0.281724577549 0.577791871416 0.501257334607 0.16943106468 0.0562320916217 0.731646780982 
0.0018767086219 0.000983025133782 0.000332038376328 0.000347521749581 0.409446939719 0.651482971023 0.65814143883 0.507780404421 
0.815791915935 0.616016124192 0.162442764667 0.195510223434 0.248083636198 0.412676415591 0.271950222325 0.0154090295183 
0.178357392098 0.106256373939 0.0477688113115 0.0603513343109 0.306434456742 0.347675396212 0.144600650546 0.790150350352 
0.0104451748108 0.0689125051529 0.217225328234 0.322131727916 0.395310115513 0.221551610158 0.0623226330182 0.494374984766 
0.0237507940784 0.0171118286214 0.0155618077319 0.00666345067636 0.09391025221 0.342644260389 0.499676508108 0.778911125239 
0.000971216463994 0.000484526208912 0.00308483320975 0.609747466955 0.557892982557 0.0713910072491 0.347691373942 0.423251022985 
0.417982096211 0.430597959286 0.0375435168432 0.127005232484 0.264500938411 0.458562942604 0.0404899021372 0.303247027636 
0.270324168193 0.268993860792 0.0384206976575 0.139289216386 0.090866581826 0.355677382999 0.457101709766 0.500438937054 
0.225131497335 0.151736031778 0.055123048104 0.198952503806 0.121646034262 0.26111478049 0.413190527127 0.452361521569 
0.0286574891771 0.0139368540406 0.03409568583 0.199057164224 0.162810549062 0.296961064969 0.681698338693 0.687781563596 
0.0681687412858 0.0460666167293 0.0527142010965 0.224277257342 0.0504828088539 0.0220874728583 0.469024958604 0.182213500475 
0.00534606558255 0.00578354224464 0.0554688465215 0.27668209696 0.624638703448 0.648155154627 0.030688117556 0.546463917246 
