0.427950025713 0.48951965044 0.104618830267 0.260995864318 0.306786230037 0.0276900480773 0.0310918913717 0.551162504499 
0.015483822537 0.0930800443007 0.168025694884 0.335962054979 0.31020008416 0.0738563592723 0.608828728738 0.809368720012 
0.00360511032947 0.00521159660793 0.018461550327 0.0608159804691 0.480204619589 0.654473168836 0.458116002597 0.257460968844 
0.00156013012105 0.00161305762612 0.000740368086733 0.00089177503453 0.039775605794 0.891844148211 0.903967900468 0.200103390513 
0.0179371885603 0.00760230082765 0.22192575663 0.226459475714 0.317970656782 0.412661162699 0.0607622256824 0.38460317257 
0.219889718926 0.200909447532 0.240468877375 0.134852282099 0.272044441646 0.408079254704 0.463461336669 0.520732038646 
0.0202306395251 0.112649269574 0.127771750779 0.119246443635 0.540179797226 0.364375690262 0.66741962016 0.0475028117579 
0.562259623982 0.507226056335 0.0927266189612 0.423916195579 0.749328255093 0.354063303246 0.352501236403 0.0307758814392 
0.0121424490223 0.16187276795 0.151764439776 0.0994143832639 0.271966149148 0.328672644682 0.222499396339 0.761395844353 
0.304862142573 0.351994920403 0.172384624908 0.795640310619 0.535597756862 0.285571355989 0.0313742733667 0.31773132278 
5.04689732157e-05 0.000119745666259 0.000106229974358 5.70932837276e-05 0.000953220288436 0.270198280942 0.941240247181 0.881111967249 
0.00662412058734 0.00996845695383 0.0093365559385 0.108692762521 0.445167428761 0.522342023953 0.336415168616 0.184980478334 
0.0607287765332 0.106147553149 0.0885290823836 0.0738972568971 0.109486458448 0.191953535795 0.462646202181 0.818738533818 
0.169807330034 0.289433126015 0.798839487522 0.582716366994 0.266554442651 0.0338175328162 0.317682514526 0.00728062999926 
0.0274056787989 0.0383642316958 0.0531306985854 0.0517619402475 0.0301576862548 0.111153118479 0.642726903272 0.800844427925 
0.117584087866 0.13179973625 0.0309263231066 0.0814715925744 0.14206550203 0.33519432212 0.63209580241 0.211046221642 
0.00392985423239 0.0622953941122 0.160134113643 0.145280608838 0.0892317505936 0.247916844206 0.491445490383 0.657491139481 
0.000508000818116 0.00045002047391 0.00631760156061 0.0275078236411 0.253824860455 0.792677739501 0.939391205194 0.618533438668 
0.0586971458377 0.0611871238969 0.134683776151 0.236638054196 0.233114272561 0.333156269097 0.378732094053 0.480993949996 
0.166807875664 0.248922004808 0.142880946745 0.136195352452 0.160464296609 0.0374737079022 0.0842640418446 0.570134170374 
0.000337054980287 2.73186657281e-05 0.00749186950073 0.0419250501007 0.160390536524 0.26489590651 0.866182815251 1.02847144905 
0.018216725748 0.0162412565032 0.411004133472 0.517194853772 0.380223326449 0.3690860961 0.26876476578 0.101387438211 
0.184857632806 0.0245388554637 0.0621180763053 0.00869035117559 0.0695890969807 0.323472909808 0.591731377191 0.435500836295 
8.30961099017e-05 8.50358670056e-05 6.85240390805e-05 5.76787471457e-05 0.000901054877331 0.255413252513 0.889736353006 0.832892498681 
0.00984193306871 0.137124121839 0.307902091495 0.22647004463 0.227162443882 0.606062600546 0.469760671858 0.379643122614 
0.0854394576796 0.149339239736 0.124551771954 0.103966223175 0.154036797522 0.270059881089 0.626134062862 0.786691445159 
0.00818980584332 0.129823407106 0.333718991487 0.302764335397 0.185958807299 0.516657940609 0.423287272691 0.0580968488834 
0.0041440131469 0.0069158073521 0.00488793438116 0.040909350012 0.489833625819 0.524525824812 0.269789400382 0.355855864473 
0.00121339254005 0.000907918989043 0.0133237296534 0.0124280754151 0.0625357108634 0.314861112315 0.724431717831 0.803316375928 
0.0122008460607 0.0147414744789 0.0724985734844 0.228115549557 0.310255225784 0.589910983572 0.65977777803 0.112898719451 
0.382360816512 0.529983319577 0.31589276655 0.281005196903 0.188131958874 0.190268531336 0.482979896701 0.542666961218 
0.0165710916099 0.0996160945846 0.17982440416 0.359553200557 0.331982240161 0.059436932969 0.126437602842 0.855534761545 
0.00476753498402 0.0192505504773 0.0203989365414 0.0142211914094 0.0134834964056 0.81047053572 0.851089147246 0.185731497195 
0.266346367215 0.0353560464535 0.0895008968235 0.0125212226126 0.100265332566 0.403054045435 0.713789400154 0.431611900492 
0.123536595037 0.0852952884694 0.0150901602795 0.00492816360889 0.189950408838 0.350885247807 0.870546496581 0.649751201162 
0.0385216721983 0.0611610160579 0.0320266441113 0.0285751525469 0.120814988001 0.110469442646 0.179875032863 0.863745300768 
0.427950025713 0.48951965044 0.104618830267 0.260995864318 0.306786230037 0.0276900480773 0.0310918913717 0.551162504499 
0.0504500698267 0.080391141576 0.0787852931833 0.271324412204 0.378074529822 0.219931000762 0.199556630552 0.828724312105 
0.0609082683715 0.112661338502 0.0974610758958 0.0526356902739 0.505646854997 0.521479643351 0.501540185164 0.0928367509066 
0.241542725832 0.268937626296 0.073562078612 0.492553266653 0.126390675814 0.605977228686 0.375668721621 0.418316818183 
0.00178559175659 0.00268708932838 0.00251675506282 0.0292991398241 0.133438063698 0.218346307303 0.713970336441 0.847721884174 
0.0330031297988 0.00641376558796 0.0504039576874 0.162764842422 0.434162967772 0.585989581579 0.207780234786 0.0516856103399 
0.0606482194012 0.785512020255 0.744084715095 0.432316263368 0.203119828086 0.455140067459 0.0962894544544 0.188462992668 
0.0577738283734 0.0585089732874 0.0916631998601 0.303552783008 0.280275983374 0.0667316521936 0.550096807746 0.731281168454 
4.8092234741e-05 0.000119044693831 0.000101800220905 5.87339950986e-05 0.000917541516894 0.260085993118 0.906013923169 0.848132041154 
0.000337054980287 2.73186657281e-05 0.00749186950073 0.0419250501007 0.160390536524 0.26489590651 0.866182815251 1.02847144905 
0.187198241552 0.226833321071 0.111663110016 0.428974533529 0.228129312226 0.54231525905 0.0732978783155 0.313331212533 
0.00310431504409 0.0152160077021 0.0726972320338 0.0821419616223 0.428165516714 0.711434433267 0.3301732563 0.654880856613 
0.0160391958374 0.018158199826 0.0630178425915 0.0888839534412 0.246534852171 0.735191726991 0.898583668632 0.652485296824 
0.0542905489958 0.122557655721 0.152251133936 0.21179437944 0.334201166685 0.51637424348 0.726776534574 0.797893303431 
0.13551990447 0.210061100023 0.104478663059 0.185705978104 0.516609798568 0.069937918956 0.306537130227 0.471210107366 
0.1531200245 0.131904490741 0.156575268492 0.0692198388109 0.0159889826876 0.274739390951 0.562146096902 0.589312415762 
0.0975030163902 0.0915148825572 0.0548220037715 0.0068097219283 0.0497714921483 0.867904592199 0.804552993026 0.0810813298067 
0.0488656894289 0.112947799674 0.147271156833 0.0523173317428 0.279280574925 0.648448286766 0.262220583452 0.118011000599 
0.107647052689 0.176000419869 0.110076172668 0.0486632080501 0.0318961035014 0.404678793038 0.162461664369 0.847088791801 
0.293762411685 0.407178694934 0.242695948567 0.215892321509 0.233935836029 0.617947799675 0.506271985042 0.0695072190354 
0.666108070567 1.08074538465 0.552139164956 0.194247718446 0.479088199231 0.0743278586709 0.507349933682 0.0779067069265 
0.00583457673553 0.0504681878242 0.0715983663303 0.0380152080966 0.0102931858702 0.394449956583 0.842857265592 0.796066617603 
0.151893081235 0.419494906214 0.302824677102 0.0452843090261 0.334706346695 0.0172060653184 0.267882645949 0.660290892822 
0.00809511235734 0.0121821116051 0.0114098867612 0.132829720191 0.544023963786 0.638336384305 0.408888704261 0.158919298082 
0.00454391853481 0.00367596295259 0.0232691275923 0.0766530865177 0.605254861052 0.824904704471 0.57741412178 0.324533795096 
0.188235124201 0.190630325712 0.188554269507 0.233979041694 0.234694402191 0.626157630605 0.485336381856 0.39223431378 
0.012742572858 0.0137988348652 0.0113698788118 0.0133648781929 0.0132269397989 0.0415047784081 0.19147729685 0.904343189976 
0.00597223697001 0.0147828783449 0.0343370155285 0.0693262970447 0.0930187764983 0.281608373284 0.888690314222 0.844481228391 
0.071022391603 0.241114064419 0.282066796269 0.31609916726 0.440914107557 0.480479562994 0.187932016058 0.144272437788 
0.522184284273 0.534367378652 0.430603268225 0.349982508241 0.0387138788933 0.705844207459 0.670627982831 0.298370723116 
8.30961099017e-05 8.50358670056e-05 6.85240390805e-05 5.76787471457e-05 0.000901054877331 0.255413252513 0.889736353006 0.832892498681 
0.132645688422 0.226091867343 0.624016725586 0.455191267739 0.20822006672 0.0264167010162 0.264693561117 0.275282885572 
0.0438096709665 0.227248099529 0.615030153425 0.409790490945 0.220240854355 0.162571826055 0.4867862344 0.123120607563 
0.107647052689 0.176000419869 0.110076172668 0.0486632080501 0.0318961035014 0.404678793038 0.162461664369 0.847088791801 
0.051199627657 0.305196894426 0.337744080631 0.068877171059 0.712495955673 0.499624621106 0.654635837234 0.291253114955 
0.0894963250259 0.111796189335 0.0848683157137 0.247335467708 0.191686498982 0.108892249397 0.31738462163 0.682008924641 
0.351595094139 0.0171458137178 0.173023901522 0.250127740936 0.318904743671 0.333310904045 0.316882259741 0.673690415811 
0.161614827115 0.132770778758 0.0242923368666 0.113609980536 0.0867655524723 0.0370326373883 0.626344787828 0.795724223591 
0.264922153161 0.442119737291 0.269138646286 0.221947987764 0.260887590707 0.0235473078608 0.026440194474 0.46868676891 
0.099505525705 0.149743103316 0.140250871036 0.21465797221 0.21419649905 0.600700650143 0.870168791656 0.340593297944 
0.0538319382133 0.222597659358 0.165444977115 0.00932883218805 0.10212685477 0.256189694015 0.622080581831 0.741150175562 
0.00496848136001 0.0486800077441 0.364022645315 0.313200300296 0.0695050994885 0.154184050219 0.462328387939 0.699760943885 
0.00347853354769 0.00523475040072 0.00490291960028 0.0570779929655 0.233771388552 0.274298245575 0.55883655085 0.848720921632 
0.0180733259413 0.0271980480376 0.025473961218 0.0389886257013 0.0389047193792 0.10910608651 0.885145365161 0.902875089669 
0.349111257898 0.0375608219466 0.130074706374 0.150739415995 0.0315484612809 0.893360998898 0.882266821417 0.050468951619 
0.0701504851667 0.105567518278 0.0988755815269 0.151331907053 0.151006540862 0.264747188122 0.613816579629 0.771213367471 
0.0215241383028 0.0763947212172 0.284878742007 0.37459838389 0.532060219622 0.279644081382 0.0495064376762 0.230810500559 
0.271793201609 0.0966973959683 0.00470635770655 0.0231799318236 0.0417001199292 0.359656564979 0.00120467663565 0.375583980528 
0.0122008460607 0.0147414744789 0.0724985734844 0.228115549557 0.310255225784 0.589910983572 0.65977777803 0.112898719451 
0.0473567625161 0.130788847793 0.125620637602 0.405816881223 0.580246518805 0.193847489425 0.135054508832 0.522443404517 
0.0180634899258 0.0085816775507 0.173301624209 0.227611050713 0.127814693839 0.130684126782 0.55984151691 0.0307580330077 
0.0344227698613 0.445841614929 0.4223282683 0.245374450962 0.115286886496 0.258018177488 0.0550054936968 0.348155187607 
0.562259623982 0.507226056335 0.0927266189612 0.423916195579 0.749328255093 0.354063303246 0.352501236403 0.0307758814392 
0.285672275021 0.0379214567191 0.0959950198287 0.013429753942 0.107540523487 0.499883297222 0.804942378223 0.315055116964 
0.0357627452852 0.0255408781631 0.110583874821 0.156751228366 0.154259116822 0.162868984104 0.112043776799 0.928514764075 
0.0165488745485 0.0167594519568 0.0176882015845 0.159647871405 0.604052336543 0.555105582368 0.00434657031681 0.576205831768 
0.0283194236408 0.00461134961061 0.0102679871307 0.0163318161837 0.0377098514128 0.654808047277 0.722806209284 0.437065482222 
0.522184284273 0.534367378652 0.430603268225 0.349982508241 0.0387138788933 0.705844207459 0.670627982831 0.298370723116 
0.0806093184722 0.00324310333799 0.01315036644 0.0115983957425 0.0455003355941 0.00946190448528 0.0904505394965 0.924867773125 
0.0227365816253 0.0940168647847 0.171216089594 0.349287512203 0.322503733726 0.0577399347054 0.122827652026 0.831105188311 
0.00400413461125 0.0588960218757 0.166954545362 0.175743099384 0.142526991288 0.207375043418 0.684272396713 0.918122458115 
0.0116347584232 0.0570285243365 0.272464091441 0.307862274456 0.332508850676 0.851270689478 0.840699208263 0.04808618157 
0.0262171771217 0.0394535034469 0.0242473464093 0.0189135691487 0.0436710864333 0.758320876892 0.837068271838 0.506173909352 
0.0122008460607 0.0147414744789 0.0724985734844 0.228115549557 0.310255225784 0.589910983572 0.65977777803 0.112898719451 
