0.153098205191 0.0542663729161 0.0894460303076 0.272577276028 0.137788775952 0.40625914505 0.515411084708 0.341082120198 
0.00720993650082 0.00581362791195 0.0896846042523 0.444472018177 0.415604148105 0.114544273917 0.658212767665 0.492486582411 
0.011993345628 0.00361772671284 0.0411411588938 0.48698518565 0.489074220515 0.201125278771 0.468310417542 0.215008749314 
0.0547791395986 0.0245007113823 0.0765758635338 0.0279149543932 0.036545716997 0.0552787738346 0.229597358061 0.825179063876 
0.00379841888567 0.0019753169021 0.00514630596938 0.00880429209665 0.0100072300683 0.360427637614 0.655773831239 0.59174014402 
0.00285783382543 0.00140629246453 0.00257238423909 0.0579996766027 0.0984506037172 0.301336337263 0.914744712599 0.804706618517 
0.238684884225 0.0580899334697 0.00424458227733 0.00405067636343 0.373732246148 0.498681958096 0.279879271293 0.643550687361 
0.0768764148836 0.134978917485 0.904911877334 0.894730680736 0.215353918052 0.246602442453 0.46000766738 0.0416009244317 
0.0788989381968 0.178149976415 0.447501498261 0.353761838403 0.111522566135 0.0896960031439 0.439230259761 0.489059016291 
0.00112898046528 0.106004012311 0.280011157194 0.221915952215 0.0732705456765 0.708776007705 0.704165243133 0.299207388321 
0.00359593039296 0.0482741667739 0.0930964782014 0.0952377076463 0.207496840029 0.377089509783 0.303429423627 0.296343250174 
0.000827464041144 0.0213042360066 0.0245642000942 0.0189527655621 0.043697561911 0.16679557251 0.747573334869 0.841765170552 
0.0133156068358 0.000901455742158 0.00309342495277 0.146308138725 0.93875127925 0.870027621355 0.367109739519 0.0592566207757 
0.187332892274 0.227485504788 0.106032071748 0.0943306277097 0.0302996579786 0.642727137873 0.22084335306 0.0834060726774 
0.0602546341656 0.0968203935148 0.0716962264829 0.0607250054823 0.083462025866 0.0367339192831 0.374971333915 0.790604205774 
0.0181397869011 0.0464144357602 0.211202527232 0.26702160706 0.189610008299 0.388050281714 0.827244417001 0.115807160454 
0.00547305856059 0.00776150799016 0.0182684985088 0.0609600735564 0.0754935607222 0.0594347729704 0.449768416622 0.786622351027 
0.0311531231494 0.0757861672759 0.0861933474332 0.371462239861 0.48873992219 0.108674803951 0.437078865025 0.35449239656 
0.234023296687 0.176076272945 0.00416168285411 0.00397155862479 0.366433129835 0.488942439149 0.274413114022 0.630980585139 
0.0723785799729 0.0881239642704 0.245324702196 0.38751798944 0.24315590978 0.00227386336686 0.319345108575 0.459916617037 
0.107639572415 0.123089494169 0.0765818515805 0.0927260156916 0.189179576481 0.223059372983 0.453988034771 0.739728143645 
0.0170471143377 0.0138841773467 0.0958443453892 0.177420538481 0.245691365822 0.113460359355 0.558033463713 0.650228020005 
0.0374280208176 0.0394957362955 0.101462838113 0.829270366392 0.572724147798 0.395213617773 0.402884302582 0.512954167267 
0.0311531231494 0.0757861672759 0.0861933474332 0.371462239861 0.48873992219 0.108674803951 0.437078865025 0.35449239656 
0.0536376313349 0.105803445495 0.219289698965 0.225706901017 0.0787948888405 0.0586160754731 0.0125701057143 0.617413475404 
0.0552599024191 0.0614559073095 0.0424625802443 0.213357612554 0.225581964123 0.297257928268 0.49662073761 0.364375967659 
0.00424255961536 0.11574763461 0.10600265394 0.0887401219034 0.795198807502 0.761864363184 0.0937043524533 0.241788397365 
0.000711858640249 0.00101690176566 0.00125257465168 0.00133297888074 0.00494261003592 0.00809471398018 0.0179248338418 0.922960635335 
0.0485012627889 0.0314270301975 0.0656842167465 0.115115141651 0.611125067802 0.618828078856 0.107614408122 0.428147146658 
0.276440560359 0.394877253093 0.355350933862 0.218035278874 0.0977661804321 0.00794594541952 0.511782222989 0.779282937362 
0.0842091777541 0.0936510907052 0.0647076815791 0.325130402684 0.292185565414 0.108673029289 0.450570089329 0.734573086243 
0.00390334654174 0.00420684151612 9.13873718184e-05 0.000753270373574 0.0171055509839 0.0293659909953 0.494079428582 0.872723460887 
0.0575521045172 0.0712487854472 0.0658220505482 0.167103685309 0.275948309441 0.194008428875 0.671749244524 0.496580458896 
0.051041005441 0.0309363267359 0.140862985658 0.19940646078 0.24341257995 0.185165698476 0.383420745471 0.724423620696 
0.857588003943 0.0783243053791 0.553860059935 0.210072973631 0.128150197543 0.0948835884694 0.0543777064071 0.387653265477 
0.00835791133095 0.00417613361122 0.0359477222757 0.0303712667885 0.0945848159757 0.942107429795 0.870368960104 0.119353876005 
0.00743810732066 0.00476763211093 0.103010030412 0.172077280297 0.167474037449 0.0450115227169 0.576293928488 0.824456040021 
0.0969376577656 0.0980030054953 0.252185428701 0.695803908741 0.234612781079 0.0845890243608 0.0805668713898 0.370293491137 
0.00781794733736 0.0182474486807 0.035704037733 0.0992536819839 0.340867016767 0.31118999286 0.134963947076 0.740717876447 
0.338080719192 0.403154138863 0.163035486927 0.0954715589436 0.0998113862211 0.456686030658 0.538997028086 0.638715654625 
0.0623216426395 0.0247345933497 0.39892131879 0.437398798468 0.119413861312 0.383351416957 0.713647173711 0.17186227593 
0.0138935498096 0.0241092973547 0.052503996943 0.0632934648221 0.0647313986756 0.224884287427 0.656164211485 0.654629950575 
0.112296379676 0.079126530195 0.0385278165741 0.140667891834 0.726243327105 0.17602146557 0.338012823187 0.525311897413 
0.33002970052 0.358610076133 0.0521839404929 0.121418874383 0.445670585464 0.549580689448 0.441502580798 0.264439822491 
0.00720993650082 0.00581362791195 0.0896846042523 0.444472018177 0.415604148105 0.114544273917 0.658212767665 0.492486582411 
0.20704142278 0.134155130157 0.280391796172 0.491402495782 0.689571124304 0.343627149178 0.350297145009 0.44599109543 
0.120712857072 0.0539904402373 0.168744749391 0.0615145745736 0.313827218205 0.713281868145 0.12404005083 0.493506740718 
0.440798507752 0.398686642751 0.0522336028901 0.169386595246 0.537422633016 0.661097614641 0.260799225955 0.194692347092 
0.123241041759 0.0674395746609 0.0186748668565 0.237735983601 0.562835531412 0.0315621086438 0.434071585327 0.250588078424 
0.113154266281 0.134928360346 0.141133846297 0.125327626409 0.030862013217 0.501343860054 0.474475516856 0.0347849487235 
0.00609203965014 0.00272476075732 0.154104078313 0.541432839998 0.506267583887 0.139533147793 0.801801018096 0.599936875671 
0.153383037329 0.186750241917 0.519886436012 0.821219420312 0.515291131264 0.00396276184082 0.236440070298 0.376542347764 
0.34036859286 0.794431772869 0.891771106421 0.230928668779 0.0357739539981 0.0234024583613 0.381323918201 0.318466924094 
0.0103692833827 0.0076368133278 0.0890127097265 0.0397643523002 0.0581633271877 0.275514015849 0.816557686542 0.574539118604 
0.0168548875289 0.0227426990081 0.035682841324 0.105728525164 0.211779635424 0.229461832508 0.24660932117 0.596168581634 
0.124868602657 0.0326190553345 0.263448764087 0.732824997885 0.574514054641 0.224734487688 0.163688812748 0.268335223078 
0.133822062469 0.0403882622944 0.10405598843 0.507492718903 0.697116977191 0.566985780481 0.231166296876 0.366699023884 
0.405692833731 0.698253622751 0.583675685012 0.143722389678 0.0964458830464 0.461114754236 0.334329806278 0.269370965601 
0.109563782317 0.231984608242 0.174720327995 0.132260220733 0.50357504459 0.0730172063524 0.0295209396316 0.238377662804 
0.00720993650082 0.00581362791195 0.0896846042523 0.444472018177 0.415604148105 0.114544273917 0.658212767665 0.492486582411 
0.126664156707 0.487160116476 0.619840885641 0.216881462949 0.0920928978391 0.143230239006 0.517853988486 0.567122513177 
0.308471880912 0.279061996704 0.0599495059815 0.0720202271134 0.0406066072961 0.861358398358 0.29596572494 0.111801178532 
0.0204886422027 0.00017234688188 0.0194551411796 0.347681034746 0.450780986523 0.428115668225 0.691196508651 0.164786815075 
0.0330195812052 0.0491539634363 0.0839624420987 0.288036425756 0.722710770064 0.784403171498 0.45432664322 0.165834852365 
0.00084760817756 0.0105270769553 0.0124822134661 0.0128002536427 0.0334836343973 0.193360647433 0.749438131412 0.708315190356 
0.0311531231494 0.0757861672759 0.0861933474332 0.371462239861 0.48873992219 0.108674803951 0.437078865025 0.35449239656 
0.00112898046528 0.106004012311 0.280011157194 0.221915952215 0.0732705456765 0.708776007705 0.704165243133 0.299207388321 
0.00373588129506 0.00747207495373 0.118525779039 0.215235437745 0.435106205973 0.432179448733 0.118554919417 0.566459185934 
0.000697691285606 0.0042778516598 0.0685031747661 0.136508506477 0.186675050945 0.360109521618 0.471728628739 0.455757457458 
0.246114017804 0.227619332174 0.673093031427 0.634871156068 0.321695793535 0.174160315805 0.195356135709 0.510444519176 
1.10819303018 1.00253718592 0.215370288808 0.258738465664 0.0400821484101 0.0262214084239 0.427245328704 0.35682696155 
0.041755976128 0.0443744368253 0.0447249746873 0.0308809595953 0.0178322371108 0.707816859283 0.867867494491 0.154347654571 
0.00781794733736 0.0182474486807 0.035704037733 0.0992536819839 0.340867016767 0.31118999286 0.134963947076 0.740717876447 
0.180099614066 0.222934778607 0.230544894617 0.450378704999 0.744013428448 0.014560284529 0.256355833042 0.0994103371775 
0.00784605861503 0.0844755011388 0.20985513519 0.250325806122 0.627593522632 0.765047290981 0.052212274517 0.194031673668 
0.135954989028 0.0410319915625 0.105714488269 0.515581408231 0.708228003191 0.554001017222 0.0613237249183 0.358299589155 
0.0155916311243 0.017137452781 0.0271668791908 0.543503813302 0.530864934549 0.11804208145 0.47475123978 0.385052454838 
0.0723785799729 0.0881239642704 0.245324702196 0.38751798944 0.24315590978 0.00227386336686 0.319345108575 0.459916617037 
0.00288441025127 0.00101308048452 0.00564393824318 0.0318695312539 0.431140406966 0.845473334795 0.704170304619 0.0521956677455 
0.130541013589 0.140493749364 0.0399974080482 0.0353635701244 0.295937023306 0.142267760913 0.172197942687 0.609180613818 
0.0648586499895 0.0356386029794 0.235746805729 0.447811544663 0.615135947659 0.500307588978 0.203980952646 0.324840374233 
0.0212307397818 0.00435427600301 0.0342194075457 0.0999414263364 0.294437067232 0.493855910165 0.241305392177 0.579510062048 
0.00398552989303 0.00128221103964 0.0780176710816 0.138129704788 0.128996921691 0.44933730749 0.49866940829 0.482792549648 
0.018864823058 0.0103790248129 0.00533304358148 0.114725033692 0.227759092001 0.186991740268 0.202590066992 0.814235807068 
0.0785396206003 0.0245495223525 0.0398653378032 0.00504785208796 0.0475129020728 0.167475081527 0.778851912824 0.821328103077 
0.121958858613 0.618218517025 0.594822063351 0.197039588254 0.115547426656 0.281104680262 0.0535713305433 0.509216456096 
0.000822119839206 8.96129531427e-05 7.41760051535e-05 0.000443114519744 0.407857709278 0.946918422808 0.311184179867 0.197751150441 
0.0753159861784 0.0811712059543 0.00176469959453 0.0145407676151 0.330065715754 0.566722725402 0.439122103763 0.609753733804 
0.258314729563 0.0129495142278 0.313977761209 0.336428805074 0.401864039739 0.0292603170855 0.295716680739 0.573437665367 
0.135236128313 0.191582391966 0.394209880257 0.673344983091 0.828794153389 0.373880340215 0.315943682927 0.0389517756194 
0.0962259543844 0.0723992508625 0.00171116141566 0.0016328244437 0.0729529403345 0.293890497997 0.871020160711 0.612864113109 
0.134557638177 0.203036814172 0.17126186552 0.0849209900059 0.144947732676 0.00445259844921 0.50511866119 0.446010072992 
0.0455134028886 0.0449476067002 0.0286053539983 0.387598193914 0.17964085358 0.36922381158 0.842471696989 0.015439098987 
0.190668610577 0.178174889422 0.108234269406 0.0200857730837 0.309162822597 0.42615208617 0.637196569839 0.81487568206 
0.0667911638644 0.0732538259737 0.167545470436 0.0580058793517 0.328103695534 0.154374530168 0.383436245985 0.634562302449 
0.0101260697775 0.0525334036822 0.162173283264 0.447607678895 0.788600004704 0.347237299153 0.404091325954 0.160290902248 
0.0243665545593 0.0056076522944 0.0166047006234 0.115376054495 0.0254170594405 0.461954239345 0.794710925448 0.0752679393627 
0.0363773796701 0.0399839316285 0.0633839938956 0.263020959286 0.188600432264 0.345204668154 0.576722768243 0.423158776487 
0.0588624656471 0.0427993115399 0.027360691408 0.313173060971 0.573079535266 0.202373323751 0.0746597799702 0.517270785554 
0.0186141540138 0.0221960859772 0.0232168463641 0.0206164502337 0.00598565178965 0.165282874021 0.740793678985 0.834130682179 
