0.132691536768 0.13174429438 0.0942233151375 0.690992389046 0.434938394468 0.0217318385603 0.406471249221 0.150453991513 
0.00100386742096 0.00229688195695 0.00411921036427 0.0954205063507 0.301796230122 0.324803561594 0.16300304088 0.591463746133 
0.0135208834051 0.0203103617975 0.0529541459486 0.302184111002 0.35565393415 0.224595549991 0.467216112938 0.129631491527 
0.0979743844548 0.0729566901537 0.0251668593199 0.133394843775 0.00497556708134 0.0952846133398 0.350211306274 0.80877118025 
0.145759477457 0.111745050647 0.0103339602763 0.17139740895 0.0164719232989 0.0773689655233 0.502406019817 0.651088503477 
0.0540066234191 0.00740179604988 0.0341789686612 0.0591102113654 0.215447460207 0.269699533551 0.233501603115 0.605711113157 
0.00116247077574 0.00711029612471 0.00993225504002 0.0354843641388 0.0366068071017 0.00273045550445 0.719072746782 0.659656655225 
0.0217420924313 0.0087885671736 0.167397817219 0.200964988528 0.0387073086707 0.0195190728975 0.3537002459 0.691306709231 
0.00569625121128 0.00347656900047 0.00799869696928 0.0272104650734 0.317101530578 0.681322805863 0.691620803831 0.152614205423 
0.0660053189574 0.0431353021432 0.0299224705841 0.181766586037 0.164419237506 0.0272403502694 0.410864000318 0.57114939313 
0.200426483165 0.290657796067 0.674099270965 0.713634978965 0.234940578933 0.0166814566517 0.00771594679632 0.560231621939 
0.326771491155 0.353692204718 0.113993583328 0.0315979498837 0.366128955601 0.686809700932 0.0232394845008 0.345559092288 
0.0389660464678 0.0604571722314 0.0799372436596 0.111660361204 0.210094644606 0.601167774752 0.577546899303 0.282036855845 
0.00120835572963 0.00147451585962 0.0174664922721 0.202032770864 0.758508705893 0.849193622913 0.299717984779 0.0586408596124 
0.00748363024184 0.00823926278422 0.0233665846748 0.0599432939603 0.059014581191 0.0562926495474 0.392836788567 0.792546788306 
0.00404653381153 0.210526189337 0.193726999699 0.00450768754416 0.0348238976556 0.222864088 0.632633222021 0.250084047951 
0.0157701698171 0.0179802103375 0.0466971240967 0.282186830786 0.719690517529 0.786652749298 0.43291208447 0.380338165587 
0.000306513907504 0.00741986910633 0.1396720206 0.135289003564 0.00404796469067 0.282050527758 0.737602408772 0.296890328458 
0.00227942728662 0.00257362959715 0.0696607191389 0.388361166493 0.340954032185 0.21825620947 0.690781131106 0.409410632841 
0.143505269489 0.297218956926 0.31492898006 0.205367657955 0.0963557265256 0.183931261168 0.501015825544 0.609559469616 
0.05978640762 0.142247498389 0.15619007986 0.0778986937949 0.0442233141106 0.255088337474 0.837793944249 0.396530261918 
0.156320798741 0.137211216676 0.257063667706 0.377101766812 0.258298498098 0.638191763952 0.360795356177 0.317883175666 
0.0153905049666 0.0330714352684 0.0253825759325 0.118989508697 0.334428295093 0.471774994749 0.731397252587 0.161391162839 
0.0478509549616 0.0135284833053 0.0949184508318 0.298072399819 0.217101435658 0.485029028381 0.663867504574 0.0790683844501 
0.0220016385918 0.027708778161 0.0501936610907 0.0132141357367 0.0368271392836 0.393352951927 0.759844373081 0.618411762217 
0.223423517634 0.2246944226 0.102526575835 0.463083048794 0.0670071769441 0.126485468749 0.327167436184 0.396771069194 
0.19650503757 0.118397481527 0.587957079379 0.54557343632 0.137159164615 0.453228839561 0.37271906643 0.080329962896 
0.247290902411 0.0248528875251 0.59957052396 0.378993264004 0.204997581842 0.341241543105 0.194919116413 0.404870843909 
0.107592522416 0.177132256058 0.217261433867 0.0234801420259 0.0315342001185 0.153336750902 0.613693297997 0.644024957357 
0.00439923604879 0.00707662937531 0.0104290865882 0.0115077957356 0.00239809511376 0.238584019507 0.841032138488 0.833108041196 
0.0174989816149 0.0217207069607 0.0256458453836 0.112455231295 0.293343510177 0.35951874183 0.567456635597 0.773991979239 
0.00976109684743 0.12394070037 0.28836837982 0.364415761416 0.248759133589 0.0344701792768 0.014726151905 0.455743737008 
0.0279165500495 0.0774100993423 0.137782721719 0.0909883771857 0.125608426564 0.178589523934 0.113539490066 0.694984175826 
0.0526068148647 0.120368215136 0.21586461365 0.355700549977 0.300118411764 0.100295645377 0.628899200125 0.670768279021 
0.0478295086455 0.0541708181021 0.0772087586106 0.203303069669 0.353911799224 0.416701125024 0.362786149694 0.405375317563 
0.145215253034 0.220748634622 0.239987530839 0.023911147825 0.283095887571 0.509005466425 0.0432801069329 0.635745247976 
0.0281262923203 0.0814124542582 0.144231395491 0.0892969199457 0.313204454228 0.363682251097 0.176447975292 0.648211039551 
0.581252176857 0.835630061125 0.543214170202 0.319502726607 0.182563520467 0.151563411794 0.415864863223 0.0672790724704 
0.0229022854252 0.0143893683506 0.0477174136028 0.31874817687 0.415634220719 0.329384404753 0.192509703832 0.316765813528 
0.0977583356132 0.0183048558929 0.168821582658 0.340050215934 0.00259392730141 0.421898201859 0.353393731521 0.44480104397 
0.796118147029 0.808018474095 0.0554680718252 0.120942201256 0.0210017684714 0.332604548345 0.463661790287 0.308687779642 
0.0318816067557 0.0575389318141 0.0604364923197 0.374943934834 0.467048289547 0.225085038029 0.26249290914 0.143764968621 
0.0718082423245 0.0258229347181 0.014997976731 0.0634889570209 0.145669727662 0.0757831842984 0.137016430779 0.912975237981 
0.167979609595 0.00382558909304 0.462860267112 0.394954102088 0.0378403893419 0.708970917392 0.0640366453617 0.085645234268 
0.05978640762 0.142247498389 0.15619007986 0.0778986937949 0.0442233141106 0.255088337474 0.837793944249 0.396530261918 
0.0976075359534 0.167268217267 0.120413705099 0.0603971464819 0.0006143346543 0.0418496684534 0.335237424882 0.746769024125 
0.0218619804098 0.122887790078 0.16282116948 0.125117493414 0.0130498769737 0.139735873176 0.601108553942 0.804910227996 
0.00989587176318 0.0178597325671 0.0187591311925 0.116380511328 0.14496892551 0.0698649881492 0.425017612463 0.793029540055 
0.0723732833028 0.068532314126 0.0717203646842 0.0472389752215 0.078823888461 0.0574147917994 0.103798332257 0.691687182661 
0.141184746791 0.0323482825061 0.111335824047 0.0642308056191 0.283673943793 0.0243666242052 0.227273638531 0.491658166763 
0.0285953550298 0.336313733597 0.344535370774 0.0676771600942 0.318203312757 0.143773307677 0.292991268717 0.332653939469 
0.0979743844548 0.0729566901537 0.0251668593199 0.133394843775 0.00497556708134 0.0952846133398 0.350211306274 0.80877118025 
0.011728024807 0.00370225018382 0.0216962143481 0.0596447132547 0.0073316923112 0.185301263185 0.665734721603 0.585340666735 
0.0645930722122 0.166765213751 0.133788172095 0.0229170717529 0.0580398623594 0.365285794928 0.481885205267 0.681380371791 
0.0470828849161 0.136282944908 0.223938609769 0.00528650372916 0.0408406580939 0.261369428711 0.741942039772 0.293292995125 
0.311751875006 0.127882544372 0.0160188619859 0.559888367939 0.748291870181 0.33186392236 0.25492062964 0.293376552759 
0.0115083779904 0.00722257076146 0.0855123313191 0.175333113993 0.120786072401 0.305379080655 0.501088585802 0.748715631931 
0.0805330833224 0.00320609294797 0.0192548170205 0.0698716523184 0.0712383157937 0.380860752864 0.264774171466 0.735434473835 
0.00188805850445 0.00255853216609 0.0274199091062 0.0889458882574 0.073646481472 0.0349951777656 0.315204682901 0.845500995366 
0.22765426196 0.195940093707 0.0909054946458 0.0861518815099 0.273181820287 0.0912937802243 0.572450573486 0.610564374962 
0.0126423476506 0.00923187124937 0.0107799653021 0.0404054421643 0.0531036291729 0.0146843189648 0.152342728143 0.874083351966 
0.0781590680019 0.103579622329 0.248312469804 0.246688503894 0.282283781167 0.263377599721 0.671546847271 0.445745992675 
0.0318887126512 0.0189307180044 0.0974508267556 0.0838796746645 0.20478158117 0.122649408312 0.13358976839 0.482482406418 
0.0349227992586 0.00653912398213 0.060309135246 0.121478189289 0.00142348086344 0.321414625344 0.424006388469 0.599545493579 
0.0153905049666 0.0330714352684 0.0253825759325 0.118989508697 0.334428295093 0.471774994749 0.731397252587 0.161391162839 
0.185976920468 0.0780900558691 0.114093233278 0.213108031881 0.243857849686 0.227525294393 0.580128021379 0.38506825294 
0.0293517165866 0.048029094593 0.189779334471 0.144480112078 0.418732089533 0.336568212935 0.164122968685 0.589039303826 
0.192082233968 0.111777086839 0.575732714719 0.46356314819 0.107715514361 0.657768979609 0.32806697483 0.482557995623 
0.00576156399906 0.00132004628108 0.146427193916 0.476299942176 0.373083785747 0.032046686454 0.29891729259 0.64662267057 
0.195192688669 0.245825255911 0.445304999928 0.117232345324 0.326723651136 0.649799636537 0.0607291198113 0.0812236884915 
0.0403417620908 0.0460132803613 0.153736949758 0.164738135019 0.112954371649 0.755819215857 0.0559421227274 0.290673047265 
0.0110636238539 0.149764575169 0.149436162543 0.230779320063 0.364089156718 0.236408806146 0.65757118849 0.383243574615 
0.253365644773 0.524754787331 0.556022694819 0.362586751197 0.170121096736 0.324739903852 0.512896533739 0.0561129585189 
0.00306105835053 0.0205505317631 0.144083650616 0.135712736812 0.0963879881767 0.127418129098 0.36230447607 0.814059375717 
0.00135157778331 0.000928017646594 0.0176703562233 0.0529627527611 0.0153789844972 0.340352823094 0.846270530932 0.748325853 
0.00300312478815 0.00294447616175 0.0392624611524 0.117679928202 0.034171621476 0.756242933147 0.803674904152 0.229314170109 
0.476066309002 0.354503265351 0.122288135947 0.689262955643 0.23672330659 0.0168080369734 0.00777474697244 0.534777058643 
0.108339119312 0.168091976088 0.222253295277 0.31045451696 0.584136627885 0.873050468606 0.480811314786 0.0777859955743 
0.0578266174941 0.138442781353 0.118886941358 0.068883239049 0.276087677896 0.320583552647 0.155533831224 0.571393392658 
0.0035378943034 0.0287434685182 0.0309231831812 0.0213845229443 0.148344913891 0.235609769369 0.0418437298244 0.827226093723 
0.00359058457575 0.0139107590982 0.139259398737 0.321207302765 0.27677668892 0.137352155896 0.198334894847 0.525168008207 
0.0191067547822 0.00676316870273 0.0933571581342 0.265131720622 0.275259587542 0.213697449157 0.172933602252 0.572739008708 
0.0409773136164 0.332918648445 0.358164777337 0.247684029712 0.359702931964 0.428118622398 0.250225117155 0.411718748445 
0.239877327579 0.377067304732 0.351795411777 0.0730426522572 0.151808765214 0.130405380147 0.59846650453 0.675552204652 
0.0181082376191 0.0332121638594 0.0254389011622 0.00198706771717 0.0157098879602 0.334447353982 0.911326550612 0.606086271905 
0.102126965356 0.102012267683 0.00793878108684 0.0317284266987 0.045830812235 0.334601905181 0.45636151323 0.663574910998 
0.0413168168008 0.0989166342467 0.0849440931487 0.0537635524108 0.126265064329 0.0685510244701 0.451372327866 0.731859367441 
0.0132954390417 0.00558259400848 0.0182092705236 0.0438581008001 0.145290974685 0.941044003819 0.85556031864 0.163560227268 
0.0940278629175 0.388703354454 0.583088201657 0.474475600751 0.556523020272 0.237682442935 0.0251566487058 0.405088422809 
0.082210322155 0.124971814588 0.135863487034 0.0116086421323 0.00439335224124 0.306113816232 0.800534123431 0.322220018526 
0.279188152532 0.280776275748 0.128116355824 0.578664691669 0.0896487312762 0.320840583132 0.447261269976 0.297769591608 
0.0218917484477 0.0264763534067 0.0215060809247 0.00719533231137 0.0892883731995 0.0915997888641 0.0443200220917 0.760716433821 
0.0795626680477 0.0753401508082 0.0788448927717 0.0519315799114 0.16753132554 0.297086593351 0.467904698125 0.678042362234 
0.0135722584784 0.0233678285812 0.0187463593375 0.00399675974864 0.0125056488402 0.00525566063482 0.116557857746 0.912159976935 
0.120425934547 0.323701453034 0.4369587678 0.618903555756 0.574539119642 0.0599288068206 0.319659480554 0.383132409967 
0.108339119312 0.168091976088 0.222253295277 0.31045451696 0.584136627885 0.873050468606 0.480811314786 0.0777859955743 
0.0117528727264 0.00845885493359 0.0160965875861 0.038769586957 0.12843395173 0.831861989741 0.756292486875 0.144583125982 
0.0698509107745 0.0701219350901 0.00461886561061 0.328878908625 0.44376650492 0.550931709827 0.168202672529 0.164294730151 
0.185976920468 0.0780900558691 0.114093233278 0.213108031881 0.243857849686 0.227525294393 0.580128021379 0.38506825294 
0.215825921197 0.16071496902 0.0554396341603 0.293852986395 0.010961056375 0.209900948246 0.351650336515 0.749659328347 
