0.0437673630624 0.00248458905212 0.0320530461166 0.356264563882 0.293421960547 0.520064891592 0.755285907641 0.411470761063 
0.181686796242 0.305955082833 0.252038248596 0.0362737747471 0.342403617883 0.256799950287 0.227942196604 0.453582755734 
0.060810490232 0.0800813964221 0.11328661281 0.134146637601 0.165825762506 0.0633466954308 0.407046234576 0.887496107233 
0.0986073242095 0.0937030073639 0.246908328176 0.128023624759 0.405871462154 0.856192416576 0.742347507491 0.241597057986 
0.0168773391819 0.0725072080222 0.217144483082 0.244479738403 0.221973833591 0.182578237966 0.151435796949 0.603515203941 
0.00770954746522 0.00840130453699 0.023608830314 0.0612136179896 0.0624027251337 0.0543143622375 0.61898972107 0.877696942602 
0.720298782413 0.634806130508 0.381893148463 0.283656447146 0.204834315005 0.14809342406 0.141177300033 0.662493605398 
0.0208858005822 0.0236084964355 0.184996955147 0.453029030864 0.592868145797 0.641568250788 0.130896326475 0.318645713543 
0.00558119202844 0.00619935229198 0.00439166068146 0.039729947979 0.146796447213 0.331711244369 0.714928730119 0.744824990739 
0.0986073242095 0.0937030073639 0.246908328176 0.128023624759 0.405871462154 0.856192416576 0.742347507491 0.241597057986 
0.060399430163 0.0827942168453 0.100793070574 0.0694168355208 0.0533777624353 0.8015074779 0.673441733716 0.520076357535 
0.265916184295 0.129001053345 0.176027253635 0.17698674147 0.0561199322311 0.507462306642 0.475277650243 0.789931102208 
0.121189842064 0.134612802063 0.0671256740796 0.15157725522 0.35626925481 0.523440887833 0.528171113079 0.499350479586 
0.027530631067 0.0215381136576 0.0156544607555 0.117832347874 0.434490709788 0.870861805698 0.431869953157 0.147415952631 
0.0147983833572 0.0572659735138 0.127510911596 0.502296882991 0.732932267714 0.465826987262 0.160007063432 0.550948826479 
0.942653084555 0.953274333196 0.192649039426 0.154465817664 0.253448185458 0.0443269687178 0.112847734673 0.266327894349 
0.0443058131749 0.0872788983747 0.150706606992 0.126056006313 0.0663757805883 0.187039557848 0.736750325141 0.725716593399 
0.0307601857137 0.0335202504073 0.0941965730615 0.244235169416 0.248984819154 0.216719066808 0.778033454272 0.696184765585 
0.0126339657615 0.00411065115978 0.0295513970269 0.0373037335815 0.0274100346211 0.0373287103026 0.477267741552 0.831189289446 
0.0208858005822 0.0236084964355 0.184996955147 0.453029030864 0.592868145797 0.641568250788 0.130896326475 0.318645713543 
0.0480180384573 0.161727417003 0.284051433096 0.139040052216 0.155786227123 0.195510507738 0.188443021131 0.753453377986 
0.163559601979 0.415789041965 1.00721542848 0.82781042684 0.0695769133866 0.197012638966 0.0515978960627 0.0536615562739 
0.0437673630624 0.00248458905212 0.0320530461166 0.356264563882 0.293421960547 0.520064891592 0.755285907641 0.411470761063 
0.165638522066 0.169956074369 0.0379529830722 0.0152945893713 0.117110229036 0.0101160939541 0.386388786775 0.730110000317 
0.015574662872 0.060269978067 0.134199759784 0.283699092271 0.789256867949 0.750387367654 0.169541008406 0.157587973078 
0.17443195335 0.140804767443 0.0682598123884 0.238721127038 0.561554605211 0.29978013541 0.419203090066 0.767426449873 
0.0958245816909 0.000808811063151 0.0409403770209 0.397566531386 0.59538655371 0.779280058874 0.574571802518 0.533924683089 
0.0704772607292 0.0754584233035 0.0290693122702 0.0580416968171 0.779062273388 0.801954117927 0.223056586832 0.0271731296069 
0.362585855181 0.0830688467408 0.440402994087 0.306534352087 0.639023770534 0.589458729868 0.248858276247 0.418278988391 
0.546746701222 0.198785305737 0.36037820904 0.605289959127 0.0482429718942 0.217410128253 0.317765858921 0.201129431899 
2.29050369607e-05 2.56253002117e-06 0.000219879464629 0.000312612753623 0.091081503691 0.360167134515 0.577562678202 0.832563177281 
0.00357011003463 0.0058634027366 0.0058343954512 0.00105262674551 0.160248649851 0.699448330148 0.634464895116 0.265168904949 
0.127074026742 0.1173490591 0.117456056565 0.297865540628 0.388777118036 0.314259667555 0.191732705859 0.0279888189565 
0.00486716404652 0.00226012088483 0.0092395830452 0.0674286573919 0.550904591946 0.579700598078 0.362805989452 0.64692600176 
0.0415703776529 0.00588799202333 0.0453631442952 0.222431249179 0.387273700586 0.561583851956 0.652367534911 0.214463350123 
0.00446847774124 0.00516107332063 0.0104250122165 0.0667283445644 0.545182889788 0.573679800832 0.271291544907 0.443703236255 
0.0483408231753 0.00295613725572 0.112326554006 0.647661387061 0.755531595544 0.429369536714 0.0240702038879 0.590417770652 
0.31883896697 0.566413485357 0.612502896614 0.389340848961 0.107150525708 0.174731392144 0.591950311942 0.506464402701 
0.0344525391618 0.0382684862521 0.0271098104328 0.245251919985 0.906179435842 0.932999665131 0.411045014284 0.118251550409 
0.189301008577 0.197878103286 0.138041652521 0.188672295608 0.306765502165 0.203157126856 0.42212733052 0.210139002323 
0.139559753742 0.0229291418235 0.144927091946 0.0509048244573 0.0509304337392 0.550017325795 0.702462249852 0.659590041193 
0.0226828647329 0.0177455453048 0.0128979177366 0.0970836854361 0.357982546256 0.597765042774 0.0195718129245 0.480074436524 
0.00616598728997 0.000350020888502 0.0045156276913 0.0501908730778 0.0413360385252 0.0732640243353 0.790100340603 0.921104099821 
0.337031419511 0.31410582635 0.178689700959 0.13272426757 0.0958420611254 0.0692916699561 0.109388887949 0.796008940408 
0.38297252887 0.139240546133 0.252429410123 0.423979555765 0.0337915936591 0.217860654016 0.627861780061 0.364049335083 
0.10138827408 0.112618014866 0.0561578041876 0.126810594776 0.298057074039 0.437913717482 0.686917359286 0.809332237795 
0.13441889286 0.12545975898 0.0199447333301 0.200979160679 0.808681797407 0.831965373493 0.114994431669 0.155385421495 
0.284224564434 0.250489790007 0.150692182667 0.111928722463 0.155697295872 0.852407631198 0.739065986008 0.240529028915 
0.0677552005914 0.0295438831541 0.133630297328 0.198196319689 0.520018936675 0.271022789202 0.378990222953 0.693808335641 
0.0581731555306 0.0321325792439 0.11934590069 0.178879336863 0.210435106817 0.194531935959 0.221711368289 0.758035512809 
0.0286338877391 0.0261982318663 0.184050339196 0.173983328269 0.0254975335137 0.202105713123 0.726295726884 0.572928459726 
0.0583658572583 0.210799362217 0.537628886985 0.475926247789 0.276348245731 0.337061035904 0.113013984386 0.623342800084 
0.0887122792261 0.0792394015619 0.0389340425258 0.00662145209792 0.0467502896561 0.10996738527 0.398897245092 0.908852855999 
0.223706447316 0.197154599928 0.118606251996 0.0880964523444 0.122545289543 0.798432153804 0.802462663655 0.437172909573 
0.066831842949 0.0371760900909 0.269074349866 0.0749284336529 0.0155854243395 0.333866599047 0.544503433103 0.523587669886 
0.422123999823 0.254197992772 0.19654275542 0.290923445656 0.313065803077 0.0918412693022 0.748933354674 0.382254174294 
0.00153604399224 0.000934582565467 0.010900569602 0.110789267597 0.388657614781 0.664931890898 0.555951923168 0.336475587986 
0.0160952982296 0.0161512453649 0.0235385600135 0.229851233122 0.0185607305415 0.782024273094 0.811494960633 0.254554547505 
0.0670550015927 0.0218174070369 0.156844751094 0.780863574783 0.860280554263 0.236788909477 0.346089330754 0.203315728129 
0.057272522776 0.024973029087 0.112955813698 0.167532572489 0.391161726648 0.112762040226 0.572250903525 0.346340508278 
0.0804758676544 0.0807032026338 0.00407978812741 0.0852275891398 0.144365578937 0.65622351499 0.865277957321 0.770291947877 
0.00321650105715 0.030427103914 0.426669212417 0.366074706255 0.135074972115 0.422610745104 0.378365341967 0.692664359518 
0.080220305885 0.0131798889531 0.0833054865683 0.0292605815123 0.0292745550257 0.316153728784 0.652069595195 0.738573259249 
0.0272737270873 0.0232681442759 0.103552491259 1.10823777511 0.842854819152 0.362151106724 0.0845897980814 0.102112419764 
0.0132096930042 0.0380118990195 0.0835167475533 0.164289201803 0.808604584949 0.832364568538 0.231514951407 0.0282040363711 
0.00376340238197 0.0128817787741 0.130488942636 0.710508942541 1.0119642046 0.714222977529 0.254307878654 0.0383914760499 
0.0754790548562 0.000976455323846 0.0267846808499 0.226797390776 0.42707743836 0.200069303666 0.717932668988 0.742924771612 
0.486756075421 0.0799722195399 0.505476363905 0.258366420478 0.685401984383 0.294497478726 0.0687876953461 0.0830345080288 
0.256747736334 0.0835369773174 0.600544950449 0.758087642493 0.455482564109 0.229882231683 0.335994728224 0.212668115411 
0.151749928408 0.307188688222 0.477926212797 0.123569162136 0.370792034156 0.562784543414 0.154593718487 0.646479530457 
0.00556411342178 0.00258375866968 0.0105626431095 0.07708404825 0.629791153126 0.662710859214 0.313393807839 0.512564424615 
0.0657388919945 0.0357248575442 0.125905113779 0.243418039395 0.0231195303589 0.400510408653 0.717523428476 0.405253553402 
0.00376340238197 0.0128817787741 0.130488942636 0.710508942541 1.0119642046 0.714222977529 0.254307878654 0.0383914760499 
0.117491490283 0.096159202619 0.504565413877 0.613055194276 0.445557033678 0.0889152691215 0.72782203317 0.422010764765 
0.104298373541 0.0454781237788 0.205702647949 0.30509177493 0.712341857617 0.115999400733 0.289080727243 0.634414159335 
0.089690190904 0.16667792426 0.385173147858 0.467991654657 0.340127153062 0.0678749040688 0.555601911636 0.322149828506 
0.52080032862 0.458986252753 0.276121623135 0.205093179392 0.154910592716 0.198798819363 0.124835841017 0.233451970919 
0.0293198110594 0.0319506325692 0.0897857279274 0.232798626921 0.237325787579 0.206570817649 0.776605295875 0.719962955312 
0.00114973309818 0.000874428877007 0.00723298026103 0.00833968350379 0.00141927202631 0.0109076752349 0.763617107207 0.843208998126 
0.0739842064312 0.145730878115 0.168907059909 0.0720454991498 0.102025537843 0.208472608435 0.397245511987 0.684285647268 
0.113758105893 0.106176029261 0.0168791319404 0.170087759233 0.684383504049 0.716715953 0.158711703843 0.147521327647 
0.0148288898823 0.054286015204 0.0570386245357 0.0126910202323 0.107178509247 0.388189867236 0.502139127696 0.664005724781 
0.208835104948 0.209425058832 0.0105871280572 0.221165863421 0.225274124947 0.478101949536 0.447779609093 0.744227468239 
0.027530631067 0.0215381136576 0.0156544607555 0.117832347874 0.434490709788 0.870861805698 0.431869953157 0.147415952631 
0.0169527326464 0.0298602746557 0.146073961458 0.575421286655 0.839632836021 0.533642643151 0.183300901134 0.631157878418 
0.0649341779467 0.103444653431 0.113665603764 0.0701193923219 0.764365694535 0.726721975778 0.164194123512 0.152617645198 
0.0312928036066 0.0347587787787 0.0246234925902 0.222759201536 0.823071106392 0.847431400115 0.381507829421 0.215119975174 
0.00557693390876 0.0527560753783 0.739780898856 0.634719032202 0.234201186338 0.739499260925 0.414996143432 0.119388356954 
0.328976073869 0.484205671979 0.399579973831 0.278120245534 0.579789499539 0.534818692928 0.225790435196 0.379505540643 
1.71338911913e-05 1.91384129895e-06 0.000164468644463 0.000233843104912 0.0681323611665 0.269419273929 0.654594901802 0.916859670224 
0.00891233234963 0.182456875943 0.430619966117 0.260605599868 0.357078872065 0.423309664307 0.0544353258553 0.41275643061 
0.0545169921017 0.0594087280831 0.0715148796994 0.227502893903 0.428405962008 0.200691674774 0.720165956221 0.745235842783 
0.030775377362 0.0606199954955 0.0702606269533 0.0743973141859 0.731817913142 0.753321421026 0.209529885569 0.0255244931943 
0.1231981208 0.109505725781 0.166017744167 0.449032386496 0.207140172206 0.260538566791 0.364329598863 0.666968978578 
0.0285821516391 0.0822473345444 0.180707376366 0.129970895092 0.00219347208611 0.0269174108329 0.740430128009 0.521434252135 
0.0184588143168 0.00104786442942 0.0135182961978 0.150253992079 0.123749210162 0.219334365215 0.576803433105 0.862454568127 
0.123570246318 0.319932183243 0.493406282212 0.201590443655 0.147254884139 0.726367392926 0.493384154437 0.244639648256 
0.0630750715783 0.0687347143231 0.193154130147 0.500814639423 0.510555844114 0.189389189083 0.118927167999 0.22240171315 
0.0226828647329 0.0177455453048 0.0128979177366 0.0970836854361 0.357982546256 0.597765042774 0.0195718129245 0.480074436524 
0.157277580185 0.117543752517 0.0950244359184 0.186977337462 0.162078993536 0.083313506193 0.356947687554 0.833503257843 
