0.183856965841 0.0100291503982 0.0356659038879 0.0928158751858 0.067569012202 0.427487873073 0.804359120815 0.667890490661 
0.0867579420354 0.0889394856705 0.100296049993 0.0841357592841 0.232971992244 0.715824751984 0.542104400406 0.396836454986 
0.0437768986677 0.0524202319815 0.0701701819313 0.119294644367 0.167583467743 0.192565378108 0.20395928194 0.827188383291 
0.0625228112984 0.0798001046657 0.798458552511 0.90300716554 0.725355276781 0.563146623818 0.198359632835 0.022591510853 
0.0245803621872 0.00871828985422 0.00124894797547 0.0126030034827 0.0956754311638 0.487059220078 0.765672436512 0.779060880049 
0.000724385094249 0.00150243367182 0.242053167955 0.239509969631 0.192861322607 0.306986319217 0.13654826705 0.641005127001 
0.0231066777843 0.0476053340824 0.0636759893956 0.0212460894368 0.200030380317 0.239703834605 0.359361093152 0.687919381759 
0.0625228112984 0.0798001046657 0.798458552511 0.90300716554 0.725355276781 0.563146623818 0.198359632835 0.022591510853 
0.0187679989852 0.0239542726562 0.22633255213 0.192284707487 0.0321017220014 0.311711904397 0.554920125992 0.771651637638 
0.123113157254 0.217176649728 0.355410791055 0.34958948982 0.326456021424 0.104255502844 0.156213765895 0.697125965779 
0.463723199252 0.439084902804 0.369215980987 0.239089152751 0.418778167016 0.172305604722 0.517402549816 0.36127996897 
0.228378116653 0.11802043602 0.181478061384 0.206177900131 0.522438056396 0.263741367614 0.138892236003 0.619952467253 
0.008254852682 0.0187141708469 0.0546208866826 0.0913821153605 0.249447521885 0.60067205364 0.718009804143 0.469739870182 
0.101856211843 0.103854622348 0.0375633335976 0.108601690667 0.160543484122 0.0159130591624 0.305682997031 0.538480781285 
0.00246851677799 0.00348209766304 0.00493465007926 0.0343965913379 0.621881145823 0.606523904204 0.230291250809 0.655091124472 
0.200606320765 0.523691886278 0.734282791516 0.413419020339 0.106957692277 0.424023518241 0.136683008783 0.0294832792887 
0.219137499977 0.386567516548 0.632619882767 0.622258152988 0.581081584017 0.185576337298 0.176882023326 0.420624158713 
0.0751096276779 0.446740629319 0.562084036239 0.187291042128 0.0842830472286 0.759975470597 0.0980813796447 0.215325926462 
0.140723675239 0.0591679177805 0.00636188874277 0.0504206661273 0.239971611103 0.219290848803 0.138279431311 0.869788198863 
0.142094268155 0.247186988222 0.247254161473 0.082564132506 0.100752889114 0.023303568421 0.409058709806 0.862438142097 
0.20061326934 0.161005316658 0.0653023555275 0.778765296107 0.990677226444 0.261902691204 0.0320624976806 0.232027751738 
0.0160854529332 0.0201337018982 0.0302758155567 0.0172670141553 0.0112426331336 0.0925100071388 0.686117635291 0.765038026884 
0.0954290582348 0.096252507177 0.065218280336 0.284348947256 0.129834091745 0.034665798424 0.415415705327 0.769823442836 
0.279351377515 0.199816031521 0.835528466463 0.309889906084 0.279246367096 0.502497260908 0.161980807558 0.0349537355312 
0.0104920101564 0.0454699201815 0.0915573776545 0.0998616443981 0.307304182975 0.552436567606 0.716842775387 0.872330938126 
0.0444920778796 0.116148592484 0.130874753975 0.0460236408415 0.15545840699 0.527983940689 0.36354928753 0.0226347133191 
0.00579872118722 0.0161442663606 0.0279800924389 0.226648183481 0.3575210908 0.358668442609 0.673822761518 0.555706139985 
0.0025934767668 0.0122033721313 0.100032798091 0.130216972129 0.635545946279 0.902070385519 0.468461893658 0.0495444257585 
0.279351377515 0.199816031521 0.835528466463 0.309889906084 0.279246367096 0.502497260908 0.161980807558 0.0349537355312 
0.0803767811827 0.0316310837003 0.394260010152 0.37084066536 0.738909884652 0.246526520997 0.138968316282 0.187210274974 
0.0187679989852 0.0239542726562 0.22633255213 0.192284707487 0.0321017220014 0.311711904397 0.554920125992 0.771651637638 
5.30172803699e-07 1.68575950913e-05 0.00186021197117 0.0215452303208 0.715277344496 1.08520323727 0.727278997731 0.00696513918587 
0.139217129465 0.104414439442 0.0943070023742 0.178828301341 0.00507531111816 0.00937548254915 0.444869873585 0.698597530198 
0.0187679989852 0.0239542726562 0.22633255213 0.192284707487 0.0321017220014 0.311711904397 0.554920125992 0.771651637638 
0.0607278376246 0.0144190691798 0.310887389775 0.136768931847 0.298040354414 0.121009247095 0.322713019992 0.522594894145 
0.0172049105779 0.02426927291 0.142313828956 0.358576712614 0.505441854504 0.390083973754 0.0493723125267 0.377266967926 
0.00910578098093 0.0100923430736 0.0073822506039 0.0032225104477 0.0357765438037 0.177051516497 0.732012891151 0.783361500712 
0.00108909093719 0.000482455017261 0.000705934800198 0.00144410483674 0.00939781068415 0.108441801386 0.544931531407 0.889980043675 
0.201490484707 0.0558001907112 0.0289632524281 0.275536104724 0.0340975234054 0.0377294818446 0.452123701396 0.837853152408 
0.00593592248649 0.0224921405763 0.0378884661631 0.0443194998134 0.365858461343 0.557670768395 0.496272383561 0.582356401468 
0.0701066535889 0.0190988880724 0.514319971425 0.274740366147 0.418974918078 0.0579342382919 0.18346723737 0.714985719029 
0.00354134055429 0.0069079535875 0.204885899547 0.381911261316 0.538333743833 0.415469278023 0.0525860617961 0.401822746773 
0.00876044813907 0.0468848602522 0.0628620638253 0.207436370594 0.364298742168 0.0841022018984 0.739000459596 0.679795737916 
0.0972832858309 0.297754591438 0.417316741851 0.234228240631 0.116012131027 0.0560906829815 0.0631652389142 0.749173180161 
0.328714454659 0.149426053869 0.178523298664 0.300299902739 0.0776161509326 0.187953654787 0.034470110726 0.289698757959 
0.00108909093719 0.000482455017261 0.000705934800198 0.00144410483674 0.00939781068415 0.108441801386 0.544931531407 0.889980043675 
0.087065859352 0.024662373872 0.0831418557039 0.250665616786 0.32340435183 0.391917508706 0.349866855505 0.651720410902 
0.21050815485 0.278343716102 0.669221266093 0.711251801282 0.116024032957 0.518821041186 0.167243150027 0.0360916769965 
0.00159817641992 0.0153552727487 0.130158150978 0.0999312805764 0.147769439986 0.583240647978 0.613766261375 0.483984884143 
0.0199290077101 0.0312673605813 0.129999381797 0.662722479177 0.914882857415 0.661264138342 0.381735445785 0.276674301136 
0.222443632441 0.232999054763 0.253753630653 0.216077341851 0.284869888123 0.541378657878 0.0703891937045 0.571124626467 
0.00107924199699 0.00183156991717 0.00371786149674 0.00446939269523 0.0154058604525 0.0394092300707 0.915114750788 0.939365101574 
0.364438430073 0.153229816891 0.0164756716062 0.130576668278 0.621465810077 0.583279455957 0.22057728722 0.538428700077 
0.0760001612316 0.287976336458 0.485101956812 0.628749317325 0.904130340028 0.301651288368 0.170044482894 0.189311882402 
0.028503189966 0.037688253132 0.0906137970366 0.0963048083191 0.0225111122952 0.816347803547 0.82493853365 0.00830975870615 
0.0874460069151 0.062548875018 0.261547413908 0.0970055546171 0.074311664179 0.302706173952 0.837356460724 0.191661147894 
0.0443677385497 0.109501699802 0.409705236695 0.273827234531 0.101159481554 0.193443708034 0.619515943829 0.868577876367 
0.0187679989852 0.0239542726562 0.22633255213 0.192284707487 0.0321017220014 0.311711904397 0.554920125992 0.771651637638 
0.0751096276779 0.446740629319 0.562084036239 0.187291042128 0.0842830472286 0.759975470597 0.0980813796447 0.215325926462 
0.0954290582348 0.096252507177 0.065218280336 0.284348947256 0.129834091745 0.034665798424 0.415415705327 0.769823442836 
0.274776048311 0.490467804478 0.834083649308 0.484543601885 0.125358746109 0.496973569465 0.160200119778 0.0345686753657 
0.0328276137268 0.124388902073 0.209535619182 0.14836965178 0.383451548019 0.602726867434 0.449206838147 0.629977903644 
0.0554898686468 0.00815806862872 0.186807743424 0.205545206862 0.259954702167 0.328691991322 0.0472539565542 0.767504723338 
0.0319071679775 0.0264587134973 0.0940609308295 0.162351781885 0.0271043989948 0.263186798441 0.468533843506 0.640990629787 
0.0825479296217 0.143600264461 0.143639287923 0.0830332938212 0.214410141653 0.0234360237418 0.411383211279 0.700868255277 
0.239185110576 0.302823993356 0.269185927903 0.244594996794 0.28354112459 0.332846005567 0.10622732089 0.71158516354 
0.0281471968808 0.0638111057119 0.186244908683 0.177661316226 0.236072593865 0.0258044566557 0.452947610238 0.771686497824 
0.0245803621872 0.00871828985422 0.00124894797547 0.0126030034827 0.0956754311638 0.487059220078 0.765672436512 0.779060880049 
0.00446992838922 0.167576399856 0.218363265672 0.137909581287 0.211587244075 0.00709782406304 0.703389931408 0.530727249173 
0.201490484707 0.0558001907112 0.0289632524281 0.275536104724 0.0340975234054 0.0377294818446 0.452123701396 0.837853152408 
0.00830774125714 0.0043186127009 0.00673526298296 0.00294008631793 0.039502939279 0.22665254293 0.808258106196 0.864961617916 
0.281995272517 0.0288596912012 0.105517139855 0.194729816489 0.291590123141 0.0931202345957 0.139528613943 0.622664018521 
0.336487504147 0.646695038989 0.743825716519 0.23516022776 0.130925465316 0.395688079189 0.215477933039 0.525980141031 
0.0123318594413 0.0659986128494 0.0884893115098 0.292002846128 0.51281411297 0.0730588032745 0.350887616603 0.60796562092 
0.0291983599625 0.118691981688 0.173969273431 0.274048913223 0.519400967212 0.395079105563 0.431206259081 0.568849462726 
0.215159897153 0.0609464364221 0.205462771574 0.437559813839 0.087752980505 0.212501495407 0.0389736095395 0.327543785964 
0.0901368538557 0.113244320388 0.207017148097 0.187135673609 0.173388811864 0.232859761857 0.355206995716 0.820149033829 
0.000903141554823 0.000824185802441 0.0177097470653 0.165736146628 0.291941704493 0.528838565108 0.486902238686 0.233799885655 
0.00772446941763 0.00856137440524 0.00626239221155 0.00273366796959 0.0367294849313 0.210739239059 0.751510875647 0.804228879985 
0.338654429704 0.0346582488437 0.126717893167 0.406330941294 0.809625235536 0.270120253735 0.152269102926 0.169515925169 
0.0289301094369 0.0369245377114 0.348882422985 0.296399056129 0.0334908258387 0.0280958325576 0.49315971065 0.84020066744 
0.110692667471 0.0572033659047 0.0879606646756 0.0999324376249 0.253220507429 0.148846234114 0.399108787104 0.739602373055 
0.0199290077101 0.0312673605813 0.129999381797 0.662722479177 0.914882857415 0.661264138342 0.381735445785 0.276674301136 
0.371265999813 0.297965332527 0.120852147104 0.52122440466 0.425324444881 0.174999155517 0.525490700287 0.366928628715 
0.0443455357694 0.0317197267787 0.13263568144 0.0491933656245 0.0847255241657 0.362127912892 0.610447645513 0.735205602034 
0.0192018162376 0.0501272203145 0.0564827131868 0.134312090615 0.347398802019 0.0802003870644 0.704717427818 0.648256285892 
0.00144571278673 0.00270991541444 0.039924614496 0.0699844876025 0.413699016937 0.620018160977 0.551756251637 0.647471420262 
0.0463566183984 0.034194333339 0.0103438226149 0.101116925097 0.17106597055 0.354565984447 0.597700278211 0.719851767761 
0.113680992432 0.077300087959 0.026901422091 0.306651543472 0.262441101925 0.659877054852 0.096783674267 0.0867301005218 
0.035621219722 0.0929908159384 0.104780866485 0.0368474190956 0.124462947355 0.422712941452 0.585843552729 0.813297118291 
0.0396923860401 0.0681615487936 0.259673770735 0.302741450903 0.232211352109 0.0899462231557 0.384826985219 0.638479015467 
0.35295976588 0.338391874174 0.0159567397311 0.126463913925 0.601891581257 0.564907791601 0.213629398369 0.521467492532 
0.31272752974 0.250984368507 0.0810923070522 0.24080504817 0.317470193793 0.603334281742 0.0784459196561 0.63649235016 
0.128963498328 0.221888261817 0.209916093568 0.0423797794849 0.242819659155 0.664322927156 0.621691683078 0.423817701099 
0.0234663389268 0.0231778235178 0.00337316835737 0.0320899731097 0.00396374297269 0.00338178368311 0.108545660187 0.90626895601 
0.0731575534994 0.161634954698 0.3166647012 0.0404167756288 0.0285655337519 0.373172525791 0.592785275208 0.239056153511 
0.0286663795019 0.100602293925 0.128143325617 0.112693612743 0.432243523688 0.791459784823 0.661222070701 0.153654393683 
0.0666113619855 0.0845773080168 0.10036790354 0.0571843635874 0.649213289894 0.726085378032 0.48012078292 0.638793166017 
0.0753770815224 0.00771416857169 0.0282046362009 0.0904403973806 0.180204638892 0.262809361661 0.688614369135 0.15760280823 
0.0396923860401 0.0681615487936 0.259673770735 0.302741450903 0.232211352109 0.0899462231557 0.384826985219 0.638479015467 
