0.00131577642696 0.00564099829849 0.105285964724 0.118285419674 0.0805168284572 0.0516776536124 0.0893207160392 0.77700981881 
0.0320512939123 0.0230827820639 0.0115910995403 0.742253228317 0.878464612337 0.181245488365 0.347061007466 0.188971194195 
7.23791227877e-06 2.5104031769e-05 5.05637117335e-05 0.0002566605804 0.0034190526202 0.196354653706 0.876693546764 0.857123309734 
0.00130734934617 0.00130134335289 0.00353166864923 0.31051937008 0.365484826079 0.179708437289 0.069999910264 0.703314845923 
0.469926814188 0.0174636661812 0.244906120812 0.0910227124123 0.066615405884 0.560835055456 0.713719069937 0.176676488942 
0.100900201936 0.0760260767245 0.207041196063 0.321976513018 0.331449358408 0.185138014905 0.419798866641 0.275183701376 
0.00198086858555 0.00470204572823 0.0041777961059 0.00647411454231 0.232040832243 0.594664175074 0.805080719558 0.66958174288 
0.074913587353 0.0325483067756 0.0823553017304 0.171612733095 0.356004938956 0.367735981639 0.643154788466 0.373086625492 
0.0949512712047 0.0835090015015 0.0668748380885 0.0455419788055 0.0698720989107 0.0881610557444 0.916148016979 0.730220803636 
0.00455108379365 0.00491710632096 0.0305359113525 0.0892523604355 0.08863283843 0.0640968463033 0.213352125087 0.744359420664 
0.00467911442169 0.00482702441649 0.0192745705161 0.0539426288786 0.0878366140601 0.629453908084 0.902947744688 0.0292576611744 
0.184362773713 0.236529101348 0.281265416655 0.275959319994 0.40522601941 0.729275028587 0.244531899095 0.364083278575 
0.128169390705 0.0569345313038 0.102778008667 0.337521360673 0.634757886373 0.405847717972 0.336165750085 0.611940881208 
0.0737178061328 0.0780871745053 0.10777187705 0.144565934726 0.0183917278423 0.355537994571 0.490132791661 0.314783740691 
0.0152635823135 0.0376332303095 0.0363040684053 0.0165576385641 0.0218085963237 0.0942117076157 0.443512355715 0.711246844055 
0.00843580147515 0.0013419289208 0.0453207459119 0.646695050981 0.835034967175 0.172285026927 0.329902550052 0.179619611749 
0.20405381345 0.261791814089 0.311306239118 0.30543341581 0.448506570656 0.807165979088 0.250635865757 0.188032958008 
0.04604981923 0.0516496735329 0.0395501066287 0.0442405711932 0.149783362199 0.153633081216 0.195179877555 0.813068526843 
0.0174802350479 0.00776494007509 0.0140172085293 0.0460324802281 0.268568985718 0.494110697116 0.730035406734 0.87051066883 
0.107146100993 0.0258733072445 0.0505623602469 0.196895416672 0.198262423855 0.0436613100124 0.312343991286 0.849692202775 
0.0192346646028 0.258888250609 0.396803874696 0.491008697437 0.494417753968 0.108881297215 0.199663305062 0.0636666154114 
0.0133065234438 0.0144311030006 0.127751436244 0.0559855626375 0.499934762278 0.255266958169 0.180387317036 0.775770684406 
0.0244788158086 0.0275681651409 0.109251333676 0.345760501092 0.483534752365 0.561709453841 0.567459321241 0.518658779702 
0.0101870099539 0.0150642830028 0.0146401171009 0.0563169622808 0.185216633874 0.737912923298 0.806560478252 0.30171093926 
0.562325337091 0.0208974326912 0.293060363769 0.108919898262 0.0741404298503 0.468440210562 0.619794229188 0.151318903945 
0.0650609072151 0.00606256473408 0.42315707338 0.452561485112 0.190023631709 0.708042657535 0.168065838099 0.450179800435 
0.0201903918983 0.0157216374935 0.0534592762011 0.110063258582 0.491205504656 0.582396315466 0.372144847253 0.716998306403 
0.250403086308 0.218885420624 0.282771823787 0.423631313083 0.631025619007 0.516098184909 0.266057842465 0.0305655225698 
0.109229236341 0.0937401167884 0.0454559678728 0.0867239976918 0.13145940396 0.70094999273 0.753610073733 0.254799950834 
0.398106465788 0.284676775061 0.144865832255 0.0210216069766 0.354390086229 0.577029839389 0.734328785636 0.18178360407 
0.00671464295885 0.090375674222 0.138520810228 0.171406938285 0.172596977157 0.0380092081083 0.271909406783 0.739673893607 
0.0226648773433 0.0236445485097 0.0998956344657 0.214415673203 0.11889339595 0.0174306995272 0.388483923887 0.814372741748 
0.00818879941766 0.0121093839919 0.0117684081796 0.0452702494517 0.148885936585 0.593169466092 0.658964721174 0.328632211867 
0.193444517654 0.199356345396 0.188786141656 0.479235478032 0.363411372814 0.17386103108 0.5555365797 0.135611714106 
0.0375942071134 0.084985654868 0.248178603811 0.280361133067 0.172472513356 0.00917547335545 0.369938152072 0.899306945028 
0.188442396564 0.309479594839 0.501956161855 0.428276184343 0.0995425299571 0.80416812896 0.0704971955947 0.338967377776 
0.0200710371544 0.0216852489243 0.134668192426 0.393616360959 0.327440488994 0.183954409324 0.41711500499 0.273423239737 
0.093341352989 0.13366194042 0.191530886529 0.297855931193 0.306619123063 0.171268530529 0.388349389012 0.254554620547 
0.0517389705647 0.0402875528564 0.0487463922748 0.00226003559931 0.447901671987 0.531053223017 0.3393364671 0.653772572327 
0.0151288095249 0.0391693084198 0.078196501189 0.0659416241029 0.00897506018289 0.0309503904561 0.355404989046 0.950320904596 
0.0564349386349 0.0508787761457 0.0339569879475 0.0303513249172 0.040594062038 0.027287902162 0.328059281387 0.877188345692 
0.00361946923366 0.00859161325092 0.00763374908374 0.011829558805 0.423985909792 0.623453044078 0.553250801739 0.502472390472 
0.0210798862205 0.0221843278748 0.0457584229567 0.0388064829002 0.0920690612852 0.0992094181857 0.490076274094 0.778591350174 
0.00147487231525 0.00507282641883 0.0122289298634 0.00133372108415 0.0151651001151 0.0908881379712 0.765648243869 0.832300482836 
0.00436868759807 0.0453260391394 0.198266319114 0.171915513881 0.0384876620639 0.118008229725 0.344342471604 0.806422309419 
0.157728716089 0.0281561871511 0.0010351700003 0.00432779180276 0.605125998368 0.68614768819 0.611633648258 0.235734483707 
5.05979213174e-05 5.03659828533e-05 0.000136669283727 0.0120231684824 0.60240664492 0.650576527189 0.357593633426 0.464941052349 
0.269331890173 0.437753253153 0.474533446659 0.635086861298 0.809905829314 0.403353620176 0.149096585211 0.299524129013 
0.0478310246607 0.0471247465503 0.0205755928576 0.0189283426395 0.277351862665 0.616421513679 0.343028919485 0.690904760091 
4.75320800238e-06 5.15750613941e-06 5.47440987579e-05 0.00027595502226 0.00367604583302 0.211113296073 0.942589090359 0.921561257171 
0.0310173016382 0.0728476376925 0.105385214179 0.0787054460528 0.00324921980185 0.233017510033 0.734550302892 0.695475414711 
0.0801912354495 0.0833107177102 0.481861418824 0.535487158321 0.218397619518 0.215647785334 0.507690969034 0.393099640234 
0.347371279497 0.383323882135 0.303112927944 0.220431017473 0.114461543876 0.0608399151187 0.350830703553 0.486960146944 
0.469926814188 0.0174636661812 0.244906120812 0.0910227124123 0.066615405884 0.560835055456 0.713719069937 0.176676488942 
0.168498273612 0.436250790709 0.870919103026 0.734429275757 0.0999612200629 0.344716966663 0.356565401842 0.486970529516 
0.341018288166 0.307444183183 0.205191547174 0.183403493965 0.245297319811 0.279088748675 0.802288378945 0.687091544487 
0.0289128558313 0.00136237632977 0.367705988913 0.449901668072 0.333567443828 0.329005229421 0.486646778123 0.0123303556459 
0.0493878282131 0.0352419777404 0.0351571101213 0.141511496109 0.0609027055225 0.507103482986 0.800487511336 0.577090482079 
0.172435988069 0.168442105284 0.441317462685 0.471981700044 0.33928064393 0.35067172771 0.129166996157 0.761977119771 
0.121020159921 0.153298454172 0.0992717934979 0.0439709301353 0.436751349915 0.448464426323 0.26747297444 0.51553989332 
0.02775521241 0.0295142459901 0.216711033768 0.851427501737 0.763697242625 0.136984374628 0.113520303916 0.299937179894 
0.337642328984 0.079328562902 0.189911499513 0.198525016701 0.441066156166 0.0545623951433 0.421867440078 0.587486202338 
0.269331890173 0.437753253153 0.474533446659 0.635086861298 0.809905829314 0.403353620176 0.149096585211 0.299524129013 
0.0586336242732 0.0110761017501 0.111841592577 0.119857570454 0.0931349313957 0.390294680757 0.559468923933 0.61350573801 
0.0761317007285 0.438853736495 0.667088077592 0.504387415885 0.25507202912 0.251860498346 0.592946316968 0.459142104617 
0.064879916487 0.15400632814 0.611791410902 0.61502951274 0.250838858557 0.247680619451 0.583105656053 0.451519104843 
0.554538813007 0.0617566366993 0.638623821404 0.0420368242118 0.146797235573 0.487068924804 0.176191347215 0.486722272645 
0.0431858821746 0.211271679541 0.226320763439 0.143247013494 0.402257448435 0.331126193031 0.77860282099 0.635258444883 
0.0540670410483 0.126894111188 0.127704285738 0.00587558905506 0.202985393185 0.719232850108 0.587028529656 0.0745610442195 
0.0245819047032 0.135184186566 0.137080321208 0.0792881768719 0.338343471895 0.555812572583 0.483099837154 0.156958864419 
0.0307439454634 0.0317157749122 0.111507506833 0.270920068175 0.443332396545 0.23574596321 0.180476843161 0.55232621024 
0.151497788988 0.246233937282 0.266922581781 0.357233066087 0.455567811219 0.409319208271 0.749844590389 0.185628441249 
0.147655991641 0.123046867852 0.00620326480875 0.214581067343 0.537422146516 0.426345546879 0.246867658942 0.0630333460574 
0.00137968562991 0.00474543529451 0.0114396950595 0.00124764286725 0.0141863700906 0.106290865107 0.926361892013 0.963405999127 
0.21916336771 0.18982831069 0.106062403571 0.242132170334 0.00505575355841 0.357425108403 0.860508472031 0.290968921417 
0.0802966495925 0.105617970171 0.113555303739 0.180359192901 0.361304464956 0.608119216795 0.528564345598 0.171747517726 
0.074913587353 0.0325483067756 0.0823553017304 0.171612733095 0.356004938956 0.367735981639 0.643154788466 0.373086625492 
0.204655522912 0.48065644255 0.497363294006 0.256122992532 0.132995056849 0.070691134457 0.407638210651 0.565838380416 
0.07517635967 0.258566397724 0.623320478073 0.0679826708963 0.211819439921 0.192430792303 0.614873090215 0.150115976906 
0.303529362819 0.71287272643 0.737651072449 0.37986196898 0.213837081309 0.306009110979 0.316526219929 0.432268371985 
0.184362773713 0.236529101348 0.281265416655 0.275959319994 0.40522601941 0.729275028587 0.244531899095 0.364083278575 
0.189993689422 0.468439852164 0.451895755716 0.206101655215 0.151132741179 0.0244966070797 0.55244454599 0.501739874234 
0.0364680918055 0.0168082874024 0.170574994778 0.298622474355 0.712815344727 0.657566943288 0.355894173713 0.500000130378 
0.0136210443399 0.0123812955004 0.00655738488887 0.23612612497 0.252480041023 0.32133820867 0.599313518499 0.360290434977 
0.104228839927 0.0215790356918 0.128174384782 0.23172097799 0.0377753451531 0.154925201978 0.404811175296 0.524002120479 
0.0415902759711 0.0596094132977 0.0708614795734 0.0599600729844 0.124530854849 0.451158290569 0.685372149299 0.535951165671 
0.00593907229599 0.00642928882669 0.103472683854 0.121973923894 0.344122219673 0.751549266875 0.703173787548 0.596073155618 
0.454694807871 0.060515162217 0.236967836628 0.0880723400539 0.0644561597749 0.542656372948 0.690584616287 0.170943740371 
0.133297138591 0.190877389298 0.273517787807 0.425356401538 0.437870794697 0.244582092955 0.529730816968 0.155148494288 
0.0213453547111 0.0194858318416 0.00443566850633 0.261204235333 0.634660196217 0.510064136514 0.104806520899 0.481515040197 
0.0113596151662 0.00761446501848 0.0116897077011 0.0095639791151 0.00848264771968 0.0701179777971 1.00493590467 1.00746800236 
0.0136045625507 0.00968680778151 0.0106286889599 0.0141050243902 0.315674714167 0.702277012645 0.0436701540047 0.395314981177 
0.00601499097524 0.00639620285809 0.0469647683601 0.184518251533 0.163270069214 0.0149579436911 0.333373180964 0.698821039336 
0.00295131796213 0.01701268994 0.0258604242059 0.0519646607289 0.228452317573 0.431063853162 0.636884401394 0.759412833715 
0.0199279605759 0.0173210159019 0.00414112219801 0.243859524355 0.592516937902 0.476194385629 0.0989530368181 0.502871564665 
0.0129354866365 0.0217456116457 0.0457330859105 0.00760146403101 7.61478088165e-05 0.106027137879 0.499135591373 0.800469743048 
0.017542515412 0.0136598168852 0.208595522102 0.434097189063 0.361115574289 0.202872948217 0.460013367291 0.301562142195 
0.102720160588 0.016340465917 0.508882095966 0.579936597533 0.739574469813 0.36832678174 0.136148472567 0.27349761306 
0.112680404425 0.0755308778246 0.115955210463 0.0948689877753 0.0841433273692 0.69553048597 1.02810800658 0.453687056714 
0.253366506662 0.00365520007982 0.0199303904684 0.0565509231749 0.0202780709138 0.694973975678 0.562986924894 0.0334078340038 
