0.00419012618691 0.00901892374635 0.0119478662138 0.00512589433381 0.00897438521682 0.278565036004 0.638121268473 0.659176002051 
0.00757877151188 0.0288782029979 0.0661138478553 0.31147800949 0.543255612161 0.657531243849 0.549603716522 0.387517920262 
0.00572021838308 0.044735362598 0.179341054943 0.186695656865 0.0773150118049 0.25647121669 0.402195328115 0.220356933058 
0.0065474769439 0.00702079865736 0.00138035877713 0.00987974842201 0.0410445586296 0.313263333269 0.551494885999 0.83132187001 
0.0346775518792 0.0622282915255 0.0990145193612 0.123478840715 0.00889838241018 0.293010880254 0.455623100202 0.760856021184 
0.0540259237878 0.229655442752 0.322731712214 0.240413413017 0.146358747019 0.19388825307 0.172217919464 0.411011659861 
0.00365665709613 0.0117296153239 0.144289877048 0.176770115233 0.108937672577 0.232515900125 0.323400731891 0.305266738597 
0.0147467241714 0.0180429461523 0.00764759881733 0.0224974985598 0.72969871895 0.861355310146 0.398823064537 0.203882249291 
0.0161704005039 0.0583919726521 0.157593696809 0.0736681077484 0.0984916991607 0.0259476693061 0.0113080224952 0.735983393861 
0.297990017302 0.320367007964 0.119101330122 0.00549758697216 0.295212862547 0.288425091866 0.32359142438 0.386773363106 
0.216997785702 0.229829987947 0.00485373611678 0.142114538693 0.00314061329223 0.57368001643 0.148402831652 0.600493062002 
0.192506738495 0.109321084004 0.25378074358 0.00714434205109 0.39777785723 0.909535229786 0.609481951095 0.142321858218 
0.0367979225048 0.0150457046495 0.133143431173 0.249259993913 0.0397044288044 0.161348157776 0.268492992142 0.693088049018 
0.0374466518151 0.0626442412152 0.10531298886 0.0245073698921 0.0269863564133 0.121415651019 0.494201761126 0.2598946361 
0.102723983638 0.433094377795 0.330653120868 0.0929075684034 0.232470184923 0.203617805039 0.100958302891 0.638128662018 
0.0175910105917 0.026679257028 0.0268664293697 0.0464671002129 0.0244935230239 0.000433062298441 0.647001824734 0.923699243412 
0.000217055539201 0.000925379671251 0.00266719104448 0.24267577811 0.404849252132 0.585466098945 0.573530116293 0.311923741742 
0.0739218749638 0.0782932169641 0.00165339953897 0.0484123499552 0.000594240840256 0.215120707352 0.454022407901 0.749512564743 
0.191623371587 0.190058551362 0.282688220065 0.796349037795 0.105079433187 0.0651431124413 0.317819324496 0.449594495906 
0.026853073408 0.0461862810623 0.0294025043231 0.0750436408905 0.217238277028 0.518793778989 0.75890705784 0.174934459787 
0.00312550616713 0.011286290479 0.0304605657851 0.0155844967025 0.0329448782158 0.0869961837666 0.418867516581 0.850507963533 
0.00164788998283 0.0133279810483 0.17196161699 0.200858003653 0.123782267963 0.264200715349 0.367469540953 0.346890816789 
0.165324486399 0.206056246678 0.132269918934 0.203201093517 0.371275137523 0.776671537982 0.145546328905 0.037106623987 
0.00180669700816 0.140692525011 0.154324162845 0.0877559278547 0.043000801893 0.0873869791933 0.13229387373 0.840320014898 
0.0509788577259 0.0531771559797 0.0537002768874 0.410591952846 0.215529306851 0.263802647708 0.285389599699 0.710739387454 
0.21291384725 0.118852505611 0.345871989632 0.414895094415 0.246130209434 0.477121366785 0.0388742741075 0.580924682941 
0.240826661546 0.338260863559 0.132834109661 0.0996839501943 0.208527465145 0.578467606985 0.296388257178 0.217612413327 
0.00191253285969 0.00555855839618 0.0753086985938 0.0895729083415 0.0573838398635 0.227366855805 0.479867944647 0.792190067996 
0.0638726204232 0.12315081392 0.127493880508 0.209039311892 0.274846938516 0.197888030692 0.0543422014751 0.220723140248 
0.00572021838308 0.044735362598 0.179341054943 0.186695656865 0.0773150118049 0.25647121669 0.402195328115 0.220356933058 
0.0157504596676 0.0161132185939 0.0341386558375 0.321851872231 0.0414934546961 0.541999203833 0.468040358584 0.137077237161 
0.121280906695 0.170672262832 0.0929134745653 0.0967792789903 0.048590609772 0.0569591018789 0.220984487086 0.754919034544 
0.0157554909602 0.0614469875561 0.0519244704495 0.0191607028971 0.158623818856 0.677524447328 0.541562482675 0.0310557796627 
0.0834087168126 0.0774494814058 0.0929195578991 0.223777312861 0.161665633675 0.0849258879406 0.112375681231 0.0714343627994 
0.0222345054131 0.0202319683418 0.0238574670644 0.00718586309891 0.0347415773971 0.0917408914366 0.441711043587 0.896902125997 
0.121280906695 0.170672262832 0.0929134745653 0.0967792789903 0.048590609772 0.0569591018789 0.220984487086 0.754919034544 
0.291274951998 0.328843782493 0.165463705925 0.151714805592 0.0172461062922 0.0612160668001 0.120587318637 0.667051664014 
0.00218151168143 0.00787748523549 0.0426303956031 0.0435877180163 0.0229757503507 0.000405940094855 0.606909668701 0.866449273407 
0.121002670897 0.133577838903 0.0280205875264 0.106165949178 0.580235925309 0.0792701683175 0.164083540779 0.29272891576 
0.0723212617056 0.0295703291779 0.261675194476 0.489886247854 0.0780336923744 0.317112088635 0.406799002152 0.617037077418 
0.0367979225048 0.0150457046495 0.133143431173 0.249259993913 0.0397044288044 0.161348157776 0.268492992142 0.693088049018 
0.174052114997 0.451852127744 0.312647624078 0.0555528012262 0.0177730071011 0.174677908729 0.500577632102 0.624785867446 
0.335168317265 0.425299227564 0.0995485197708 0.364577122238 0.240786894472 0.466763298791 0.0380303339042 0.568309017083 
0.080605327682 0.0729236849409 0.0715985971542 0.0994406267377 0.158814660836 0.534379452252 0.849235369319 0.551855766457 
0.0316644369383 0.0365364623413 0.0188794545968 0.144741278032 0.12301276979 0.206610235287 0.738284167726 0.87222276517 
0.029435056898 0.0457485193159 0.0322296296764 0.0822592551569 0.238126232164 0.56867740473 0.831877698022 0.191773409067 
0.0794666328447 0.114063144049 0.133672163749 0.100691328773 0.239929928938 0.470212506627 0.396350463158 0.947826560879 
0.250299604323 0.449766032292 0.257568026171 0.0696006423205 0.712760563529 0.0254477513592 0.138122557668 0.306627896469 
0.257595224586 0.262033898069 0.0458565259818 0.283283167341 0.313079125819 0.305880834082 0.343175169766 0.410192567601 
0.103044887242 0.172383172592 0.282947776018 0.00681176821488 0.379261047568 0.867195587372 0.581110174338 0.135687677897 
0.0256787327699 0.0126057666202 0.0311617069483 0.0221343318151 0.0523711652182 0.19673910417 0.424221466095 0.686798762577 
0.110081032356 0.0384100765931 0.344617787258 0.769116907328 0.252771333437 0.128115969134 0.231083864575 0.151471655462 
0.336234687835 0.30788182351 0.0140015857535 0.712837340973 0.145000268539 0.128264448826 0.100181188434 0.307599291435 
0.00154672382854 0.000633743726775 0.000102898878111 0.00206131627135 0.0550637761674 0.810126408666 0.94692519691 0.600994961209 
0.00267667620441 0.0424281295042 0.060751370981 0.0994191912851 0.332896190451 0.737463296313 0.761738072753 0.404987686838 
0.074620706925 0.0608166880485 0.0185216004065 0.0150354266423 0.0968126285106 0.225287960684 0.813653783937 0.807974800197 
0.597990789223 0.565965822916 0.179897328941 0.339381827851 0.415763900405 0.206878873993 0.0149988375389 0.0871112589359 
0.0443130158006 0.0247363056282 0.0719850634373 0.135836654433 0.666857025729 0.881745211422 0.418355192462 0.610141009931 
0.000893969108857 0.00488778933965 0.0140300861897 0.102608772104 0.222476374034 0.5465023924 0.657418927598 0.464766343443 
0.300875682167 0.362064609948 0.172968795435 0.467872076584 0.146505970327 0.380496769629 0.238826483608 0.366710623413 
0.0241982613314 0.0318945592129 0.0524366908583 0.17820667941 0.131449091105 0.108174684509 0.471040236629 0.424730183439 
0.0749150822716 0.134433939952 0.0793421453612 0.0238315998259 0.0262422277969 0.118067589937 0.480574558591 0.252722925479 
0.0935822015765 0.0103088780361 0.0702028751376 0.0916002079836 0.175214588618 0.322754452123 0.0833174391903 0.794849963522 
0.0334106087086 0.153642585593 0.446879053834 0.370469206002 0.0531291608796 0.220050287375 0.617977584623 0.580667902756 
0.0256787327699 0.0126057666202 0.0311617069483 0.0221343318151 0.0523711652182 0.19673910417 0.424221466095 0.686798762577 
0.0137912738464 0.0400830880008 0.543050258624 0.645908685686 0.413794473293 0.660910552614 0.123095228666 0.377999276809 
0.0216014106257 0.040225339707 0.0537232755264 0.06093915687 0.173269657502 0.975958165037 0.855864318267 0.182488191953 
0.00744938470569 0.00341146425096 0.0251246134342 0.148126269314 0.127925692832 0.00233592488827 0.436583777845 0.778815862322 
0.0552436997608 0.155495467708 0.114739142387 0.0400738783569 0.00175959979499 0.134341273026 0.60636024069 0.813267004278 
0.103504375287 0.119863532023 0.0200044736321 0.389864213433 0.493883846186 0.396681465548 0.258166098126 0.528042617011 
0.170974366296 0.16339587517 0.0512896368302 0.0529163587332 0.442860612056 0.481383041399 0.235232077722 0.200542642315 
0.0329820733404 0.205305073988 0.252244700388 0.212057623136 0.250912529161 0.668820843047 0.235031570426 0.453987811709 
0.0445557320019 0.0299160363174 0.00788556519892 0.0248822039747 0.0261026730407 0.000461817391431 0.689507724791 0.984395941819 
7.31203197501e-05 0.00410627035795 0.0115712706506 0.0524432062308 0.472215337126 0.590425492246 0.492742818037 0.612727614326 
0.0414038539703 0.0663516210839 0.0350731120441 0.00611643766561 0.0854627894894 0.254044397916 0.751692423744 0.898979081034 
0.00390186998201 0.0305148352285 0.0355230247739 0.0994137242684 0.371574812912 0.716818171908 0.703159016615 0.400058939544 
0.0448601653047 0.0482288007983 0.049513872169 0.117992899583 0.00850303894187 0.279992732692 0.435380577823 0.727043969598 
0.0254201952755 0.0184710945075 0.0230511109138 0.112156990183 0.419204832423 0.808703503464 0.793292909525 0.451364970209 
0.0651078725521 0.0319617494971 0.1442135212 0.371075460233 0.470082063109 0.377563945109 0.245724265581 0.502585294996 
0.262301670092 0.0910987235241 0.0256435485906 0.0969194108869 0.183513149377 0.670289599543 0.565882324767 0.0697812983159 
0.0209422919312 0.0327891381745 0.153027735498 0.203940574142 0.111715718697 0.352022333214 0.289204299167 0.637052675501 
0.00458853536718 0.00718417765838 0.0335289140367 0.0496805602557 0.0235504475473 0.00041620978454 0.622090367421 0.888126694438 
0.00404402529243 0.0382888904858 0.06411991443 0.0566024011657 0.0591179578493 0.696973661921 0.673458425159 0.46221452241 
0.00989301066558 0.0154893569634 0.0722893385391 0.500245761868 0.451851366207 0.0617296160625 0.127777908754 0.22791611542 
0.000300708348929 0.000756912688019 0.146674866365 0.236708615014 0.160128658368 0.179803015004 0.661504624158 0.464531701755 
0.0241485710649 0.0652675438996 0.430208221293 0.452603691505 0.104071070987 0.367189181267 0.0432281613295 0.536371937947 
0.063425767054 0.0425859632566 0.0112252616847 0.0354201999887 0.235303054357 0.863706473234 0.834564836636 0.572832885485 
0.0137912738464 0.0400830880008 0.543050258624 0.645908685686 0.413794473293 0.660910552614 0.123095228666 0.377999276809 
0.0739218749638 0.0782932169641 0.00165339953897 0.0484123499552 0.000594240840256 0.215120707352 0.454022407901 0.749512564743 
0.127080265456 0.143863588788 0.0594006596143 0.420726819845 0.201885522032 0.0256531942962 0.319931860402 0.642798440996 
0.0209422919312 0.0327891381745 0.153027735498 0.203940574142 0.111715718697 0.352022333214 0.289204299167 0.637052675501 
0.0474819456992 0.0524164556284 0.0109953382622 0.0372641166647 0.255025554159 0.609035565602 0.890914321595 0.205396898014 
0.0876371578961 0.316461549358 0.854095515589 0.3992518488 0.53378625065 0.140646512488 0.03429963379 0.191998920984 
0.00331941131186 0.00964752850053 0.130706448467 0.155463461742 0.0995959262164 0.394623143255 0.832862891554 0.744601567518 
0.0370308162582 0.1337198434 0.723644029398 0.739893011841 0.390010438707 0.00337539079152 0.598821194475 0.139829050581 
0.0614021019139 0.045965670069 0.0659777989969 0.124292135057 0.127098130655 0.367324308166 0.551064949292 0.459160061343 
0.0946967046655 0.0896252378508 0.0284881284683 0.0537438696206 0.139584050316 0.27547586401 0.428357088886 0.715312300697 
0.195243873995 0.178779980874 0.00813036523454 0.41392851397 0.0947909443862 0.227707207286 0.112902139707 0.713644900505 
0.195243873995 0.178779980874 0.00813036523454 0.41392851397 0.0947909443862 0.227707207286 0.112902139707 0.713644900505 
0.033523172553 0.0470860024092 0.0194406433185 0.0209739477723 0.0220027025617 0.000388551983516 0.581206488989 0.829746177013 
