0.999812930758 0.99655096874 0.999674646731 1.16121962592 
0.999812930758 0.99655096874 0.999674646731 1.16121962592 
0.999812930758 0.99655096874 0.999674646731 1.16121962592 
0.999812930758 0.99655096874 0.999674646731 1.16121962592 
0.999812930758 0.99655096874 0.999674646731 1.16121962592 
0.999812930758 0.99655096874 0.999674646731 1.16121962592 
0.999812930758 0.99655096874 0.999674646731 1.16121962592 
0.999812930758 0.99655096874 0.999674646731 1.16121962592 
0.999812930758 0.99655096874 0.999674646731 1.16121962592 
0.999812930758 0.99655096874 0.999674646731 1.16121962592 
0.999812930758 0.99655096874 0.999674646731 1.16121962592 
0.999812930758 0.99655096874 0.999674646731 1.16121962592 
0.999812930758 0.99655096874 0.999674646731 1.16121962592 
0.999812930758 0.99655096874 0.999674646731 1.16121962592 
0.999812930758 0.99655096874 0.999674646731 1.16121962592 
0.999812930758 0.99655096874 0.999674646731 1.16121962592 
0.999812930758 0.99655096874 0.999674646731 1.16121962592 
0.999812930758 0.99655096874 0.999674646731 1.16121962592 
0.339831757225 0.997814165594 0.724258039284 0.851296070531 
0.999812930758 0.99655096874 0.999674646731 1.16121962592 
0.999812930758 0.99655096874 0.999674646731 1.16121962592 
0.999812930758 0.99655096874 0.999674646731 1.16121962592 
0.999812930758 0.99655096874 0.999674646731 1.16121962592 
0.999812930758 0.99655096874 0.999674646731 1.16121962592 
0.999812930758 0.99655096874 0.999674646731 1.16121962592 
0.999812930758 0.99655096874 0.999674646731 1.16121962592 
0.999812930758 0.99655096874 0.999674646731 1.16121962592 
0.999812930758 0.99655096874 0.999674646731 1.16121962592 
0.999812930758 0.99655096874 0.999674646731 1.16121962592 
0.999812930758 0.99655096874 0.999674646731 1.16121962592 
0.999812930758 0.99655096874 0.999674646731 1.16121962592 
0.999812930758 0.99655096874 0.999674646731 1.16121962592 
0.999812930758 0.99655096874 0.999674646731 1.16121962592 
0.999812930758 0.99655096874 0.999674646731 1.16121962592 
0.999812930758 0.99655096874 0.999674646731 1.16121962592 
0.999812930758 0.99655096874 0.999674646731 1.16121962592 
0.999812930758 0.99655096874 0.999674646731 1.16121962592 
0.999812930758 0.99655096874 0.999674646731 1.16121962592 
0.999812930758 0.99655096874 0.999674646731 1.16121962592 
0.999812930758 0.99655096874 0.999674646731 1.16121962592 
0.999812930758 0.99655096874 0.999674646731 1.16121962592 
0.999812930758 0.99655096874 0.999674646731 1.16121962592 
0.999812930758 0.99655096874 0.999674646731 1.16121962592 
0.339831757225 0.997814165594 0.724258039284 0.851296070531 
0.999812930758 0.99655096874 0.999674646731 1.16121962592 
0.999812930758 0.99655096874 0.999674646731 1.16121962592 
0.999812930758 0.99655096874 0.999674646731 1.16121962592 
0.999812930758 0.99655096874 0.999674646731 1.16121962592 
0.999812930758 0.99655096874 0.999674646731 1.16121962592 
0.999812930758 0.99655096874 0.999674646731 1.16121962592 
0.999812930758 0.99655096874 0.999674646731 1.16121962592 
0.999812930758 0.99655096874 0.999674646731 1.16121962592 
0.999812930758 0.99655096874 0.999674646731 1.16121962592 
0.999812930758 0.99655096874 0.999674646731 1.16121962592 
0.999812930758 0.99655096874 0.999674646731 1.16121962592 
0.999812930758 0.99655096874 0.999674646731 1.16121962592 
0.999812930758 0.99655096874 0.999674646731 1.16121962592 
0.999812930758 0.99655096874 0.999674646731 1.16121962592 
0.999812930758 0.99655096874 0.999674646731 1.16121962592 
0.999812930758 0.99655096874 0.999674646731 1.16121962592 
0.999812930758 0.99655096874 0.999674646731 1.16121962592 
0.999812930758 0.99655096874 0.999674646731 1.16121962592 
0.999812930758 0.99655096874 0.999674646731 1.16121962592 
0.999812930758 0.99655096874 0.999674646731 1.16121962592 
0.999812930758 0.99655096874 0.999674646731 1.16121962592 
0.999812930758 0.99655096874 0.999674646731 1.16121962592 
0.999812930758 0.99655096874 0.999674646731 1.16121962592 
0.999812930758 0.99655096874 0.999674646731 1.16121962592 
0.999812930758 0.99655096874 0.999674646731 1.16121962592 
0.999812930758 0.99655096874 0.999674646731 1.16121962592 
0.999812930758 0.99655096874 0.999674646731 1.16121962592 
0.999812930758 0.99655096874 0.999674646731 1.16121962592 
0.999812930758 0.99655096874 0.999674646731 1.16121962592 
0.999812930758 0.99655096874 0.999674646731 1.16121962592 
0.999812930758 0.99655096874 0.999674646731 1.16121962592 
0.999812930758 0.99655096874 0.999674646731 1.16121962592 
0.999812930758 0.99655096874 0.999674646731 1.16121962592 
0.999812930758 0.99655096874 0.999674646731 1.16121962592 
0.999812930758 0.99655096874 0.999674646731 1.16121962592 
0.999812930758 0.99655096874 0.999674646731 1.16121962592 
0.999812930758 0.99655096874 0.999674646731 1.16121962592 
0.999812930758 0.99655096874 0.999674646731 1.16121962592 
0.999812930758 0.99655096874 0.999674646731 1.16121962592 
0.999812930758 0.99655096874 0.999674646731 1.16121962592 
0.999812930758 0.99655096874 0.999674646731 1.16121962592 
0.999812930758 0.99655096874 0.999674646731 1.16121962592 
0.999812930758 0.99655096874 0.999674646731 1.16121962592 
0.999812930758 0.99655096874 0.999674646731 1.16121962592 
0.999812930758 0.99655096874 0.999674646731 1.16121962592 
0.999812930758 0.99655096874 0.999674646731 1.16121962592 
0.999812930758 0.99655096874 0.999674646731 1.16121962592 
0.999812930758 0.99655096874 0.999674646731 1.16121962592 
0.999812930758 0.99655096874 0.999674646731 1.16121962592 
0.999812930758 0.99655096874 0.999674646731 1.16121962592 
0.999812930758 0.99655096874 0.999674646731 1.16121962592 
0.999812930758 0.99655096874 0.999674646731 1.16121962592 
0.999812930758 0.99655096874 0.999674646731 1.16121962592 
0.999812930758 0.99655096874 0.999674646731 1.16121962592 
0.999812930758 0.99655096874 0.999674646731 1.16121962592 
0.999812930758 0.99655096874 0.999674646731 1.16121962592 
