0.999818129484 1.00013404854 0.986914885262 1.21726538809 
0.999818129484 1.00013404854 0.986914885262 1.21726538809 
0.999818129484 1.00013404854 0.986914885262 1.21726538809 
0.999818129484 1.00013404854 0.986914885262 1.21726538809 
0.999818129484 1.00013404854 0.986914885262 1.21726538809 
0.999818129484 1.00013404854 0.986914885262 1.21726538809 
0.999818129484 1.00013404854 0.986914885262 1.21726538809 
0.999818129484 1.00013404854 0.986914885262 1.21726538809 
0.999818129484 1.00013404854 0.986914885262 1.21726538809 
0.999818129484 1.00013404854 0.986914885262 1.21726538809 
0.999818129484 1.00013404854 0.986914885262 1.21726538809 
0.999818129484 1.00013404854 0.986914885262 1.21726538809 
0.999818129484 1.00013404854 0.986914885262 1.21726538809 
0.999818129484 1.00013404854 0.986914885262 1.21726538809 
0.999818129484 1.00013404854 0.986914885262 1.21726538809 
0.999818129484 1.00013404854 0.986914885262 1.21726538809 
0.999818129484 1.00013404854 0.986914885262 1.21726538809 
0.999818129484 1.00013404854 0.986914885262 1.21726538809 
0.233855801357 0.117766085503 0.992853384003 0.716801649885 
0.999818129484 1.00013404854 0.986914885262 1.21726538809 
0.999818129484 1.00013404854 0.986914885262 1.21726538809 
0.999818129484 1.00013404854 0.986914885262 1.21726538809 
0.999818129484 1.00013404854 0.986914885262 1.21726538809 
0.999818129484 1.00013404854 0.986914885262 1.21726538809 
0.999818129484 1.00013404854 0.986914885262 1.21726538809 
0.999818129484 1.00013404854 0.986914885262 1.21726538809 
0.999818129484 1.00013404854 0.986914885262 1.21726538809 
0.999818129484 1.00013404854 0.986914885262 1.21726538809 
0.999818129484 1.00013404854 0.986914885262 1.21726538809 
0.999818129484 1.00013404854 0.986914885262 1.21726538809 
0.999818129484 1.00013404854 0.986914885262 1.21726538809 
0.999818129484 1.00013404854 0.986914885262 1.21726538809 
0.999818129484 1.00013404854 0.986914885262 1.21726538809 
0.999818129484 1.00013404854 0.986914885262 1.21726538809 
0.999818129484 1.00013404854 0.986914885262 1.21726538809 
0.999818129484 1.00013404854 0.986914885262 1.21726538809 
0.999818129484 1.00013404854 0.986914885262 1.21726538809 
0.999818129484 1.00013404854 0.986914885262 1.21726538809 
0.999818129484 1.00013404854 0.986914885262 1.21726538809 
0.999818129484 1.00013404854 0.986914885262 1.21726538809 
0.999818129484 1.00013404854 0.986914885262 1.21726538809 
0.999818129484 1.00013404854 0.986914885262 1.21726538809 
0.999818129484 1.00013404854 0.986914885262 1.21726538809 
0.999818129484 1.00013404854 0.986914885262 1.21726538809 
0.999818129484 1.00013404854 0.986914885262 1.21726538809 
0.999818129484 1.00013404854 0.986914885262 1.21726538809 
0.233855801357 0.117766085503 0.992853384003 0.716801649885 
0.999818129484 1.00013404854 0.986914885262 1.21726538809 
0.999818129484 1.00013404854 0.986914885262 1.21726538809 
0.829889131519 0.365490520955 0.98762191827 0.605406560815 
0.233855801357 0.117766085503 0.992853384003 0.716801649885 
0.999818129484 1.00013404854 0.986914885262 1.21726538809 
0.999818129484 1.00013404854 0.986914885262 1.21726538809 
0.999818129484 1.00013404854 0.986914885262 1.21726538809 
0.999818129484 1.00013404854 0.986914885262 1.21726538809 
0.233855801357 0.117766085503 0.992853384003 0.716801649885 
0.999818129484 1.00013404854 0.986914885262 1.21726538809 
0.999818129484 1.00013404854 0.986914885262 1.21726538809 
0.999818129484 1.00013404854 0.986914885262 1.21726538809 
0.999818129484 1.00013404854 0.986914885262 1.21726538809 
0.999818129484 1.00013404854 0.986914885262 1.21726538809 
0.999818129484 1.00013404854 0.986914885262 1.21726538809 
0.999818129484 1.00013404854 0.986914885262 1.21726538809 
0.999818129484 1.00013404854 0.986914885262 1.21726538809 
0.999818129484 1.00013404854 0.986914885262 1.21726538809 
0.999818129484 1.00013404854 0.986914885262 1.21726538809 
0.999818129484 1.00013404854 0.986914885262 1.21726538809 
0.999818129484 1.00013404854 0.986914885262 1.21726538809 
0.999818129484 1.00013404854 0.986914885262 1.21726538809 
0.999818129484 1.00013404854 0.986914885262 1.21726538809 
0.999818129484 1.00013404854 0.986914885262 1.21726538809 
0.999818129484 1.00013404854 0.986914885262 1.21726538809 
0.999818129484 1.00013404854 0.986914885262 1.21726538809 
0.999818129484 1.00013404854 0.986914885262 1.21726538809 
0.999818129484 1.00013404854 0.986914885262 1.21726538809 
0.999818129484 1.00013404854 0.986914885262 1.21726538809 
0.999818129484 1.00013404854 0.986914885262 1.21726538809 
0.999818129484 1.00013404854 0.986914885262 1.21726538809 
0.999818129484 1.00013404854 0.986914885262 1.21726538809 
0.233855801357 0.117766085503 0.992853384003 0.716801649885 
0.999818129484 1.00013404854 0.986914885262 1.21726538809 
0.999818129484 1.00013404854 0.986914885262 1.21726538809 
0.999818129484 1.00013404854 0.986914885262 1.21726538809 
0.999818129484 1.00013404854 0.986914885262 1.21726538809 
0.999818129484 1.00013404854 0.986914885262 1.21726538809 
0.999818129484 1.00013404854 0.986914885262 1.21726538809 
0.999818129484 1.00013404854 0.986914885262 1.21726538809 
0.999818129484 1.00013404854 0.986914885262 1.21726538809 
0.999818129484 1.00013404854 0.986914885262 1.21726538809 
0.999818129484 1.00013404854 0.986914885262 1.21726538809 
0.999818129484 1.00013404854 0.986914885262 1.21726538809 
0.999818129484 1.00013404854 0.986914885262 1.21726538809 
0.999818129484 1.00013404854 0.986914885262 1.21726538809 
0.999818129484 1.00013404854 0.986914885262 1.21726538809 
0.999818129484 1.00013404854 0.986914885262 1.21726538809 
0.999818129484 1.00013404854 0.986914885262 1.21726538809 
0.999818129484 1.00013404854 0.986914885262 1.21726538809 
0.999818129484 1.00013404854 0.986914885262 1.21726538809 
0.999818129484 1.00013404854 0.986914885262 1.21726538809 
0.999818129484 1.00013404854 0.986914885262 1.21726538809 
