0.993397668362 0.999809447784 0.994392120639 1.12653417679 
0.993397668362 0.999809447784 0.994392120639 1.12653417679 
0.993397668362 0.999809447784 0.994392120639 1.12653417679 
0.993397668362 0.999809447784 0.994392120639 1.12653417679 
0.993397668362 0.999809447784 0.994392120639 1.12653417679 
0.993397668362 0.999809447784 0.994392120639 1.12653417679 
0.993397668362 0.999809447784 0.994392120639 1.12653417679 
0.993397668362 0.999809447784 0.994392120639 1.12653417679 
0.993397668362 0.999809447784 0.994392120639 1.12653417679 
0.993397668362 0.999809447784 0.994392120639 1.12653417679 
0.575546078129 0.878798879376 0.996067558471 1.02618528517 
0.993397668362 0.999809447784 0.994392120639 1.12653417679 
0.993397668362 0.999809447784 0.994392120639 1.12653417679 
0.993397668362 0.999809447784 0.994392120639 1.12653417679 
0.993397668362 0.999809447784 0.994392120639 1.12653417679 
0.993397668362 0.999809447784 0.994392120639 1.12653417679 
0.994431120838 0.980157832653 0.994918333388 1.1138124415 
0.993397668362 0.999809447784 0.994392120639 1.12653417679 
0.993397668362 0.999809447784 0.994392120639 1.12653417679 
0.993397668362 0.999809447784 0.994392120639 1.12653417679 
0.993397668362 0.999809447784 0.994392120639 1.12653417679 
0.993397668362 0.999809447784 0.994392120639 1.12653417679 
0.993397668362 0.999809447784 0.994392120639 1.12653417679 
0.993397668362 0.999809447784 0.994392120639 1.12653417679 
0.993397668362 0.999809447784 0.994392120639 1.12653417679 
0.993397668362 0.999809447784 0.994392120639 1.12653417679 
0.993397668362 0.999809447784 0.994392120639 1.12653417679 
0.993397668362 0.999809447784 0.994392120639 1.12653417679 
0.993397668362 0.999809447784 0.994392120639 1.12653417679 
0.993397668362 0.999809447784 0.994392120639 1.12653417679 
0.993397668362 0.999809447784 0.994392120639 1.12653417679 
0.993397668362 0.999809447784 0.994392120639 1.12653417679 
0.993397668362 0.999809447784 0.994392120639 1.12653417679 
0.993397668362 0.999809447784 0.994392120639 1.12653417679 
0.993397668362 0.999809447784 0.994392120639 1.12653417679 
0.993397668362 0.999809447784 0.994392120639 1.12653417679 
0.993397668362 0.999809447784 0.994392120639 1.12653417679 
0.993397668362 0.999809447784 0.994392120639 1.12653417679 
0.993397668362 0.999809447784 0.994392120639 1.12653417679 
0.993397668362 0.999809447784 0.994392120639 1.12653417679 
0.993397668362 0.999809447784 0.994392120639 1.12653417679 
0.993397668362 0.999809447784 0.994392120639 1.12653417679 
0.575546078129 0.878798879376 0.996067558471 1.02618528517 
0.993397668362 0.999809447784 0.994392120639 1.12653417679 
0.993397668362 0.999809447784 0.994392120639 1.12653417679 
0.993397668362 0.999809447784 0.994392120639 1.12653417679 
0.993397668362 0.999809447784 0.994392120639 1.12653417679 
0.993397668362 0.999809447784 0.994392120639 1.12653417679 
0.993397668362 0.999809447784 0.994392120639 1.12653417679 
0.993397668362 0.999809447784 0.994392120639 1.12653417679 
0.993397668362 0.999809447784 0.994392120639 1.12653417679 
0.993397668362 0.999809447784 0.994392120639 1.12653417679 
0.993397668362 0.999809447784 0.994392120639 1.12653417679 
0.993397668362 0.999809447784 0.994392120639 1.12653417679 
0.993397668362 0.999809447784 0.994392120639 1.12653417679 
0.993397668362 0.999809447784 0.994392120639 1.12653417679 
0.993397668362 0.999809447784 0.994392120639 1.12653417679 
0.993397668362 0.999809447784 0.994392120639 1.12653417679 
0.993397668362 0.999809447784 0.994392120639 1.12653417679 
0.993397668362 0.999809447784 0.994392120639 1.12653417679 
0.993397668362 0.999809447784 0.994392120639 1.12653417679 
0.993397668362 0.999809447784 0.994392120639 1.12653417679 
0.993397668362 0.999809447784 0.994392120639 1.12653417679 
0.993397668362 0.999809447784 0.994392120639 1.12653417679 
0.993397668362 0.999809447784 0.994392120639 1.12653417679 
0.993397668362 0.999809447784 0.994392120639 1.12653417679 
0.993397668362 0.999809447784 0.994392120639 1.12653417679 
0.994431120838 0.980157832653 0.994918333388 1.1138124415 
0.993397668362 0.999809447784 0.994392120639 1.12653417679 
0.993397668362 0.999809447784 0.994392120639 1.12653417679 
0.993397668362 0.999809447784 0.994392120639 1.12653417679 
0.993397668362 0.999809447784 0.994392120639 1.12653417679 
0.993397668362 0.999809447784 0.994392120639 1.12653417679 
0.993397668362 0.999809447784 0.994392120639 1.12653417679 
0.993397668362 0.999809447784 0.994392120639 1.12653417679 
0.993397668362 0.999809447784 0.994392120639 1.12653417679 
0.993397668362 0.999809447784 0.994392120639 1.12653417679 
0.993397668362 0.999809447784 0.994392120639 1.12653417679 
0.993397668362 0.999809447784 0.994392120639 1.12653417679 
0.993397668362 0.999809447784 0.994392120639 1.12653417679 
0.993397668362 0.999809447784 0.994392120639 1.12653417679 
0.993397668362 0.999809447784 0.994392120639 1.12653417679 
0.993397668362 0.999809447784 0.994392120639 1.12653417679 
0.993397668362 0.999809447784 0.994392120639 1.12653417679 
0.993397668362 0.999809447784 0.994392120639 1.12653417679 
0.993397668362 0.999809447784 0.994392120639 1.12653417679 
0.993397668362 0.999809447784 0.994392120639 1.12653417679 
0.993397668362 0.999809447784 0.994392120639 1.12653417679 
0.993397668362 0.999809447784 0.994392120639 1.12653417679 
0.993397668362 0.999809447784 0.994392120639 1.12653417679 
0.993397668362 0.999809447784 0.994392120639 1.12653417679 
0.993397668362 0.999809447784 0.994392120639 1.12653417679 
0.993397668362 0.999809447784 0.994392120639 1.12653417679 
0.993397668362 0.999809447784 0.994392120639 1.12653417679 
0.993397668362 0.999809447784 0.994392120639 1.12653417679 
0.993397668362 0.999809447784 0.994392120639 1.12653417679 
0.993397668362 0.999809447784 0.994392120639 1.12653417679 
0.993397668362 0.999809447784 0.994392120639 1.12653417679 
0.993397668362 0.999809447784 0.994392120639 1.12653417679 
0.993397668362 0.999809447784 0.994392120639 1.12653417679 
