0.995355559293 0.999122807323 0.99554475619 1.21933011412 
0.995355559293 0.999122807323 0.99554475619 1.21933011412 
0.995355559293 0.999122807323 0.99554475619 1.21933011412 
0.995355559293 0.999122807323 0.99554475619 1.21933011412 
0.995355559293 0.999122807323 0.99554475619 1.21933011412 
0.995355559293 0.999122807323 0.99554475619 1.21933011412 
0.995355559293 0.999122807323 0.99554475619 1.21933011412 
0.995355559293 0.999122807323 0.99554475619 1.21933011412 
0.995355559293 0.999122807323 0.99554475619 1.21933011412 
0.995355559293 0.999122807323 0.99554475619 1.21933011412 
0.995355559293 0.999122807323 0.99554475619 1.21933011412 
0.995355559293 0.999122807323 0.99554475619 1.21933011412 
0.995355559293 0.999122807323 0.99554475619 1.21933011412 
0.995355559293 0.999122807323 0.99554475619 1.21933011412 
0.995355559293 0.999122807323 0.99554475619 1.21933011412 
0.995355559293 0.999122807323 0.99554475619 1.21933011412 
0.995355559293 0.999122807323 0.99554475619 1.21933011412 
0.995355559293 0.999122807323 0.99554475619 1.21933011412 
0.995355559293 0.999122807323 0.99554475619 1.21933011412 
0.995355559293 0.999122807323 0.99554475619 1.21933011412 
0.995355559293 0.999122807323 0.99554475619 1.21933011412 
0.995355559293 0.999122807323 0.99554475619 1.21933011412 
0.995355559293 0.999122807323 0.99554475619 1.21933011412 
0.995355559293 0.999122807323 0.99554475619 1.21933011412 
0.995355559293 0.999122807323 0.99554475619 1.21933011412 
0.995355559293 0.999122807323 0.99554475619 1.21933011412 
0.995355559293 0.999122807323 0.99554475619 1.21933011412 
0.995355559293 0.999122807323 0.99554475619 1.21933011412 
0.997103442187 0.867886955943 0.99554475619 1.14088404381 
0.995355559293 0.999122807323 0.99554475619 1.21933011412 
0.995355559293 0.999122807323 0.99554475619 1.21933011412 
0.995355559293 0.999122807323 0.99554475619 1.21933011412 
0.995355559293 0.999122807323 0.99554475619 1.21933011412 
0.995355559293 0.999122807323 0.99554475619 1.21933011412 
0.995355559293 0.999122807323 0.99554475619 1.21933011412 
0.995355559293 0.999122807323 0.99554475619 1.21933011412 
0.995355559293 0.999122807323 0.99554475619 1.21933011412 
0.995355559293 0.999122807323 0.99554475619 1.21933011412 
0.995355559293 0.999122807323 0.99554475619 1.21933011412 
0.995355559293 0.999122807323 0.99554475619 1.21933011412 
0.995355559293 0.999122807323 0.99554475619 1.21933011412 
0.995355559293 0.999122807323 0.99554475619 1.21933011412 
0.995355559293 0.999122807323 0.99554475619 1.21933011412 
0.995355559293 0.999122807323 0.99554475619 1.21933011412 
0.995355559293 0.999122807323 0.99554475619 1.21933011412 
0.995355559293 0.999122807323 0.99554475619 1.21933011412 
0.995355559293 0.999122807323 0.99554475619 1.21933011412 
0.995355559293 0.999122807323 0.99554475619 1.21933011412 
0.995355559293 0.999122807323 0.99554475619 1.21933011412 
0.995355559293 0.999122807323 0.99554475619 1.21933011412 
0.995355559293 0.999122807323 0.99554475619 1.21933011412 
0.995355559293 0.999122807323 0.99554475619 1.21933011412 
0.995355559293 0.999122807323 0.99554475619 1.21933011412 
0.995355559293 0.999122807323 0.99554475619 1.21933011412 
0.995355559293 0.999122807323 0.99554475619 1.21933011412 
0.995355559293 0.999122807323 0.99554475619 1.21933011412 
0.995355559293 0.999122807323 0.99554475619 1.21933011412 
0.997867996465 0.740378166787 0.861332177331 0.767758940199 
0.995355559293 0.999122807323 0.99554475619 1.21933011412 
0.995355559293 0.999122807323 0.99554475619 1.21933011412 
0.995355559293 0.999122807323 0.99554475619 1.21933011412 
0.995355559293 0.999122807323 0.99554475619 1.21933011412 
0.995355559293 0.999122807323 0.99554475619 1.21933011412 
0.995355559293 0.999122807323 0.99554475619 1.21933011412 
0.995355559293 0.999122807323 0.99554475619 1.21933011412 
0.995355559293 0.999122807323 0.99554475619 1.21933011412 
0.995355559293 0.999122807323 0.99554475619 1.21933011412 
0.995355559293 0.999122807323 0.99554475619 1.21933011412 
0.995355559293 0.999122807323 0.99554475619 1.21933011412 
0.995355559293 0.999122807323 0.99554475619 1.21933011412 
0.995355559293 0.999122807323 0.99554475619 1.21933011412 
0.995355559293 0.999122807323 0.99554475619 1.21933011412 
0.995355559293 0.999122807323 0.99554475619 1.21933011412 
0.995355559293 0.999122807323 0.99554475619 1.21933011412 
0.995355559293 0.999122807323 0.99554475619 1.21933011412 
0.995355559293 0.999122807323 0.99554475619 1.21933011412 
0.995355559293 0.999122807323 0.99554475619 1.21933011412 
0.995355559293 0.999122807323 0.99554475619 1.21933011412 
0.995355559293 0.999122807323 0.99554475619 1.21933011412 
0.995355559293 0.999122807323 0.99554475619 1.21933011412 
0.995355559293 0.999122807323 0.99554475619 1.21933011412 
0.995355559293 0.999122807323 0.99554475619 1.21933011412 
0.995355559293 0.999122807323 0.99554475619 1.21933011412 
0.995355559293 0.999122807323 0.99554475619 1.21933011412 
0.995355559293 0.999122807323 0.99554475619 1.21933011412 
0.995355559293 0.999122807323 0.99554475619 1.21933011412 
0.995355559293 0.999122807323 0.99554475619 1.21933011412 
0.995355559293 0.999122807323 0.99554475619 1.21933011412 
0.995355559293 0.999122807323 0.99554475619 1.21933011412 
0.997867996465 0.740378166787 0.861332177331 0.767758940199 
0.995355559293 0.999122807323 0.99554475619 1.21933011412 
0.995355559293 0.999122807323 0.99554475619 1.21933011412 
0.997867996465 0.740378166787 0.861332177331 0.767758940199 
0.995355559293 0.999122807323 0.99554475619 1.21933011412 
0.997103442187 0.867886955943 0.99554475619 1.14088404381 
0.997103442187 0.867886955943 0.99554475619 1.14088404381 
0.995355559293 0.999122807323 0.99554475619 1.21933011412 
0.995355559293 0.999122807323 0.99554475619 1.21933011412 
0.995355559293 0.999122807323 0.99554475619 1.21933011412 
0.995355559293 0.999122807323 0.99554475619 1.21933011412 
