0.999699889492 0.996971717372 1.00020658939 1.20638612839 
0.999699889492 0.996971717372 1.00020658939 1.20638612839 
0.999699889492 0.996971717372 1.00020658939 1.20638612839 
0.999699889492 0.996971717372 1.00020658939 1.20638612839 
0.999699889492 0.996971717372 1.00020658939 1.20638612839 
0.999699889492 0.996971717372 1.00020658939 1.20638612839 
0.999699889492 0.996971717372 1.00020658939 1.20638612839 
0.999699889492 0.996971717372 1.00020658939 1.20638612839 
0.999699889492 0.996971717372 1.00020658939 1.20638612839 
0.999699889492 0.996971717372 1.00020658939 1.20638612839 
0.999699889492 0.996971717372 1.00020658939 1.20638612839 
0.999699889492 0.996971717372 1.00020658939 1.20638612839 
0.999699889492 0.996971717372 1.00020658939 1.20638612839 
0.999699889492 0.996971717372 1.00020658939 1.20638612839 
0.999699889492 0.996971717372 1.00020658939 1.20638612839 
0.999699889492 0.996971717372 1.00020658939 1.20638612839 
0.999699889492 0.996971717372 1.00020658939 1.20638612839 
0.999699889492 0.996971717372 1.00020658939 1.20638612839 
0.999699889492 0.996971717372 1.00020658939 1.20638612839 
0.999699889492 0.996971717372 1.00020658939 1.20638612839 
0.999699889492 0.996971717372 1.00020658939 1.20638612839 
0.999699889492 0.996971717372 1.00020658939 1.20638612839 
0.999699889492 0.996971717372 1.00020658939 1.20638612839 
0.999699889492 0.996971717372 1.00020658939 1.20638612839 
0.187702953662 0.997337389022 0.428092492002 0.96946173205 
0.999699889492 0.997337389022 0.428092492002 0.637835462242 
0.999699889492 0.996971717372 1.00020658939 1.20638612839 
0.999699889492 0.996971717372 1.00020658939 1.20638612839 
0.999699889492 0.996971717372 1.00020658939 1.20638612839 
0.999699889492 0.996971717372 1.00020658939 1.20638612839 
0.999699889492 0.996971717372 1.00020658939 1.20638612839 
0.999699889492 0.996971717372 1.00020658939 1.20638612839 
0.999699889492 0.996971717372 1.00020658939 1.20638612839 
0.999699889492 0.996971717372 1.00020658939 1.20638612839 
0.999699889492 0.996971717372 1.00020658939 1.20638612839 
0.999699889492 0.996971717372 1.00020658939 1.20638612839 
0.999699889492 0.996971717372 1.00020658939 1.20638612839 
0.999699889492 0.996971717372 1.00020658939 1.20638612839 
0.999699889492 0.996971717372 1.00020658939 1.20638612839 
0.999699889492 0.996971717372 1.00020658939 1.20638612839 
0.999699889492 0.996971717372 1.00020658939 1.20638612839 
0.999699889492 0.996971717372 1.00020658939 1.20638612839 
0.999699889492 0.996971717372 1.00020658939 1.20638612839 
0.999699889492 0.996971717372 1.00020658939 1.20638612839 
0.999699889492 0.996971717372 1.00020658939 1.20638612839 
0.999699889492 0.996971717372 1.00020658939 1.20638612839 
0.999699889492 0.996971717372 1.00020658939 1.20638612839 
0.999699889492 0.996971717372 1.00020658939 1.20638612839 
0.999699889492 0.996971717372 1.00020658939 1.20638612839 
0.999699889492 0.996971717372 1.00020658939 1.20638612839 
0.999699889492 0.996971717372 1.00020658939 1.20638612839 
0.999699889492 0.996971717372 1.00020658939 1.20638612839 
0.999699889492 0.996971717372 1.00020658939 1.20638612839 
0.999699889492 0.996971717372 1.00020658939 1.20638612839 
0.999699889492 0.996971717372 1.00020658939 1.20638612839 
0.999699889492 0.996971717372 1.00020658939 1.20638612839 
0.999699889492 0.996971717372 1.00020658939 1.20638612839 
0.999699889492 0.996971717372 1.00020658939 1.20638612839 
0.999699889492 0.996971717372 1.00020658939 1.20638612839 
0.999699889492 0.996971717372 1.00020658939 1.20638612839 
0.999699889492 0.996971717372 1.00020658939 1.20638612839 
0.999699889492 0.996971717372 1.00020658939 1.20638612839 
0.999699889492 0.996971717372 1.00020658939 1.20638612839 
0.999699889492 0.996971717372 1.00020658939 1.20638612839 
0.999699889492 0.996971717372 1.00020658939 1.20638612839 
0.999699889492 0.996971717372 1.00020658939 1.20638612839 
0.999699889492 0.996971717372 1.00020658939 1.20638612839 
0.999699889492 0.996971717372 1.00020658939 1.20638612839 
0.999699889492 0.996971717372 1.00020658939 1.20638612839 
0.999699889492 0.996971717372 1.00020658939 1.20638612839 
0.999699889492 0.996971717372 1.00020658939 1.20638612839 
0.999699889492 0.996971717372 1.00020658939 1.20638612839 
0.999699889492 0.996971717372 1.00020658939 1.20638612839 
0.999699889492 0.996971717372 1.00020658939 1.20638612839 
0.999699889492 0.996971717372 1.00020658939 1.20638612839 
0.999699889492 0.996971717372 1.00020658939 1.20638612839 
0.999699889492 0.996971717372 1.00020658939 1.20638612839 
0.999699889492 0.996971717372 1.00020658939 1.20638612839 
0.999699889492 0.996971717372 1.00020658939 1.20638612839 
0.999699889492 0.996971717372 1.00020658939 1.20638612839 
0.999699889492 0.996971717372 1.00020658939 1.20638612839 
0.999699889492 0.996971717372 1.00020658939 1.20638612839 
0.999699889492 0.996971717372 1.00020658939 1.20638612839 
0.999699889492 0.996971717372 1.00020658939 1.20638612839 
0.999699889492 0.996971717372 1.00020658939 1.20638612839 
0.999699889492 0.996971717372 1.00020658939 1.20638612839 
0.999699889492 0.996971717372 1.00020658939 1.20638612839 
0.999699889492 0.996971717372 1.00020658939 1.20638612839 
0.999699889492 0.996971717372 1.00020658939 1.20638612839 
0.999699889492 0.996971717372 1.00020658939 1.20638612839 
0.999699889492 0.996971717372 1.00020658939 1.20638612839 
0.999699889492 0.996971717372 1.00020658939 1.20638612839 
0.999699889492 0.996971717372 1.00020658939 1.20638612839 
0.999699889492 0.996971717372 1.00020658939 1.20638612839 
0.999699889492 0.996971717372 1.00020658939 1.20638612839 
0.999699889492 0.996971717372 1.00020658939 1.20638612839 
0.999699889492 0.996971717372 1.00020658939 1.20638612839 
0.999699889492 0.996971717372 1.00020658939 1.20638612839 
0.999699889492 0.996971717372 1.00020658939 1.20638612839 
0.999699889492 0.996971717372 1.00020658939 1.20638612839 
