0.995505445524 0.999968271661 0.995935551248 1.09674424578 
0.995505445524 0.999968271661 0.995935551248 1.09674424578 
0.995505445524 0.999968271661 0.995935551248 1.09674424578 
0.995505445524 0.999968271661 0.995935551248 1.09674424578 
0.995505445524 0.999968271661 0.995935551248 1.09674424578 
0.995505445524 0.999968271661 0.995935551248 1.09674424578 
0.995505445524 0.999968271661 0.995935551248 1.09674424578 
0.995505445524 0.999968271661 0.995935551248 1.09674424578 
0.995505445524 0.999968271661 0.995935551248 1.09674424578 
0.995505445524 0.999968271661 0.995935551248 1.09674424578 
0.995505445524 0.999968271661 0.995935551248 1.09674424578 
0.995505445524 0.999968271661 0.995935551248 1.09674424578 
0.995505445524 0.999968271661 0.995935551248 1.09674424578 
0.995505445524 0.999968271661 0.995935551248 1.09674424578 
0.995505445524 0.999968271661 0.995935551248 1.09674424578 
0.995505445524 0.999968271661 0.995935551248 1.09674424578 
0.995505445524 0.999968271661 0.995935551248 1.09674424578 
0.995505445524 0.999968271661 0.995935551248 1.09674424578 
0.995505445524 0.999968271661 0.995935551248 1.09674424578 
0.995505445524 0.999968271661 0.995935551248 1.09674424578 
0.995505445524 0.999968271661 0.995935551248 1.09674424578 
0.995505445524 0.999968271661 0.995935551248 1.09674424578 
0.995505445524 0.999968271661 0.995935551248 1.09674424578 
0.995505445524 0.999968271661 0.995935551248 1.09674424578 
0.995505445524 0.999968271661 0.995935551248 1.09674424578 
0.995505445524 0.999968271661 0.995935551248 1.09674424578 
0.995505445524 0.999968271661 0.995935551248 1.09674424578 
0.995505445524 0.999968271661 0.995935551248 1.09674424578 
0.995505445524 0.999968271661 0.997097137781 1.06242597496 
0.995505445524 0.999968271661 0.995935551248 1.09674424578 
0.995505445524 0.999968271661 0.995935551248 1.09674424578 
0.995505445524 0.999968271661 0.995935551248 1.09674424578 
0.995505445524 0.999968271661 0.995935551248 1.09674424578 
0.995505445524 0.999968271661 0.995935551248 1.09674424578 
0.995505445524 0.999968271661 0.995935551248 1.09674424578 
0.995505445524 0.999968271661 0.995935551248 1.09674424578 
0.995505445524 0.999968271661 0.995935551248 1.09674424578 
0.995505445524 0.999968271661 0.995935551248 1.09674424578 
0.995505445524 0.999968271661 0.995935551248 1.09674424578 
0.995505445524 0.999968271661 0.995935551248 1.09674424578 
0.995505445524 0.999968271661 0.995935551248 1.09674424578 
0.995505445524 0.999968271661 0.995935551248 1.09674424578 
0.995505445524 0.999968271661 0.995935551248 1.09674424578 
0.995505445524 0.999968271661 0.995935551248 1.09674424578 
0.995505445524 0.999968271661 0.995935551248 1.09674424578 
0.995505445524 0.999968271661 0.995935551248 1.09674424578 
0.995505445524 0.999968271661 0.995935551248 1.09674424578 
0.995505445524 0.999968271661 0.995935551248 1.09674424578 
0.995505445524 0.999968271661 0.995935551248 1.09674424578 
0.995505445524 0.999968271661 0.995935551248 1.09674424578 
0.995505445524 0.999968271661 0.995935551248 1.09674424578 
0.995505445524 0.999968271661 0.995935551248 1.09674424578 
0.995505445524 0.999968271661 0.995935551248 1.09674424578 
0.995505445524 0.999968271661 0.995935551248 1.09674424578 
0.995505445524 0.999968271661 0.995935551248 1.09674424578 
0.995505445524 0.999968271661 0.995935551248 1.09674424578 
0.995505445524 0.999968271661 0.995935551248 1.09674424578 
0.995505445524 0.999968271661 0.995935551248 1.09674424578 
0.995505445524 0.999968271661 0.995935551248 1.09674424578 
0.995505445524 0.999968271661 0.995935551248 1.09674424578 
0.995505445524 0.999968271661 0.997097137781 1.06242597496 
0.995505445524 0.999968271661 0.995935551248 1.09674424578 
0.995505445524 0.999968271661 0.995935551248 1.09674424578 
0.995505445524 0.999968271661 0.995935551248 1.09674424578 
0.995505445524 0.999968271661 0.995935551248 1.09674424578 
0.995505445524 0.999968271661 0.995935551248 1.09674424578 
0.995505445524 0.999968271661 0.995935551248 1.09674424578 
0.995505445524 0.999968271661 0.995935551248 1.09674424578 
0.995505445524 0.999968271661 0.995935551248 1.09674424578 
0.995505445524 0.999968271661 0.995935551248 1.09674424578 
0.995505445524 0.999968271661 0.995935551248 1.09674424578 
0.995505445524 0.999968271661 0.995935551248 1.09674424578 
0.995505445524 0.999968271661 0.995935551248 1.09674424578 
0.995505445524 0.999968271661 0.995935551248 1.09674424578 
0.995505445524 0.999968271661 0.995935551248 1.09674424578 
0.995505445524 0.999968271661 0.995935551248 1.09674424578 
0.995505445524 0.999968271661 0.995935551248 1.09674424578 
0.995505445524 0.999968271661 0.995935551248 1.09674424578 
0.995505445524 0.999968271661 0.995935551248 1.09674424578 
0.995505445524 0.999968271661 0.995935551248 1.09674424578 
0.995505445524 0.999968271661 0.995935551248 1.09674424578 
0.995505445524 0.999968271661 0.995935551248 1.09674424578 
0.995505445524 0.999968271661 0.995935551248 1.09674424578 
0.995505445524 0.999968271661 0.995935551248 1.09674424578 
0.995505445524 0.999968271661 0.995935551248 1.09674424578 
0.995505445524 0.999968271661 0.995935551248 1.09674424578 
0.995505445524 0.999968271661 0.995935551248 1.09674424578 
0.995505445524 0.999968271661 0.995935551248 1.09674424578 
0.995505445524 0.999968271661 0.995935551248 1.09674424578 
0.995505445524 0.999968271661 0.997097137781 1.06242597496 
0.995505445524 0.999968271661 0.995935551248 1.09674424578 
0.995505445524 0.999968271661 0.995935551248 1.09674424578 
0.223109484415 0.302515871923 0.998966848193 0.300430294578 
0.995505445524 0.999968271661 0.995935551248 1.09674424578 
0.995505445524 0.999968271661 0.995935551248 1.09674424578 
0.995505445524 0.999968271661 0.995935551248 1.09674424578 
0.995505445524 0.999968271661 0.995935551248 1.09674424578 
0.995505445524 0.999968271661 0.995935551248 1.09674424578 
0.995505445524 0.999968271661 0.995935551248 1.09674424578 
0.995505445524 0.999968271661 0.995935551248 1.09674424578 
