0.997398816157 0.994901984324 0.999285243867 1.30619234419 
0.997398816157 0.994901984324 0.999285243867 1.30619234419 
0.997398816157 0.994901984324 0.999285243867 1.30619234419 
0.997398816157 0.994901984324 0.999285243867 1.30619234419 
0.997398816157 0.994901984324 0.999285243867 1.30619234419 
0.997398816157 0.994901984324 0.999285243867 1.30619234419 
0.997398816157 0.994901984324 0.999285243867 1.30619234419 
0.997398816157 0.994901984324 0.999285243867 1.30619234419 
0.997398816157 0.994901984324 0.999285243867 1.30619234419 
0.997398816157 0.994901984324 0.999285243867 1.30619234419 
0.997398816157 0.994901984324 0.999285243867 1.30619234419 
0.997398816157 0.994901984324 0.999285243867 1.30619234419 
0.997398816157 0.994901984324 0.999285243867 1.30619234419 
0.997398816157 0.994901984324 0.999285243867 1.30619234419 
0.997398816157 0.994901984324 0.999285243867 1.30619234419 
0.997398816157 0.994901984324 0.999285243867 1.30619234419 
0.997398816157 0.994901984324 0.999285243867 1.30619234419 
0.997398816157 0.994901984324 0.999285243867 1.30619234419 
0.997398816157 0.994901984324 0.999285243867 1.30619234419 
0.997398816157 0.994901984324 0.999285243867 1.30619234419 
0.997398816157 0.994901984324 0.999285243867 1.30619234419 
0.997398816157 0.994901984324 0.999285243867 1.30619234419 
0.997398816157 0.994901984324 0.999285243867 1.30619234419 
0.997398816157 0.994901984324 0.999285243867 1.30619234419 
0.997398816157 0.994901984324 0.999285243867 1.30619234419 
0.997398816157 0.994901984324 0.999285243867 1.30619234419 
0.997398816157 0.994901984324 0.999285243867 1.30619234419 
0.997398816157 0.994901984324 0.999285243867 1.30619234419 
0.997398816157 0.994901984324 0.999285243867 1.30619234419 
0.997398816157 0.994901984324 0.999285243867 1.30619234419 
0.997398816157 0.994901984324 0.999285243867 1.30619234419 
0.997398816157 0.994901984324 0.999285243867 1.30619234419 
0.997398816157 0.994901984324 0.999285243867 1.30619234419 
0.997398816157 0.994901984324 0.999285243867 1.30619234419 
0.997398816157 0.994901984324 0.999285243867 1.30619234419 
0.997398816157 0.994901984324 0.999285243867 1.30619234419 
0.997398816157 0.994901984324 0.999285243867 1.30619234419 
0.997398816157 0.994901984324 0.999285243867 1.30619234419 
0.997398816157 0.994901984324 0.999285243867 1.30619234419 
0.997398816157 0.994901984324 0.999285243867 1.30619234419 
0.997398816157 0.994901984324 0.999285243867 1.30619234419 
0.997398816157 0.994901984324 0.999285243867 1.30619234419 
0.997398816157 0.994901984324 0.999285243867 1.30619234419 
0.997398816157 0.994901984324 0.999285243867 1.30619234419 
0.997398816157 0.994901984324 0.999285243867 1.30619234419 
0.997398816157 0.994901984324 0.999285243867 1.30619234419 
0.997398816157 0.994901984324 0.999285243867 1.30619234419 
0.997398816157 0.994901984324 0.999285243867 1.30619234419 
0.997398816157 0.994901984324 0.999285243867 1.30619234419 
0.997398816157 0.994901984324 0.999285243867 1.30619234419 
0.997398816157 0.994901984324 0.999285243867 1.30619234419 
0.997398816157 0.994901984324 0.999285243867 1.30619234419 
0.997398816157 0.994901984324 0.999285243867 1.30619234419 
0.997398816157 0.994901984324 0.999285243867 1.30619234419 
0.997398816157 0.994901984324 0.999285243867 1.30619234419 
0.997398816157 0.994901984324 0.999285243867 1.30619234419 
0.997398816157 0.994901984324 0.999285243867 1.30619234419 
0.997398816157 0.994901984324 0.999285243867 1.30619234419 
0.997398816157 0.994901984324 0.999285243867 1.30619234419 
0.997398816157 0.994901984324 0.999285243867 1.30619234419 
0.997398816157 0.994901984324 0.999285243867 1.30619234419 
0.997398816157 0.994901984324 0.999285243867 1.30619234419 
0.997398816157 0.994901984324 0.999285243867 1.30619234419 
0.997398816157 0.994901984324 0.999285243867 1.30619234419 
0.997398816157 0.994901984324 0.999285243867 1.30619234419 
0.997398816157 0.994901984324 0.999285243867 1.30619234419 
0.997398816157 0.994901984324 0.999285243867 1.30619234419 
0.997398816157 0.994901984324 0.999285243867 1.30619234419 
0.997398816157 0.994901984324 0.999285243867 1.30619234419 
0.997398816157 0.994901984324 0.999285243867 1.30619234419 
0.997398816157 0.994901984324 0.999285243867 1.30619234419 
0.997398816157 0.994901984324 0.999285243867 1.30619234419 
0.997398816157 0.994901984324 0.999285243867 1.30619234419 
0.997398816157 0.994901984324 0.999285243867 1.30619234419 
0.997398816157 0.994901984324 0.999285243867 1.30619234419 
0.997398816157 0.994901984324 0.999285243867 1.30619234419 
0.997398816157 0.994901984324 0.999285243867 1.30619234419 
0.997398816157 0.994901984324 0.999285243867 1.30619234419 
0.997398816157 0.994901984324 0.999285243867 1.30619234419 
0.997398816157 0.994901984324 0.999285243867 1.30619234419 
0.997398816157 0.994901984324 0.999285243867 1.30619234419 
0.997398816157 0.994901984324 0.999285243867 1.30619234419 
0.997398816157 0.994901984324 0.999285243867 1.30619234419 
0.997398816157 0.994901984324 0.999285243867 1.30619234419 
0.997398816157 0.994901984324 0.999285243867 1.30619234419 
0.997398816157 0.994901984324 0.999285243867 1.30619234419 
0.997398816157 0.994901984324 0.999285243867 1.30619234419 
0.997398816157 0.994901984324 0.999285243867 1.30619234419 
0.997398816157 0.994901984324 0.999285243867 1.30619234419 
0.997398816157 0.994901984324 0.999285243867 1.30619234419 
0.997398816157 0.994901984324 0.999285243867 1.30619234419 
0.985445806807 0.998730098388 0.634495012419 1.24618698964 
0.997398816157 0.994901984324 0.999285243867 1.30619234419 
0.997398816157 0.994901984324 0.999285243867 1.30619234419 
0.997398816157 0.994901984324 0.999285243867 1.30619234419 
0.997398816157 0.994901984324 0.999285243867 1.30619234419 
0.997398816157 0.994901984324 0.999285243867 1.30619234419 
0.997398816157 0.994901984324 0.999285243867 1.30619234419 
0.997398816157 0.994901984324 0.999285243867 1.30619234419 
0.997398816157 0.994901984324 0.999285243867 1.30619234419 
