0.514507967786 0.494429811695 0.303605776521 0.523592178963 0.531539539695 0.627356255274 0.622674275058 0.551293800565 
0.493223966953 0.471419933108 0.282788823007 0.405020035883 0.419630464949 0.403863284614 0.808500310491 0.144083854077 
0.491570134435 0.466954272168 0.302250796758 0.41459165791 0.45350057394 0.323238260372 0.79131067077 0.326343582035 
0.492810834116 0.471067411372 0.281873781683 0.401571946524 0.415632726923 0.439602461433 0.541444102623 0.66787513554 
0.492925013523 0.47118599139 0.283213019479 0.391792665022 0.406914061631 0.412514867971 0.427661216127 0.733430391728 
0.492615218228 0.470808671246 0.282928398785 0.403251968424 0.415000169441 0.436895566267 0.647257015203 0.501928485771 
0.492826973814 0.471093945644 0.28186776481 0.412103060228 0.427438608787 0.537530318955 0.827871979485 0.116828555862 
0.527942334274 0.0133324623123 -0.0461452808508 0.0871284356561 0.171903547291 0.212954311663 0.257558127008 0.497669560152 
0.493518101775 0.471606993934 0.283179608548 0.397513234623 0.399574398173 0.422569425503 0.841985589523 0.0182146303459 
0.490140604819 0.469490750741 0.291435053834 0.42344701198 0.442085219028 0.312036244584 0.752838942115 0.425862325669 
0.52028752963 0.625637836718 0.362273108789 0.547987218032 0.568873794563 0.612286132549 0.667657331123 0.388341846873 
0.632178653639 0.538923872444 0.386890642932 0.877267042461 0.79761047104 0.726890793237 0.722984149811 0.0583005672378 
0.492570528157 0.47083215639 0.263377794256 0.56986761016 0.541434257233 0.581380018777 0.771476382031 0.182393386376 
0.492857002926 0.471907662259 0.283660825139 0.42281264956 0.3455843972 0.386720558518 0.845769029408 0.086546656832 
0.567507458098 0.661636852301 0.385925185315 0.505524009322 0.493285185059 0.834637339698 0.731991456117 0.185318035411 
0.492648195498 0.472491839458 0.283114490392 0.403462281079 0.423311284086 0.552146408489 0.507430814558 0.677034703734 
0.377491893986 0.353662690034 0.211563733071 0.633818364266 0.63580801732 0.701162244647 0.625290234272 0.414053794331 
0.493841231178 0.472299411672 0.284800258301 0.410839352784 0.42889450187 0.504346983174 0.61068177174 0.65721683977 
0.524710698278 0.498802769867 0.306726897291 0.41605658335 0.49459537667 0.684243090738 0.656441725698 0.48903077117 
0.492610293597 0.470814873453 0.282839462756 0.386101833662 0.400329611168 0.424268711753 0.407814087579 0.691815385445 
0.46111339106 0.451959889739 0.24560164686 0.354004900759 0.69749238384 0.622011663724 0.752570927559 0.148141222999 
0.49285975896 0.469900347258 0.221982779579 0.350169544283 0.688865930124 0.636863951341 0.697065639287 0.192565490386 
0.492882603103 0.470927688714 0.281754697951 0.398644166957 0.420322936257 0.380118383486 0.411351009234 0.740532219903 
0.470495442957 0.453188844421 0.272580301365 0.350809794933 0.211331472545 0.855017560347 0.788078493427 0.198749656347 
0.49281517578 0.471072249515 0.281825204294 0.401531903518 0.413304808517 0.435537413689 0.83676230894 0.19101341664 
0.492810853469 0.47100665587 0.281702371881 0.401256843077 0.413035583918 0.473766622336 0.75987171531 0.182784819806 
0.527131052076 0.493620697278 0.371896115339 0.457731180406 0.599326104546 0.803252648295 0.69515407227 0.196430746204 
0.492815504233 0.47107185111 0.281819442338 0.402310416687 0.43306738478 0.462803001221 0.792665406492 0.259238113933 
0.492827173029 0.471095506606 0.281847697415 0.401606267601 0.41371847155 0.432939800327 0.858528880765 0.150593399893 
0.494851884308 0.473231910624 0.283707648558 0.407365479737 0.402649879295 0.419837103733 0.821291755675 0.483214868397 
0.49276356855 0.47102776278 0.281237756735 0.404973003133 0.426986703248 0.323845553209 0.873393181172 0.300555847992 
0.492982956003 0.471246951608 0.282168430823 0.402020978942 0.414532332126 0.423875766715 0.689495497061 0.482335092124 
0.493052374579 0.472835545561 0.27738152758 0.462302932259 0.477097407543 0.52975690465 0.858888456613 0.0179490736957 
0.501545503265 0.478153673598 0.294197680416 0.426111765586 0.438129979437 0.475747314002 0.24744533293 0.688498870585 
0.493637133235 0.477205645718 0.287642830964 0.412057808613 0.460636963696 0.334210066439 0.229041934143 0.639345439148 
0.492667106563 0.471859606445 0.283834971498 0.407731969399 0.433242798718 0.681936320669 0.753795004869 0.106836172341 
0.495444117481 0.476964079925 0.334548793349 0.471059619884 0.466738740415 0.715753244293 0.733380684086 0.103313025512 
0.493242092732 0.472875602003 0.283422827819 0.395563361075 0.405759147474 0.747568808691 0.63288481616 0.534954505008 
0.492783944281 0.47153647475 0.2806312293 0.398263743887 0.404475767188 0.476331873425 0.81327484163 0.383678091922 
0.492122456735 0.475326041861 0.286677673039 0.404302293231 0.415923602121 0.453063519811 0.454750077088 0.642932893579 
0.492607984085 0.470806677565 0.281095944232 0.404079437398 0.415634534777 0.439826179782 0.748918675721 0.289823521753 
0.495949900241 0.473029132621 0.286105181634 0.404328641027 0.419627063484 0.740480759166 0.800868406824 0.0475741714216 
0.513712422648 0.520004279175 0.320576111548 0.466753661629 0.50727948378 0.541290476417 0.600317046951 0.625843355749 
0.463112746095 0.538143459713 0.321047970993 0.527813683577 0.510332208018 0.610747945304 0.857409756263 0.164020111325 
0.492797249986 0.471058463922 0.281895684863 0.401340631834 0.413755825736 0.439564839596 0.421938369712 0.841355590592 
0.504840141557 0.58199755474 0.351184907212 0.463107433049 0.492265908683 0.702665707818 0.620756751525 0.48054331821 
0.489783426717 0.483377440911 0.320508553433 0.449818718899 0.556422259832 0.621265061012 0.601891941675 0.47162059864 
0.491697792281 0.48563435112 0.292261475181 0.411477097284 0.420897116689 0.330747695847 0.864776637942 0.294124906165 
0.492077542877 0.475421630175 0.286767221423 0.404320447237 0.415927961877 0.453385958417 0.454892782701 0.651222835123 
0.49210764952 0.476842534275 0.258928557841 0.442575538109 0.576443616402 0.762451107241 0.730500936398 0.338506933136 
0.494634427848 0.482303834042 0.351913092376 0.260716988488 0.741247396894 0.747287763843 0.707357572556 0.222593839037 
0.492810103392 0.471054105585 0.281707573523 0.402763365539 0.417841314719 0.365923931726 0.820711054294 0.261619267489 
0.505607631083 0.431323350707 0.238001428335 0.37412328052 0.386502689305 0.380283323513 0.358532617582 0.716394942345 
0.493712985611 0.471923423509 0.283513835023 0.404110271415 0.419664538241 0.401360635323 0.731557096153 0.565245892509 
0.490414617417 0.485298937274 0.288497752904 0.383760794386 0.400411729798 0.417377116947 0.373310537402 0.791524353224 
0.492814877409 0.471083963861 0.282466127416 0.41306632577 0.429306874381 0.534386034734 0.792997564637 0.106641751871 
0.485624026893 0.508702571658 0.0375777166334 0.229665129151 0.889966209229 0.689056985186 0.752438784539 0.268305111407 
0.491657839799 0.47011601896 0.281191027437 0.410561858742 0.420172078082 0.408418604665 0.800941284341 0.292305846272 
0.504582789446 0.60341116299 0.359767168872 0.468884227904 0.498434279305 0.731321184717 0.626627557875 0.516982114656 
0.499156629752 0.476476463887 0.291211023629 0.420095704113 0.432718598524 0.467460910353 0.260432453303 0.638632622589 
0.393610220431 0.368059352668 0.218482609775 0.619928085184 0.625363374849 0.692279649975 0.624212634958 0.401580640246 
0.492526812619 0.470583023723 0.279287153626 0.419377167653 0.431934974597 0.45436087428 0.773905100248 0.315668458382 
0.486496315594 0.467337068195 0.304525717495 0.415907820315 0.457976008152 0.316090909972 0.797940060084 0.33347710978 
0.49288915831 0.470618262864 0.280932421908 0.399929668469 0.412169044761 0.44893587263 0.834656256525 0.224531985421 
0.49351904075 0.472167904628 0.282692539497 0.403619426914 0.414368359517 0.456595186825 0.481990699753 0.733309892107 
0.490380253496 0.469190024912 0.369068929448 0.505911974043 0.471116025958 0.901681816955 0.827440027651 0.149369118574 
0.493841846764 0.472298937295 0.284800610182 0.410851138804 0.428907789147 0.504494820196 0.611078023486 0.658721257989 
0.492809923831 0.471060956292 0.281808089506 0.396513230289 0.40657919194 0.482749293155 0.772676446167 0.342862800333 
0.490980457824 0.464894764188 0.308114759589 0.417753001373 0.464356968353 0.306358022017 0.807002490399 0.343307587121 
0.489283790523 0.483893204811 0.323553470488 0.452839937946 0.567638761018 0.631284807212 0.60507160542 0.491041061665 
0.443039028163 0.446702241264 0.196796070896 0.304503217187 0.789882556172 0.643500556457 0.797642999478 0.175478345324 
0.49280713262 0.47106512789 0.281867143126 0.40138373476 0.413666120592 0.438428863873 0.423643919318 0.752681488137 
0.414223339104 0.432830569078 0.203016003614 0.302752412746 0.792924355452 0.644145614199 0.799145648918 0.176396530595 
0.489949231684 0.466316568866 0.274126849562 0.445318087127 0.447929574652 0.544324224286 0.722017522396 0.654353769245 
0.239379330702 0.240095609415 0.163975851719 0.729899764882 0.706938637639 0.76037241969 0.631679060745 0.502665076216 
0.492825921059 0.471092963907 0.28184553547 0.401592298606 0.413664417664 0.433204132724 0.85785770812 0.150352152149 
0.493835622846 0.472303927002 0.284797320275 0.410732415476 0.428774640193 0.503008770707 0.607095576432 0.643601518001 
0.494771162619 0.473324975776 0.288644985447 0.386438179766 0.400739310148 0.413577176718 0.808618226124 0.346112828449 
0.493673189142 0.468752931815 0.273502872179 0.44108695826 0.432263679297 0.458396141348 0.61615260037 0.645225163472 
0.498837671881 0.475238324738 0.29058735763 0.407771672825 0.427110547742 0.704504766252 0.772951932301 0.0433540368479 
0.493637133235 0.477205645718 0.287642830964 0.412057808613 0.460636963696 0.334210066439 0.229041934143 0.639345439148 
0.527131052076 0.493620697278 0.371896115339 0.457731180406 0.599326104546 0.803252648295 0.69515407227 0.196430746204 
0.492815504233 0.47107185111 0.281819442338 0.402310416687 0.43306738478 0.462803001221 0.792665406492 0.259238113933 
0.493450701858 0.471589271437 0.283296508821 0.407169139126 0.423429619261 0.391934910776 0.826152558636 0.151213663739 
0.504841457447 0.580445308965 0.350540781665 0.462671025193 0.491803438138 0.700548218797 0.620316711535 0.477867027475 
0.489783426717 0.483377440911 0.320508553433 0.449818718899 0.556422259832 0.621265061012 0.601891941675 0.47162059864 
0.492025574889 0.46903874718 0.295367412939 0.410660912483 0.440536485996 0.345964096968 0.770349486967 0.304138183571 
0.463112746095 0.538143459713 0.321047970993 0.527813683577 0.510332208018 0.610747945304 0.857409756263 0.164020111325 
0.500266685697 0.479094967005 0.289307986862 0.443422574007 0.568895273799 0.748779136931 0.724108723805 0.327910683929 
0.495444117481 0.476964079925 0.334548793349 0.471059619884 0.466738740415 0.715753244293 0.733380684086 0.103313025512 
0.500354488352 0.47602551121 0.301615192954 0.413835362038 0.45213122088 0.325485856368 0.789230083014 0.324115254088 
0.492814017521 0.471060067746 0.281610336046 0.411170185386 0.451491566464 0.531800565685 0.858926144015 0.247491392744 
0.504254249273 0.615708440594 0.364472762357 0.472027622859 0.501829464537 0.747395037944 0.629860993187 0.537587796041 
0.516808226072 0.499102574544 0.36553010381 0.517122531522 0.745547880201 0.780152791363 0.660616440503 0.319869570273 
0.484187055505 0.464425805441 0.323878192132 0.304433074926 0.881890561601 0.683186243564 0.745121898801 0.257940645494 
0.493602976956 0.471667130448 0.283337138795 0.39713905311 0.398199882881 0.421357351546 0.845106712224 0.0183575872304 
0.47307472317 0.454715189469 0.273004616429 0.356065175137 0.237558785383 0.830481991839 0.775029411037 0.188366479698 
0.491036832019 0.483149323056 0.287740873701 0.384970728868 0.40097776385 0.418031986927 0.376992027504 0.747663707934 
0.493460179632 0.471765801502 0.28376704351 0.43303305515 0.326067424398 0.375810789383 0.86977380236 0.0920315836412 
0.494820024146 0.477699707661 0.24894699869 0.380361584581 0.348371559101 0.616158261657 0.822989472897 0.150431707683 
