0.416483197747 0.403470333067 0.537631070064 0.43936583221 0.458672530916 0.592879438116 0.755514540603 0.156891081336 
0.421468945261 0.404969564155 0.550327541488 0.437858530675 0.61026097383 0.604704264196 0.670071959244 0.188577242012 
0.459886798089 0.427211783417 0.556069240806 0.496781927623 0.483009061007 0.629510582753 0.622647997122 0.214507319097 
0.461369167147 0.276880229987 0.398940136177 0.332300990746 0.341562680493 0.188214991319 0.181564417308 0.608177976124 
0.411247785787 0.398362393103 0.500045201763 0.472682537509 0.472375716228 0.178893754694 0.285785371678 0.58172033417 
0.462899184912 0.457255363721 0.609552010046 0.505270499535 0.472622875034 0.225841076915 0.781079048063 0.396831007112 
0.409053449652 0.393902842565 0.525368527021 0.41193735982 0.263159545158 0.285242101798 0.825936688419 0.0715417297812 
0.333394199634 0.356112099955 0.488989944089 0.539593060823 0.600188223169 0.497551792189 0.736835198161 0.348048842126 
0.416497430591 0.400379206087 0.529155519531 0.424337791945 0.423202409071 0.407795352147 0.330071941679 0.591806719882 
0.415968480445 0.399535989665 0.528410618785 0.426465779372 0.436551885226 0.423099082642 0.426774945956 0.569956741783 
0.416694468865 0.396044838514 0.563924496672 0.440265895195 0.492707106809 0.496522930697 0.667344661808 0.355766868671 
0.416546609815 0.400087356091 0.526466561199 0.445034083136 0.439017916525 0.425199048244 0.819553617852 0.263005510327 
0.418219700512 0.401228811283 0.537532195298 0.429727227957 0.432295571568 0.406166751874 0.518718687739 0.801655449352 
0.415919405117 0.399630380412 0.528381794902 0.423806767905 0.437083196615 0.432337262358 0.324126875919 0.648182994921 
0.416386196501 0.400769131407 0.529371379174 0.422294598293 0.41974728417 0.398017352214 0.709775598245 0.433468153663 
0.416475652776 0.400306848877 0.52910957562 0.424276729958 0.424673329838 0.402505016278 0.724366576261 0.45868902456 
0.416310681806 0.400231760983 0.528644517456 0.42400680436 0.423741331702 0.426667969409 0.430453923705 0.573883614534 
0.42172675302 0.407639712101 0.536358081158 0.431161804942 0.393745196943 0.321591463065 0.343368156951 0.565784464676 
0.410536426784 0.391715945643 0.520712633675 0.419622737512 0.418521483544 0.46161277341 0.518377729843 0.774543823113 
0.418965660864 0.402996496548 0.518380980242 0.403340682947 0.332327162591 0.237714513972 0.312091120051 0.68163639507 
0.418156668473 0.396531777112 1.00246071798 0.630074998279 0.577661248286 0.584059497037 0.647779491012 0.582295684751 
0.416737921149 0.400484007405 0.527829449188 0.419993670683 0.410650772164 0.369718349697 0.670601895552 0.523550793619 
0.413118003004 0.409001027105 0.536479919492 0.449188397266 0.445427925345 0.312504715037 0.71352980617 0.3643208725 
0.416450954553 0.400279893932 0.529036261272 0.42423048542 0.424800673623 0.38429150168 0.661075005513 0.632341245488 
0.450560060924 0.429699271315 0.600346180783 0.462758957095 0.463974489686 0.450026636249 0.678157184893 0.286619423752 
0.412608192475 0.398387894578 0.542864222853 0.430656515164 0.459423542406 0.599293639816 0.521559463205 0.720068559364 
0.416490483773 0.400279485447 0.535123184402 0.426780665319 0.408182229178 0.440578975392 0.26294307842 0.638752847554 
0.417405334158 0.40163209576 0.535678937429 0.431546596008 0.446282848269 0.76154435108 0.674855936232 0.0594741879222 
0.416473309642 0.400249235651 0.528771423877 0.423795127164 0.417242798526 0.444666818888 0.443190236682 0.520397572321 
0.49555879875 0.449510870755 0.610785828201 0.48010581991 0.514925992045 0.112529881427 0.244424202441 0.465203742387 
0.418624602585 0.402952652908 0.532330374512 0.430092451356 0.458568951948 0.162322407397 0.203963571264 0.614957186508 
0.419138668573 0.402027652555 0.530382611245 0.428922894824 0.409479273222 0.448430774164 0.446846841889 0.608634021241 
0.416488103423 0.400340880846 0.529134603869 0.424161373944 0.421320812147 0.417532878468 0.285053143536 0.54156660968 
0.416794047106 0.400923597185 0.526766991835 0.397107537075 0.389212540555 0.357163114133 0.750617948752 0.122291042872 
0.420321086614 0.386792627908 0.494770904061 0.478261915927 0.467704514966 0.793483198094 0.686970180003 0.240847593296 
0.417925733024 0.400996686904 0.526375725701 0.379260703365 0.37725403031 0.320977161368 0.621751738409 0.591324651188 
0.416452993451 0.40027081772 0.529221798692 0.424868087421 0.42529612302 0.416672804449 0.439995847103 0.657465897186 
0.444369536045 0.428156692579 0.585843895304 0.316824426566 0.171300318269 0.264761147114 0.84065105975 0.116735110575 
0.419423384463 0.404877536007 0.539230400699 0.44674239093 0.594898492979 0.559893606705 0.706168558553 0.214695352963 
0.486037440298 0.296272113927 0.479828124664 0.697052792765 0.563607376255 0.612396894968 0.74492239952 0.243960789935 
0.441293891159 0.468705423174 0.557957877047 0.483578016021 0.486445195741 0.706429954527 0.656627051912 0.469375092025 
0.411798824738 0.395595790565 0.568703966398 0.54614148417 0.520347575523 0.507286773737 0.659962844829 0.47250395841 
0.414780613167 0.399517277897 0.527035309365 0.421811405791 0.345236384994 0.207928017739 0.837946795933 0.237053749303 
0.417135934953 0.400600550198 0.527859734145 0.42382323172 0.433763204896 0.487422965847 0.785082828032 0.45308278201 
0.415276841592 0.39842090798 0.527966172905 0.420614127085 0.418819759092 0.381346353977 0.771156886003 0.195776300924 
0.416771424607 0.406641575059 0.480361968012 0.380814017946 0.519783517766 0.543615256902 0.108233717675 0.597854676395 
0.415140743554 0.39869995711 0.528148586322 0.423301368987 0.433144071842 0.624148482092 0.753192780074 0.114394069723 
0.403591015845 0.391276439473 0.518323833181 0.492360956139 0.558312303107 0.563388818052 0.681571166483 0.0225082763241 
0.416454109489 0.400227579651 0.530488289413 0.425690725289 0.635110032018 0.51799805498 0.730745744147 0.324243967033 
0.398065304723 0.421860720467 0.619160593492 0.264293012901 0.707167085923 0.689667681298 0.712370756814 0.47109525875 
0.442275931112 0.545537249822 0.593829718509 0.51416878234 0.595658894523 0.555645057657 0.62966899423 0.519463154808 
0.416147263467 0.399693544244 0.485260176008 0.406524478084 0.408975621185 0.650129671527 0.579734257455 0.499658456193 
0.336066397746 0.377517769282 0.494575888573 0.515315026934 0.523588550323 0.614022313915 0.644170258537 0.611116406899 
0.498600960418 0.26918845477 0.353016945082 0.277145919859 0.249273761624 0.103504155202 0.188414911466 0.61085663388 
0.416450182193 0.400953784295 0.526444827225 0.412018767343 0.403474862249 0.715383920256 0.655017254313 0.347423187331 
0.413902811476 0.398053864987 0.52337143582 0.40502201784 0.389769503361 0.516796587976 0.539662419875 0.582479152073 
0.441464430143 0.364734412978 0.450137353617 0.387939131393 0.351973233972 0.357269225494 0.828877219904 0.143151411 
0.414419478866 0.403824043593 0.530909895939 0.427829994433 0.967924976216 0.639450894076 0.712558936105 0.236846009439 
0.441811225972 0.425743656768 0.580957849467 0.322542261927 0.185670247284 0.269850907033 0.832601274336 0.114054886731 
0.41760883768 0.392227770628 0.569743448924 0.440519487228 0.502841754372 0.505290923429 0.69987754849 0.399043012256 
0.418219700512 0.401228811283 0.537532195298 0.429727227957 0.432295571568 0.406166751874 0.518718687739 0.801655449352 
0.419036601111 0.404294635213 0.537966984123 0.444591665535 0.62682386721 0.576289801114 0.735694336535 0.237299261352 
0.41381829606 0.407706673507 0.535486579739 0.445342557135 0.442589362515 0.320046109503 0.706467430687 0.354929590284 
0.449607510269 0.321315861743 0.419169649397 0.323930200059 0.295962848882 0.178396257127 0.215576220037 0.486743366666 
0.416544596706 0.400345287582 0.528892020721 0.424176123707 0.437455630432 0.481633533756 0.713708235187 0.370065225653 
0.416177209709 0.400175373935 0.528245633778 0.423801472813 0.423096525132 0.428233316684 0.431392894141 0.599252450447 
0.36305211079 0.267240761358 0.755244222928 0.846752458633 0.706177568556 0.738404250497 0.716209679248 0.265287585041 
0.419389191259 0.404826500711 0.539120635952 0.446573879435 0.597942466181 0.561481268073 0.708991345224 0.216854312783 
0.450560060924 0.429699271315 0.600346180783 0.462758957095 0.463974489686 0.450026636249 0.678157184893 0.286619423752 
0.416505479101 0.399867198743 0.528814469277 0.429138661863 0.436063935191 0.41225055272 0.664884367982 0.370223569699 
0.414082106209 0.396835728072 0.525473138907 0.422056789586 0.421620432465 0.452686072666 0.502082344594 0.663704822448 
0.483226980381 0.433478525331 0.291725468215 0.314070139523 0.257669418211 0.117020465269 0.193283835965 0.58817314515 
0.416474178951 0.400252389823 0.528776966314 0.423804490964 0.416454873856 0.445691250567 0.443567289473 0.528653550159 
0.415922754202 0.399505146666 0.528216299112 0.423681110476 0.423740740371 0.446800017707 0.491475120051 0.591564473538 
0.403343486052 0.422811835418 0.546201131228 0.492982556478 0.473982495441 0.247722703916 0.774733711615 0.448627775647 
0.436123387734 0.453984552964 0.598570048153 0.474628061794 0.559155613858 0.570183582224 0.730786360863 0.0589794421969 
0.410413291781 0.3973260331 0.546990041168 0.476675242381 0.465032769512 0.501753084024 0.478802368165 0.790805329003 
0.416482306797 0.40031791384 0.529131397363 0.424284354641 0.42442279169 0.398580016128 0.62708167961 0.548237337358 
0.408248546469 0.418224392122 0.539359145217 0.443507594223 0.85649187878 0.620571551061 0.686863182038 0.205955885739 
0.313626384358 0.347642690712 0.482444047385 0.549039365473 0.613287679761 0.49888198463 0.754721324939 0.366951713092 
0.412444802096 0.411863106908 0.886722008769 0.596096449053 0.561649017487 0.564876761505 0.625366894045 0.514441069595 
0.428529311259 0.426072917465 0.567128118924 0.490250034899 0.535825051762 0.565407095023 0.610739200442 0.357320226011 
0.422802485796 0.408894538562 0.538251619625 0.441641997625 0.434385019158 0.417231299174 0.31478103416 0.607343177017 
0.416713328664 0.39336333012 0.571267584968 0.560334190447 0.526769684525 0.512258123475 0.674814601473 0.500544596949 
0.416771661052 0.40489777171 0.488068053599 0.387174567947 0.510762773397 0.530452932931 0.118919460556 0.57123007142 
0.436114928555 0.42030924223 0.569942031058 0.336115690538 0.219405440346 0.282431658695 0.813352466168 0.107726564561 
0.428171147394 0.412546343849 0.554168475782 0.357961420737 0.272530652508 0.304484294528 0.781711743154 0.0976057578643 
0.419247810972 0.403695282079 0.532745045864 0.4265897244 0.361986708674 0.249695671038 0.798225529346 0.0636814862633 
0.424333065778 0.408686122944 0.546300984495 0.370657348003 0.302710426717 0.31863059902 0.76270154851 0.0917203818325 
0.411442421743 0.417796927676 0.827197859978 0.57696950967 0.551984893732 0.554150174497 0.613374851745 0.478486869542 
0.514267470492 0.451779172915 0.660343918173 0.519936365879 0.505376859427 0.706536553684 0.74476257478 0.16163198054 
0.431628007595 0.358649832266 0.485175761175 0.496976629216 0.49330583948 0.142774861039 0.282737453217 0.657671431311 
0.36896299538 0.355678657233 0.488927271246 0.403850716287 0.364828155857 0.585495081797 0.762383064381 0.166871925581 
0.419775399307 0.405508800595 0.532261981022 0.429538536031 0.616045886946 0.514559202658 0.71228843775 0.305366572662 
0.415076734142 0.39155935933 0.506794190791 0.37734486167 0.555891147166 0.602584498901 0.632189617673 0.484661665728 
0.414419478866 0.403824043593 0.530909895939 0.427829994433 0.967924976216 0.639450894076 0.712558936105 0.236846009439 
0.418938927355 0.395459599819 0.562181307062 0.456485923593 0.439900940879 0.8088084177 0.742993386731 0.200255055895 
0.379013692269 0.377279436131 0.503720987269 0.514162880881 0.600096588952 0.592952368514 0.719602638436 0.0260212665329 
0.416448975594 0.400746964893 0.529704122224 0.428414162695 0.443506866601 0.517846794103 0.102938612265 0.543321286396 
0.417537272452 0.406951065023 0.546049313286 0.459889510767 0.324835292568 0.249437342038 0.794460526621 0.101638015178 
