0.35583388411 0.481638600582 0.378972761329 0.479893105157 0.627853353798 0.57177867764 0.616135937495 0.536532848142 
0.380688092964 0.510654125924 0.235378931955 0.26553135926 0.672955351619 0.638772783815 0.878480663368 0.0796636779358 
0.350013518798 0.470198200558 0.371196402593 0.483591237452 0.541665358681 0.6483845627 0.713347710255 0.298990850294 
0.360903064615 0.487021200679 0.336879142546 0.428969417416 0.402840337791 0.453030792946 0.755331592558 0.342876032246 
0.360805588258 0.486738522374 0.332981516084 0.422234594338 0.381489580451 0.452680148723 0.832742894873 0.224044263961 
0.361047772891 0.487412649838 0.332385798214 0.420493597473 0.411589288799 0.432468244 0.671741040041 0.710711475862 
0.350766638339 0.512503991955 0.346948164823 0.44702663866 0.561662151491 0.672669961421 0.771046129761 0.436642167109 
0.360998580993 0.48715844013 0.335051859198 0.429182088051 0.393796088145 0.463638527809 0.548011992684 0.751481853034 
0.381889337684 0.404936373749 0.508045676614 0.696950395345 0.50915765726 0.576195161325 0.663484719898 0.527177795858 
0.360759017026 0.483486104234 0.313742175968 0.395292240796 0.454108455053 0.463450908237 0.737917742653 0.541836934754 
0.361110920382 0.487303115856 0.335156536637 0.428061164972 0.394269542289 0.42165990333 0.509847743429 0.633799989868 
0.36097786522 0.487540585511 0.335978575955 0.4325227504 0.398554285585 0.470361991548 0.826614692509 0.0616290609524 
0.361027501224 0.487192874699 0.335101101 0.427752919417 0.394294857003 0.491532272846 0.546226042878 0.671912119002 
0.367942505717 0.491399173518 0.344845369462 0.432268766762 0.404365075302 0.463630770721 0.705418656806 0.51296090486 
0.361321938354 0.487881788951 0.336610321295 0.394410917535 0.375160789887 0.53460291437 0.768269828023 0.169472382084 
0.36242445504 0.488720903442 0.335931197785 0.429050546866 0.396967850525 0.418310837881 0.867968331097 0.0435673777179 
0.358999991699 0.494020363066 0.343425694479 0.434938826178 0.369952541564 0.398312274588 0.851952034436 0.131857616622 
0.360310261193 0.480097387827 0.311595225904 0.403103933209 0.334176343272 0.370467816737 0.831813311004 0.318578872354 
0.364540770478 0.476458836765 0.324663664901 0.409674642931 0.455247860794 0.670416065688 0.768483831209 0.431209456992 
0.361031770095 0.487180623436 0.335123992108 0.428187483983 0.394182590998 0.406413191246 0.529353908924 0.69781181665 
0.438627046514 0.531142439734 0.371662613135 0.476503876273 0.420182741799 0.454346796472 0.457341959839 0.755279083176 
0.360623046829 0.498514222708 0.313010125357 0.407177658564 0.467970782064 0.547213941339 0.828762486391 0.282437672985 
0.396541119656 0.684568403886 0.429401521741 0.717653696058 0.534452811127 0.594760054878 0.745231941647 0.165018147001 
0.469545066273 0.800837899777 0.588168657948 0.553524274967 0.630641396484 0.621988021662 0.646900014373 0.416338273295 
0.360866751637 0.487006081363 0.335007392735 0.427519472351 0.397692959536 0.511899071487 0.812676136385 0.322070308398 
0.397536280215 0.501605620764 0.36026956279 0.478623584347 0.289436163834 0.336058611737 0.768821722776 0.751984718706 
0.361156083491 0.486886341966 0.336373923498 0.429234999472 0.393476320543 0.416784374246 0.497669730938 0.887186929049 
0.361182014495 0.486167997988 0.330861659443 0.450572739992 0.402961679374 0.435314243426 0.778173253668 0.370280312858 
0.358991574034 0.479613626058 0.363938916181 0.454641000603 0.423232530841 0.677484024343 0.683877262657 0.253803529883 
0.359811729142 0.485394878123 0.334110237979 0.427099106464 0.396871959228 0.387428860651 0.531256474624 0.64769505463 
0.411803282686 0.521144307701 0.435919655355 0.508424846702 0.559644114557 0.679539348901 0.690724242811 0.243032870504 
0.361047996329 0.486602383268 0.334626390488 0.427511816104 0.407186476839 0.836486834503 0.712858881815 0.308510315606 
0.361183054463 0.487902977005 0.335441109803 0.428007233322 0.39344804481 0.4109098561 0.807590469905 0.502117056738 
0.36234394404 0.47473114378 0.312206491096 0.411391706704 0.362152668962 0.777046486767 0.761104542919 0.119952718113 
0.462813441802 0.111672144424 0.214387347408 0.278608658963 0.28752444764 0.251355047289 0.88066089806 0.246264923979 
0.361069063355 0.4870326379 0.334993385255 0.427398236857 0.387877663432 0.412637302782 0.402521137375 0.802564292024 
0.34468703605 0.458075986665 0.315513802513 0.469783523371 0.299765462832 0.348235223094 0.669877046613 0.671521997305 
0.361027323072 0.487192178095 0.335098826878 0.427748385539 0.392954747407 0.415478949907 0.610624104115 0.686154469933 
0.365355221582 0.49037301448 0.341685568267 0.432949485081 0.427116149844 0.496775914787 0.682468655399 0.458964360483 
0.360990418812 0.486976093901 0.334722499314 0.423841157061 0.445200768955 0.487025801021 0.672293066935 0.323198608979 
0.363162020568 0.46125517828 0.322503230647 0.478430684064 0.445148973501 0.451872297249 0.461786177557 0.723110299951 
0.361569528533 0.483407374626 0.326834329649 0.422831039785 0.340779227661 0.653787661735 0.784817350926 0.222645806491 
0.349350574207 0.47988984833 0.331641598783 0.465321676445 0.43025887967 0.709351484781 0.724251196507 0.505343400967 
0.360390083287 0.501741904975 0.351032837316 0.454476520357 0.441460179608 0.443089066346 0.217978802422 0.652472495833 
0.364511496512 0.500308521262 0.361742351783 0.452874724953 0.468477076774 0.526995826341 0.594435310288 0.615506850422 
0.360686001292 0.486712552205 0.33985164411 0.442690478074 0.413674476449 0.478176226004 0.575743943922 0.617576275115 
0.360562914848 0.488297473052 0.331603821787 0.434226539149 0.381188276573 0.464531046388 0.304536587433 0.765017800828 
0.361785742357 0.483646707659 0.347995281284 0.307306231554 0.346403547348 0.803614030718 0.679374781341 0.447497630698 
0.361027203669 0.487194430451 0.335103813349 0.434146075231 0.351150936144 0.374785040436 0.354760915156 0.787236025013 
0.50176480576 0.187317460707 0.246978676128 0.328012729813 0.201813548071 0.893386622335 0.684153230186 0.209902248693 
0.355511540375 0.483224588096 0.333026208893 0.462779798735 0.429505084543 0.654759913422 0.691710431152 0.434500689364 
0.36260869167 0.464620192027 0.323879052031 0.475530807399 0.442595061733 0.451190418587 0.461612613766 0.701100471303 
0.347309077137 0.565913775448 0.373450646533 0.451879723088 0.41960756788 0.457293838995 0.141211523676 0.580169641 
0.359151219724 0.483849114688 0.310219170263 0.390258645989 0.456690584178 0.463455909435 0.759135075628 0.57792629119 
0.365311062865 0.490174798433 0.341454520426 0.43258513713 0.428558811865 0.499905579323 0.694968993082 0.480982006819 
0.353887474094 0.515343550083 0.275909719177 0.328605580379 0.614413799745 0.608874979046 0.816578177528 0.0675284420478 
0.360975164718 0.487698266338 0.336309761895 0.433537886334 0.399927125072 0.473428586617 0.800345952904 0.0576851427695 
0.315999757769 0.460110046613 0.310878964777 0.412977537753 0.332760348146 0.373452750418 0.848849363488 0.368396715837 
0.362601407116 0.480985810405 0.348148382102 0.356192101084 0.363026508001 0.553723178618 0.849769729141 0.209329186534 
0.364887236502 0.489463896028 0.340438535947 0.431385709322 0.433866257552 0.511517215007 0.741340360182 0.562681118496 
0.361256258512 0.485891788909 0.341047641275 0.340412667452 0.356169237289 0.763994808068 0.67002402933 0.410796432601 
0.361128228835 0.486248293525 0.331694487771 0.454559274388 0.405910738946 0.440821172625 0.750668621676 0.341889041106 
0.360902813318 0.487020904128 0.336875153401 0.428966123365 0.402829530651 0.453000473399 0.755510777829 0.343057885679 
0.397536280215 0.501605620764 0.36026956279 0.478623584347 0.289436163834 0.336058611737 0.768821722776 0.751984718706 
0.362301560759 0.492751973838 0.341045931561 0.454742409705 0.350651843633 0.32391913343 0.853519834597 0.499379475536 
0.361091884793 0.487275952858 0.335140882657 0.427992000006 0.394041752359 0.420774711978 0.513589902952 0.661625398861 
0.361028502223 0.487187264711 0.335161430587 0.427827820612 0.393959679181 0.42020312825 0.594771929044 0.627418179347 
0.360832277841 0.486796344617 0.33305636213 0.422316839142 0.381575865246 0.448506522639 0.856050548634 0.236669525467 
0.362707288059 0.488458394088 0.337434652225 0.431233663048 0.395808487171 0.589363181229 0.588524441332 0.57308297928 
0.476552502068 0.59131398985 0.564524215244 0.528766613911 0.731308871052 0.686912371644 0.766985125333 0.180131490003 
0.365560903634 0.492602196007 0.312104905143 0.390343393729 0.457531384973 0.467025959696 0.462623850123 0.849618967651 
0.360106654748 0.48207514908 0.329966525002 0.418774660333 0.446523016026 0.61410077662 0.716957553426 0.357648063433 
0.351096574258 0.46920669263 0.322522842231 0.457895592658 0.317097974452 0.357619075632 0.65507356497 0.621549099168 
0.510470858988 0.653543164226 0.501245353696 0.552936612163 0.517977708524 0.557296397989 0.695337423792 0.137000984115 
0.360686001292 0.486712552205 0.33985164411 0.442690478074 0.413674476449 0.478176226004 0.575743943922 0.617576275115 
0.777356256561 0.722989343745 0.53126420999 0.689322707398 0.513799400527 0.582437988016 0.671014786645 0.550733080584 
0.357416775246 0.47183995165 0.326181632772 0.420721066031 0.34402222755 0.658658373238 0.830462859093 0.0506491034987 
0.365047618885 0.475490108617 0.32376958896 0.408150487027 0.456679540907 0.680196885528 0.777417169323 0.44401983812 
0.365017549842 0.496533734496 0.340169991339 0.435575975326 0.414720617505 0.433764129417 0.798673170902 0.036762019184 
0.360910053354 0.487053504332 0.335028759969 0.427575984616 0.398633360077 0.510148136726 0.798823957148 0.310790134311 
0.365192304886 0.48989744887 0.341092205406 0.432101899934 0.43059071078 0.504334685912 0.712657969448 0.51214351343 
0.36097786522 0.487540585511 0.335978575955 0.4325227504 0.398554285585 0.470361991548 0.826614692509 0.0616290609524 
0.360759017026 0.483486104234 0.313742175968 0.395292240796 0.454108455053 0.463450908237 0.737917742653 0.541836934754 
0.350592108782 0.512354860899 0.346778617617 0.446782022464 0.565675292751 0.677559007474 0.775624638901 0.443521242056 
0.360623046829 0.498514222708 0.313010125357 0.407177658564 0.467970782064 0.547213941339 0.828762486391 0.282437672985 
0.377400079687 0.580060873133 0.42364644218 0.25945197913 0.656265548595 0.736022348923 0.735184029411 0.427755898637 
0.358866423626 0.479065642216 0.363986701796 0.4544289324 0.422790408583 0.684307057466 0.686370064304 0.258057480243 
0.358566010066 0.500679316843 0.341603597104 0.461059222878 0.459790521556 0.471216832653 0.816517411794 0.0494213096043 
0.360742592457 0.483507302858 0.314738756519 0.396725935221 0.45335499164 0.463461236336 0.732017677787 0.531805825218 
0.361344748229 0.487935049474 0.336730279011 0.393801916515 0.374922574604 0.534928790996 0.769589314844 0.170117539227 
0.339579411623 0.44933281192 0.310197488235 0.478139640441 0.288358358939 0.342392328601 0.679467473815 0.70455100928 
0.348198966865 0.479353375654 0.331448001076 0.465694383925 0.430341439017 0.719855849493 0.730493885602 0.519049210904 
0.367786261431 0.491574974499 0.344873148924 0.432585041451 0.404746333754 0.463847984434 0.690962955213 0.487117431486 
0.365833320512 0.473203131071 0.321555353806 0.404320241619 0.469130668618 0.731917302438 0.846105793798 0.0774111875259 
0.36242445504 0.488720903442 0.335931197785 0.429050546866 0.396967850525 0.418310837881 0.867968331097 0.0435673777179 
0.352258747243 0.471249981178 0.323848433762 0.455488313944 0.320824755811 0.359731417055 0.651840603267 0.610816337328 
0.35850370729 0.48269533918 0.301632192977 0.377319468639 0.478682766109 0.479988394021 0.861021060548 0.361471085801 
0.392958003457 0.506396951127 0.352274929088 0.438224083249 0.435666240204 0.445409685177 0.742432731107 0.579293657104 
0.359811729142 0.485394878123 0.334110237979 0.427099106464 0.396871959228 0.387428860651 0.531256474624 0.64769505463 
0.361031770095 0.487180623436 0.335123992108 0.428187483983 0.394182590998 0.406413191246 0.529353908924 0.69781181665 
