0.459629749833 0.351355203239 0.489484131358 0.445143820281 0.415866703233 0.377390844181 0.375192261706 0.836836767402 
0.459592613183 0.351338016983 0.499825698183 0.475851701462 0.446141505485 0.222034847977 0.291595808805 0.715292434077 
0.411828151104 0.322254561523 0.46806118252 0.658370086267 0.647449702266 0.700492822896 0.794386497879 0.262371469 
0.495326787043 0.382352161994 0.510376268176 0.468870435788 0.392150253653 0.301359697277 0.121635413025 0.652374328094 
0.457374741966 0.350177148812 0.502339992708 0.475103734627 0.544991421555 0.448887250457 0.610973066576 0.742182266423 
0.460054414839 0.351823791392 0.487088312022 0.453177829256 0.454775269326 0.480500398386 0.232309162812 0.754852396821 
0.458145770364 0.350645605648 0.487037673123 0.547602962503 0.665192268117 0.650874425238 0.755477668944 0.3198965478 
0.465946346396 0.354158326522 0.517684868889 0.468118443935 0.482717450198 0.435010710436 0.573875485439 0.712383199399 
0.460073825333 0.351879814689 0.487379008602 0.452286862922 0.40361052754 0.362090284172 0.723990586155 0.533019766488 
0.534945990221 0.43420034364 0.531442798713 0.637849961873 0.545474698362 0.852382362095 0.68528591523 0.192602319709 
0.459834927568 0.351708845978 0.490362502655 0.456709617656 0.502625170876 0.462039753619 0.649976664099 0.621286105627 
0.459343380137 0.35142384769 0.489046271561 0.453915381079 0.427986844102 0.756651379869 0.88131752144 0.217801791686 
0.466632418146 0.355362475243 0.465297069213 0.540810854247 0.568211582555 0.48244075914 0.509478563086 0.619401217204 
0.351901496893 0.29190783191 0.661500461557 0.584751916458 0.657814862783 0.674199136727 0.783013680275 0.31387310388 
0.430536434172 0.394932170002 0.517805098278 0.373747109497 0.3814444091 0.342642021238 0.817524912807 0.517769597083 
0.456937905799 0.350516767604 0.48766350284 0.438275190726 0.399568230136 0.385500068022 0.406743983741 0.85256946206 
0.41246819981 0.324200002468 0.667446447736 0.610440856492 0.543393131706 0.592844628354 0.669642741713 0.428060478835 
0.460322083481 0.351952009 0.508662246921 0.468568091776 0.380741547129 0.593441132582 0.589864764531 0.814527390173 
0.473671965015 0.359251752104 0.469299634795 0.532222774137 0.489962536327 0.56452119129 0.520034574021 0.696761826123 
0.459891327052 0.351950641414 0.489570355934 0.455833690131 0.478297302321 0.488954112605 0.788981591596 0.523188721938 
0.473042473318 0.390235768134 0.508530407098 0.473672446913 0.67680018267 0.637944037835 0.629015805327 0.516577644151 
0.460171306954 0.350405733978 0.492339935996 0.458638460924 0.422069018852 0.38901861424 0.397891225336 0.747077307703 
0.459802811801 0.351645756669 0.490069817422 0.454809070584 0.436492052902 0.398397827921 0.48245648648 0.761510777111 
0.459472877941 0.351502950605 0.480550559335 0.448839251653 0.431154584604 0.564524330462 0.503884180875 0.819484398114 
0.459807636688 0.351695553619 0.489828924301 0.448376382251 0.447031224235 0.335204174428 0.924619941586 0.270700847662 
0.456858105898 0.3667142104 0.496210547509 0.460707451959 0.411375669194 0.273656731985 0.22638594342 0.575611014549 
0.459810423679 0.3516115605 0.48846164917 0.463251145712 0.467192512469 0.423640580746 0.644487288736 0.520481060836 
0.452992131909 0.361605201526 0.494858870023 0.480390185922 0.319447028614 0.887652817002 0.666713899719 0.433307757739 
0.460563858257 0.348697277249 0.495372555377 0.461754501419 0.449607942318 0.304017405018 0.366561011254 0.76448237486 
0.452004112024 0.403680646679 0.599760302645 0.5377743713 0.511037419634 0.551244286694 0.607250642659 0.766355594272 
0.463949531025 0.359029835452 0.470810111328 0.503937196052 0.464909896949 0.570234560097 0.753066643246 0.375197116494 
0.460378138167 0.360611403694 0.496329405094 0.610163890259 0.528987734999 0.669496597067 0.70988655028 0.0843942052906 
0.456795689988 0.358457632643 0.495728222262 0.442356629483 0.429815822497 0.354106581924 0.394288174813 0.865049494165 
0.462766741782 0.354814982022 0.492921326124 0.466643531541 0.562697388872 0.558632971998 0.65441111307 0.0844989070533 
0.459920341344 0.351746261659 0.492123778549 0.457429669548 0.439309136869 0.464312911137 0.615933700971 0.638566060956 
0.489857093915 0.36373824264 0.503901865107 0.476446835527 0.383339605015 0.830800993185 0.695536745791 0.230802947405 
0.487216583544 0.3665427041 0.444563650329 0.378179748692 0.395514666396 0.301584367334 0.355732772418 0.720074219908 
0.460234162309 0.357401096779 0.496328702655 0.468768450924 0.404648366726 0.294017595857 0.735822455465 0.540915984782 
0.440814182043 0.333757320073 0.476846917347 0.545459346897 0.603436282059 0.695428339217 0.630976450351 0.38969196257 
0.480108514088 0.360064911287 0.514824035133 0.488125542416 0.482502067586 0.473830334044 0.158319316473 0.615515253128 
0.406352591394 0.321486484386 0.616875198247 0.531651285954 0.515273710194 0.492140525031 0.558393266219 0.735679853719 
0.455649901806 0.338960564753 0.510873751783 0.475976479489 0.543178876464 0.180449743619 0.193911773151 0.656847915621 
0.459264255585 0.353607194762 0.497506818675 0.393501433673 0.678143211645 0.56873511001 0.844026800167 0.00655020406329 
0.418462326945 0.599836435617 0.632999994401 0.561996867626 0.537888464991 0.716960038456 0.598139046597 0.561166592531 
0.459920341344 0.351746261659 0.492123778549 0.457429669548 0.439309136869 0.464312911137 0.615933700971 0.638566060956 
0.44986914495 0.343555424236 0.485156078722 0.399703514916 0.719361859295 0.648428866523 0.691663363992 0.117581768891 
0.460540779148 0.348610575821 0.49511863727 0.459066953173 0.522832706112 0.635178532984 0.844630948538 0.445409269833 
0.488637748555 0.365958347201 0.457008383522 0.551442473403 0.49748312705 0.597236748237 0.522356372939 0.803236340876 
0.571826780985 0.474721617599 0.551741025665 0.597269949633 0.584153662481 0.517208482439 0.880736955609 0.169671653983 
0.4597865685 0.351690975634 0.490152544084 0.454146110725 0.421455991618 0.385257783341 0.729479245856 0.587454901368 
0.462836254833 0.322167357252 0.47355137158 0.732058093366 0.549971049764 0.805708659313 0.766548232775 0.11369094289 
0.469877036851 0.356744140737 0.502767996796 0.481659996151 0.490391188528 0.548867374068 0.583584703034 0.689752848496 
0.456932656703 0.349941189822 0.38550458708 0.377436841551 0.746662517098 0.70879876327 0.807618992808 0.384727168319 
0.459343380137 0.35142384769 0.489046271561 0.453915381079 0.427986844102 0.756651379869 0.88131752144 0.217801791686 
0.423191317763 0.328574598361 0.47247580067 0.641457778719 0.6335850178 0.684125929999 0.780850050904 0.250294641063 
0.465928821485 0.354130409386 0.518044466184 0.468173347586 0.483172922527 0.435111320683 0.575108947122 0.718193754667 
0.457673425709 0.348495042665 0.48331741799 0.489717588836 0.534532792351 0.495766363449 0.711546055855 0.463148463816 
0.460241710494 0.352013256443 0.487221396251 0.452254735896 0.390393948479 0.347768076784 0.749815394505 0.582024799671 
0.459828521527 0.352733617747 0.486747034521 0.473043094354 0.372447594575 0.569388949903 0.555239019256 0.731000944193 
0.459817274889 0.35165112395 0.490106384497 0.454838684402 0.435480029737 0.398387350993 0.48245648648 0.761510777111 
0.499164829081 0.385241380316 0.511892135921 0.469612191236 0.391045480909 0.298097678968 0.110603575934 0.675917838802 
0.425354991477 0.582623042082 0.625659780993 0.558284496583 0.535317729952 0.70486848451 0.597471076993 0.544665135822 
0.459621223384 0.3515593045 0.488020690158 0.453426173374 0.4347449441 0.543124211529 0.502135402201 0.734293879047 
0.462369959302 0.352555399467 0.487510741202 0.467970607609 0.401885110566 0.37306026739 0.275993645969 0.739715802137 
0.45992565987 0.351733477926 0.487863164663 0.453547205952 0.453000672523 0.470613307532 0.241036748703 0.714121652355 
0.459809159375 0.351589920616 0.488579913824 0.463503279623 0.467440824485 0.424454326872 0.639033415227 0.507958061003 
0.460241839789 0.353761675383 0.493610351734 0.52262619919 0.504472433727 0.519079881071 0.616292033782 0.301170732306 
0.522260147546 0.374020498144 0.516062564901 0.495098845015 0.352842640388 0.901270932109 0.708281209517 0.253192834063 
0.459966756848 0.351789145352 0.487662648543 0.452485449832 0.410808856995 0.370231090449 0.70936619249 0.505606545705 
0.332362926532 0.283029704811 0.676648200858 0.593411285548 0.67227031916 0.687782862934 0.795478433294 0.327461235988 
0.459781769163 0.351694540963 0.490158096327 0.454245306279 0.415171559656 0.37858584299 0.748410697097 0.624679250085 
0.457442315078 0.345061680428 0.504356794461 0.470041115653 0.50417397105 0.216843893571 0.219316794471 0.563480202574 
0.457070789933 0.347628872747 0.481322102304 0.492133359507 0.543905345973 0.500242329743 0.730049960912 0.493126802256 
0.486125060067 0.364307324743 0.54885225523 0.506059089653 0.464118436717 0.633720435922 0.85234645293 0.492921207349 
0.459931158488 0.351756299035 0.492186335834 0.457517413031 0.439434250472 0.463905024735 0.61435687823 0.633386251245 
0.456180881953 0.359264969547 0.496314056032 0.441828867107 0.429799489328 0.350902142062 0.393535652277 0.909970547957 
0.456326230431 0.367846422376 0.496476920813 0.460922898968 0.411429336749 0.269321925427 0.221810018193 0.590280418869 
0.418912446522 0.598736405507 0.632534953924 0.561763742024 0.537727026934 0.716192393441 0.598097784936 0.560115762903 
0.459815610257 0.351650543794 0.490102031547 0.454835272117 0.435521126593 0.398846177192 0.481364367061 0.746915644904 
0.46008872262 0.352171852343 0.490783485378 0.455827830736 0.415544727991 0.484133853698 0.662400180788 0.607939341226 
0.440814182043 0.333757320073 0.476846917347 0.545459346897 0.603436282059 0.695428339217 0.630976450351 0.38969196257 
0.459828521527 0.352733617747 0.486747034521 0.473043094354 0.372447594575 0.569388949903 0.555239019256 0.731000944193 
0.459815543194 0.351642559273 0.490081149836 0.454885210471 0.403130599227 0.366404465633 0.783360724617 0.693877883669 
0.457308580702 0.349485472933 0.488661132012 0.460158221003 0.461036974834 0.415051283522 0.714434902153 0.68227701443 
0.470819363421 0.355394004283 0.493682376262 0.45943472775 0.374959692425 0.209357540999 0.917958290535 0.435824835718 
0.459789307953 0.351687351028 0.490147147462 0.454152808471 0.42307033118 0.387017075777 0.724514230205 0.577727942676 
0.461102753107 0.333574434918 0.479542472185 0.703310602433 0.546033346668 0.773872985455 0.753479635494 0.106746284552 
0.459809977651 0.351678277361 0.489871017623 0.451492236698 0.442409736214 0.354096486599 0.885766086196 0.249006974484 
0.459791532113 0.351676835352 0.490132122534 0.454526211064 0.408679449074 0.371935131715 0.767433997105 0.662275329843 
0.459775873181 0.351794883476 0.489848644992 0.447129214913 0.448729841871 0.328940600231 0.937514606241 0.277937209646 
0.460605630185 0.352146755599 0.501423758987 0.463676009461 0.394858717982 0.571115260851 0.578194387786 0.735633604374 
0.456510087233 0.358838695897 0.496005652938 0.4421050907 0.429807694666 0.352599463857 0.393933420708 0.886146839966 
0.49091147791 0.363902701948 0.516361692546 0.633983561144 0.598198330237 0.521868885983 0.919697719841 0.184148035204 
0.47214563371 0.389420423169 0.50691007457 0.471704372233 0.710604069403 0.659838516115 0.635767867492 0.558311771826 
0.459852185826 0.351472106429 0.48987051606 0.455267736134 0.436405049511 0.402641049075 0.419769837687 0.774704893797 
0.427326497266 0.330938412397 0.474156854328 0.634898215194 0.628168513656 0.677721691678 0.775563837517 0.245591692082 
0.476101145347 0.359330835169 0.667784907674 0.574985637211 0.536918557654 0.712514795089 0.59789800209 0.55508746914 
0.459802612992 0.351641824195 0.49062298697 0.455473769418 0.436717953399 0.473251093056 0.650724082399 0.752881052462 
0.461243098803 0.352546222977 0.510515214808 0.470775566567 0.361918767536 0.706800706816 0.707637113624 0.523538339229 
0.459206085776 0.351363535693 0.483492338177 0.450364028714 0.432171138859 0.851949601312 0.671786000777 0.245939735636 
