0.323189234917 0.271940215523 0.374682072237 0.389375488243 0.659356538656 0.536515874833 0.579593158901 0.670379737048 
0.324551331734 0.260647067628 0.358155089689 0.35623211676 0.484239319475 0.50219048728 0.75498737745 0.393875054554 
0.320378213684 0.274554669508 0.376392848447 0.437224604035 0.475150130869 0.481153163391 0.158054226027 0.606945214677 
0.437600944812 0.325152681806 0.544786866663 0.654459136123 0.718509634257 0.658644888622 0.652063735509 0.369520526949 
0.305551061737 0.252032470933 0.353098139747 0.456317924023 0.756358375697 0.607328695327 0.778998572625 0.143360800486 
0.334498500716 0.265952645507 0.366515063996 0.375831614172 0.439740027464 0.663771188029 0.808878712371 0.237762138889 
0.325665352803 0.261072839095 0.358729823564 0.36962788276 0.425674370119 0.420324188385 0.355102165844 0.768389331788 
0.324540372315 0.262631451059 0.360834862844 0.370787945464 0.417188198424 0.434180473762 0.667628357735 0.342503895735 
0.325763615527 0.261472729342 0.356179700685 0.351057362386 0.353528892862 0.360173759392 0.634429908365 0.614176284203 
0.317084785399 0.257411548842 0.356192302246 0.365367932747 0.575011281601 0.499827340227 0.641213608273 0.676325359171 
0.327589424808 0.272606200564 0.369041363063 0.375530783547 0.451393216232 0.451791437398 0.756170385719 0.194867991718 
0.324699239281 0.260867425164 0.358658327163 0.356948090797 0.356634291969 0.376473456327 0.772346738347 0.311996179181 
0.325916532493 0.265732085999 0.385158919878 0.383665628045 0.449847796078 0.430786373109 0.260566946772 0.72565063764 
0.332525366787 0.266293853621 0.498774310302 0.430011756369 0.50088716353 0.550234840395 0.652402372219 0.541176844963 
0.324612645791 0.260636572357 0.358792829226 0.3870394415 0.432533445328 0.287595749197 0.856400645697 0.221955625698 
0.324137537744 0.260283382334 0.358247745723 0.375664901548 0.382033021792 0.358166865311 0.820473384445 0.432720691299 
0.329608664953 0.266257571827 0.370079167482 0.376197194242 0.34674773802 0.361401957157 0.356418724517 0.745550401805 
0.323154148827 0.264857900455 0.372201664123 0.378700297505 0.45161040611 0.761104378714 0.700604505498 0.44382968257 
0.328636271142 0.267628236994 0.363161726584 0.378137790926 0.641854141383 0.616061515976 0.765995385243 0.181161293855 
0.323509474699 0.259909220963 0.357257156434 0.368308045414 0.415429440362 0.435973919197 0.671428043268 0.459672511658 
0.33537179663 0.266325684097 0.363839774574 0.37582840613 0.432032331272 0.461530393312 0.801210675667 0.207608445925 
0.327179046263 0.261591845568 0.360247173659 0.371939956982 0.525025283741 0.587880648841 0.609260810137 0.760519108257 
0.317227029774 0.21849889177 0.324570465913 0.452418933864 0.455899772514 0.469168640876 0.910866401781 0.0388047724297 
0.30915775931 0.318112763594 0.388505455423 0.423076896964 0.554468295522 0.498869719876 0.566367143756 0.538321069332 
0.324101982193 0.260081050355 0.35727026224 0.368411311205 0.466691627112 0.757758981617 0.764750242994 0.10767135369 
0.324429542021 0.259198397662 0.357621356366 0.367323262313 0.391375888152 0.601288970241 0.696431017407 0.605928694049 
0.324440366798 0.260522589143 0.35840733388 0.368164519797 0.4000798131 0.355185308737 0.759839095322 0.36634853917 
0.324442371444 0.260562658598 0.358848202777 0.367928136115 0.413118131775 0.400620103905 0.395082713482 0.80121190309 
0.330567934256 0.269111845591 0.367413517386 0.393346913364 0.448571043093 0.693498782792 0.696722438815 0.229478964405 
0.323555028817 0.260094522491 0.35603237477 0.366395011009 0.398413880847 0.443120809885 0.694012193306 0.479148453622 
0.320478482607 0.258679692983 0.352522189958 0.382795147503 0.425225691953 0.501942076486 0.609635560764 0.559507210628 
0.331136413182 0.276328106562 0.373915931362 0.380297637721 0.420214386477 0.357885653637 0.356250642858 0.702790955433 
0.326336974304 0.263318942176 0.35402761769 0.341959152726 0.389367514069 0.567778945897 0.877152500268 0.0731761366711 
0.324446391582 0.26058783237 0.358448921187 0.369058827393 0.409219677184 0.404655441483 0.404788557295 0.86991795639 
0.404946416305 0.333558961583 0.395774655176 0.237540786366 0.742638347515 0.629298221277 0.789095782494 0.201042943387 
0.325325185808 0.276415884113 0.364374983182 0.3952628811 0.485412205651 0.141825551404 0.233417453823 0.584048653544 
0.323843238004 0.262463035643 0.36064629163 0.370188430215 0.417920764627 0.426817873321 0.516550117733 0.696880067481 
0.202130522645 0.510938241764 0.44549615624 0.464569424618 0.511409292304 0.521034474619 0.493192965768 0.758848463972 
0.325723349208 0.26200251301 0.359125951722 0.384971286122 0.417821594053 0.30715735352 0.90508498466 0.103646710464 
0.32452483695 0.26084190126 0.358771487686 0.342370543006 0.598071606468 0.518163334284 0.814880230027 0.0838971326727 
0.327642309482 0.264679516315 0.362303370325 0.411046851306 0.5451592715 0.609187609694 0.545943437022 0.515458283414 
0.326545558602 0.275909969028 0.375735696412 0.395578792068 0.564874301956 0.568639266463 0.669283922584 0.200710484752 
0.326950605227 0.264378521863 0.363650000792 0.37525332862 0.369287270236 0.51798692614 0.486462077034 0.75005778754 
0.333804134161 0.265171793664 0.36546823924 0.374647419246 0.435923754109 0.699733011462 0.852626487704 0.265445990794 
0.323217689165 0.265181978016 0.372632659178 0.379341856907 0.453193577607 0.736461588276 0.690043967251 0.420526131904 
0.324544227008 0.260710525558 0.358038048832 0.357603472323 0.482435840705 0.5008187488 0.745530014667 0.383270136963 
0.328397448806 0.267221277637 0.362855758938 0.37756177175 0.646019033033 0.618383814247 0.769329414232 0.18306578038 
0.325706656958 0.261382623385 0.40284477065 0.388809678537 0.43599910872 0.490346066515 0.524923523517 0.687516149449 
0.295859051038 0.359146669142 0.555542456305 0.669661605307 0.730185670271 0.664271816991 0.65459833472 0.378891684279 
0.324444894532 0.260529911891 0.35838740415 0.354076849048 0.487049130199 0.5043669139 0.76996029001 0.410668969254 
0.333612655222 0.278707063784 0.366878713353 0.425795616002 0.439795599057 0.765266613682 0.76915267255 0.109383880608 
0.330567934256 0.269111845591 0.367413517386 0.393346913364 0.448571043093 0.693498782792 0.696722438815 0.229478964405 
0.32605847099 0.263730079067 0.359884802781 0.381973642391 0.366311528896 0.343916138171 0.36430749948 0.741476346803 
0.262523707564 0.429795514075 0.426752842782 0.443655765667 0.493916766609 0.505378451486 0.48964759516 0.655241083972 
0.32467952535 0.260841535689 0.358638268977 0.357124770503 0.357507731502 0.376952789688 0.771282429895 0.311030087449 
0.328703496143 0.262367473915 0.361474477771 0.373937297907 0.508302164423 0.565102862422 0.592011242018 0.681704372031 
0.325102331043 0.263356052342 0.359513768304 0.364792130475 0.457573563978 0.469454355903 0.650478433948 0.690634016535 
0.327731072621 0.262118413944 0.359554487558 0.370863106261 0.544216785163 0.492215082843 0.614276938724 0.593320647738 
0.324629567221 0.260740117759 0.35788372001 0.360431410351 0.478667059638 0.498020347754 0.726183195046 0.361583016015 
0.324993955696 0.263769444593 0.359963824985 0.376532258486 0.421475618136 0.428076815034 0.73385057067 0.392596105086 
0.324486395115 0.260575130877 0.358302274037 0.354808812007 0.486097874495 0.503624899874 0.764859822456 0.404947637495 
0.325426982212 0.274308955231 0.363813601119 0.391840791391 0.475048904253 0.155157104254 0.236485973121 0.561432266604 
0.323553025101 0.260115041581 0.355954074581 0.366361791433 0.39808819896 0.440658746308 0.707221067428 0.501046483757 
0.324736592502 0.262604967254 0.354252056115 0.38949616145 0.286666038936 0.306433829261 0.18858079364 0.761794969255 
0.325962459895 0.261571293946 0.356178379799 0.347081914493 0.340555964034 0.350415375876 0.647754912848 0.655714497331 
0.33203909207 0.271173700339 0.468043004584 0.422889692518 0.490276361539 0.535259999791 0.631684239921 0.490605203605 
0.325114220867 0.275254390408 0.373093186559 0.385949033188 0.357470109331 0.33010852752 0.36114628556 0.858530854155 
0.324131421911 0.26000885772 0.345226481327 0.433889682376 0.523069476015 0.538135216133 0.733918637095 0.149397161029 
0.324546862967 0.260196247138 0.35800208805 0.368784826695 0.467081119109 0.743826115722 0.75657508674 0.104498138825 
0.321133112017 0.255888768602 0.353511829936 0.382744828378 0.425412282209 0.498830413327 0.60346147856 0.541966009203 
0.32461552291 0.260727648304 0.357855849255 0.36239484848 0.475999888082 0.496099261828 0.71285648959 0.346650649696 
0.324612645791 0.260636572357 0.358792829226 0.3870394415 0.432533445328 0.287595749197 0.856400645697 0.221955625698 
0.325073452283 0.263330108017 0.361700394963 0.323094271429 0.633919320142 0.523786510371 0.874055591085 0.0961522112446 
0.306169806288 0.332552081732 0.174540202137 0.271286588072 0.316031663374 0.178695962696 0.274754198713 0.68926944596 
0.323922612937 0.272272950624 0.375275237256 0.39091249141 0.60939565164 0.524974474313 0.566397052289 0.591174783013 
0.352687903271 0.280882160093 0.393517658185 0.447741061253 0.474642811202 0.474530434561 0.504547753728 0.684579316175 
0.326671636221 0.269130710456 0.367235134355 0.376815200962 0.442356517483 0.636261401763 0.77548667254 0.216656914605 
0.324137537744 0.260283382334 0.358247745723 0.375664901548 0.382033021792 0.358166865311 0.820473384445 0.432720691299 
0.326032376367 0.261597825766 0.356219834507 0.344944450419 0.33348888302 0.345275107176 0.654824744262 0.678010341492 
0.324626020358 0.260737899678 0.3578609064 0.361415296317 0.477336525399 0.497055624402 0.719495690477 0.354089064193 
0.326002076466 0.262939912819 0.361717832258 0.373044997605 0.377593029283 0.508515956145 0.483591228986 0.696789294356 
0.330714103917 0.269202832087 0.485922806066 0.427172626086 0.496556398504 0.544067790583 0.643845700901 0.520274518904 
0.326456195452 0.268844612912 0.366745380584 0.37612578849 0.440575297821 0.655325814752 0.798620092064 0.231275549996 
0.323519959984 0.25991289299 0.357265591798 0.368308726828 0.415574840686 0.436348702668 0.66991224881 0.457057400247 
0.327386336573 0.265347537022 0.316938457516 0.466749257658 0.571766323363 0.56831672209 0.822341779688 0.190980898788 
0.325862489887 0.261194369059 0.358872894452 0.369771079876 0.550664884891 0.493852722195 0.619896269648 0.610626812043 
0.3260745379 0.262506273434 0.351419562523 0.360560732526 0.397516482401 0.510932677321 0.562870362971 0.616144184263 
0.324446986458 0.26058027994 0.358442139475 0.369051894982 0.409018987394 0.405073266668 0.405082377863 0.821333926047 
0.331769715234 0.265807942015 0.367501303382 0.37656517456 0.441739097576 0.643059756521 0.783732026998 0.221865883962 
0.291388713489 0.365829337828 0.132296874915 0.257224003491 0.307668708873 0.145075305092 0.270219513977 0.76863201252 
0.220116292089 0.48835746673 0.440645804188 0.458983388795 0.506802378579 0.51687420217 0.49226392664 0.730502543003 
0.324901479827 0.262387719756 0.35916993414 0.365878006748 0.455238431534 0.467599243304 0.637040988907 0.652575078618 
0.325375784766 0.262215240251 0.353476626448 0.447939631469 0.709380020339 0.595075431159 0.754044560856 0.131991831798 
0.32456222128 0.260657739084 0.358146863812 0.329624966783 0.624300237793 0.668590454924 0.74164075189 0.272655866505 
0.324612645791 0.260636572357 0.358792829226 0.3870394415 0.432533445328 0.287595749197 0.856400645697 0.221955625698 
0.326327004842 0.271496971875 0.36721551035 0.347218612325 0.385129284168 0.536376606926 0.591929766982 0.744438879492 
0.324691938162 0.260694681269 0.358974955062 0.380963065954 0.424810015286 0.310482983303 0.8296355093 0.207315805365 
0.329757710936 0.26769174168 0.365410053655 0.389451741515 0.439808653912 0.779740002298 0.737754169942 0.277091701005 
0.328527309706 0.262264501235 0.361317921878 0.373679200029 0.510575455522 0.568205210633 0.594361360436 0.692412251772 
0.333959823675 0.265315152341 0.365663403934 0.374853285236 0.436639248832 0.693250689926 0.844733526549 0.260448954463 
