0.532005498969 0.484651809609 0.451164633655 0.459744775696 0.425673622173 0.419709515871 0.53315744784 0.759713805386 
0.531965298997 0.484860274442 0.450804202375 0.460980452891 0.442244040323 0.380648653096 0.337231421879 0.888076317373 
0.539903169913 0.510140066496 0.48785033785 0.3849549528 0.348324779999 0.690876083489 0.696310281121 0.597248894387 
0.514334082193 0.453912128718 0.438487210577 0.599914654228 0.663332226978 0.576282348333 0.593869864226 0.547799366756 
0.53690262909 0.470623750308 0.434208553826 0.444842173926 0.343151723918 0.306082823917 0.840698892116 0.376339653609 
0.531921324753 0.484376513876 0.451900109652 0.461866492299 0.420583937582 0.463009563735 0.789855813347 0.528203335417 
0.529847985156 0.539940026651 0.479090177156 0.486795009641 0.693275356924 0.626743341295 0.68675034376 0.302479390166 
0.532016281746 0.4851272523 0.451227719807 0.471040912459 0.470554096176 0.493200943845 0.569371507359 0.609752190001 
0.531997573699 0.484901211698 0.450154269759 0.462792144702 0.408239289583 0.386368800226 0.793940925898 0.361993862682 
0.53092992287 0.480203024387 0.44660622151 0.474127251016 0.444336543239 0.538530551623 0.82359420098 0.0407985008159 
0.535463502606 0.486937624883 0.458867793578 0.438369313927 0.409613043808 0.800416754534 0.695205790096 0.0356311282271 
0.531951027215 0.484984009763 0.450913887605 0.464219112944 0.438385001388 0.270778598984 0.76459776794 0.46898433796 
0.531174241478 0.473225310437 0.472091136369 0.479176586826 0.463282727979 0.442296387548 0.84062594815 0.226959526685 
0.535500516045 0.486745464587 0.452449038029 0.450478205303 0.460757288895 0.547999868588 0.844566371964 0.410836057522 
0.526497888779 0.496185386726 0.479533355722 0.337924610864 0.28621405977 0.353723280222 0.289469715548 0.866079216888 
0.534298902783 0.488210052083 0.45228334865 0.463727649781 0.45725532177 0.459074731464 0.582103632612 0.645227628841 
0.546005541527 0.434791925311 0.542701484456 0.619765214935 0.611307216375 0.646722792394 0.797358347608 0.331511008727 
0.531675648963 0.484478851408 0.45308813144 0.449242341857 0.384741643512 0.619292494663 0.731090478505 0.338316589267 
0.531576966834 0.487518337089 0.456770196553 0.436761963284 0.350404905454 0.376432325194 0.613640730265 0.711544049797 
0.534130391776 0.489428925169 0.458919688171 0.468084473869 0.461527180874 0.494898619574 0.535951898692 0.562564728378 
0.535094494857 0.489145176748 0.455518704992 0.464688350433 0.407590295968 0.566293366595 0.844114901968 0.168757820239 
0.531868202001 0.484693615988 0.451121088792 0.461252409013 0.426845193827 0.369584064678 0.502583467728 0.824291350362 
0.525841639405 0.457112464692 0.431061188892 0.436960720599 0.548031555943 0.52991157813 0.72002508666 0.47178499379 
0.52271809473 0.475811936 0.431820986115 0.429293998021 0.628922043908 0.51646975678 0.648665556243 0.523532441069 
0.531967135215 0.484945008505 0.450625245436 0.460559903266 0.430077101696 0.41684378249 0.59099326714 0.709100482208 
0.527239802481 0.469224637606 0.593631818821 0.577305834979 0.138885251703 0.309358815123 0.140557320051 0.751172373588 
0.536631701251 0.497380864537 0.459990366365 0.583728231495 0.576689734283 0.490340575084 0.503994996244 0.791107514147 
0.539557572242 0.49417988616 0.420085165294 0.593926824753 0.601276378381 0.7295012692 0.661241408655 0.475763456969 
0.770811576116 0.647278719524 0.644091431175 0.608705545768 0.532395806974 0.788561846946 0.656392635146 0.544861073422 
0.533179679262 0.485931890867 0.453241485276 0.467431108167 0.431170610987 0.387459819658 0.682069420588 0.634040927025 
0.529221906072 0.498431708289 0.457922457159 0.50949352707 0.546532734906 0.502808400664 0.602224074871 0.777111607188 
0.532874989036 0.485595309756 0.473875179778 0.504454786986 0.521127957432 0.551574573205 0.678864398061 0.312727414103 
0.531603759419 0.484560792331 0.473169247517 0.533948720328 0.485868979971 0.556916854247 0.682595924376 0.310048316771 
0.533043858871 0.480455584908 0.444255949284 0.550057014514 0.549889043616 0.486907488229 0.771505916715 0.308259305475 
0.531967993465 0.484735783296 0.451093877275 0.470127998752 0.314062260661 0.331079840124 0.686478338635 0.576871455821 
0.532007001505 0.484939367422 0.451111320575 0.461482751133 0.427462482214 0.400472725373 0.74156751539 0.332498426463 
0.533671394688 0.506333528897 0.412722147831 0.557840648786 0.636395276061 0.610578317339 0.738600719447 0.240124500915 
0.531221531727 0.470693100792 0.43743988493 0.446633687247 0.412333350262 0.763134208269 0.688453658297 0.209420518759 
0.529319149019 0.46583533847 0.421806858998 0.443827893625 0.413226581064 0.345466808161 0.696715869135 0.774924061698 
0.530699098979 0.489356012864 0.423205292342 0.442764730031 0.380798255087 0.841387914485 0.680564631052 0.0281882304454 
0.541918047077 0.492929563334 0.424223529651 0.420508246523 0.403491330196 0.514689073605 0.469572488819 0.78212778865 
0.532492650603 0.485849592298 0.452050474927 0.462148964619 0.427742856557 0.505078654968 0.620702935327 0.663684186788 
0.499617135523 0.431802216577 0.361511274628 0.40036443335 0.331545822588 0.737642394824 0.665851629676 0.272921701041 
0.53196789181 0.484735625766 0.451096140403 0.469928887574 0.31494658058 0.331569728982 0.685907308927 0.575369450643 
0.535506669336 0.489677673647 0.456088877517 0.465084228562 0.406092830563 0.568500846907 0.851311496838 0.17157072012 
0.531965737194 0.484929414661 0.450662410046 0.460662041772 0.429110628484 0.415294806971 0.597139015487 0.733873698699 
0.530883566645 0.482399692272 0.448570426322 0.4663710454 0.446524170725 0.374177863988 0.591866294125 0.824162827487 
0.530674778168 0.481367407573 0.44705704784 0.370177934981 0.646448823916 0.748279450106 0.696161466202 0.131184702566 
0.53194384832 0.484676785519 0.451302475403 0.461448488926 0.422830492574 0.464947969378 0.753575415451 0.477887264249 
0.531881532565 0.484715847698 0.451076400332 0.461225445628 0.426825628407 0.369810064172 0.502420103402 0.822332593015 
0.531950321225 0.484976776995 0.450906331228 0.46496607253 0.441360371362 0.259911529058 0.773365645517 0.48335195224 
0.524424171967 0.525182722672 0.472389727195 0.60127381488 0.772902520511 0.680827699761 0.647841448915 0.503813534868 
0.531951027215 0.484984009763 0.450913887605 0.464219112944 0.438385001388 0.270778598984 0.76459776794 0.46898433796 
0.531119805224 0.454170209371 0.422693817174 0.431896697253 0.399044293135 0.80724222852 0.701033160937 0.228344122331 
0.520540621888 0.474014610882 0.42766936182 0.422635449497 0.642595551836 0.518977627311 0.656723202863 0.544311514129 
0.532797142673 0.494358977036 0.407898095545 0.434213968899 0.358098574671 0.889708850251 0.687959334109 0.0306136569138 
0.534064505664 0.487873121101 0.452133898807 0.463459268084 0.454189044797 0.454297807036 0.804719175782 0.208096338166 
0.531742915224 0.484443031032 0.450282119082 0.460621103652 0.426299536473 0.510764148581 0.632352085008 0.701794507161 
0.530912514658 0.483975610018 0.448329437806 0.47868752124 0.443196820263 0.676826893782 0.664255407819 0.0276378113824 
0.531967993465 0.484735783296 0.451093877275 0.470127998752 0.314062260661 0.331079840124 0.686478338635 0.576871455821 
0.524089217856 0.447515079804 0.425219762704 0.430489818412 0.559521292195 0.537625918396 0.741316282497 0.505294728983 
0.533489650118 0.477992647725 0.442691400624 0.452264799544 0.388267141054 0.359654352187 0.766176580594 0.304942598909 
0.538165087906 0.504604619289 0.47973873084 0.401612820464 0.382241017503 0.862675325699 0.716686351625 0.252603866137 
0.53955547749 0.499876558279 0.50564139844 0.535316062085 0.558653151564 0.648681413396 0.635480609076 0.385459992061 
0.532492650603 0.485849592298 0.452050474927 0.462148964619 0.427742856557 0.505078654968 0.620702935327 0.663684186788 
0.522337887127 0.472880398211 0.507597251718 0.654179706888 0.537049343999 0.675582590994 0.595448124294 0.53022791839 
0.532039014596 0.484985725845 0.450847055543 0.46045505329 0.432004185487 0.419973187153 0.578558007543 0.659152027872 
0.528798965912 0.480514907739 0.446353497881 0.472935712285 0.442408062685 0.546418992807 0.858765959525 0.0442786641843 
0.534362146473 0.486251111858 0.452010833803 0.45193395152 0.46061891449 0.539224593766 0.811126580844 0.379178261925 
0.531947748739 0.485027089331 0.450450183509 0.483424181027 0.263442888059 0.304546845679 0.717989689569 0.661897569077 
0.532233005703 0.485025062548 0.451882235063 0.462487111421 0.429204369357 0.388345359474 0.764091191936 0.355930190659 
0.533245509986 0.487307938922 0.453920503207 0.463902714315 0.429522869785 0.498366652732 0.607011490352 0.618893829774 
0.532016281746 0.4851272523 0.451227719807 0.471040912459 0.470554096176 0.493200943845 0.569371507359 0.609752190001 
0.533602510344 0.50431347121 0.414982290692 0.555319100731 0.630572313653 0.60696823381 0.734189667528 0.236286410376 
0.544482512588 0.494697049094 0.420312704256 0.414712639917 0.40127811774 0.519879644025 0.469828479269 0.815306680554 
0.531831783579 0.484434298444 0.450181278689 0.47168418705 0.487095862792 0.522577360571 0.611910949838 0.78844166559 
0.531616806386 0.478240579553 0.444558163833 0.454319820183 0.419990882675 0.575684587155 0.543250920742 0.649583304938 
0.531966096223 0.484934292832 0.450651840983 0.46063241797 0.429359921875 0.415693270557 0.595558550086 0.727497863177 
0.542061098063 0.511950844905 0.470685277483 0.726393885368 0.751122096161 0.582061701961 0.786424902976 0.281938443587 
0.531800991219 0.489074103015 0.452962525543 0.463025895521 0.345470456248 0.349243024881 0.665558764304 0.522903809557 
0.531610224371 0.484649101544 0.45064817279 0.467227814114 0.44131360416 0.532776745595 0.636621842402 0.630359011773 
0.531381800574 0.46370279284 0.431424200283 0.440955240043 0.407636311511 0.684281336921 0.602345837767 0.604604617837 
0.53330271206 0.485715213375 0.453881180283 0.450975087289 0.41874833562 0.767821467313 0.687260777777 0.0334709596059 
0.532297536881 0.485988389419 0.451518195545 0.503476783461 0.468256770903 0.529338114047 0.537307449164 0.631557236289 
0.547417155662 0.506808219169 0.484332917309 0.517427311672 0.493364246321 0.472188142771 0.75051444393 0.271523926301 
0.530898145842 0.471518087246 0.477675141931 0.476753042229 0.465385939379 0.444980068014 0.821113509881 0.216699270706 
0.531832133582 0.481215544528 0.448251099374 0.450784915368 0.46694550273 0.443582941083 0.703172502643 0.379462748493 
0.531950677681 0.484965905058 0.450895986428 0.465455251694 0.443346328026 0.253010340452 0.778914035123 0.492513226061 
0.528957853907 0.498356798035 0.461341172976 0.543346758746 0.535918362626 0.480499588331 0.497145165192 0.653318151536 
0.53246644995 0.482804630175 0.447748951447 0.502506387646 0.484074411621 0.446605588119 0.581601139017 0.646825387706 
0.638116833785 0.561849523327 0.575706758464 0.700663346476 0.568014955563 0.53174776454 0.653635634391 0.50974169399 
0.531956573371 0.484915866957 0.450918850421 0.46496607253 0.441360371362 0.259911529058 0.773365645517 0.48335195224 
0.531950512327 0.484982031401 0.450911589895 0.464574841431 0.43979313706 0.265548334812 0.768822713519 0.475890423619 
0.530978096032 0.479628069203 0.446500917565 0.470037766434 0.438198875482 0.565904630182 0.94632670049 0.052947591367 
0.550216186935 0.425335986861 0.551780114429 0.63560472748 0.625344740967 0.661771945659 0.816908330316 0.35021379769 
0.532248902246 0.48523460206 0.448167400502 0.466646656281 0.389318170261 0.362060409147 0.848382448846 0.415741047044 
0.527454987405 0.508315329075 0.466537031742 0.567528725384 0.735368030983 0.666514078825 0.693261112064 0.0617107869915 
0.531985744205 0.484954442592 0.450885906169 0.4625300664 0.431939372689 0.29755553674 0.742793463311 0.433892661921 
0.531989089958 0.484871531005 0.45088921807 0.461184010921 0.426933898831 0.406553565273 0.730215340891 0.320792771642 
0.533636155728 0.487216465434 0.45343190922 0.463181008068 0.413831135792 0.557202268437 0.814634616584 0.157235608 
