0.537674355765 0.372020416265 0.421767716773 0.421240732678 0.445389751912 0.460551748668 0.507704129786 0.759557221038 
0.540348031687 0.369780334305 0.475943583212 0.47615003459 0.495217219198 0.560698238811 0.801234965329 0.0116597383144 
0.541638393829 0.379237459065 0.421010543714 0.420338076488 0.383019225726 0.37952682575 0.366259496625 0.662532809201 
0.543076779377 0.375330283334 0.413052154063 0.413982285748 0.435331628792 0.448404437122 0.743457825636 0.534379319547 
0.543029305302 0.375307338329 0.412944096137 0.413557865986 0.434372915258 0.440495621908 0.440566308232 0.685170226112 
0.543003363689 0.375948578489 0.41396601929 0.414245862028 0.435066741977 0.448295116672 0.399181763484 0.628099201556 
0.543105183228 0.375358812092 0.417727233943 0.420671936474 0.412581256514 0.414836212598 0.392270493741 0.774413887472 
0.538055023453 0.368315243026 0.317429194526 0.299992723013 0.383228690236 0.332067322193 0.742680743256 0.57114389351 
0.543061962179 0.375447174162 0.412174492115 0.409688627535 0.414512132995 0.526035243109 0.653834642742 0.468226049397 
0.541615049877 0.373763684115 0.418439272904 0.39293357567 0.418736073649 0.508752153963 0.544415414513 0.639405699897 
0.545503217886 0.376093988551 0.414689196654 0.425914050083 0.405965808181 0.340911333098 0.658632510225 0.783215263103 
0.555489762393 0.380821055724 0.427671461575 0.433957286152 0.481163389043 0.48409831831 0.742972067978 0.449016371548 
0.543377466043 0.371314635525 0.395306373219 0.395649364734 0.518209029501 0.242733741858 0.283037073332 0.579842071536 
0.546300159319 0.357710194916 0.402956685927 0.398424844888 0.498974592971 0.28232482997 0.880116236084 0.0450182078995 
0.540928652258 0.374677385831 0.397750131011 0.395375456459 0.530127669661 0.236068633188 0.274932239756 0.634665024116 
0.543429456531 0.372572173012 0.40345410372 0.407204499026 0.426298012006 0.566658986812 0.535171009909 0.609325926391 
0.547346224219 0.367494561272 0.454354952642 0.428758958273 0.522643294298 0.735080939014 0.727778773192 0.434264921968 
0.548733562653 0.377271342118 0.426454629011 0.42650531312 0.327322554445 0.382247349447 0.872154608474 0.309816329903 
0.552290917387 0.381333934157 0.420566411232 0.423526319652 0.4010102716 0.547741813969 0.774266357213 0.412667287699 
0.542491547087 0.375040211078 0.412618550749 0.413100387635 0.433529215703 0.450845681262 0.474135485881 0.602584237506 
0.543156156123 0.375406376533 0.413403147737 0.410319077046 0.459270098994 0.50930836083 0.663804404136 0.5058461754 
0.543018440728 0.375289616543 0.411822485676 0.398687387104 0.412832651413 0.720041120526 0.734975584389 0.469027661094 
0.651611372625 0.418076992812 0.487923401061 0.698677565856 0.599453815111 0.876063128256 0.690276162887 0.286930841684 
0.544187541626 0.378618735611 0.418824249567 0.50850162427 0.594027170572 0.744691096809 0.695234235441 0.0827614402343 
0.544293480921 0.375808493536 0.410218013123 0.357769061644 0.327721758367 0.376938197577 0.259350026961 0.615158426919 
0.542272804185 0.37993561479 0.415982808488 0.416417536207 0.403436149842 0.300413199753 0.320416763579 0.582569810264 
0.543010849204 0.375333518674 0.412966397671 0.414035582227 0.435443380652 0.451373031508 0.465200058599 0.708089992529 
0.587702914334 0.388327942699 0.432541048714 0.428344337129 0.477376095423 0.735581692585 0.806393106028 0.217361972482 
0.466272266044 0.348500894138 0.528390170217 0.49600741025 0.550149033917 0.577111939014 0.604548093149 0.561813368864 
0.544429593916 0.376460274 0.436247543834 0.454978127661 0.578280801926 0.570475399443 0.705132459829 0.376335296981 
0.57741621257 0.406660837345 0.436359972734 0.455948627297 0.512881417925 0.529458012584 0.558030621377 0.518738816808 
0.546668743471 0.376414522542 0.421265997038 0.43406490141 0.459038377959 0.769432095497 0.737869372235 0.112651567355 
0.54989709578 0.378573343378 0.418890443548 0.423807622316 0.441340079284 0.386109791087 0.699703627707 0.520596141043 
0.54352549495 0.375471272197 0.413516952527 0.412087919313 0.440049140236 0.444763298777 0.36139893802 0.709691546923 
0.542293578145 0.373198742653 0.411162948721 0.471765879817 0.476216735657 0.730206238934 0.710472033644 0.0597804645209 
0.559345359206 0.382846264807 0.4247430503 0.384519357312 0.423398398878 0.749304863939 0.899827366351 0.241426313336 
0.542974663258 0.375399209142 0.397379773054 0.444892230736 0.328603479265 0.361848351102 0.774229629188 0.480308780746 
0.543026966107 0.375304220824 0.41282761593 0.413444890922 0.430822887563 0.489099150085 0.70814161289 0.387056154948 
0.543216375701 0.374752145921 0.415215641522 0.41499532597 0.439359004672 0.45031054658 0.450856869953 0.642152638841 
0.542917982602 0.375209683805 0.413197286627 0.413042107012 0.428301136266 0.436852099135 0.412398287538 0.711926398883 
0.541437874942 0.373810881709 0.408669584048 0.431044216232 0.442255866619 0.507141031631 0.738668950092 0.478440933088 
0.54558615575 0.376523858591 0.3988941704 0.391395397534 0.409710543606 0.36221449308 0.345535630689 0.699616452583 
0.537663706631 0.383994863266 0.438109019647 0.773100467189 0.630758699172 0.58314152268 0.578520496901 0.626202030676 
0.543993002468 0.375878974959 0.413443592407 0.404255485421 0.421391188049 0.415990524485 0.17707849753 0.623972411031 
0.543553036697 0.375593668313 0.413487766628 0.415486271969 0.43582454467 0.435124562928 0.597365892106 0.681653768249 
0.542921844876 0.375775812984 0.413551622823 0.414264597666 0.435423828453 0.456055287497 0.863514759756 0.10051095754 
0.545016857658 0.376269061465 0.414246996477 0.420986284348 0.485654321397 0.532756051548 0.654051098043 0.346193271436 
0.551530613898 0.386251677702 0.421876922813 0.422075190959 0.34974524191 0.724480292008 0.751501531406 0.244677196644 
0.490259021257 0.303254617818 0.370221949043 0.382762635814 0.407525391623 0.395234617728 0.611370861612 0.666929334559 
0.543211783845 0.377165056365 0.422858467788 0.420409585061 0.439744715917 0.464961741451 0.822076702746 0.079795497841 
0.539809033869 0.373571447316 0.409643160763 0.411704541511 0.428589372499 0.434675112544 0.856685627026 0.236455769824 
0.543025793004 0.375305099389 0.41296193483 0.414035978363 0.368879702362 0.686282391124 0.66995159922 0.367169440342 
0.543418029907 0.377520509488 0.434076285051 0.467902967852 0.460029094175 0.532836361504 0.188927410009 0.631599670367 
0.3100517319 0.262009255966 0.345721195115 0.3631190179 0.773141563565 0.597810692746 0.630115190373 0.640193341983 
0.543453143414 0.374476560701 0.417488850128 0.420635325725 0.442553659669 0.458005749212 0.824246268163 0.00214204558033 
0.554495841322 0.383292634058 0.437623756269 0.441968550992 0.371865273991 0.194520108173 0.251173039577 0.612681417427 
0.543063161184 0.375378803064 0.412994095098 0.413856103198 0.434370766727 0.444667144932 0.556081129059 0.635631355112 
0.666837670507 0.412944694374 0.479794572024 0.464536588385 0.695014352472 0.661575615576 0.731543742776 0.32737874116 
0.546181757124 0.361770870573 0.398739556429 0.521948171392 0.49951108263 0.569760990562 0.726804269262 0.363591306398 
0.54301993089 0.375302667081 0.412886941267 0.413809426274 0.434327677051 0.440440371012 0.566979052265 0.792062357297 
0.541676842635 0.380914655333 0.219624453594 0.238926689397 0.352358035839 0.352349151911 0.196449571882 0.679780094224 
0.543142049115 0.375487694603 0.409983073724 0.407000572318 0.426969802584 0.474488463981 0.752403148908 0.422493902975 
0.543904586882 0.375716562749 0.425308329964 0.427047245876 0.441483284175 0.389088241394 0.348069163829 0.803729348174 
0.543045501544 0.375486222331 0.41247865133 0.411197326602 0.53220247073 0.602841796511 0.644169412187 0.548259749177 
0.54333406253 0.373222499649 0.405710793169 0.405126720975 0.410447991654 0.426082029953 0.667679011046 0.539588221444 
0.547747254735 0.366768988957 0.458201091144 0.430170906426 0.371898922071 0.194810654457 0.251255166011 0.612146161256 
0.661779005831 0.405263063824 0.591339234686 0.514399370771 0.665100176787 0.716702240062 0.632315023093 0.553660010238 
0.590305569375 0.390661935059 0.428849037937 0.328768615853 0.345034697277 0.707109193557 0.63790555681 0.463940404408 
0.540348031687 0.369780334305 0.475943583212 0.47615003459 0.495217219198 0.560698238811 0.801234965329 0.0116597383144 
0.549131006797 0.417637524605 0.438457551321 0.431148047479 0.496468691911 0.297585076431 0.331632140749 0.649520512623 
0.546461486543 0.368543978898 0.45287938029 0.428941400847 0.519053224284 0.7184939671 0.718804837332 0.416124912622 
0.543010849204 0.375333518674 0.412966397671 0.414035582227 0.435443380652 0.451373031508 0.465200058599 0.708089992529 
0.492246400366 0.306022906085 0.371460103895 0.383543099965 0.408127785297 0.396319655169 0.609944353842 0.660716864551 
0.543029342199 0.375290771427 0.412922817833 0.413243418071 0.432241886644 0.556664525873 0.523647265552 0.636031018847 
0.543135571172 0.37547708631 0.410010670915 0.407073672938 0.427026425897 0.474829021564 0.750292447155 0.419750687948 
0.543641509788 0.374202862204 0.41592838841 0.415200978464 0.441013494388 0.453240982377 0.454230969753 0.786637043505 
0.544586380569 0.376360986206 0.509915551409 0.467956632359 0.745095661907 0.687013100075 0.754373382784 0.36282654417 
0.543276630873 0.37549399553 0.413873690313 0.40889485208 0.460081268899 0.513650923118 0.683457067926 0.548324312027 
0.547927953524 0.381600089291 0.418334369634 0.418794089099 0.366573643842 0.704130168259 0.738112931024 0.230986731268 
0.543406065853 0.375448382997 0.413120147541 0.41573595823 0.502491251811 0.556856159598 0.702291621097 0.42470379172 
0.552962714277 0.338787413337 0.394413165721 0.384638962777 0.534586405851 0.234885947768 0.926762509913 0.0508472173125 
0.534894507888 0.419052151501 0.43777089824 0.451173907093 0.465984703727 0.511825146832 0.557213874181 0.705618638179 
0.543031142562 0.3752806331 0.412910521381 0.412813125702 0.42893532392 0.566378325735 0.525991031352 0.673787428025 
0.576361313391 0.390056817749 0.452339148016 0.468126388963 0.473537915244 0.781404724919 0.72720519336 0.0666866231415 
0.549449772392 0.386340009295 0.385232550296 0.383841093032 0.416800765361 0.349105347858 0.161798289283 0.646220115975 
0.540357364808 0.374516691891 0.411455638893 0.412521753827 0.425438452222 0.61827774887 0.709464289305 0.624864495642 
0.543493552344 0.375461659302 0.413481486587 0.412161182758 0.439840129194 0.444620365086 0.361838348529 0.705286545485 
0.543767635088 0.375648415498 0.4134781522 0.412240842717 0.433727878647 0.454296374078 0.345395906383 0.871955237253 
0.54302300914 0.375313467048 0.412948892236 0.413930607441 0.435202083826 0.452643491134 0.469071788433 0.795553618631 
0.542951949558 0.375236671026 0.413201328248 0.412827351831 0.429147790781 0.436830677619 0.415545063237 0.610835528995 
0.541312080034 0.37370359874 0.4083373295 0.430840255482 0.441874573163 0.507906708189 0.748555123674 0.493609764909 
0.542912170561 0.375267543746 0.412895590128 0.412553412864 0.511434003022 0.569720430056 0.728093553935 0.46672250014 
0.543258444231 0.375388010324 0.413216391993 0.412751705086 0.437996063403 0.443315526477 0.365781948103 0.665906418503 
0.576128869494 0.396617566676 0.445238109732 0.625865543942 0.636278976559 0.588761231844 0.602469397901 0.577396185971 
0.543372547458 0.373455498086 0.411892826181 0.411964516959 0.441031033443 0.445426097671 0.359342334071 0.730350629893 
0.543035311454 0.375309635923 0.412952371557 0.413518092523 0.434518345264 0.440559258826 0.373709222736 0.587732045786 
0.549449772392 0.386340009295 0.385232550296 0.383841093032 0.416800765361 0.349105347858 0.161798289283 0.646220115975 
0.543004934532 0.375255335542 0.413592285248 0.41410932751 0.425421098325 0.483079712622 0.78023073916 0.486031312493 
0.539414680444 0.373365055553 0.409252116963 0.411494947394 0.427933357018 0.434039210421 0.858961482033 0.237738627046 
0.544065799889 0.376220026393 0.41055752747 0.418393009399 0.489852550278 0.815531406335 0.738150143067 0.0713504043813 
