0.291270396024 0.504985209631 0.401372503324 0.444537185816 0.521915163579 0.531570360546 0.515099167264 0.616103258463 
0.266226851942 0.617230812484 0.505546753605 0.572517859363 0.616844496015 0.586051856628 0.661358719862 0.648727640144 
0.290231217315 0.512705268005 0.331243830253 0.344066456305 0.402805872701 0.765082011587 0.68842590482 0.333147720408 
0.288783809994 0.479125646701 0.300097364648 0.367049545934 0.212014442539 0.217299970187 0.246556075392 0.828300741631 
0.291031551676 0.505600752263 0.373277571218 0.402327229011 0.424777401014 0.407359492309 0.756146249338 0.375155607611 
0.290641306996 0.504408052616 0.371800079073 0.402199435917 0.43194734459 0.763450071439 0.667715718443 0.248629327008 
0.28888786321 0.502674800129 0.37011891827 0.400742463874 0.423973394719 0.697034497362 0.620071093701 0.444651023246 
0.29236077092 0.508407441811 0.377560509804 0.407480296982 0.5127756847 0.458535560545 0.698805098034 0.666646835708 
0.289610826661 0.504328959616 0.370365559453 0.399121501704 0.433714628543 0.54246995761 0.572484779101 0.542753013738 
0.290831943077 0.504648446381 0.37214159564 0.412230584035 0.454146252511 0.432068861012 0.83191511773 0.401558040103 
0.291166672167 0.506032193093 0.373657356411 0.40849663687 0.506685763092 0.47914459546 0.639697629006 0.565593263153 
0.283978456393 0.49122859047 0.359678964687 0.475999436246 0.482618519108 0.647031442957 0.91716410989 0.17409320577 
0.299481198615 0.522012109079 0.392513851437 0.369153722739 0.337445340146 0.350382692717 0.722644021865 0.611368158183 
0.288224788672 0.518171758451 0.385773226214 0.376432586827 0.516187289454 0.786893521974 0.685367409375 0.373597369306 
0.29210424926 0.499472201562 0.386462537443 0.429069951249 0.460963624868 0.766906411875 0.674735681736 0.586996824431 
0.300128517423 0.465448369084 0.32288814745 0.377516864191 0.417866422779 0.401503879834 0.318975176861 0.804728458506 
0.291036895482 0.505768172948 0.373552919829 0.400454275113 0.423947413823 0.413671146506 0.391571131976 0.688945013408 
0.291072196354 0.505668454423 0.372421817716 0.392907011402 0.430704717852 0.357525425345 0.273443744446 0.737757974167 
0.291219109938 0.505803299984 0.372039463267 0.398918033527 0.500674085262 0.465722753218 0.22592022631 0.594649748838 
0.291068785663 0.505649515376 0.373320199358 0.404299328356 0.425615669312 0.408336101109 0.315242744562 0.720659523766 
0.291076141343 0.505720920565 0.373792029992 0.403544325866 0.446446922178 0.385401911988 0.885188622741 0.0604685533177 
0.286843580868 0.493703500359 0.362556872099 0.336284033154 0.673734665692 0.6639436924 0.748272487275 0.00937954976846 
0.291161729778 0.511573088111 0.420772027494 0.51427894892 0.602506620825 0.607133095612 0.748619869598 0.12728499546 
0.291025292321 0.505612692737 0.373278929401 0.407239054814 0.442384464433 0.524440319912 0.529464886999 0.589605023929 
0.296822259799 0.511005872271 0.379158993409 0.409660536509 0.445998783413 0.66161198361 0.716673103952 0.443670875084 
0.291729185456 0.507079652205 0.374235783101 0.405110691526 0.44352082405 0.656305668145 0.755379951592 0.404199676135 
0.293944154048 0.478735917318 0.315316244634 0.371363687501 0.577784318314 0.647052737496 0.703632156812 0.352911657052 
0.290861725996 0.505250152816 0.37483553684 0.399958468963 0.486191723693 0.308582558791 0.813262933871 0.343799202838 
0.291226713514 0.504512755129 0.372666696791 0.401361541206 0.448923590056 0.435415103514 0.556584910137 0.730496260948 
0.294459559966 0.510382137475 0.357779011381 0.391779433428 0.368065608096 0.82175097722 0.684928479931 0.133289244392 
0.291881493198 0.508104633426 0.375206567677 0.412142606001 0.382094566427 0.687331358652 0.738727812872 0.277545996357 
0.290972737072 0.505563419149 0.373271140391 0.402716707429 0.451527656937 0.511448127754 0.743030061735 0.319518491057 
0.291081283163 0.505629323418 0.373635641771 0.405373547019 0.441173459248 0.369580103536 0.791450842445 0.315675368034 
0.300814103289 0.514807936162 0.329972216205 0.374700528306 0.414129408667 0.326019200077 0.830574832692 0.250980987256 
0.290754304354 0.506982580118 0.410036212021 0.24582822663 0.370924848043 0.137679367732 0.204624401485 0.549872728251 
0.291188641577 0.506029836961 0.372118616635 0.433139503747 0.521964595348 0.575672788708 0.5148384887 0.729052451331 
0.291098941358 0.506251328266 0.370665199597 0.392093773285 0.528663548601 0.674025465073 0.752041903699 0.141434906096 
0.290820477048 0.505423027445 0.370546673728 0.410920210844 0.559544983789 0.536825546175 0.514572007495 0.607134001951 
0.305778640828 0.556140106994 0.426970342696 0.490075522865 0.609703788366 0.627794867045 0.649796601776 0.485492525125 
0.29707540142 0.525828014285 0.506074842943 0.444422914221 0.579187379375 0.644026870681 0.87317330441 0.208617423939 
0.336335547729 0.535751249044 0.412056489645 0.527236418824 0.637557721926 0.625348763415 0.873840904331 0.0537891333262 
0.299009543631 0.466899012666 0.338925304319 0.382980983972 0.341130696211 0.338135828623 0.864418280436 0.0671996179885 
0.287963025644 0.497451349481 0.361822355616 0.380001784407 0.423424565213 0.408692296917 0.556858101243 0.734085367673 
0.291133684476 0.513628685289 0.400852154883 0.43856685526 0.342600323527 0.333360516013 0.303340596735 0.620817102312 
0.293106955671 0.514495366483 0.42910353379 0.489108183216 0.579828968418 0.874595812357 0.668721221357 0.155218807002 
0.292361428473 0.507295775897 0.378140841482 0.407071817449 0.456672691061 0.348986429374 0.355091588821 0.643659712074 
0.291807020383 0.506948317851 0.365847540501 0.400974812134 0.435211882945 0.418595588428 0.458451326734 0.684001519012 
0.291930476045 0.501277301857 0.394877490596 0.363787945661 0.657709641085 0.569668832942 0.749212772821 0.302420202588 
0.29116320779 0.505817231368 0.373441719882 0.404344686845 0.444584039386 0.441866369702 0.883424421213 0.149869596142 
0.299810331326 0.512320390435 0.402758949319 0.585484560527 0.631289188467 0.650797114218 0.696023270282 0.473086667126 
0.292165094795 0.508610643527 0.37695970736 0.398327983072 0.431186804448 0.45368396849 0.912517290719 0.176413203729 
0.298448953521 0.51288546339 0.341532680572 0.656295851559 0.594228665309 0.601438005172 0.803178265486 0.190314806878 
0.30305226775 0.533380230083 0.408546792879 0.427397748504 0.249503169024 0.318322480906 0.176031206374 0.557103594411 
0.291655257219 0.506562284492 0.357274520297 0.382158714766 0.410109077973 0.753276766053 0.645972548036 0.248046696063 
0.290100236791 0.503433862481 0.413982933707 0.453097731905 0.490716458904 0.501259193726 0.769938353317 0.226226937481 
0.291371194591 0.506226547304 0.373913627073 0.404990468063 0.432445245343 0.453833928379 0.302881488522 0.695826989179 
0.291004317482 0.505561036111 0.375267229048 0.408253705403 0.412554369263 0.374103599888 0.364493538688 0.563765559548 
0.291726084036 0.50660845915 0.366521486576 0.400008849449 0.436445351771 0.404097010821 0.530664147296 0.744634708198 
0.290734321603 0.505072537103 0.369535744279 0.410502770633 0.443983616439 0.434721438614 0.498891509823 0.72926598496 
0.287164607085 0.50174716962 0.370686223503 0.448790384346 0.307552564692 0.770443299632 0.743501403641 0.0257684149016 
0.290649101675 0.509388465458 0.377411119966 0.411846736032 0.446706086174 0.432356125699 0.517234404686 0.658997533458 
0.291089290812 0.50557087922 0.373209368772 0.404103020383 0.44168818767 0.586880311341 0.805379734678 0.282658464933 
0.293796973222 0.508257671446 0.376630625037 0.409125022701 0.649550066755 0.603346538341 0.624567100541 0.338868665101 
0.291072779974 0.50566654662 0.373359501279 0.404224699889 0.439019895655 0.424599766422 0.430385286467 0.733700064864 
0.291072773591 0.50566653759 0.373359410869 0.404224316006 0.439023241131 0.424590076813 0.430417116885 0.736497782529 
0.291076445532 0.505728735311 0.37386476791 0.403446305646 0.447119556304 0.383042040984 0.890134802433 0.0611315150197 
0.291243350046 0.505993986377 0.371553897219 0.402213067013 0.403514571605 0.383495392288 0.543539174967 0.826673868453 
0.291499959534 0.506327932927 0.359404064243 0.385040262601 0.413697102527 0.745263546253 0.645164570889 0.243980518756 
0.290837384302 0.506470741446 0.370347827829 0.410781357128 0.398422758739 0.37379599295 0.292751548575 0.727425656738 
0.286861635908 0.493758737766 0.3625933425 0.336743793832 0.673130189237 0.663523370051 0.747906138789 0.0093653416046 
0.291092587643 0.505685617402 0.37357967465 0.403686799058 0.461859628337 0.348921327484 0.770159298916 0.301213043554 
0.291025292321 0.505612692737 0.373278929401 0.407239054814 0.442384464433 0.524440319912 0.529464886999 0.589605023929 
0.291032036283 0.505579173283 0.373306782687 0.404164105395 0.438803299533 0.674815106384 0.774418511017 0.429613920801 
0.285499793686 0.441045525034 0.194984923196 0.313723722587 0.793838056993 0.604272541002 0.861198558128 0.417924457657 
0.292014198424 0.507653547833 0.375013649946 0.405834383265 0.43346140574 0.468747967035 0.550255433968 0.659494320804 
0.291585741608 0.506146055126 0.368738891092 0.385653091068 0.654895027126 0.568485710211 0.745872098445 0.298991222303 
0.290996003556 0.50622750342 0.370549917362 0.390562880578 0.529705530388 0.478617410562 0.205507815154 0.670040045127 
0.291076141343 0.505720920565 0.373792029992 0.403544325866 0.446446922178 0.385401911988 0.885188622741 0.0604685533177 
0.292383251242 0.510068288966 0.402333871148 0.624463091485 0.662926205627 0.678049853074 0.717190011809 0.523317095275 
0.291930476045 0.501277301857 0.394877490596 0.363787945661 0.657709641085 0.569668832942 0.749212772821 0.302420202588 
0.290079684395 0.504410960606 0.369672315015 0.401036543149 0.425373446064 0.693588685949 0.619418412514 0.440788455682 
0.293826026209 0.509549788632 0.359600689532 0.393090054488 0.378291620515 0.804635479318 0.6820508713 0.129050160231 
0.289610826661 0.504328959616 0.370365559453 0.399121501704 0.433714628543 0.54246995761 0.572484779101 0.542753013738 
0.282056803083 0.489993877599 0.355299298073 0.330045284925 0.724958670823 0.59562641872 0.791613966246 0.236582901809 
0.29106270545 0.50571018084 0.374041465546 0.403052867928 0.59749982862 0.557153079676 0.516845499663 0.705989692643 
0.290181966162 0.50479467702 0.372667463587 0.401451091888 0.449256331571 0.435910171365 0.552808026926 0.710337035252 
0.300266881787 0.465147697566 0.322566942638 0.377415514007 0.417819608689 0.401468986329 0.318586236357 0.807731508385 
0.291077509701 0.505687006804 0.373372733722 0.404926838811 0.518885216702 0.482324628722 0.671943010897 0.648078848887 
0.293974741955 0.518261639244 0.420909076889 0.461625881291 0.317754130827 0.318066566684 0.290919629673 0.716129786008 
0.292911848961 0.508844829987 0.381681110553 0.407392351934 0.443532958268 0.409311443768 0.553376132776 0.707291747534 
0.28955225968 0.503873362005 0.380309642723 0.377959419315 0.422004079144 0.354524634654 0.305118468482 0.827313968375 
0.291727904454 0.506959311275 0.368767514114 0.41744078835 0.292736025675 0.784348716831 0.750147106557 0.0265874449933 
0.290905083811 0.505415448683 0.376116104183 0.410235312454 0.409800147195 0.36924632309 0.362307703386 0.598404017746 
0.296980224573 0.472686315936 0.330697364187 0.380071553674 0.419057533995 0.402347703975 0.328345715268 0.732382919073 
0.291152252375 0.505746593876 0.373423287029 0.405659779718 0.428832411982 0.347364146517 0.754604255442 0.328841937238 
0.291282792918 0.505951228264 0.373647768276 0.404394991939 0.439902507548 0.59184852621 0.816991506303 0.291232240688 
0.280500892118 0.552256062918 0.431758547231 0.5871125327 0.689943014393 0.66492117861 0.832745362604 0.165258580274 
0.283855547364 0.474343398474 0.25510262971 0.261444202543 0.740795549437 0.689016997831 0.782207912383 0.0107068994858 
0.294165739536 0.508844519234 0.356739898596 0.619158801797 0.580665144213 0.589881221455 0.777119338326 0.176205857926 
0.290901838483 0.505506690521 0.374895674076 0.410397095347 0.367216158008 0.376301165479 0.650909453007 0.559562023937 
