0.290275645969 0.315540919296 0.421303484628 0.327364580895 0.365390643175 0.362653830623 0.361397155165 0.748100794813 
0.301264135677 0.320223045382 0.425264757928 0.334754377017 0.432655647857 0.434266844178 0.145443469779 0.676744242909 
0.290683672879 0.316133050453 0.41903470538 0.325331439829 0.427180262554 0.42399993201 0.393320197733 0.834504356842 
0.293228774579 0.307318224269 0.492258282691 0.357156212799 0.537063993659 0.784730426736 0.759675577048 0.189354238938 
0.275312448339 0.308371174269 0.458014687352 0.348562107029 0.559552726502 0.634659927271 0.82648859591 0.224429046313 
0.294448460107 0.318284023425 0.421540830975 0.317813523572 0.443938816179 0.515675019124 0.77657515637 0.445035915293 
0.289793983178 0.345764201266 0.457253362284 0.356913027507 0.482938787837 0.666357833813 0.708097937981 0.256346566243 
0.290774480131 0.315599479243 0.418364749725 0.323665438602 0.481388117592 0.849834700053 0.661210960601 0.256801699259 
0.290520467968 0.318095131839 0.409569238596 0.311147077074 0.472382271515 0.473631131158 0.462132366747 0.790545703959 
0.290602186608 0.316273902386 0.418335237391 0.329780934983 0.409282095504 0.468123134112 0.52536978763 0.750586342409 
0.292930935301 0.319163120952 0.421712571333 0.329051042429 0.429936526003 0.423644772795 0.569198477381 0.587443617401 
0.179738562022 0.278687581279 0.374999800421 0.528616174217 0.568972579612 0.896625528667 0.741974718952 0.0232049539298 
0.29015893725 0.318183033217 0.400619797489 0.230504433074 0.310380887915 0.248119161189 0.885703365639 0.234850117295 
0.297449403974 0.326709904093 0.434630828952 0.387584976392 0.646596056516 0.590918087813 0.658654727621 0.350764333324 
0.284544462439 0.373781545205 0.486131847899 0.519249318097 0.624971271257 0.636192285987 0.681692237896 0.180143082072 
0.286210476157 0.313221966733 0.441880477711 0.34779904715 0.543391757489 0.512553128213 0.815678540894 0.0500338650775 
0.30200825483 0.326033434569 0.450793660123 0.374435362626 0.463714203631 0.558461950116 0.745744808184 0.0782780669295 
0.290843219081 0.314095891903 0.414339040539 0.32275007596 0.4407461676 0.438853554511 0.35257724881 0.775541468315 
0.254369564836 0.396278242657 0.521189405189 0.469501712683 0.500546244696 0.634321160692 0.641475868864 0.501833888163 
0.375680373062 0.342372886993 0.478499931548 0.416398691031 0.188613338736 0.245337528707 0.188858610713 0.689769311246 
0.279590880226 0.293361185749 0.391679412295 0.281991484401 0.537676060012 0.59707422436 0.579651162987 0.689263372353 
0.282493006023 0.291107231035 0.486584439446 0.35439779896 0.681237235099 0.883633067935 0.754286596371 0.1405187927 
0.295942973003 0.319111649239 0.389493037557 0.296242279105 0.396214519113 0.731508738355 0.708673468485 0.385902452997 
0.289845949411 0.315206394598 0.41818055946 0.323066362088 0.453767159563 0.543744458406 0.737130806023 0.361337621453 
0.280494200939 0.309227745562 0.458012573891 0.352647767452 0.462002502452 0.675360295928 0.744661067385 0.130025109364 
0.290191723519 0.330478288789 0.384084965936 0.29533257738 0.310192685591 0.216212155092 0.289693851507 0.729726983139 
0.290693053311 0.316056685755 0.418937508049 0.325820397637 0.423146892346 0.407369659488 0.409034308434 0.791257297428 
0.290981164282 0.315245820869 0.426297624252 0.296890014355 0.401364451034 0.381581312929 0.545207629415 0.753518366266 
0.292200057055 0.321135135627 0.423032857817 0.333921913866 0.543845014907 0.530643592068 0.549899198913 0.700267727361 
0.270300045265 0.282931287247 0.396655913796 0.297922299914 0.410761100721 0.485800161285 0.821820318746 0.386123033021 
0.291719799542 0.319614373104 0.421734611974 0.327398130839 0.448829215243 0.46386749277 0.82576469941 0.0724960634193 
0.288349997889 0.312662492003 0.414263513265 0.367451460018 0.538679745263 0.5961534246 0.740026144041 0.295208999469 
0.292412786802 0.317033656209 0.420578800674 0.335817571831 0.435461137753 0.517652261879 0.628791485623 0.602477588741 
0.290884078537 0.316557013062 0.416945347368 0.319975183402 0.578757385496 0.543331442534 0.789135997117 0.215977221833 
0.293283425891 0.319450376596 0.459489780018 0.345941691591 0.457628014042 0.449736644346 0.484417755188 0.634472136425 
0.292937776453 0.318410757673 0.42212125051 0.307719339982 0.406691416507 0.354559607915 0.709883623961 0.384332728111 
0.288206630423 0.312325024679 0.40977083197 0.350831592802 0.555145368977 0.630658764861 0.573880755795 0.6338756503 
0.29081140683 0.316626792631 0.421776675286 0.34033592473 0.435174770131 0.451894913939 0.529392954395 0.678930356297 
0.255831688265 0.25562155634 0.344820954118 0.61911874452 0.80210293981 0.702334191773 0.660735104631 0.287097145511 
0.188964860777 0.278405008659 0.370950846576 0.468371912529 0.582900919719 0.548184547588 0.605054832821 0.637046724239 
0.294074526995 0.322700443038 0.36591248001 0.272848832878 0.356698189482 0.33010929329 0.768155219648 0.595366584569 
0.301342385924 0.296784082205 0.560967255882 0.522614227459 0.557568151694 0.547357748367 0.829764704959 0.108866781937 
0.297938716416 0.320567161867 0.402345909228 0.316570705984 0.416338647712 0.342658107232 0.1566816562 0.611208531183 
0.290658639679 0.316190847099 0.418441032319 0.324997610262 0.457387425898 0.453135312444 0.699058148327 0.615169419717 
0.319563468894 0.525615944457 0.592503795863 0.425728314604 0.577641949598 0.531500268184 0.800758459134 0.282261047542 
0.290262762419 0.315874034781 0.4169337593 0.32263678365 0.421175981111 0.415715250086 0.455156014726 0.729989551644 
0.290728947148 0.316163284947 0.418057056185 0.335394286964 0.457471957139 0.796711017472 0.760285937603 0.0729494637657 
0.292277338144 0.320832825384 0.451664068479 0.359483335241 0.318976691054 0.118532433617 0.231296572123 0.453118629051 
0.270722864544 0.304808216818 0.46227049275 0.382437882363 0.714854373784 0.606230688873 0.809400434599 0.0146772536177 
0.290759712789 0.316340301688 0.419697993348 0.323203389689 0.425913359086 0.391067725192 0.691173531358 0.512625083361 
0.290735400235 0.316216069318 0.419101238225 0.325582327513 0.427476425 0.506305089608 0.748220758694 0.375069634069 
0.290629214193 0.316055031548 0.423650834794 0.327808983001 0.472514814382 0.589682227994 0.8311263655 0.147079914148 
0.293186207003 0.321724983654 0.30230927242 0.608176576965 0.553069679416 0.541335640903 0.737412618045 0.530007395682 
0.290326411576 0.315948584975 0.428253359773 0.333210843147 0.442128879147 0.850855422391 0.674851165261 0.0880816825289 
0.330808017909 0.334421321768 0.441921303271 0.359859087126 0.463876192754 0.468522069532 0.849986374686 0.0384335938459 
0.290898191255 0.316574498596 0.417668456481 0.322443562368 0.422534132638 0.436595332643 0.43606266085 0.704076947362 
0.27147310978 0.302726672232 0.410151978624 0.256833719649 0.39280643544 0.361141828359 0.378275942393 0.855990608144 
0.262511555238 0.293206658978 0.536274064471 0.0591532788178 0.258850977916 0.265817193186 0.199088772054 0.471065057362 
0.28886206256 0.310457761867 0.415592994252 0.321016062951 0.418478864129 0.462499816551 0.523167110768 0.77261911856 
0.292572159548 0.249866950878 0.203280847125 0.131559999891 0.82301319975 0.680064034635 0.78695235061 0.11180402153 
0.290536859923 0.318084668769 0.426249025809 0.329937139644 0.56209266802 0.597896266664 0.730213781077 0.52681108326 
0.290919986684 0.315743252393 0.418127885308 0.324291754917 0.435607145667 0.391147903637 0.828758926512 0.384737948482 
0.28841125907 0.29743551913 0.474422587849 0.162685398644 0.319372791205 0.114048022443 0.222305983101 0.478814971501 
0.290298507543 0.314639533604 0.425182656314 0.328897308049 0.481640939737 0.457342268692 0.82559265069 0.458183097327 
0.291130518612 0.317132149676 0.398159893271 0.37593044527 0.49138256161 0.76148332313 0.763143481703 0.323179985501 
0.297142043679 0.322238809227 0.426706234797 0.296535120112 0.395301473947 0.312457988316 0.744791055126 0.4403812341 
0.290326411576 0.315948584975 0.428253359773 0.333210843147 0.442128879147 0.850855422391 0.674851165261 0.0880816825289 
0.290687270332 0.316087764701 0.418978080485 0.325678271887 0.423370440375 0.408411756175 0.4098978642 0.74454384275 
0.290711478899 0.315861778016 0.418724440887 0.324433395083 0.453917697257 0.535047851243 0.713834395077 0.334520103868 
0.290898191255 0.316574498596 0.417668456481 0.322443562368 0.422534132638 0.436595332643 0.43606266085 0.704076947362 
0.262450681593 0.301729864804 0.465055921853 0.385546482708 0.79371447885 0.625714082531 0.864249000002 0.017076203906 
0.291760845149 0.316743338337 0.41670347664 0.322260028919 0.420317877642 0.415136960473 0.45617336004 0.758054070369 
0.244702982553 0.24783151362 0.328744982887 0.617558591129 0.715600330127 0.629818137829 0.771521700164 0.00772275956738 
0.298749410826 0.320905942486 0.402253171486 0.316834083024 0.416662632577 0.34006365589 0.143077252644 0.641508519985 
0.293060836916 0.319668394176 0.422003685449 0.327634721994 0.449552037439 0.465498991075 0.816516731395 0.0708589585937 
0.237518677937 0.414642089594 0.540981030051 0.494876841513 0.505510196365 0.659861844362 0.65395116848 0.545973102395 
0.3195773062 0.523991748105 0.591566807181 0.42543775077 0.577073561651 0.531385710843 0.799679655252 0.281432408196 
0.290702261742 0.316064498411 0.420619182488 0.326356302103 0.457498138402 0.455860622277 0.664131424084 0.53831957467 
0.290658639679 0.316190847099 0.418441032319 0.324997610262 0.457387425898 0.453135312444 0.699058148327 0.615169419717 
0.294712576674 0.31782786074 0.421611380427 0.329234973611 0.429542688857 0.426673653395 0.167522479235 0.622977641716 
0.290683004718 0.316132101689 0.419037105575 0.325337758883 0.42717236326 0.421992226976 0.397694568222 0.720336822119 
0.280070164893 0.29439281364 0.392765842555 0.283677678175 0.535748989077 0.594346616835 0.578511655177 0.680962270359 
0.292723647009 0.319256324879 0.420844884704 0.319628902235 0.400023248947 0.376937842215 0.638263983626 0.707650969854 
0.289261554648 0.318640390921 0.406629063363 0.403670505902 0.466783143628 0.609159166624 0.855693627203 0.105350488117 
0.290876466855 0.316434566928 0.413112056249 0.319028663874 0.419882942641 0.664067094426 0.676655717277 0.324471571877 
0.299194332572 0.302195206283 0.386365853973 0.287686350307 0.389046270953 0.750838052177 0.717892549705 0.403929626519 
0.290264920706 0.314586773996 0.426171211863 0.329616132084 0.481628372791 0.459001726942 0.804788249585 0.434793332815 
0.262511555238 0.293206658978 0.536274064471 0.0591532788178 0.258850977916 0.265817193186 0.199088772054 0.471065057362 
0.29047361634 0.318095750337 0.421324352606 0.331947468443 0.468344437853 0.560624753814 0.762098905925 0.122063122607 
0.290804300445 0.316609730778 0.421739013045 0.340629110701 0.435180306635 0.45227946106 0.531320167952 0.691301540919 
0.290629214193 0.316055031548 0.423650834794 0.327808983001 0.472514814382 0.589682227994 0.8311263655 0.147079914148 
0.290111646084 0.315227935353 0.417720790966 0.323977087182 0.425450859708 0.455622419236 0.457764190306 0.763642984919 
0.287669928669 0.313441058872 0.413513436635 0.316717534856 0.458640928582 0.528973266225 0.560731742653 0.647738305409 
0.290680954228 0.316117036314 0.419082073007 0.325368066604 0.457492481321 0.453958931608 0.688141418896 0.591112763028 
0.288694492838 0.301804391716 0.465588407487 0.174663546321 0.324445852613 0.131562762333 0.225196165161 0.458908690596 
0.290427255635 0.315759941238 0.420544475067 0.32670015011 0.368060216894 0.364269778841 0.362470922292 0.72918065983 
0.262692509049 0.301811108252 0.464993053418 0.385474366559 0.791202084181 0.625126781478 0.862501241443 0.0169995789798 
0.290668931569 0.31616659488 0.418665323062 0.325124293283 0.457431220895 0.453425635597 0.695174073007 0.606606892514 
0.294418323361 0.318623442647 0.425056117747 0.331481829197 0.501341182012 0.469704063263 0.796225667188 0.321099454127 
0.304289502568 0.323851009533 0.389567149005 0.286418279247 0.532826219728 0.590215702527 0.576784005639 0.668420219231 
