0.49029700809 0.35142267517 0.43534680839 0.401933807974 0.571053352636 0.459797276067 0.921229414798 0.153854783394 
0.502677006205 0.365460890017 0.438118861344 0.444219053255 0.503574886613 0.430296239855 0.838742864462 0.000854574705551 
0.491273318038 0.343458256139 0.46490413047 0.472179110876 0.482940294649 0.228848404959 0.884539383878 0.0951380440374 
0.492372076013 0.362935910471 0.436950466225 0.665169319871 0.601882640646 0.653024506942 0.75470486085 0.0991633592425 
0.488217290769 0.350408463037 0.432622166761 0.416501070175 0.445126087819 0.227391633008 0.8634941099 0.16683453528 
0.496422445183 0.35480279367 0.441120922129 0.479536856903 0.515969889134 0.438436813877 0.19199469744 0.520703985528 
0.489725176525 0.33749200572 0.4250235993 0.384380629934 0.315927454543 0.281661173822 0.799837321696 0.407615567432 
0.490741545257 0.357174630171 0.433524870812 0.422229858762 0.446661277804 0.358831315512 0.73422822846 0.370381296884 
0.487192181421 0.34892235316 0.433882288444 0.57552577357 0.92766066572 0.603256730134 0.684344249676 0.502907702585 
0.488298438081 0.350046058494 0.430398191806 0.413575263748 0.433217740817 0.387988930071 0.453586758932 0.751617623876 
0.482113564238 0.344493245164 0.428126872424 0.405213597227 0.465348764145 0.403358847717 0.233346202427 0.769371272306 
0.488032057992 0.349619197332 0.431267842231 0.406565996487 0.427366311021 0.377825488886 0.57472553839 0.833989616196 
0.484194080944 0.342108477733 0.448683073791 0.464251280046 0.46467049248 0.180705610723 0.262987048334 0.555928359143 
0.494005485618 0.359086846456 0.436703819785 0.420832223048 0.390810290157 0.474734487421 0.914526572986 0.261825422899 
0.488023969181 0.349854887339 0.428520535612 0.426502585087 0.279926903203 0.290748304935 0.863438886125 0.034002751834 
0.487016617638 0.349009872125 0.429957180943 0.415287275084 0.414460561669 0.381201938071 0.40502460134 0.827282412312 
0.488272200643 0.350060008452 0.430424656849 0.412209611988 0.438125124874 0.398031065031 0.909849374502 0.11428024639 
0.571287162245 0.385740556582 0.482762681757 0.497153620489 0.55614699673 0.729796406405 0.666434340521 0.387395005279 
0.488606240856 0.351387431467 0.430898025486 0.413894021401 0.460312219951 0.413341588176 0.359896468756 0.803394326149 
0.492460694872 0.376254662925 0.44569480637 0.438892922398 0.462712434592 0.46556784419 0.510717852367 0.684288421791 
0.48797761532 0.351381849533 0.426340155056 0.406527977803 0.412467076926 0.36719131668 0.531584521067 0.722405901432 
0.485337938959 0.346920734325 0.440155662542 0.430915256029 0.451362169546 0.255226815986 0.884907483155 0.163614170081 
0.488317072998 0.349513024331 0.429322762582 0.41102876176 0.505349736421 0.132094070952 0.278621145323 0.61007920949 
0.306862238842 0.26583248855 0.307291606182 0.280558361513 0.326062443939 0.326083927776 0.755112764504 0.598063634119 
0.489347237343 0.346491953922 0.404124383309 0.506519752922 0.529303674524 0.446163595562 0.874869532061 0.306608377661 
0.490164975446 0.351887420694 0.424915943595 0.444261574689 0.522120242931 0.592314090968 0.648770555844 0.474775322742 
0.482598565957 0.332928674773 0.421811840464 0.470524534772 0.508442352704 0.438536088207 0.66973403244 0.621869383335 
0.488298805588 0.349982633205 0.430345341117 0.413153688632 0.573781759319 0.611228476953 0.728833858617 0.228096134878 
0.487163980069 0.354019432198 0.434315585018 0.419852823202 0.444084304761 0.358190738851 0.864213346607 0.238259285608 
0.524991287208 0.266449283165 0.393544010168 0.379766120405 0.384460763727 0.318685595256 0.958901311239 0.0481550291382 
0.487204923038 0.354425689521 0.463810748421 0.502896965793 0.602057331255 0.595957558991 0.595430616162 0.456298272074 
0.488798155097 0.347648689378 0.423777185252 0.406129967944 0.522285214815 0.451574459628 0.716765530703 0.523182006006 
0.489268707576 0.348335310771 0.429026549196 0.412411633908 0.43533297848 0.376668643678 0.273857752265 0.832298832272 
0.491259595361 0.341463729222 0.411148155254 0.362667621021 0.385818068831 0.315067878957 0.690757240564 0.635576830974 
0.488329636196 0.349586811209 0.437103901943 0.425175035856 0.459702067498 0.404233128658 0.739754615829 0.470300557899 
0.499415294321 0.360358222339 0.439770648828 0.425347471586 0.394576525227 0.352780700961 0.247560791592 0.578837451403 
0.473820618316 0.340503813981 0.449129118192 0.340232722991 0.620839850042 0.640673459744 0.76380636066 0.559493341218 
0.488384091343 0.353079864786 0.43616940001 0.46653881673 0.511984684408 0.700155733459 0.698582712203 0.373299364687 
0.488219829493 0.350135342613 0.43126632802 0.43510533627 0.456322715018 0.434030633727 0.467953086516 0.732341960885 
0.492099522954 0.336350447095 0.456849888424 0.441914647867 0.457235330871 0.429218994377 0.56847930876 0.635693305302 
0.488730930833 0.350389958317 0.438534839271 0.431902374579 0.518825088014 0.429811855279 0.841730464596 0.257822562108 
0.48502895279 0.347805723136 0.429191703365 0.443267154177 0.562454222508 0.723970148136 0.684251200452 0.376640185004 
0.487681398625 0.34856109646 0.432557894208 0.415668853465 0.570637510261 0.605224056142 0.589763970104 0.664657995953 
0.495537982781 0.354519455176 0.43934895707 0.379659066389 0.423894556876 0.469053291912 0.871429396015 0.0977798998982 
0.488674408104 0.347732544465 0.433609891897 0.421387467049 0.443169082499 0.402809690255 0.295592175891 0.80013645135 
0.489776755484 0.337353288372 0.424990696297 0.384071213585 0.313966730161 0.280224877279 0.801429968445 0.409748045854 
0.48797761532 0.351381849533 0.426340155056 0.406527977803 0.412467076926 0.36719131668 0.531584521067 0.722405901432 
0.487681398625 0.34856109646 0.432557894208 0.415668853465 0.570637510261 0.605224056142 0.589763970104 0.664657995953 
0.488291567935 0.349969135622 0.430230401892 0.413888622317 0.571874886275 0.608534870283 0.726783286137 0.226116918812 
0.488302528953 0.349769948144 0.42987937915 0.412273938115 0.496261727669 0.144568261696 0.280246788037 0.587442423383 
0.488064265914 0.349442957822 0.431170411934 0.414184644337 0.488823980911 0.473155469037 0.747008585643 0.577742224387 
0.469549216767 0.306797093575 0.498267558151 0.50655422274 0.567242968324 0.771977464619 0.674231524942 0.421919994204 
0.489241499027 0.346501783286 0.407193329669 0.503211511367 0.527353179258 0.447038683958 0.855177038421 0.293236788734 
0.500565818592 0.359865858277 0.440106165579 0.456784973602 0.493327874643 0.705108952819 0.668338028857 0.699144873426 
0.491273318038 0.343458256139 0.46490413047 0.472179110876 0.482940294649 0.228848404959 0.884539383878 0.0951380440374 
0.488298577114 0.35000727065 0.430355372009 0.41340019813 0.434215329913 0.388670189404 0.452579236958 0.7106470366 
0.488317072998 0.349513024331 0.429322762582 0.41102876176 0.505349736421 0.132094070952 0.278621145323 0.61007920949 
0.485337938959 0.346920734325 0.440155662542 0.430915256029 0.451362169546 0.255226815986 0.884907483155 0.163614170081 
0.488384091343 0.353079864786 0.43616940001 0.46653881673 0.511984684408 0.700155733459 0.698582712203 0.373299364687 
0.483006352506 0.346205538336 0.439427794683 0.367298793823 0.587732469647 0.599939795413 0.724336638683 0.483480413511 
0.48797761532 0.351381849533 0.426340155056 0.406527977803 0.412467076926 0.36719131668 0.531584521067 0.722405901432 
0.488689332879 0.351160465419 0.431919011176 0.407230595616 0.41626384991 0.620138788017 0.744957501798 0.283953716677 
0.571342350435 0.417531431214 0.522233151353 0.848599126398 0.73597195329 0.669984564747 0.681293615812 0.147896423083 
0.490645039265 0.351650834527 0.436249944778 0.400382472965 0.573639463352 0.45962410227 0.934244279852 0.157877702181 
0.488272200643 0.350060008452 0.430424656849 0.412209611988 0.438125124874 0.398031065031 0.909849374502 0.11428024639 
0.488241519912 0.356953050282 0.438472302382 0.354486999034 0.415040289242 0.371037364755 0.400940246754 0.798664717159 
0.487681398625 0.34856109646 0.432557894208 0.415668853465 0.570637510261 0.605224056142 0.589763970104 0.664657995953 
0.487363516538 0.352550134293 0.472741780597 0.527384526048 0.644981855357 0.633961339525 0.59960861423 0.518748605631 
0.67757060475 0.428280236123 0.502285019636 0.71753708356 0.752072189841 0.620432065336 0.837021013497 0.164414702532 
0.488057359479 0.351218723572 0.431716433117 0.440551934106 0.532659492108 0.454146246066 0.657602467925 0.551487168696 
0.489316272232 0.347051284975 0.423729636847 0.395873476655 0.420690291643 0.381742907829 0.406945123927 0.764893125273 
0.483657804593 0.341068623494 0.450278532111 0.468865120134 0.466434063928 0.175678514958 0.261449298208 0.565580926335 
0.498775613703 0.355706576491 0.443748804172 0.505461975585 0.542249512874 0.448279655558 0.173949926685 0.568120950945 
0.490441988116 0.352148527778 0.424483356368 0.444715073598 0.524284531844 0.598232165854 0.651875157229 0.484395329462 
0.487023309388 0.348623979173 0.435565489529 0.42281926715 0.446035657148 0.283507299878 0.855094109334 0.151513642788 
0.551311511519 0.458964030038 0.49451303798 0.53967379814 0.591344150817 0.709874487015 0.672069206854 0.471298973333 
0.505219286542 0.362800267823 0.435183199141 0.386766663483 0.762754879138 0.54429338569 0.755127136924 0.542740386043 
0.488624094955 0.367253552866 0.448868159309 0.470072621827 0.529241064227 0.515075020041 0.669024115498 0.540593800589 
0.489155097201 0.344865328474 0.437800096783 0.431728867271 0.45096864119 0.33017085143 0.921344831423 0.270799816725 
0.503424925965 0.363566488853 0.442332482167 0.428036379922 0.392135002582 0.352143027669 0.233664579377 0.621130603581 
0.48617800033 0.340946166654 0.475496586205 0.45197487605 0.481400631367 0.430327657017 0.493948058809 0.634136233122 
0.488330932178 0.349338945613 0.428939491362 0.410176975609 0.510860640698 0.124683033312 0.277671006185 0.623679031857 
0.487735391311 0.350818098813 0.428873321715 0.410496228909 0.461505051838 0.427817711376 0.645216266248 0.808918114539 
0.494005485618 0.359086846456 0.436703819785 0.420832223048 0.390810290157 0.474734487421 0.914526572986 0.261825422899 
0.485937455497 0.348360927567 0.429452254824 0.443187883661 0.556755080945 0.705009972494 0.679227359003 0.361445198824 
0.480045886899 0.342782756739 0.427553574549 0.402843123406 0.470661276777 0.404946212724 0.224475872715 0.804533867875 
0.490077243257 0.351275957852 0.434780756742 0.402952022477 0.569360968519 0.459918915817 0.912850827013 0.151265524476 
0.488314628085 0.350012186678 0.430636958426 0.411484955411 0.578043067757 0.617245705735 0.733412991348 0.232522936205 
0.488911783728 0.350475247839 0.430814645655 0.415458321734 0.441691997899 0.40832089976 0.284596645345 0.865626820482 
0.548945971761 0.406226023323 0.485888853755 0.501080762711 0.560783443789 0.747310152027 0.669706504097 0.401673722908 
0.488272200643 0.350060008452 0.430424656849 0.412209611988 0.438125124874 0.398031065031 0.909849374502 0.11428024639 
0.567529783883 0.447375080636 0.68745091608 0.619067999366 0.651178427032 0.643656826985 0.715992386515 0.309278066542 
0.486327721939 0.34738169531 0.42186079368 0.439129020604 0.453631920779 0.401881089698 0.727949427592 0.664269481473 
0.496422445183 0.35480279367 0.441120922129 0.479536856903 0.515969889134 0.438436813877 0.19199469744 0.520703985528 
0.488771771516 0.340557604202 0.425861028492 0.391191243215 0.354757675407 0.311367692303 0.76702076061 0.364589931889 
0.48919186024 0.352942037179 0.434239218553 0.402181465995 0.389899264109 0.664229817709 0.784490993803 0.325715693521 
0.488016898778 0.349328562156 0.431290277611 0.414297356409 0.578090123547 0.616095681659 0.592725098998 0.690497369117 
0.494177255756 0.355431302461 0.420152699784 0.449219832453 0.547577867561 0.662854931915 0.685466059587 0.590295113696 
0.488343067541 0.349208712546 0.428649965748 0.409535999619 0.514744741211 0.119521132239 0.277015556723 0.633215651027 
0.480151085412 0.34436864695 0.442754985541 0.357395088975 0.600114503709 0.615116272775 0.739029690852 0.511722128386 
