0.212453978404 0.279743041522 0.401943602484 0.421801448205 0.471340725507 0.624825742277 0.539649331466 0.740118032728 
0.214734724854 0.270341016261 0.393051723288 0.404019853839 0.428982783247 0.43401298266 0.335349838738 0.735710252593 
0.214642614724 0.270553533747 0.391844800497 0.401446058327 0.421121025904 0.407867205856 0.721796263238 0.560463812646 
0.214738042865 0.270159137793 0.391701156029 0.395925575514 0.401320961551 0.598375996421 0.723687562849 0.491706001867 
0.214456327031 0.270086886771 0.392744596317 0.405005660248 0.428857868618 0.417468353587 0.909449718482 0.0449651015392 
0.213886956066 0.269787032229 0.392192612909 0.402966299681 0.431770422932 0.41022054687 0.501856397099 0.763405533756 
0.20991070194 0.299961672052 0.406328691463 0.447899748964 0.456415530942 0.535010573169 0.654253500029 0.581914432306 
0.217990755495 0.272499670819 0.380646591938 0.390295824379 0.410618400809 0.722771635578 0.691470257014 0.51564618183 
0.202994513216 0.323596242949 0.452162775007 0.458673311995 0.462802290656 0.493946318342 0.737303210049 0.6288756431 
0.338897715065 0.406117825427 0.456457802004 0.481769859704 0.601601191002 0.630827293316 0.568224491588 0.601753596398 
0.214271702131 0.268792293944 0.391841859754 0.411891667679 0.440403911719 0.546856820701 0.743983995597 0.312614636011 
0.213195408342 0.266988432748 0.373085811928 0.38283990038 0.58353813719 0.650817824127 0.717597013542 0.373312908475 
0.219917989005 0.277700951867 0.398946832682 0.415439899456 0.436117113528 0.364019077943 0.741099951871 0.404874953646 
0.278708171302 0.323125648346 0.486170777588 0.468066715843 0.52436309345 0.556683537296 0.787029999657 0.201250663601 
0.212823050978 0.269047529109 0.390790645983 0.410189235525 0.330993162704 0.223480618863 0.317868742155 0.708428222926 
0.214652711283 0.270145946723 0.393425463597 0.407601136736 0.544488347326 0.492197954065 0.52857201167 0.63739245526 
0.215484589397 0.297195278318 0.408837012528 0.418061243284 0.501587464192 0.741200213965 0.653744337091 0.247078696559 
0.214691532813 0.270453774103 0.394178625049 0.405365977965 0.423094921308 0.396336946432 0.554374848342 0.745378822943 
0.215026919715 0.27068168156 0.393442583675 0.405244185895 0.430235905971 0.635150806199 0.768129669577 0.219997156169 
0.21472711224 0.270207549892 0.392977085911 0.404708733657 0.434558476356 0.432160435328 0.701097991375 0.633230801599 
0.25574829698 0.309612904193 0.455929371066 0.460629284549 0.515861325543 0.648574746334 0.677636265023 0.376007473715 
0.219609829996 0.297377694952 0.319599931686 0.274910054323 0.757779576397 0.902770027104 0.723963495247 0.0328568400297 
0.21469712371 0.270391587311 0.393065342284 0.405480155143 0.415906456235 0.28647798465 0.270609212466 0.699765494876 
0.214925628006 0.269632058013 0.39226603776 0.384974321837 0.572869551182 0.61633467256 0.746298714013 0.384347427773 
0.211552417557 0.294136279419 0.430508335767 0.447912306476 0.490643717077 0.631300879965 0.714288988336 0.593053286306 
0.224835633536 0.287208980858 0.404166105156 0.481133769991 0.508971577583 0.692030315936 0.852454821327 0.146446868147 
0.212316405114 0.267950831008 0.406732084224 0.416845017369 0.357476939849 0.338734748915 0.804980673956 0.378099042408 
0.212785392718 0.266786476425 0.355502308963 0.363600152272 0.622612482 0.534592670873 0.80291662057 0.455609034248 
0.214803009733 0.27066938016 0.391737793554 0.396565404676 0.464227940233 0.53739621687 0.722820164706 0.50998824133 
0.226344336084 0.295429835621 0.408175998987 0.325437416984 0.365819779595 0.286855913408 0.290168736134 0.682864622185 
0.220499929667 0.24497862401 0.371338561949 0.385030913323 0.370804917958 0.56858469691 0.631213082836 0.677766456925 
0.214897582829 0.270882928877 0.384956807529 0.397837332915 0.517485377874 0.506384157177 0.678866156251 0.487944656519 
0.215031547941 0.270763875131 0.39314639556 0.400208438438 0.425528523247 0.487830021117 0.741017056045 0.632397601221 
0.230644112013 0.281284144054 0.413797013633 0.42178207596 0.462997207956 0.250646629538 0.895704103044 0.0908861937412 
0.215190144532 0.270569297415 0.393192737288 0.404291133275 0.453393791194 0.594948887814 0.656237099426 0.502833260256 
0.21473292158 0.270250449001 0.393064514891 0.404301875012 0.403745554499 0.402049814807 0.720314989067 0.551214134064 
0.214863327248 0.266608033684 0.400032169199 0.574850536204 0.643096486233 0.596902121906 0.564781104012 0.64896293592 
0.21467483228 0.270190849675 0.393289206987 0.405536053387 0.439082608169 0.426964389852 0.383720868174 0.688974174169 
0.21276378288 0.277035906608 0.400220083188 0.427043221435 0.450503236647 0.541667751352 0.815104153158 0.473699037175 
0.214733547898 0.270263547724 0.393740255489 0.421328757477 0.506052530597 0.485658315548 0.611730905217 0.491425181631 
0.211621328068 0.259935407034 0.3830028622 0.397136916632 0.417434923969 0.411489353886 0.600596244489 0.689388926014 
0.211318202738 0.258343828655 0.388512438508 0.419195673246 0.376049386299 0.397582371187 0.392385807138 0.876659325671 
0.211065174887 0.26615900189 0.391405511728 0.40132950719 0.442379280152 0.444087137243 0.613294670581 0.899264550732 
0.217078392775 0.272252203823 0.399316313836 0.415777937497 0.469485355432 0.456452643785 0.517000076279 0.666061492495 
0.214674353981 0.270198339798 0.392468448329 0.410114360123 0.447633660298 0.464354785252 0.235231405011 0.703475632476 
0.21475461916 0.2701283049 0.391819057398 0.464513138842 0.50404194176 0.487934896223 0.539970540516 0.668225306118 
0.217562897705 0.254788277231 0.382561814609 0.529616480445 0.551083610338 0.511373132439 0.83442872671 0.273829458772 
0.214737705579 0.270129083349 0.392563462755 0.402968708249 0.421203434746 0.858555532354 0.682806455858 0.127365157079 
0.213541685402 0.268598119618 0.508452156648 0.578495318514 0.648025607349 0.682169930988 0.694128509467 0.1073490441 
0.214593487087 0.270139214224 0.393682402724 0.404477420105 0.424000751315 0.512207458216 0.706978499471 0.517768808163 
0.210414503611 0.299790345038 0.481506503257 0.595681625294 0.623817253744 0.639032819338 0.703569619647 0.0720810608137 
0.214260703553 0.269899938419 0.386852048536 0.396726726964 0.444664673693 0.481144936852 0.802373617619 0.524233555601 
0.21490513183 0.270565565249 0.39320871612 0.368228815708 0.395552680866 0.607712215858 0.637819886214 0.630356103675 
0.214059468587 0.26967456538 0.392149669821 0.403247216634 0.420747329755 0.439479638456 0.458002971815 0.699174767154 
0.214786194161 0.270553393136 0.392175312131 0.406149881252 0.430767171337 0.404943357998 0.502884922733 0.671903264243 
0.210205594282 0.263987080502 0.389059010641 0.272931106335 0.786877327973 0.780891838103 0.682037677029 0.0966214392952 
0.214292818731 0.26718987835 0.391588480878 0.416340119273 0.395662298515 0.401375112033 0.800365156548 0.320269222255 
0.201413113688 0.253795073297 0.385810631864 0.432563092624 0.45659482445 0.44597937202 0.605129097602 0.700386509179 
0.223189552435 0.232979524929 0.371956262277 0.354704083937 0.333769701035 0.364253479822 0.892151084577 0.00123316964401 
0.224229304275 0.387381659234 0.448206936102 0.643932705231 0.623496639604 0.607714679221 0.742669206733 0.30946616688 
0.214888406072 0.269786126869 0.392436872946 0.380008161096 0.583047450361 0.626894533249 0.759916622602 0.402064067169 
0.214646962803 0.270170082402 0.393311385268 0.405834726293 0.443781322104 0.428672505855 0.37995651579 0.760792194386 
0.216516963936 0.278799861299 0.355153247345 0.336195459947 0.676540268841 0.796155770226 0.701161167275 0.0270021373741 
0.212565046261 0.267633204413 0.391782046969 0.402041171158 0.442595998292 0.445006157976 0.580985780024 0.747525559383 
0.214815036878 0.270740904484 0.391564470321 0.401471840896 0.434160851074 0.405717904387 0.946140500552 0.0483957951235 
0.214832573715 0.270925954159 0.391522077164 0.392821537671 0.466941385862 0.55459094805 0.770831268446 0.591375662174 
0.214924445911 0.269639869481 0.392274879258 0.384613992189 0.573621086064 0.617114791992 0.747303409123 0.385653886469 
0.214723124089 0.270230857674 0.392877904669 0.403720811628 0.414197777382 0.409389453271 0.700587987724 0.513675486158 
0.211333257989 0.265636417619 0.520142962427 0.593633305602 0.662323493177 0.693412235397 0.698886981366 0.11115941139 
0.212436013576 0.279766862625 0.401960218039 0.421830658663 0.471416067059 0.625581863759 0.539768934201 0.742163311433 
0.214911018072 0.269591012248 0.392213861542 0.391108331351 0.559697548697 0.602647511143 0.72870930568 0.361493084111 
0.21437017539 0.269574467032 0.392320264669 0.383152452574 0.407730538153 0.582061507302 0.617997818002 0.561614962875 
0.211343796373 0.266418109873 0.391459301887 0.401443216195 0.442436213936 0.444268990295 0.606796134473 0.868702611554 
0.214441012431 0.271117485023 0.390572291034 0.398543604144 0.41245712699 0.392566844512 0.758164847157 0.630277071656 
0.213886956066 0.269787032229 0.392192612909 0.402966299681 0.431770422932 0.41022054687 0.501856397099 0.763405533756 
0.21472749694 0.270246398172 0.392738700093 0.421766614069 0.521772663511 0.489566704739 0.633749363347 0.549825659248 
0.214607602 0.271006469569 0.397380580001 0.409200994617 0.410457462238 0.334451235773 0.885588980656 0.141982432329 
0.21471583098 0.270353567685 0.393107942818 0.4040526974 0.429632479584 0.830613063996 0.679318079088 0.12161233977 
0.20079915535 0.257169039465 0.495282816674 0.476577237564 0.588547376095 0.619393758019 0.566632264599 0.574852998972 
0.214781541438 0.269906819369 0.39168383636 0.400760583063 0.397618786314 0.930620459047 0.691331069703 0.142531897302 
0.219657883489 0.247294281073 0.373137082112 0.386303241001 0.37519949443 0.564128246988 0.626031689918 0.659174328697 
0.214726390733 0.270218386732 0.39295606313 0.404477380816 0.433141193748 0.429577582116 0.712122502859 0.658312424853 
0.225549493729 0.233874450632 0.356563985775 0.364103026025 0.585600067792 0.561141190677 0.643129444581 0.588311880447 
0.226889699208 0.292328601457 0.412029547077 0.45226422407 0.457095187403 0.544123394367 0.670316934287 0.62337530444 
0.211577569476 0.266640435443 0.391509705801 0.401544470427 0.442478019783 0.444416756552 0.601551854282 0.844052844344 
0.214732886094 0.270244750836 0.393061108017 0.404547985908 0.428828306138 0.433519711772 0.453826909779 0.738587270198 
0.214770909782 0.26886629254 0.388800902789 0.400090755199 0.425031378058 0.36088131843 0.90102232879 0.147395919032 
0.229123177976 0.216424155551 0.359919528917 0.376350184158 0.678822376388 0.602085660009 0.868643837262 0.204705591212 
0.214719895205 0.270192192722 0.392869609943 0.403796596695 0.427633702531 0.414709614521 0.463618623653 0.747551353656 
0.214717947878 0.270227048252 0.392849443285 0.403636613873 0.418679128059 0.412788079043 0.691757523781 0.496994748959 
0.215031547941 0.270763875131 0.39314639556 0.400208438438 0.425528523247 0.487830021117 0.741017056045 0.632397601221 
0.21597084799 0.256554626561 0.416881951414 0.791381230404 0.728207051616 0.706771922588 0.756018128761 0.0948263642621 
0.214849045361 0.270436762493 0.394383185544 0.408266722587 0.609051651818 0.570966808031 0.725516314151 0.357348317383 
0.215222942367 0.27062613866 0.397472130378 0.341598803881 0.600017784447 0.569372456574 0.653880674755 0.622367443724 
0.214715045302 0.270189605142 0.393088323254 0.404154434858 0.427154570536 0.423114979074 0.892031417031 0.043342213414 
0.214649189723 0.270668468729 0.39966888966 0.447615220919 0.575310043379 0.510958589447 0.82366233833 0.266728308874 
0.214413803992 0.269806880963 0.423263560657 0.44972428476 0.461308882815 0.485489660358 0.659888813559 0.476130022697 
0.220976616918 0.244201277578 0.368238937795 0.38343347146 0.365190830646 0.574190638937 0.637790851488 0.701386300153 
0.213267674515 0.267530685258 0.375520085964 0.383498645884 0.58191292567 0.525632547398 0.74482403915 0.384864706318 
0.214243932665 0.267942349149 0.403048853676 0.547766862316 0.615208179772 0.583694269887 0.561695677191 0.597120725371 
