0.412091761809 0.371128408032 0.406991899934 0.469017423675 0.406253217259 0.424241243776 0.427788690721 0.662140533717 
0.40838826307 0.384661693056 0.42545518642 0.486590981812 0.436185937344 0.695370391788 0.646994267435 0.26390244555 
0.412669311646 0.371779415509 0.408212150228 0.465308012963 0.399437696591 0.476551792045 0.55581156512 0.734105000972 
0.42042307139 0.385317357147 0.449603506437 0.536500676606 0.451665426361 0.519640474524 0.796729677491 0.0369163996287 
0.41166186865 0.370411793165 0.415399172815 0.472756416104 0.408766700635 0.390328852906 0.364689427113 0.66760433358 
0.411969778904 0.370995326475 0.40770127223 0.467284532899 0.404128208559 0.410763863875 0.778770110091 0.411369829296 
0.413000068751 0.37703315281 0.36114755512 0.442412115972 0.326817146989 0.347777332203 0.347816686304 0.584760611897 
0.411970456079 0.370996057635 0.407454310251 0.466909298561 0.401351761117 0.418929975565 0.508323749598 0.614465714878 
0.411971419042 0.37105257126 0.407767109826 0.467314594881 0.404042695572 0.413283748531 0.413204643278 0.753577288218 
0.389606829418 0.353684620957 0.380457926214 0.532454185267 0.540356014279 0.684780452902 0.669061737392 0.410371984548 
0.40752569412 0.472510244116 0.486769269658 0.552896425285 0.559281129217 0.590583493661 0.727740724267 0.156071708198 
0.413895563333 0.372410792754 0.409446500901 0.469399750393 0.411240127925 0.380704114155 0.383729184352 0.709489246743 
0.409132741306 0.381321089138 0.413689531447 0.438788821041 0.483776223795 0.80822477502 0.687671720852 0.0257295902911 
0.421291106817 0.380710519627 0.430008517622 0.477790718024 0.484211861435 0.456828367761 0.652955351388 0.502478668383 
0.411970604322 0.370911749289 0.407564611563 0.467843107404 0.412496622471 0.350300092082 0.286691046886 0.645203923681 
0.412016487236 0.371061326774 0.407126208978 0.46602722178 0.388043442592 0.274140575162 0.341262038479 0.72311707185 
0.423017231211 0.385318362411 0.420413810954 0.48220304658 0.415110195912 0.476515806201 0.742855771417 0.468572533882 
0.414982703216 0.376664912002 0.415010281587 0.482630516499 0.461320574964 0.257251598508 0.283800404905 0.642613431971 
0.41128358943 0.370387885245 0.443100814138 0.497973355655 0.434309860672 0.467375533812 0.454642945694 0.606790426447 
0.417654457321 0.374133475817 0.414042480886 0.478387372902 0.368108361498 0.533394362892 0.741430111355 0.392777313856 
0.412023555657 0.371701012681 0.440254459039 0.593427241771 0.617362823814 0.66889174279 0.738695527665 0.0172342082326 
0.412047223392 0.368288231057 0.328360198229 0.418651791355 0.757066302648 0.660301571771 0.676966367639 0.0783767213903 
0.411969177908 0.370996042595 0.407572078129 0.467164936943 0.434356196462 0.689065945889 0.667958642598 0.575498360344 
0.408430119665 0.391986581432 0.426181093994 0.507138318917 0.453376459025 0.51080611612 0.706008697226 0.362524734608 
0.435065504116 0.387554455024 0.463447972457 0.517081455527 0.554052979034 0.734269751842 0.702484940639 0.00855807638828 
0.416047123842 0.327074020225 0.376905139198 0.377639605455 0.236467837973 0.290238002865 0.844324711027 0.122898831929 
0.41238299333 0.3716311387 0.410123814813 0.469084970908 0.542255152901 0.669613564894 0.635565202971 0.1535817889 
0.409978754788 0.378343734403 0.411776159873 0.494276164043 0.474368243877 0.448412390792 0.750864775907 0.401010511042 
0.411543612276 0.369906132239 0.417521880157 0.488958042467 0.526790563145 0.525182548989 0.576677491025 0.485581865389 
0.404872004073 0.365895801165 0.399357159419 0.64840209037 0.595855704549 0.663632195356 0.62714735651 0.255504791328 
0.416900937141 0.378491647379 0.375580295104 0.450317302089 0.383442567415 0.615946986571 0.775697159553 0.270774033259 
0.376043258866 0.339777749636 0.356417932799 0.421936113662 0.538550214983 0.548250960162 0.781895559515 0.457266736634 
0.412003966563 0.371053923379 0.407422914518 0.467140992729 0.376291479579 0.656747320908 0.685865165295 0.180635315984 
0.41471301964 0.383998754586 0.418226010762 0.485279596261 0.519793076155 0.571172390654 0.625187906594 0.578727406367 
0.409408162817 0.361229330065 0.350908365192 0.440999703995 0.533127049015 0.514410507138 0.631597571907 0.494480353755 
0.411923489992 0.370928200344 0.397158400999 0.463456722828 0.419592970766 0.363161484269 0.791783449478 0.424427464238 
0.411984374711 0.372408511995 0.403493196678 0.509011858744 0.473352104298 0.52113665807 0.653288086752 0.641899376918 
0.427823955188 0.383504983189 0.428302147664 0.524816782719 0.43976801173 0.282739917322 0.288015563838 0.729473280787 
0.407814751431 0.367007229815 0.426985641635 0.476654428699 0.413352503574 0.47595473349 0.626239251959 0.473468857767 
0.410283115298 0.369473708146 0.405065509612 0.476604458375 0.437719413954 0.431380948945 0.856374668155 0.0513961968582 
0.398974666978 0.351709545622 0.394978262517 0.502917020978 0.530271328302 0.524320931273 0.682073337088 0.538399604751 
0.41451918427 0.37306794016 0.414044953029 0.473009803134 0.439888668706 0.649346619092 0.738713169187 0.000546686950441 
0.370907843174 0.335833255471 0.353519475605 0.440521462075 0.355685247728 0.609789134541 0.827275197306 0.0333533023098 
0.411970815257 0.370998820554 0.407706143058 0.467288093152 0.404151633842 0.412182532479 0.440814439507 0.811798037222 
0.412239643449 0.372233707618 0.409382948639 0.463545829005 0.414020637208 0.429623174549 0.471147766165 0.690930068174 
0.411746608024 0.370853609154 0.408349585468 0.469071266347 0.414649745262 0.46115269599 0.181357704807 0.635561193421 
0.415157023692 0.411685516523 0.445299375279 0.492046481988 0.501633191302 0.614510820278 0.642539586129 0.323454398878 
0.533404370331 0.0781348840014 0.249907514455 0.216304739748 0.267522290948 0.206603580061 0.124237931631 0.479452138877 
0.411691473049 0.371787168564 0.408548329414 0.467789799596 0.405241548622 0.406865135047 0.484630023652 0.605561506809 
0.411572455546 0.370354419254 0.409674792724 0.493218253567 0.438980281257 0.485061729391 0.779829527834 0.319218735676 
0.378868859637 0.489511756597 0.470412321163 0.625899642627 0.597986723546 0.572756484602 0.694081474566 0.447560265024 
0.402706211279 0.357057399948 0.388205133489 0.540566584181 0.489885664637 0.511735208428 0.558204230504 0.540237607819 
0.425281231238 0.38837212006 0.421191962894 0.506195984075 0.427477213405 0.481129652921 0.126113059987 0.415875524064 
0.494724229085 0.490727428545 0.476127665414 0.508624976631 0.746183019232 0.561754698401 0.819388568464 0.300965653307 
0.401445547817 0.332567022284 0.355500030639 0.42089578404 0.687573527043 0.608568516902 0.762485538708 0.265714147952 
0.409039773613 0.359314406762 0.33330638573 0.43528787257 0.546433025299 0.520593835427 0.644584337518 0.527058127885 
0.410480664631 0.369927561087 0.405953539002 0.505306392874 0.444400836744 0.464569709055 0.703134118246 0.345302701643 
0.402983803559 0.33877527918 0.363298956996 0.427231698857 0.671755027794 0.602154532532 0.752124203285 0.256482028425 
0.412239643449 0.372233707618 0.409382948639 0.463545829005 0.414020637208 0.429623174549 0.471147766165 0.690930068174 
0.411886966792 0.370924218924 0.412024183667 0.471031467556 0.40783948299 0.418476183499 0.480793936795 0.606790426447 
0.415431121722 0.408892310334 0.443730807088 0.491636768155 0.497507750367 0.606025904051 0.63850075119 0.314723453449 
0.506965979589 0.117414090339 0.263377985838 0.242350171279 0.273677827755 0.218914286039 0.138014914504 0.451631421281 
0.411971011546 0.371000517468 0.407489637779 0.466963582682 0.401506973852 0.417837475227 0.512940142005 0.644864875835 
0.411539954424 0.370296586604 0.40998914912 0.492784515701 0.438820886053 0.484679971894 0.769149164859 0.310075039316 
0.413338671449 0.373155408267 0.39471684212 0.459714594513 0.39456520652 0.589089703245 0.736902488891 0.240224461013 
0.412666064785 0.371775961612 0.408210153081 0.46531471593 0.39945403095 0.476513062895 0.555732439971 0.733684456262 
0.41196845294 0.370994840311 0.407512389242 0.467110171364 0.447803639999 0.812600955838 0.793015904042 0.0211549294495 
0.409184512638 0.384931395623 0.426461505462 0.488318316601 0.43989418725 0.664901397895 0.639859509331 0.245854816717 
0.404932163485 0.360235627651 0.392326577481 0.533886734373 0.483850768923 0.506627305777 0.553558518373 0.517469384495 
0.406963102386 0.363566182709 0.402801780963 0.464158256737 0.41709873406 0.368765297624 0.78131378783 0.412147809255 
0.40963667606 0.380061533927 0.413109950307 0.440343912603 0.483577567092 0.793498780612 0.684770309357 0.0250575662332 
0.467806120778 0.182335560723 0.287993500037 0.286636892669 0.285764989392 0.240414518489 0.161561453983 0.404411584005 
0.432240042922 0.388356905029 0.434453359701 0.480500188553 0.576467377574 0.551373569559 0.600006065733 0.582949608715 
0.355982237546 0.325197904969 0.337999713431 0.435017736086 0.344807094978 0.624562039791 0.857414580375 0.0358451507642 
0.411733744507 0.370847999204 0.408356608027 0.469114377316 0.415168236281 0.464692934652 0.176403392881 0.649934049512 
0.408098711371 0.383687780297 0.414709197072 0.436147484265 0.48397287858 0.835379602286 0.692943840681 0.0269766217212 
0.412054426212 0.371037830984 0.407756411427 0.467338700221 0.469757169358 0.528599508642 0.498543360558 0.70575525363 
0.412037441945 0.371074014874 0.407162247491 0.468951235146 0.406248255221 0.422677085939 0.427138069768 0.604416076134 
0.392275144291 0.35538465553 0.383024484667 0.52978147747 0.534528868068 0.673440607402 0.664058984457 0.397966243019 
0.417654457321 0.374133475817 0.414042480886 0.478387372902 0.368108361498 0.533394362892 0.741430111355 0.392777313856 
0.411871417338 0.362275430087 0.42652878148 0.474322009055 0.410278548774 0.488129050184 0.689957190992 0.613885671901 
0.415290063197 0.375085505369 0.491022205753 0.519853956698 0.492535986933 0.561175710285 0.640670700738 0.222313124839 
0.494724229085 0.490727428545 0.476127665414 0.508624976631 0.746183019232 0.561754698401 0.819388568464 0.300965653307 
0.502629680073 0.124144223056 0.265783389964 0.246859613185 0.274809112489 0.221067189915 0.140403465517 0.446821178435 
0.410433151573 0.369679316478 0.405444505345 0.474000383792 0.429501195644 0.42541941685 0.896532226883 0.0560372522185 
0.404872004073 0.365895801165 0.399357159419 0.64840209037 0.595855704549 0.663632195356 0.62714735651 0.255504791328 
0.41194641918 0.371925753324 0.412302202259 0.47674052778 0.417823101911 0.510247943096 0.605142153064 0.603713161086 
0.426307730961 0.392277967793 0.421747050061 0.476248014917 0.3608569958 0.539873484992 0.763130240055 0.418791380999 
0.40281687657 0.357213934836 0.388405564288 0.540249869709 0.489601074958 0.511495265052 0.557985104482 0.539160890056 
0.411932281354 0.370938867881 0.407843359104 0.495759374239 0.44002479366 0.487571686975 0.850063710281 0.379464066302 
0.405652102041 0.366421794499 0.400212566167 0.645524717361 0.593730009859 0.661454751789 0.626841337437 0.253868400265 
0.412311553452 0.368222439214 0.448351556909 0.494178283387 0.42509743271 0.440716479727 0.659103370123 0.666677661192 
0.411700975732 0.370780252489 0.41162506426 0.470478692795 0.407043193678 0.417058636367 0.489591392954 0.688137006655 
0.4109159897 0.376339241594 0.411217828032 0.445836461724 0.482427061509 0.747158381371 0.675404534135 0.0229642749431 
0.411932027237 0.370627950986 0.40736316666 0.465931616699 0.383349725666 0.367205807053 0.386478738179 0.834793070613 
0.416739405106 0.37371633356 0.413160394528 0.476826413769 0.371170233001 0.530686483734 0.73247395503 0.382041032323 
0.412043632889 0.37108042966 0.407139773629 0.468961073353 0.406249918866 0.422871254367 0.427219241125 0.611549532184 
0.412291182986 0.372532918456 0.409749764102 0.463085070473 0.414408399279 0.430385411451 0.473939357994 0.725802052366 
0.407151059086 0.394312522943 0.427302248855 0.510504846532 0.45575606827 0.515668573662 0.723265607059 0.383856432919 
0.40935885986 0.360984632886 0.348823034093 0.440290476452 0.534771259881 0.515176623154 0.633189114704 0.498469992046 
