0.303115313708 0.314147844843 0.413809598434 0.414243458488 0.5672818741 0.629114823883 0.766804346382 0.140058491785 
0.29641549798 0.310212799925 0.441447941863 0.411485196753 0.471813230724 0.531174074658 0.740139637635 0.532222702174 
0.301767274812 0.313435434067 0.404667429065 0.371942441994 0.441425126742 0.516254845177 0.648588873322 0.524456067199 
0.305139025538 0.31911442958 0.41191499065 0.385957977885 0.519365700934 0.532808616663 0.490733111019 0.665476822931 
0.301827235962 0.313054877493 0.406060991944 0.371724118914 0.472445878319 0.469884275042 0.655392790073 0.388775024559 
0.302135417831 0.313654288547 0.408446484402 0.375809608715 0.443676299884 0.440016212322 0.513922480932 0.689679895805 
0.299470062032 0.311571164625 0.398184698065 0.360545105363 0.416217287202 0.794367699639 0.78090792705 0.00451896504246 
0.302708297654 0.303561195073 0.402153275526 0.344219438399 0.719269387322 0.755185952303 0.689644517925 0.299029415676 
0.303287716729 0.308104762522 0.387687613202 0.53988710504 0.715743370403 0.737229896128 0.732364210461 0.0857982113158 
0.302995509051 0.312113548111 0.407209315916 0.379950525521 0.39545919417 0.345313878373 0.743834095912 0.593041582992 
0.296141768524 0.306871860353 0.402488452284 0.361707647999 0.431188331651 0.420224924512 0.883664178825 0.29669099561 
0.308853912118 0.316703691641 0.411213914354 0.36505821654 0.415508997299 0.422636288956 0.597061382815 0.729809790412 
0.302601394563 0.314798824463 0.414316118675 0.37836743543 0.349664269849 0.393392671469 0.148377064286 0.724505754657 
0.302144656071 0.311337994611 0.429075572099 0.384744107028 0.455752236734 0.452146782237 0.720921694146 0.467335914897 
0.300830586763 0.312281079581 0.416003065298 0.38250059012 0.495218040851 0.473926475208 0.308387567988 0.735833933298 
0.300081054725 0.271621990532 0.335510431503 0.627011966852 0.639257201725 0.650478473997 0.63807185173 0.504766641533 
0.303281735435 0.318750548399 0.428387459606 0.343073658226 0.366791643783 0.222981414402 0.211339647995 0.630474950162 
0.302187654 0.314375392711 0.411640327206 0.377102215653 0.449378544824 0.406089258876 0.752908709195 0.395404093804 
0.304252437482 0.302305890082 0.450690504621 0.395106588846 0.477131287675 0.791578455793 0.67447344299 0.081868365853 
0.302024772583 0.317975463711 0.414413739509 0.3799104241 0.458118772643 0.454934372664 0.602824601061 0.712438087529 
0.300496727581 0.320230553387 0.393302982294 0.361774673082 0.427117214331 0.494349508513 0.237927435001 0.763733756027 
0.302227803054 0.31294371886 0.407540491337 0.373208209076 0.460568149177 0.528478416899 0.816884715419 0.270563741509 
0.297176808047 0.308939348144 0.405154086151 0.368926086679 0.440176893468 0.386422675391 0.621321308335 0.603560522665 
0.375753383982 0.407598281733 0.50587064382 0.522218522986 0.684807154971 0.647751351516 0.746799603027 0.209575064006 
0.312384698299 0.293821571935 0.378660246223 0.432339630318 0.538482680531 0.712811584989 0.892224901459 0.271343944608 
0.301975865446 0.314094575621 0.408692814266 0.37555957803 0.446900769493 0.460643421268 0.603015143524 0.630841679481 
0.302229911259 0.313794571506 0.40880153289 0.375595874133 0.447272316204 0.436622877464 0.582127047024 0.616287672529 
0.302247337461 0.313888755041 0.414064281291 0.363138903603 0.433738540527 0.344791240642 0.786212491979 0.428435162045 
0.310332426794 0.28677032594 0.468651110911 0.0452975807135 0.253625244506 0.228427970909 0.135119040107 0.520170190835 
0.305919025958 0.30589738262 0.394730016673 0.368478420526 0.47655879579 0.294939942427 0.883906742287 0.177074618394 
0.302081227199 0.315611408522 0.411562600126 0.382342189342 0.459981827734 0.45996690044 0.643243402353 0.340013164891 
0.299592927151 0.31938927858 0.386176454388 0.340321664134 0.387286977728 0.376879320396 0.720906612729 0.523770518366 
0.303915184907 0.315942716139 0.41362018019 0.358827268673 0.434876120944 0.41553636423 0.379003830535 0.744330057574 
0.301961084537 0.313385009034 0.408173437978 0.373891360878 0.442097054086 0.709208939222 0.655350769966 0.589728498922 
0.303381007066 0.314419341135 0.409796429291 0.37622065557 0.447840289695 0.426507990253 0.754743154956 0.246397290239 
0.307114976968 0.297759956192 0.398094813843 0.368788528589 0.506814360281 0.52532046642 0.810179254811 0.249151261756 
0.302521417384 0.315083263028 0.410473432265 0.384485583751 0.455034690011 0.511142151542 0.876197930851 0.0966243410023 
0.302198368582 0.31368964954 0.408463744586 0.375233977243 0.446830113656 0.455783596959 0.758831149742 0.570444500579 
0.301136231549 0.31219103721 0.412231148971 0.377347128701 0.465301055414 0.462429294014 0.492110487941 0.709935454751 
0.304436565823 0.315908956453 0.383559850004 0.458465385896 0.526901589231 0.549487016797 0.497700254244 0.847991587565 
0.301314831632 0.313124090998 0.412461424683 0.376545451225 0.449740200385 0.465208534633 0.493863999254 0.81523753035 
0.302986354948 0.314395951782 0.398575901913 0.368712965096 0.417327255118 0.654112795495 0.67706123369 0.536176461747 
0.309878886952 0.324672381999 0.447066088735 0.417426595018 0.510620030617 0.706377927506 0.604288285284 0.60696519611 
0.304764073772 0.301130425797 0.397742592266 0.407939853697 0.463418927808 0.486902753223 0.198241080507 0.660388523663 
0.29732959368 0.34719018013 0.434545004443 0.455941330044 0.509016763627 0.58877656073 0.510156510777 0.637351767641 
0.297775551244 0.329735615067 0.433775334985 0.436155031365 0.567145059208 0.659479691339 0.866665076985 0.207240462073 
0.302380403349 0.314008776317 0.408637972454 0.375702342961 0.461795702822 0.36733835534 0.788327005429 0.363302529857 
0.332590499201 0.353372391346 0.456059886386 0.396217718899 0.468753827357 0.500088688327 0.855289044111 0.163116826394 
0.309534855813 0.321679002074 0.416756005992 0.379401343617 0.455254733756 0.508253957916 0.464869465286 0.719912761095 
0.301896089303 0.312417649765 0.410867594207 0.371344658324 0.509078923706 0.518510634762 0.883704928747 0.0508636434916 
0.301203293689 0.306427078083 0.429632987519 0.283547631675 0.354135308552 0.813979781924 0.740878090515 0.0346529530403 
0.302205780237 0.313693680792 0.40723679283 0.372851011384 0.422207939658 0.60848252417 0.608752195507 0.510129038466 
0.302289749961 0.314455955145 0.411343803885 0.377617028508 0.432982332888 0.627375831977 0.60646464141 0.509735839596 
0.302128977943 0.313618695559 0.408657510638 0.374272894761 0.439618304938 0.431971604775 0.633856085839 0.54919744032 
0.305969585797 0.299811691918 0.369930884096 0.342238965426 0.814817418382 0.620877706548 0.788828406071 0.396745613437 
0.300587160097 0.312047599261 0.416552498912 0.382946498034 0.500715227687 0.476475412327 0.305055651015 0.764281704314 
0.301883098811 0.313154347326 0.405717148535 0.371176220204 0.458334496827 0.452855212742 0.730413974569 0.507889240001 
0.302050732396 0.316961583537 0.413003247466 0.37742801205 0.44761097971 0.443408433002 0.763503156675 0.532327534777 
0.301842597392 0.313075482136 0.405433954515 0.370738799337 0.46086734114 0.455406173297 0.718551849026 0.488889696349 
0.300285409489 0.318173799732 0.389191309073 0.345223966411 0.394757824651 0.384133284572 0.710568825147 0.504061822002 
0.308189824296 0.318931771464 0.384828432073 0.338115940455 0.383965498253 0.373707342707 0.725442380806 0.532475963634 
0.303178709642 0.308468218318 0.389183094834 0.536693627567 0.711282669475 0.733738041402 0.730373545335 0.0849522454506 
0.305209954516 0.319235322918 0.41168169028 0.386092275119 0.53185486149 0.544335887391 0.493657822124 0.729806518555 
0.296665459458 0.306380850057 0.403660674103 0.388728792125 0.463682601952 0.451197086308 0.591383816154 0.66931134971 
0.319834211262 0.330482934639 0.419995114617 0.398282083207 0.464337776747 0.636673522343 0.79769574374 0.174735871393 
0.302247337461 0.313888755041 0.414064281291 0.363138903603 0.433738540527 0.344791240642 0.786212491979 0.428435162045 
0.301314831632 0.313124090998 0.412461424683 0.376545451225 0.449740200385 0.465208534633 0.493863999254 0.81523753035 
0.304783668525 0.302988621873 0.400977690697 0.370421921986 0.504219838166 0.523606898323 0.779471300448 0.230186042383 
0.302207715661 0.313806696705 0.41543775996 0.361864475769 0.432939632424 0.325647387001 0.807652406693 0.456124781636 
0.319335968906 0.342254463441 0.441723653512 0.399499197374 0.649417758281 0.736287650806 0.677222801798 0.281248388427 
0.30234728402 0.313964987006 0.409302692629 0.375877150054 0.449747087475 0.431772342166 0.593145679743 0.657882080227 
0.311257269922 0.317592357381 0.411984257155 0.362992956349 0.409115517346 0.419599002244 0.606243395984 0.768888291865 
0.295160401097 0.351614624253 0.436628827041 0.467336263792 0.513522061874 0.602520452661 0.511151123866 0.681203852248 
0.371557902575 0.349420412802 0.435709035442 0.435630972334 0.509869169194 0.759735922111 0.619296647738 0.462652404951 
0.30521434359 0.319242290409 0.411648572434 0.386096061846 0.533574963225 0.545905391318 0.494050676854 0.738677857862 
0.30440079002 0.302333299893 0.398678035559 0.406016397241 0.462672366318 0.484587856969 0.201512942929 0.649628733473 
0.302578287899 0.30441859164 0.402591526823 0.347168276427 0.711314497279 0.748174774733 0.68711672273 0.293759772294 
0.301160781152 0.317567627113 0.413197640406 0.381503431551 0.46752861795 0.375539567001 0.837905698118 0.309547524382 
0.319250715691 0.342125722372 0.441652212435 0.399509951465 0.647848563627 0.734461917846 0.676618785356 0.27999123356 
0.302425460675 0.312558986003 0.40676911523 0.371004702489 0.437215317868 0.432250180239 0.705947491527 0.433073360781 
0.302186823799 0.313682076793 0.408450754114 0.375264962723 0.446312504043 0.451805097728 0.776809269127 0.600245823618 
0.302227956477 0.313848842279 0.414828583362 0.362401849343 0.433263894157 0.334283211782 0.798006637142 0.443623432605 
0.309498757526 0.319408804049 0.436628706576 0.416252796657 0.526263377023 0.662626866203 0.818438412587 0.22776111457 
0.295160401097 0.351614624253 0.436628827041 0.467336263792 0.513522061874 0.602520452661 0.511151123866 0.681203852248 
0.302133220507 0.313643164372 0.408504451146 0.374815543211 0.442727589242 0.436813105323 0.623835849103 0.523548121687 
0.302986354948 0.314395951782 0.398575901913 0.368712965096 0.417327255118 0.654112795495 0.67706123369 0.536176461747 
0.305525652776 0.319291321258 0.434534432556 0.391323780818 0.58036990154 0.63638322916 0.77881075144 0.145187114739 
0.304764073772 0.301130425797 0.397742592266 0.407939853697 0.463418927808 0.486902753223 0.198241080507 0.660388523663 
0.302244046531 0.313882023519 0.414215048482 0.36298766196 0.433638545744 0.34274146559 0.788518470655 0.431395926027 
0.305153700804 0.31911931076 0.411122534601 0.385790382743 0.56086749832 0.570393007539 0.500060442529 0.879933081931 
0.301841329218 0.313201528654 0.408023275472 0.372816335683 0.439627338157 0.71847738998 0.659880560879 0.605195000919 
0.319117992384 0.330448968945 0.420789787461 0.398983827459 0.466331515338 0.620886087222 0.771904536423 0.162585703984 
0.303563741128 0.299141837396 0.40007519592 0.327971310554 0.76080869328 0.79155138796 0.702688339608 0.326708760472 
0.305516596058 0.319273154529 0.434600010587 0.391296916569 0.581489547607 0.63764274949 0.780668281687 0.145980830841 
0.302177235864 0.312917417708 0.407518037578 0.37313139742 0.460179973334 0.528896385584 0.824887021068 0.275847905269 
0.294902655206 0.352113562203 0.436857704488 0.468643762124 0.514020231794 0.604080330256 0.511257051029 0.686228952509 
0.302218532118 0.313306061596 0.407055866721 0.372186472636 0.395896976267 0.647778509262 0.634197740849 0.598245727875 
0.302549204625 0.3165612368 0.420352169958 0.38378554787 0.412245961094 0.670340654685 0.62804920596 0.593163014212 
0.321210563257 0.345031135234 0.442988263736 0.398945602344 0.691173811075 0.78434622904 0.692944840608 0.314725697593 
0.302091748961 0.313230275215 0.409910165614 0.371921390475 0.419994489573 0.40339830019 0.692584461467 0.702736617014 
