0.407978372219 0.287953056896 0.391899270526 0.410007105604 0.436293074163 0.452251290902 0.644929621249 0.530412512583 
0.416882728286 0.293997041527 0.394514433049 0.416493735071 0.532957293567 0.586234147881 0.761841815649 0.411638436833 
0.408073238683 0.287587109627 0.39047176559 0.405446969016 0.412443912204 0.569792815926 0.610271248689 0.584853768993 
0.409247802618 0.288430189026 0.391065538234 0.406189952874 0.375732346781 0.295541024121 0.329003399962 0.893670825107 
0.399597562499 0.282627436144 0.402723637483 0.432210353369 0.481243966845 0.446963037263 0.7992266321 0.554356045394 
0.387934854462 0.276468345254 0.417966629659 0.423064739685 0.476533799289 0.185900310225 0.195476871128 0.73490204215 
0.415374539709 0.297138154183 0.401351344915 0.436878194038 0.198872690934 0.182632843055 0.224068946054 0.729921944497 
0.407749857441 0.289111013448 0.392573875612 0.397628017355 0.406293897242 0.35344762346 0.67185768057 0.543809418111 
0.408069637634 0.287580703287 0.390448233147 0.40622752539 0.412037850888 0.413637123056 0.866317887413 0.135972474483 
0.408457854112 0.286833178221 0.391557603681 0.409121782625 0.790841698877 0.642169806806 0.581588466433 0.711870497348 
0.371287469957 0.35232121869 0.410051874479 0.430046494892 0.357257898433 0.295927268413 0.723212263283 0.70442580976 
0.404834799705 0.299231481356 0.441231516022 0.459764397289 0.619075455014 0.609703309873 0.723830858936 0.439509371149 
0.39546076391 0.279400856343 0.412459119421 0.346108838306 0.745749917466 0.586621382475 0.789601516736 0.0581931559523 
0.442058071047 0.301657926322 0.399559562147 0.431884574559 0.35404212149 0.348282820132 0.210001887809 0.77265109407 
0.477834899269 0.322480304076 0.432366093997 0.439710121454 0.446445703939 0.525531939741 0.612733373789 0.638950679706 
0.404659465422 0.298738622171 0.396249916712 0.416496525797 0.588711773663 0.654745687755 0.665782454835 0.313663472865 
0.552089266807 0.383665367786 0.209024449693 0.238481558398 0.250208243096 0.12305395909 0.249898044671 0.567812169906 
0.415149175302 0.291512467889 0.415815936467 0.435255224597 0.429033351611 0.476113538458 0.832366389978 0.335643163883 
0.412599397808 0.299904794139 0.413464210413 0.457478976447 0.466687261481 0.680946282624 0.67285059689 0.107509058187 
0.406767248849 0.284612180539 0.388237946292 0.445498517453 0.453007052395 0.429319112989 0.698019403003 0.709798271418 
0.40702006455 0.303389060997 0.403885000323 0.433247358335 0.432065689558 0.616081403584 0.624126809805 0.324256955287 
0.579050021309 0.655965286153 0.644765237787 0.65985133178 0.547989570585 0.552286333106 0.780276845187 0.434218274112 
0.408013709108 0.287420703704 0.390375735008 0.406144190332 0.410093068131 0.872994406474 0.690372688684 0.260727825459 
0.407303583346 0.28605827172 0.395197837535 0.437267253594 0.457435827305 0.462054291908 0.769688619291 0.492343470507 
0.407300771091 0.28660349729 0.389905887014 0.403449900988 0.404500864438 0.384079481234 0.395154198712 0.828018646169 
0.414548800184 0.292576968269 0.394086398604 0.387828918799 0.381935881755 0.380800265081 0.356329020783 0.786040299597 
0.40728527503 0.287075279595 0.392070760228 0.408066038396 0.405475970846 0.392643610377 0.524510445838 0.7590808092 
0.408075811704 0.287592379429 0.390463917612 0.405868960147 0.44456606572 0.776304550896 0.686917102636 0.467916256899 
0.407934440742 0.287171312969 0.390102365379 0.406760077598 0.41250188608 0.436188863863 0.266121092994 0.767328958875 
0.285100170662 0.613853087423 0.492505765931 0.846715540696 0.690318836536 0.610990606738 0.735955015296 0.404947240771 
0.40765417389 0.289324487068 0.391976021806 0.400502840286 0.40684016907 0.33315595177 0.83292976889 0.182096223661 
0.408081145044 0.287595147665 0.390435872045 0.405661178211 0.411393276872 0.426440741819 0.66611133824 0.508442388625 
0.407314767769 0.285986057403 0.411831428967 0.614598587958 0.490650780263 0.560915175174 0.743011302876 0.451620355657 
0.405268996621 0.295678958506 0.394707578876 0.392293688457 0.445084964151 0.426068944517 0.269900614921 0.742961803667 
0.40808005176 0.28761498027 0.390472028151 0.405858505792 0.417963631159 0.365542665631 0.586886781053 0.697542851543 
0.408314722946 0.287714419181 0.390564755982 0.403671375559 0.408908052089 0.392266578598 0.618806377276 0.587665976461 
0.408113290682 0.287609417986 0.394129955562 0.429453106967 0.465657841927 0.541776799271 0.843556228874 0.281164589928 
0.417407912183 0.292078275987 0.396523934843 0.431378257447 0.433245371306 0.425048449409 0.506294056757 0.794530232357 
0.406530188682 0.286501536649 0.389274223685 0.394431954685 0.43732086791 0.5458648323 0.846095142891 0.423639378323 
0.40650156661 0.279046634527 0.414862020361 0.440920926878 0.428392410983 0.50588211164 0.115631164298 0.439127312712 
0.425851257524 0.305900129835 0.403995990349 0.419479811203 0.543950331222 0.588066826111 0.763093133464 0.296714271457 
0.401117794139 0.322263272932 0.588162495496 0.584701470688 0.71259456097 0.796259806465 0.737347905977 0.0887730570747 
0.40806150249 0.287662992975 0.39049516759 0.405666549595 0.41410458194 0.423340680434 0.586197257703 0.677185729415 
0.400882040616 0.282531328054 0.386650541349 0.444783097667 0.482321257704 0.462691481517 0.217500619103 0.656555329513 
0.407397567562 0.285550488543 0.395981046934 0.411614684754 0.432624651294 0.486244073413 0.186025900824 0.66294137235 
0.422775807378 0.298261394195 0.400278184755 0.421128048993 0.421807714069 0.417891612566 0.449382850204 0.716367848789 
0.405924115609 0.280598404554 0.383822996567 0.435429296873 0.358956581127 0.340580810423 0.866959882384 0.199036210484 
0.408073238683 0.287587109627 0.39047176559 0.405446969016 0.412443912204 0.569792815926 0.610271248689 0.584853768993 
0.40488320781 0.284629520244 0.380793490005 0.502842704559 0.518062910079 0.603930228674 0.707652717403 0.0231486386202 
0.407226628933 0.28590520949 0.39496239033 0.43824592624 0.45851520108 0.461661817126 0.792563336143 0.524566925718 
0.413332352746 0.270560771441 0.372371860848 0.382486098158 0.356407399883 0.698872335373 0.739226068901 0.369000082353 
0.417871525482 0.300070661962 0.397436204504 0.435950063545 0.502041208146 0.675941657669 0.80525070502 0.380835233785 
0.407923327365 0.288162566708 0.392728753997 0.409701361521 0.436293074163 0.452251290902 0.644929621249 0.530412512583 
0.407371662093 0.286193627304 0.395364774369 0.436533001365 0.456622178725 0.462358743452 0.754008987936 0.470280443691 
0.422775807378 0.298261394195 0.400278184755 0.421128048993 0.421807714069 0.417891612566 0.449382850204 0.716367848789 
0.405268996621 0.295678958506 0.394707578876 0.392293688457 0.445084964151 0.426068944517 0.269900614921 0.742961803667 
0.397980868397 0.281494394007 0.406308379137 0.439935690629 0.500368837147 0.471912157957 0.204569262239 0.705351974628 
0.406924051831 0.283914556268 0.397850423078 0.413027143793 0.440901422887 0.524796942665 0.149666303222 0.7780460349 
0.407385730399 0.283455074737 0.384112535948 0.354399890299 0.317337411989 0.686873238794 0.787743251319 0.00675010681371 
0.407265682957 0.285881715625 0.41176241487 0.617823648814 0.491093954026 0.5621186446 0.745435500129 0.455249641196 
0.398808946816 0.282343836716 0.402801423534 0.432375549112 0.48275112551 0.446057283039 0.817292204589 0.580818641316 
0.408725840729 0.303942201117 0.405698720221 0.41517103613 0.424983938491 0.425891738446 0.257451205513 0.71709584734 
0.407352043242 0.283666477472 0.401662851741 0.4219412372 0.419330323229 0.451554929927 0.650307911322 0.587039703848 
0.407300384 0.285826473253 0.389143132098 0.429314528124 0.436129774344 0.42546526178 0.510388405877 0.835344606848 
0.409871982412 0.2912383516 0.380252158366 0.376062192996 0.486070777642 0.679622311214 0.742504202291 0.170595604603 
0.407397567562 0.285550488543 0.395981046934 0.411614684754 0.432624651294 0.486244073413 0.186025900824 0.66294137235 
0.410785082596 0.289353268657 0.38490993591 0.398134264434 0.664627317689 0.728173418347 0.694387192865 0.383559496552 
0.40730489305 0.290108361259 0.394018402526 0.395452025459 0.405409954041 0.32199841656 0.705009754469 0.625373041321 
0.409279209477 0.2762228365 0.412950254123 0.279280609545 0.25597591012 0.257245289107 0.324111317582 0.65722182063 
0.393380059195 0.279056207749 0.413192518525 0.420832430989 0.465247925335 0.202574552369 0.208522969409 0.686932092215 
0.408079194726 0.287598236765 0.390390541307 0.406956029577 0.409480101622 0.581115394754 0.617907198051 0.614372809646 
0.407456757863 0.283023852501 0.38336324075 0.334857815447 0.280435646027 0.724791028908 0.82586828553 0.00760560717128 
0.42459851132 0.305982407634 0.405005711351 0.422150229081 0.517430727345 0.562491715347 0.722636351012 0.258941548446 
0.407925425642 0.28714996667 0.390080039969 0.406872604166 0.412613286353 0.432557665463 0.271454730683 0.740688333965 
0.40073290237 0.283072724608 0.402593970731 0.431955032264 0.479040384607 0.44830868281 0.774973082849 0.518860992287 
0.431891010273 0.298566722394 0.397645375131 0.425771315225 0.359584907816 0.351464950639 0.231168813422 0.698414255133 
0.405038636465 0.28545122526 0.388131766265 0.383422826809 0.702831729913 0.764000190642 0.708268376251 0.418898032705 
0.414333310897 0.269536391056 0.380971684909 0.436026492908 0.337001021471 0.359380942978 0.779154347055 0.507347107042 
0.408379531692 0.289847234668 0.393966395874 0.440940608421 0.476549851394 0.247424266637 0.230398848188 0.70112993147 
0.408093625022 0.287671911191 0.390506140971 0.405928254571 0.41665975314 0.37003085064 0.581815184188 0.673398475126 
0.408532798091 0.287924809318 0.392219754126 0.402016177102 0.421024187142 0.413883531903 0.460710126035 0.839856471358 
0.404759403226 0.276471575148 0.38008267598 0.446910582252 0.345329439421 0.325359181959 0.895150439506 0.212575656918 
0.401335778958 0.282818303678 0.386857572118 0.443725670429 0.480325590145 0.461508909551 0.219121246706 0.650517938833 
0.407268277034 0.28246243792 0.401900597336 0.421721182719 0.418462121989 0.451454416473 0.673653416712 0.64704000728 
0.408473056438 0.287788567354 0.39124084503 0.427600697083 0.450903265537 0.441609495375 0.215981893815 0.62047461119 
0.408410815019 0.289417792837 0.385230998499 0.3983131221 0.406108896761 0.349276141595 0.676307785344 0.554600172645 
0.85837104076 0.512809399968 0.660975956369 0.62453533894 0.644356942042 0.59597816592 0.70871403329 0.355261223439 
0.408000101777 0.287798396406 0.391527654152 0.408970781136 0.436944858404 0.452083372893 0.671135163506 0.592519634093 
0.407229127425 0.284985178968 0.396680245748 0.41216108829 0.435624580164 0.499850360915 0.173094736308 0.703450982546 
0.409525416595 0.288197880117 0.390987563202 0.400573119134 0.405212133115 0.369512650272 0.655807336389 0.705492295632 
0.427677356793 0.298413130298 0.363679076908 0.389049041807 0.348466615679 0.619119655005 0.653343134215 0.743466748062 
0.370941176748 0.265167747014 0.448774702282 0.531311265431 0.738081846472 0.650014059288 0.688890869286 0.473787284762 
0.405547189679 0.273862398578 0.429673693674 0.462219310981 0.438561588089 0.566846289823 0.61161272219 0.590031966444 
0.477834899269 0.322480304076 0.432366093997 0.439710121454 0.446445703939 0.525531939741 0.612733373789 0.638950679706 
0.44146311362 0.303648815594 0.406422074199 0.420460134334 0.647403839355 0.560405972013 0.811228612182 0.341734194086 
0.40894349907 0.285606167135 0.389529045117 0.404152759391 0.642383081001 0.707029670486 0.686178554231 0.363046789466 
0.407384010823 0.286218175093 0.395392081077 0.43640896121 0.456484348648 0.462410866419 0.751475798891 0.466718074958 
0.408666734307 0.288000420063 0.392956770284 0.401064980908 0.421984404463 0.41433322175 0.464150256832 0.92573462734 
0.40807793552 0.287991118417 0.390781246711 0.406187180652 0.411829709212 0.416680426311 0.58460681698 0.772059300662 
0.407924467587 0.28715187474 0.390078026365 0.406929154337 0.412672890369 0.429629147959 0.275769826274 0.719228187523 
