0.291360484779 0.355964553848 0.373639020879 0.346224275318 0.3159776061 0.689414266671 0.862854745575 0.144469712739 
0.287704882766 0.35106471417 0.311450353604 0.304858754099 0.496018811643 0.574550982149 0.553545329125 0.555282306618 
0.289091763875 0.35212847387 0.312345697683 0.311686917748 0.593933577062 0.56755479256 0.804594991739 0.0586722731679 
0.292904262946 0.353673096451 0.297403277731 0.297741844698 0.421499427933 0.404440268904 0.394980882517 0.660095853879 
0.312402806993 0.389230652006 0.341731669964 0.363699202388 0.472020559457 0.624015933727 0.597080536042 0.472086079664 
0.287328200756 0.350552838577 0.310003160189 0.287081417591 0.35810026017 0.741091010603 0.746869296838 0.0975818126416 
0.258551448487 0.339759845124 0.268496548101 0.44423180703 0.948057953103 0.721222194978 0.647231975984 0.507975515932 
0.287856009519 0.350900648231 0.311236401578 0.307355312704 0.421386016459 0.475989782174 0.842392701966 0.387488319025 
0.294673447455 0.374917868935 0.332062823597 0.32323957757 0.44889265968 0.493710889156 0.701468215754 0.464183816807 
0.296841246135 0.376050642937 0.389563414896 0.495494831404 0.659859525284 0.584613952218 0.588394171012 0.554158591231 
0.287766803255 0.351628761047 0.304275905615 0.301964625237 0.709825961484 0.606961533552 0.631046994949 0.467015362714 
0.287878181111 0.350918533396 0.312540670836 0.324138166477 0.477328930215 0.634684787481 0.685192103779 0.324409400141 
0.283526999244 0.339245947424 0.296702838157 0.38462471302 0.603458430387 0.668668209004 0.961735027418 0.120719037523 
0.288154757586 0.351064434862 0.311436636122 0.307818592842 0.448802706872 0.356021690375 0.708654388494 0.478479665076 
0.288103615167 0.352001461357 0.314990100898 0.310826927127 0.492055005616 0.697911094695 0.776950961783 0.0779087732428 
0.291656856189 0.353456936198 0.302517160484 0.382146667391 0.604249882305 0.718999257912 0.815294823446 0.201192316081 
0.288089260739 0.320626226513 0.291130648041 0.24274301066 0.348016436494 0.892646631415 0.68853791246 0.329187368857 
0.288098948706 0.351215755795 0.310096746796 0.304524454497 0.429502822092 0.497588553048 0.873767774601 0.0369906349062 
0.28714933301 0.352056295447 0.31217823654 0.296171309561 0.572002338627 0.543593561073 0.693120902085 0.577386013094 
0.288238031886 0.351937759556 0.311911279748 0.308356898622 0.424955726477 0.420286211058 0.366707520498 0.710510807065 
0.287843985534 0.350640627902 0.311086588521 0.307071589892 0.440295128796 0.410427917948 0.385451319184 0.725961908702 
0.31616319988 0.451370501786 0.375942484622 0.359548698627 0.603137601764 0.757468267445 0.691019933093 0.00129890791235 
0.287895088933 0.350901269667 0.309501546092 0.298200662878 0.427554982589 0.5080301187 0.810993291319 0.0714566002485 
0.277863450943 0.345955137179 0.365271867579 0.34301721997 0.475169816925 0.312602687936 0.841758367636 0.261508559853 
0.287779796594 0.35083179786 0.31121103967 0.307221595666 0.432487033939 0.448566701205 0.426876088727 0.922841108285 
0.557025138329 0.98011010075 0.646661675064 0.549627215373 0.683212126862 0.638333756916 0.777431725188 0.264456359584 
0.287775561525 0.35083965596 0.311178673214 0.307170262288 0.433588559048 0.450149020483 0.45303061128 0.716729770502 
0.286169170114 0.354994953401 0.324883039559 0.321466681513 0.379192195251 0.323650954987 0.839858125953 0.0037813530084 
0.284435765514 0.401083592884 0.329785363657 0.368380666326 0.483790570936 0.535431754022 0.82644265608 0.401509703764 
0.286762322676 0.346084816141 0.30597022299 0.298958015201 0.480980309318 0.470128874815 0.330685264821 0.809749680099 
0.287745726212 0.349106347452 0.310594908219 0.361166577874 0.30654613024 0.23403050773 0.843950329952 0.549336618492 
0.361865319402 0.383855930112 0.357571659007 0.461449282382 0.514921141826 0.514589816465 0.595066033692 0.653117140835 
0.285914335315 0.349850563973 0.406319636428 0.391242792311 0.487882910055 0.710502483455 0.736733795684 0.357626842712 
0.210938046082 0.287132569142 0.276082048805 0.267597201871 0.676851317131 0.69160201041 0.620996866663 0.485182590413 
0.287467947685 0.353242535638 0.313450320368 0.329420977077 0.453989279213 0.469183559599 0.859851324707 0.15563394299 
0.287921560562 0.35094071377 0.309271281435 0.304897815036 0.4429748109 0.508415272024 0.509829269025 0.738972265057 
0.281703463498 0.345779994372 0.308556238958 0.302839754509 0.444795637117 0.488362653498 0.533242358167 0.833776511869 
0.284874832109 0.346677869662 0.307509166657 0.338707297196 0.490545076235 0.4997742272 0.223953111971 0.735811778682 
0.287904925265 0.349996561084 0.322169211954 0.349307156128 0.459409695721 0.584667417115 0.604314912155 0.543865683713 
0.695691247193 0.549709821084 0.421825455752 0.635769469651 0.67874230104 0.614678627278 0.771749276671 0.392978267556 
0.288447156458 0.349287439782 0.316005707203 0.315354988076 0.515033923276 0.594381337611 0.556651802702 0.654494412674 
0.322478481082 0.294071376445 0.216258377167 0.611131466892 0.583905177421 0.604977950212 0.904127567694 0.25830452208 
0.304251788958 0.514972908095 0.45004716032 0.432407581636 0.701264789882 0.643354327485 0.694476099622 0.119169991126 
0.320479017346 0.389322683776 0.331498245109 0.417140912894 0.528801397192 0.541802276065 0.805011629754 0.312413210756 
0.287716032662 0.351048075786 0.313169562109 0.303150845989 0.481800034124 0.562837117623 0.681619172289 0.69222054794 
0.294450992808 0.355805712028 0.3144530373 0.269019337988 0.588981132279 0.656547202063 0.730502052944 0.376762281171 
0.288302818341 0.35207791165 0.324600283673 0.322722357649 0.490407317183 0.752232907485 0.682427784315 0.68937475418 
0.287742028092 0.350462907933 0.313501969987 0.30997338891 0.437129468356 0.457300749406 0.49915379922 0.698163610851 
0.285965733798 0.347464126959 0.296617233678 0.421778487179 0.533496835686 0.526312533137 0.810047577157 0.0809018536517 
0.287641764958 0.352071310899 0.31324839327 0.39877656199 0.480428882776 0.491033037908 0.681045909205 0.538691106768 
0.287494057078 0.350638312111 0.310685570865 0.310783449074 0.447690588762 0.669522070802 0.713170310113 0.49258680241 
0.291829226237 0.358013887241 0.314302272612 0.28614999652 0.481631398602 0.530882407451 0.173848752602 0.563297393807 
0.288094807525 0.351259533814 0.311574200892 0.309464247094 0.439729100965 0.404866412599 0.426322534523 0.730509889146 
0.284365758142 0.361124551376 0.323164836301 0.314579436066 0.365786014572 0.415983399091 0.415153397968 0.6936563125 
0.287929207156 0.351047187764 0.312563311388 0.317285745038 0.373642588195 0.551638747343 0.527963096617 0.852479233869 
0.288269665285 0.332969515234 0.288213871732 0.229951411642 0.391031179407 0.301390530867 0.808843333439 0.383005936947 
0.287800304611 0.350862531909 0.311228866993 0.302352360375 0.458155581922 0.487369907813 0.483081152543 0.767366990631 
0.266758976756 0.339238496656 0.367642224542 0.345813568784 0.484161248724 0.634423458199 0.676277240989 0.480915726762 
0.28879451984 0.351533241785 0.297866385999 0.291323721211 0.497781619516 0.859705355296 0.683675216538 0.309316639949 
0.304443926217 0.511806378861 0.447921563005 0.431137356904 0.698204800577 0.642441164646 0.693817736979 0.11853714348 
0.287042801169 0.347626211718 0.307599582058 0.301450772018 0.472699645099 0.467682538323 0.337545227082 0.758316998023 
0.293692494428 0.357803982118 0.314858033522 0.327069190433 0.450982306872 0.337502350449 0.721964124483 0.508797733597 
0.284942794856 0.347565509371 0.320681490862 0.330343990167 0.446635029724 0.490460058978 0.740567272382 0.53449035049 
0.304726412584 0.377264734462 0.332209393762 0.346079725082 0.460104690109 0.486200077516 0.780301527285 0.125926089138 
0.30976029587 0.286570407763 0.280588109419 0.274983448864 0.371323509261 0.848757458229 0.682230108584 0.303576879587 
0.287722466748 0.350954561282 0.310843378256 0.306591884625 0.449108470329 0.461174440304 0.723507491244 0.793621794026 
0.282880289873 0.405065884029 0.330170831771 0.371831241874 0.484950086793 0.537352246041 0.84744954702 0.423485360167 
0.28846269207 0.35128514506 0.31299488021 0.338061110913 0.550165687523 0.511830220319 0.584128767107 0.596880236053 
0.286970543676 0.35044328623 0.310729881672 0.305983422999 0.475836064208 0.296294806564 0.751206140449 0.578031113467 
0.286012917885 0.346355514616 0.305352029314 0.36586359922 0.559876026888 0.623243012735 0.854600194522 0.0952091840581 
0.290558763801 0.352198439938 0.311937165133 0.322561259222 0.447100042346 0.461984866906 0.896914808074 0.169608082852 
0.27918002987 0.343676476053 0.307464908042 0.298437198933 0.482604347661 0.470579482677 0.329354332411 0.819797466698 
0.808424115426 0.604669680928 0.452403162292 0.726581601673 0.74643752176 0.660312276617 0.791438239905 0.117773524174 
0.287893638714 0.350988364548 0.311326396245 0.307277438787 0.433977125068 0.501482176784 0.771795116699 0.387844976762 
0.289575124966 0.352626963046 0.312817853912 0.313398978248 0.587736541297 0.565778657832 0.795487454779 0.0571513825955 
0.287746550903 0.349466744076 0.310711432592 0.358899727305 0.309767344103 0.239458225106 0.839833489046 0.542149663372 
0.286688843139 0.345655101528 0.30552148155 0.298278128942 0.483094430145 0.470713752609 0.32895348698 0.822827725271 
0.285186222613 0.344074066112 0.302523301926 0.372161695242 0.574378768812 0.638390500163 0.890269429832 0.103702165484 
0.287752004133 0.3508041509 0.311151430451 0.307620216813 0.444672905111 0.595351600321 0.858232435538 0.390090439408 
0.287089539085 0.352155811881 0.312257464786 0.295618509826 0.573412463432 0.544059589155 0.694734119321 0.581324650479 
0.287972280664 0.35158454753 0.313794562038 0.30956171562 0.493172834408 0.722395223247 0.797463118967 0.0835232112163 
0.283672974255 0.339682131487 0.297221663404 0.383534028706 0.600896547539 0.666004799408 0.955441255512 0.119220382624 
0.277863450943 0.345955137179 0.365271867579 0.34301721997 0.475169816925 0.312602687936 0.841758367636 0.261508559853 
0.287873573881 0.350921990573 0.311363245025 0.301090982837 0.460348897399 0.490445086704 0.484445570667 0.815144292527 
0.284057267991 0.342032603757 0.305323917448 0.297652927149 0.504789561561 0.689893991912 0.61238079778 0.583794100463 
0.287812331396 0.350902035986 0.311252207156 0.307009803431 0.438903388801 0.35333756742 0.301211811968 0.740855280943 
0.28811422039 0.351283450491 0.31159431043 0.309622205249 0.440156143641 0.40403827971 0.426249248272 0.740715817286 
0.284383296465 0.35766690894 0.336901445346 0.332187184964 0.35826096244 0.270287106253 0.884362214676 0.00434844843037 
0.221756666647 0.323251719971 0.400039557884 0.355436491137 0.495676269817 0.723406758644 0.741731872899 0.647826041938 
0.301428456124 0.436949531739 0.344360413336 0.340171326311 0.479211091585 0.668454891931 0.617529431032 0.56600490373 
0.28924017243 0.354244896643 0.314224161023 0.286228379166 0.415869815704 0.849653776295 0.686001361329 0.376345664399 
0.288610986238 0.351658443995 0.311920776529 0.310038116077 0.53544941048 0.524461491944 0.583677523986 0.594565670429 
0.287783099068 0.350999220657 0.31016216057 0.295817193185 0.722007948635 0.592838836942 0.798945139253 0.233919714808 
0.293837565178 0.354075226677 0.29658165997 0.297471674311 0.421205465677 0.402312910458 0.393410698643 0.682437055863 
0.287762842602 0.351052304931 0.311416775325 0.307667761485 0.432215191753 0.459148208948 0.486221328005 0.690264273991 
0.301193278363 0.370964643413 0.324656183261 0.331737940813 0.446215690286 0.46711483198 0.870294455247 0.159564487987 
0.304726412584 0.377264734462 0.332209393762 0.346079725082 0.460104690109 0.486200077516 0.780301527285 0.125926089138 
0.288411524429 0.38126823718 0.220035042561 0.253788531977 0.917178332907 0.642601376681 0.661211924588 0.654303029462 
0.287242781044 0.349992654783 0.31070318304 0.305737469679 0.460972110989 0.745770675917 0.746461488405 0.0522911863947 
0.280875472653 0.345204072007 0.308348266271 0.302470158328 0.44505857984 0.49038087856 0.537348638607 0.87517643081 
