0.146027290992 0.0370887557163 0.173725661437 0.356726083509 0.657243224852 0.358478886105 
0.542807600893 0.409000262769 0.0350655739499 0.222712602628 0.233942435072 0.591376018776 
0.116093880243 0.0983970321397 0.0911642046901 0.31617546479 0.364683677469 0.593225594245 
0.0307008314968 0.0118430719934 4.3544583104e-06 0.27709918995 0.653601656915 0.576809149897 
0.0643755589275 0.0592584455642 0.054000464228 0.55429170748 0.640561606782 0.0672335864146 
0.279656223147 0.124167614649 0.344146557948 0.0740343005833 0.573806223543 0.509694924454 
0.0713270066885 0.0881740290053 0.263086987401 0.517827685968 0.539211862395 0.13314214307 
0.839851895295 0.580570254803 0.449519224051 0.11676657267 0.0589598642707 0.276896641348 
0.58072934104 0.411266616878 0.0246312340888 0.0110203220072 0.420918877714 0.588162867334 
0.0726262017844 0.103977053151 0.0922674536833 0.0752517739776 0.81631549234 0.503451228817 
0.305633243999 0.205051746147 0.000416907860014 0.481754054354 0.754245510951 0.474480396625 
0.297727764971 0.0934860376118 0.166872187026 0.379263115239 0.679052839813 0.414296857622 
0.177707785155 0.0756228749838 0.200838583948 0.339348507914 0.439124749925 0.633192704996 
0.306643465746 0.43790467002 0.465111822836 0.242958001524 0.255209932858 0.645162881535 
0.339123106113 0.355698163219 0.514376656781 0.26869211567 0.282243246375 0.71353186122 
0.402622846562 0.357551162066 0.106269874491 0.237174211741 0.687769091609 0.451089243863 
0.166294556533 0.131316609625 0.0343653071188 0.378746419292 0.520012418481 0.482705800142 
0.347671387904 0.468674755022 0.410493862126 0.240531578292 0.137036444173 0.46103520092 
0.0206993870984 0.0305100806848 0.0410900141443 0.199533776662 0.746181321817 0.735703514513 
0.184574564725 0.142002112967 0.0103322602709 0.487161151537 0.812106882691 0.171117931236 
0.0276290707328 0.0152889352267 0.0375449192985 0.122835907813 0.237409615836 0.866754975394 
0.138399046665 0.0359715604914 0.527559344436 0.206502352011 0.657154272781 0.427974121905 
0.144849122435 0.427056162996 0.414469500301 0.0868566609036 0.782659783891 0.123764316145 
0.389412119929 0.0715791481999 0.697382267537 0.481119209207 0.173109917281 0.264451947153 
0.0289994318871 0.0304167070456 0.739452879293 0.957353957456 0.482446521339 0.286425116457 
0.872424220157 0.767243384294 0.396507622058 0.166192511271 0.0685935320942 0.485733102523 
0.0236760784432 0.0132636602112 0.0242118476004 0.148914767915 0.869946172089 0.877148702967 
0.755687030804 0.23728473694 0.412413418579 0.466100658733 0.45438259577 0.284819145063 
0.649540572997 0.21816470293 0.406487912525 0.691596405057 0.0186462609701 0.232420903052 
0.587683996442 0.406252359449 0.314549107018 0.0854571064193 0.272113683672 0.687913548977 
0.153228045637 0.0398258101349 0.584085814913 0.228628422282 0.641289398791 0.173721609976 
0.393324361956 0.104211687975 0.172155129661 0.525663403044 0.256666292017 0.292866854631 
0.379370169414 0.164550961541 0.302877900329 0.682984292034 0.418820359584 0.0717777468702 
0.00931535598102 0.006709598177 0.0343009719819 0.917489056884 0.888626919362 0.191895211388 
0.240372980127 0.104261189214 0.191905810007 0.432746031389 0.346090359718 0.375559035342 
0.166545061958 0.111838784245 0.165380795297 0.784427948214 0.582314075309 0.302361056898 
0.48855539308 0.150191442428 0.0271599344879 0.275920126106 0.800128518615 0.524832772874 
0.179514934917 0.241993167775 0.222966979674 0.320820001743 0.574411074653 0.350406613743 
0.00324313127958 0.0129065834285 0.0222683324249 0.203732125282 0.913455335143 0.80679257626 
0.00155455368617 0.0032560958297 0.0391483290945 0.216185248729 0.855094361431 0.868917242568 
0.541431279693 0.48082070396 0.160486122975 0.290468583444 0.0888341219609 0.193173345925 
0.133766087195 0.219886127615 0.681530528463 0.614570298056 0.300079352464 0.342453550937 
0.161174591041 0.293095777034 0.499435287182 0.349724930848 0.89491634529 0.171568168328 
0.477380926166 0.149896930103 0.260528023182 0.304337732394 0.462971968698 0.646954464988 
0.0713270066885 0.0881740290053 0.263086987401 0.517827685968 0.539211862395 0.13314214307 
0.062664619795 0.0534471015375 0.0082064641768 0.0264125359599 0.128967060704 0.876596152636 
0.0271304702629 0.00546149854645 0.123860151369 0.14806612331 0.566021711145 0.858271716038 
0.0328110003676 0.0278833330457 0.008331198069 0.435235558223 0.155160916311 0.709866379039 
0.177211996014 0.146452674789 0.0936605277549 0.31399651232 0.073849313292 0.665411297195 
0.00420319084636 0.0700128270296 0.663520706745 0.610666426286 0.379163389386 0.444090059817 
0.105527626706 0.027427851041 0.402257201428 0.15745552496 0.751011897361 0.765728952419 
0.417081237809 0.126649912442 0.33298553135 0.750875968195 0.460454364058 0.078944127003 
0.000821297170001 0.00172021635074 0.020682119222 0.41067525022 0.919061125677 0.811745645846 
0.0150540089405 0.407029696734 0.568944551942 0.101174302457 0.544452418829 0.0584587835497 
0.00487480824261 0.0102107027453 0.122765066372 0.677907145239 0.881321021354 0.616094996567 
0.578077862898 0.19416211996 0.361765694866 0.615506665037 0.0188839311939 0.449833698942 
0.0265900748607 0.0437089760364 0.889170432822 0.880901889859 0.0420180567541 0.174305403903 
0.0183479679975 0.258246441856 0.490087723751 0.501136350531 0.365086198003 0.000304397198624 
0.0117706462974 0.0160019367891 0.147720109298 0.431265451261 0.522877847071 0.461495480736 
0.186519479199 0.10449169388 0.199625874008 0.613657812768 0.639001960579 0.157840029204 
0.0135888730422 0.0581778697508 0.716484258069 0.266367587103 0.398337302767 0.383179882057 
0.181738754335 0.0806921202027 0.22364794783 0.0481121813385 0.646564532812 0.75355960236 
0.0236760784432 0.0132636602112 0.0242118476004 0.148914767915 0.869946172089 0.877148702967 
0.0142282173365 0.00369794744681 0.0546427325314 0.0846434608759 0.854203792722 0.842252772972 
0.446411662894 0.38074846542 0.0584758411338 0.188160108193 0.18090622099 0.799210258105 
0.417081237809 0.126649912442 0.33298553135 0.750875968195 0.460454364058 0.078944127003 
0.279656223147 0.124167614649 0.344146557948 0.0740343005833 0.573806223543 0.509694924454 
0.365370987912 0.0603103826701 0.449628349359 0.0967259446813 0.749682447538 0.666013319167 
0.0200821682242 0.0273013432158 0.252029941047 0.735790954268 0.683845307369 0.156099215275 
0.0430319538413 0.0782534879643 0.133342435582 0.0695690640206 0.610434300539 0.925638598378 
0.0610431888263 0.136832324948 0.773920510829 0.410198238292 0.260817971565 0.181036448475 
0.0457791905852 0.045022690667 0.0322197698604 0.00696864644559 0.00668747328762 0.825298567566 
0.258208900199 0.540844423116 0.477828753225 0.0120958974419 0.462000438235 0.645596233602 
0.00482437185404 0.00596375804858 0.0177924568561 0.286197258581 0.776251462539 0.685564299117 
0.329304699489 0.292440605032 0.0977965944739 0.380308018184 0.68092372728 0.415439149673 
0.146691519865 0.0924559580358 0.0246813253343 0.632555962451 0.842739322967 0.430311880701 
0.466118406471 0.316519228548 0.282044995401 0.622431434457 0.197670843487 0.405031999372 
0.105366762663 0.314826742434 0.536837145876 0.484093393471 0.236367738816 0.269681707519 
0.153228045637 0.0398258101349 0.584085814913 0.228628422282 0.641289398791 0.173721609976 
0.175050783824 0.17617003672 0.218927452298 0.292634347788 0.398305717025 0.502984355369 
0.157089055807 0.132081132308 0.356815635994 0.716997923071 0.311357192243 0.286119171022 
0.015618382523 0.026298245219 0.447602931704 0.563163148534 0.449737984271 0.669727057511 
0.114187812641 0.192270103865 0.28615913639 0.333783109236 0.601432919521 0.801665357241 
0.46401615453 0.341479279585 0.254360651135 0.468988930618 0.250527661358 0.0213192430725 
0.0271304702629 0.00546149854645 0.123860151369 0.14806612331 0.566021711145 0.858271716038 
0.476138051316 0.386840931795 0.00953962679883 0.281966210858 0.194465014223 0.237460835129 
0.364264665308 0.272830577931 0.000646904708484 0.693601947263 0.300428639646 0.214745527216 
0.00931535598102 0.006709598177 0.0343009719819 0.917489056884 0.888626919362 0.191895211388 
0.000821297170001 0.00172021635074 0.020682119222 0.41067525022 0.919061125677 0.811745645846 
0.0030911090967 0.00281325121026 0.0189349522003 0.93719274137 0.87893150263 0.0912946776655 
0.0433598024909 0.0547820897679 0.57211527863 0.81879196422 0.378033436361 0.0177748902113 
0.018567486175 0.0194748835928 0.473449543106 0.612966064937 0.489511468635 0.728981736068 
0.020983781705 0.0344932873989 0.701696143656 0.695171380551 0.0458309754335 0.632334678513 
0.399945944306 0.35517392527 0.118776068149 0.461890368183 0.732396516106 0.238936327214 
0.286067702483 0.599197484826 0.600644990435 0.30247427518 0.172330267282 0.579843985489 
0.220062937898 0.262258805949 0.333348426279 0.257943254161 0.706597663538 0.402300869622 
0.025203060611 0.0264347821574 0.642649516555 0.832025055345 0.479727132914 0.509297383531 
0.0430319538413 0.0782534879643 0.133342435582 0.0695690640206 0.610434300539 0.925638598378 
0.00129021737831 0.00117416855216 0.00790215293425 0.391188077083 0.883319507662 0.767620013716 
0.0726262017844 0.103977053151 0.0922674536833 0.0752517739776 0.81631549234 0.503451228817 
