0.0586709639447 0.0948835148888 0.621821263254 0.608698287695 0.102568503579 0.366346737118 
0.0660298051585 0.389574961886 0.579098660401 0.676473346295 0.573254164315 0.334951116815 
0.44601195862 0.245760146261 0.757512524545 0.590555816017 0.242849895705 0.402192211125 
0.398122548656 0.48556363165 0.476545381687 0.18931446878 0.215265124375 0.426211355231 
0.32106992769 0.421119508135 0.422563454311 0.510428798028 0.223611172424 0.442739481664 
0.00198472952145 0.0300981618349 0.894467807489 0.874394884361 0.00370934779569 0.18254637601 
0.791019337189 0.0580158040319 0.0280320173952 0.344240559466 0.637538977145 0.393218410421 
0.493427044257 0.167029474004 0.511725937911 0.266445910448 0.086267926945 0.751447633582 
0.176150532367 0.823007914431 0.744477109614 0.405791889025 0.451228593503 0.144392402265 
0.000312483611736 0.00474028075518 0.140874014303 0.215612977598 0.661969380475 0.844642231475 
0.0849029672598 0.155985549028 0.73416729365 0.236220630201 0.268601305879 0.531835855135 
0.453044626711 0.52406140471 0.411866513173 0.627793144178 0.496473122896 0.483048562602 
0.124671032806 0.661753268023 0.770449022124 0.538455733167 0.419134979697 0.460994520506 
0.555840734786 0.567997302111 0.023841998934 0.55890596148 0.540942832171 0.473125798509 
0.065267811684 0.0624266882253 0.0554188497347 0.209967462159 0.700168873364 0.893388249919 
0.62220051359 0.48172903806 0.571169367569 0.021198862535 0.414489307829 0.492710453675 
0.413407053171 0.38865052839 0.68893677083 0.352137577426 0.0387335431434 0.404035027022 
0.000423673486021 0.00642636029228 0.190981476752 0.212418844517 0.412102680699 0.872691856672 
0.102655141617 0.574316619386 0.474259013309 0.00266153062805 0.714190472816 0.763266449219 
0.217937606075 0.112383727954 0.180484545284 0.835292997248 0.414009042854 0.492139449269 
0.589644809256 0.546375273391 0.249016316948 0.1765064481 0.416006901923 0.300175111149 
0.205396465022 0.440877333616 0.892684622552 0.705425877483 0.003866866312 0.19029910563 
0.41674608202 0.14107228343 0.432201253431 0.261999468821 0.445511345285 0.738418083721 
0.232664100815 0.391900194389 0.278494704837 0.204998729297 0.851490137592 0.772870317165 
0.109982914204 0.115908535671 0.172061218395 0.579075014687 0.78692070651 0.714255790136 
0.00732914643155 0.0790368649585 0.0723893953152 0.0941295790037 0.867764850336 0.896272786646 
0.624786733704 0.556286815325 0.232876511839 0.43140478045 0.598543841597 0.190658509082 
0.82918971807 1.08059595709 0.814111971911 0.501723536893 0.0476164840453 0.102035317113 
0.198668468816 0.546681192143 0.697495726648 0.501991687954 0.390751215502 0.464487376802 
0.583571495624 0.760507537174 0.527339433742 0.22702758055 0.535080012256 0.386120050344 
0.0265241283806 0.079039368603 0.204040674809 0.551973387508 0.647641031332 0.653380231367 
0.00153119984483 0.023220852978 0.690085696379 0.980323828263 0.674513200992 0.394132754862 
0.0660298051585 0.389574961886 0.579098660401 0.676473346295 0.573254164315 0.334951116815 
0.645324223424 0.218448025783 0.669256241316 0.405701878791 0.500387572385 0.409440039034 
0.234624788097 0.236106722375 0.321826950225 0.700634464925 0.75155210209 0.210120672769 
0.000423673486021 0.00642636029228 0.190981476752 0.212418844517 0.412102680699 0.872691856672 
0.262528179521 0.576283519011 0.722379599921 0.795882245565 0.634050362521 0.236215689041 
0.731466131069 0.651270160231 0.27263907869 0.353752456295 0.191896287836 0.434688139957 
0.251584818212 1.09993406266 0.879908294636 0.0557598121278 0.453260070328 0.424224232829 
0.172244954666 0.827731247294 0.839873452192 0.289893179955 0.218395007116 0.542790245406 
0.109982914204 0.115908535671 0.172061218395 0.579075014687 0.78692070651 0.714255790136 
0.390915329816 0.452193076938 0.355384280744 0.541699288757 0.571629306084 0.726518544012 
0.378520986971 0.326412562677 0.15984422111 0.219093709201 0.910035555235 0.827541889389 
0.231932476498 0.242327241534 0.0888164956493 0.62216558823 0.670446918792 0.58399441332 
0.400369366163 0.382940746841 0.339952953312 0.822644294824 0.00379047358413 0.186539216456 
0.0821285335312 0.435938085353 0.507542748352 0.354714206808 0.414422073198 0.753554080996 
0.555840734786 0.567997302111 0.023841998934 0.55890596148 0.540942832171 0.473125798509 
0.228058958064 0.627555721067 0.800681346686 0.576255022379 0.422310048413 0.374292626058 
0.645874202262 0.659999839737 0.0277038605165 0.649435964003 0.580311560897 0.368630126387 
0.27793847622 0.094084669141 0.288245951715 0.365415623307 0.772474629712 0.329002378873 
0.12924524576 0.169519828616 0.170101082348 0.205470701417 0.336459682577 0.955194734975 
0.198668468816 0.546681192143 0.697495726648 0.501991687954 0.390751215502 0.464487376802 
0.0287603723831 0.0268052116942 0.0415699615871 0.798318363302 0.959834393244 0.642078302084 
0.033870775432 0.365254857812 0.334534767558 0.435004337048 0.896257001353 0.235397091121 
0.0873885961994 0.185859713494 0.576969773891 0.794162707492 0.642130280485 0.778669457738 
0.0299022457372 0.013612550814 0.360604769373 1.13653932098 0.927920070157 0.114018510493 
0.0265241283806 0.079039368603 0.204040674809 0.551973387508 0.647641031332 0.653380231367 
0.123194159506 0.653914038555 0.761322166329 0.532077101001 0.414169825934 0.49233061009 
0.0115764243991 0.0235604002232 0.432821853822 0.702914888176 0.735755894896 0.78631650028 
0.0825730704883 0.0371174978445 0.672683002966 0.6848962864 0.557951629934 0.689100424751 
0.0265241283806 0.079039368603 0.204040674809 0.551973387508 0.647641031332 0.653380231367 
0.0361449283026 0.390307657187 0.399371257709 0.250722085801 0.353233531218 0.778684966902 
0.497931203688 0.42938435866 0.249400294576 0.37980453007 0.425073192955 0.711149228343 
0.63853457428 0.579787104247 0.104580740166 0.641229170599 0.00351483099936 0.17297266897 
0.578087968456 0.668705820779 0.525544398568 0.736129616374 0.447674297504 0.418995159991 
0.0764438524291 0.405763851978 0.375755475818 0.116901263005 0.855678896752 0.683191634412 
0.928067451538 0.581143009137 0.10625116134 0.106112300418 0.0592149859442 0.647793705568 
0.178191973153 0.187792477745 0.278769819975 0.93820482587 0.884548212685 0.54019874945 
0.63853457428 0.579787104247 0.104580740166 0.641229170599 0.00351483099936 0.17297266897 
0.0280677654604 0.0581417917804 0.338482025007 1.06681374632 0.870993009593 0.115809038774 
0.143385128699 0.263430095568 1.18018405734 0.0285661117959 0.0115119723832 0.120942940508 
0.515195372831 0.524580354498 0.0290864243416 0.849095137897 0.719536887913 0.420447201754 
0.0175931882931 0.0185411506358 0.236441124429 0.621373736296 0.650404917015 0.69508970254 
0.771524589726 0.785578908529 0.027823327738 0.275398553188 0.0891665945161 0.776699522413 
0.726980283416 0.947397141002 0.779708936568 0.612281480712 0.0456042272323 0.102581322867 
0.289514510961 0.224152126835 0.396822795416 0.481467318039 0.508069270908 0.645726127587 
0.284295121844 0.271919396297 0.241394529412 0.946961014722 0.718482723859 0.213770286566 
0.276333884793 0.606588826368 0.760367734054 0.837735716933 0.648932404933 0.102654813109 
0.63853457428 0.579787104247 0.104580740166 0.641229170599 0.00351483099936 0.17297266897 
0.357805840983 0.342230078621 0.303812343636 0.735188438087 0.00386938993648 0.457333962056 
0.270570412643 0.139524841139 0.22407227037 1.0296444668 0.445380477212 0.274773871389 
0.358845864699 0.163358928374 0.664106280259 0.502407298194 0.449710753958 0.63761204039 
0.185380995382 0.485210619215 0.533835582164 0.620840126909 0.629341072586 0.422721153443 
0.623966818797 0.538069477927 0.312528123049 0.475940162589 0.426019644833 0.604017376791 
0.0188628605403 0.034655400734 0.194098544415 0.605937782965 0.993807458876 0.525821768334 
0.276333884793 0.606588826368 0.760367734054 0.837735716933 0.648932404933 0.102654813109 
0.953233723621 0.12063701639 0.875052116374 0.0285224572381 0.0114943778198 0.120757976995 
0.502843223664 0.480953756719 0.168594196952 0.00250411344556 0.671955021656 0.718123381663 
0.157541182812 0.881382878919 0.727828104206 0.00408474605284 0.736293211218 0.459784860792 
0.628936518223 0.819627004201 0.617500139798 0.380554884219 0.0418594346148 0.43664787184 
0.0586709639447 0.0948835148888 0.621821263254 0.608698287695 0.102568503579 0.366346737118 
0.569130464785 0.524138229959 0.15553354365 0.625834686873 0.887849436394 0.477142482124 
0.317076130155 0.303273395939 0.269228822299 0.961011073698 0.681021353269 0.216943369224 
0.0506246786812 0.0267028826674 0.0791991498886 0.863670006484 0.933379974325 0.497275813513 
0.150592074641 0.781717094907 0.691999824088 0.334936306358 0.679614527176 0.348293267479 
0.840577575738 0.650804047848 0.771635725356 0.025151541948 0.0101357617716 0.106475474428 
0.102655141617 0.574316619386 0.474259013309 0.00266153062805 0.714190472816 0.763266449219 
0.279691495993 0.267516173495 0.237485599307 0.899771361292 0.75739995618 0.489195739417 
0.569130464785 0.524138229959 0.15553354365 0.625834686873 0.887849436394 0.477142482124 
0.257932168019 0.271828815982 0.403518127823 0.872653609182 0.549130971265 0.396261792793 
