0.378302281738 0.136280897168 0.277305295183 0.0783420107933 0.543870189512 0.622646803618 
0.557603522667 0.419656920467 0.247139001152 0.0488267668837 0.429298948479 0.700103407315 
0.142151180979 0.20591356167 0.242473320909 0.704097558114 0.841104674238 0.176696385441 
0.319774675316 0.352243722435 0.167799628415 0.571721350986 0.824161418685 0.263628657095 
0.44246507199 0.955205584044 0.955941875324 0.413796315261 0.104471387384 0.198619481638 
0.574092981004 0.727442357799 0.542093911865 0.0150418057332 0.563620120965 0.322055972899 
0.765726146971 0.413130515299 0.0845006234806 0.11191633694 0.630252819083 0.382722669633 
0.177232844057 0.0180220461513 0.188440570548 0.247623663306 0.41830745627 0.84615951215 
0.579375992603 0.483899802289 0.16491547241 0.642932051202 0.744693045027 0.0544269967793 
0.421958269128 0.639109368316 0.618743302871 0.408640069684 0.438639019155 0.583154396645 
0.0818379671409 0.118546647785 0.131052144541 0.129170514378 0.0996277863882 0.820438748579 
0.727099582002 0.73651508424 0.406765447071 0.0134285750463 0.431460768483 0.573609764659 
0.703846299804 0.863472077804 0.466766379249 0.293806147563 0.00756018513926 0.338035337831 
0.102091585927 0.0499420080757 0.515893313555 0.900252734433 0.47056829485 0.165982256628 
0.0421913055887 1.06846995853 0.913317697259 0.0182061894291 0.255404352725 0.296424881927 
0.26182471191 0.348571811675 0.325631135982 0.596847219054 0.854438934142 0.719455584564 
0.130542787611 0.113997029552 0.233862385924 0.94921789109 0.496163372203 0.175015703853 
0.159771502946 0.294570140897 0.452980260367 0.760876572678 0.75360617419 0.30031331732 
0.327622291515 0.286097620677 0.124352069279 0.579866403785 0.830129103068 0.6989835636 
0.515520305394 0.780820954115 0.755939066457 0.50733661556 0.473463368235 0.295252579754 
0.661278390409 0.669841542849 0.36994271447 0.0149113894537 0.641752217244 0.389707450584 
0.0873934944985 0.0763167091525 0.156562081442 0.913380146642 0.887978252359 0.530229450861 
0.335744785288 0.0341405549942 0.356976440621 0.676920130951 0.732098443111 0.276839751515 
0.0712874333703 0.851536672989 0.724531287505 0.123785627969 0.697094925502 0.423322835403 
0.380610799871 0.298400952921 0.929156543142 0.300650581696 0.213263834547 0.0938944363475 
0.00143920361429 0.005641831624 0.0125032328284 0.075840860232 1.03923919318 0.93075750897 
0.333971165827 0.505841726479 0.419221848964 0.0933133229495 0.647805669752 0.741653708785 
0.487289397195 0.64873691125 0.422392633126 0.487862037673 0.807187310274 0.299379085047 
0.0518264592381 0.0452576305997 0.0928451012363 0.366159204256 0.4885929637 0.988347274634 
0.0873934944985 0.0763167091525 0.156562081442 0.913380146642 0.887978252359 0.530229450861 
0.35901420125 0.0160919229355 0.0417236038248 0.448206380069 0.614508705221 0.703528434421 
0.146045581559 0.12458311893 0.0459713277121 0.343753617169 0.744550898883 0.988576915605 
0.634858619061 0.618060939527 0.0830581440751 0.100900943883 0.700481281439 0.801967679627 
0.804506377011 0.882948433864 0.380315417177 0.0530328043328 0.64502984024 0.114179121153 
0.325113947172 0.700780208057 0.583114532062 0.255312412114 0.539223424565 0.0954333879858 
0.404127257489 0.167435564335 0.130322933198 0.147992811874 0.652098849041 0.861752688543 
0.528642721838 0.765767215928 0.538478779514 0.280493843565 0.592407959789 0.10485609737 
0.0980418234198 0.115670912783 1.11676076496 1.00372349237 0.245638999168 0.114077848735 
0.0398041694786 0.0358673610699 0.0315006967861 0.0431064758696 0.952141389598 0.881761568686 
0.138716700786 0.943996862684 0.955147112674 0.53563499943 0.499873001659 0.311726985224 
0.0448048027923 0.0607021330366 0.0889131346702 0.170618181571 0.751804988447 0.889624760323 
0.347896980637 0.526934141512 0.679041913306 0.649305687986 0.481387084428 0.639994784334 
0.0113852723405 0.0111687794784 0.0201179549739 0.31628165116 0.949270862252 0.93870201063 
0.140087682611 0.230757202133 0.302698398196 0.80404273807 0.960499318681 0.201792663482 
0.603185089408 0.249908052272 0.214795246696 0.481589520779 0.796809042564 0.301318467366 
0.0872403725553 0.122578277989 0.349756828916 0.695712920661 0.820148778938 0.690578840252 
0.525847535269 0.0235698737788 0.0611125622745 0.633989185081 0.546135445714 0.307664021985 
0.955997283441 0.880396911839 0.0337321325183 0.188182274851 0.733844494366 0.396891511366 
0.47220687149 0.522599877513 0.456977759801 0.911657811212 0.175400945329 0.0554605834083 
0.0826411246334 0.502530990205 0.460871762404 0.10919897116 0.809609117529 0.681703082594 
0.742481664629 1.07552435389 0.756296492016 0.305367285133 0.21660977137 0.0953690944545 
0.632509929548 0.64115356408 0.107516245151 0.481811368851 0.797176103941 0.301457319289 
0.0152851945051 0.0119836070064 0.278656132742 0.304283783173 0.406026206601 0.82131451245 
0.557603522667 0.419656920467 0.247139001152 0.0488267668837 0.429298948479 0.700103407315 
0.0222243920005 0.0409750380954 0.063010109413 0.144590863139 0.948936802933 0.965095040291 
0.515520305394 0.780820954115 0.755939066457 0.50733661556 0.473463368235 0.295252579754 
0.167160623141 0.183459303495 0.170765245795 0.674666393362 0.914686716427 0.578906602327 
1.01259475393 1.02643251263 0.172124472199 0.489693015047 0.217598658146 0.101044460115 
0.106003007733 0.644591769201 0.591155878152 0.140068824231 0.889448013315 0.595214917247 
0.794195565933 0.548294467955 0.354262810453 0.635374003747 0.517609511174 0.182584837632 
0.404127257489 0.167435564335 0.130322933198 0.147992811874 0.652098849041 0.861752688543 
0.356205819759 0.279267310142 0.86957850149 0.290860152652 0.349294652065 0.451947477325 
0.20701490941 0.233679866897 0.240466938747 0.460158795596 0.587682701011 0.795900876243 
0.486042361331 0.492336299397 0.271909402029 0.0109596146332 0.673608388518 0.701315370405 
0.0787023334218 0.129641161274 0.159651733844 0.143943917261 0.111023687762 0.90603888692 
0.0384592250096 0.070907140032 0.10903870453 0.183152944051 0.807038192974 0.954989710668 
0.235173823429 0.433589121979 0.666759045679 0.859666411422 0.708357497795 0.383103813034 
0.0818379671409 0.118546647785 0.131052144541 0.129170514378 0.0996277863882 0.820438748579 
0.269896448374 0.444582628494 0.583186324605 0.730723880873 0.679371815297 0.412557746587 
0.438948049107 0.440260786914 0.172332261195 0.0665192761608 0.27088809037 0.67737235126 
0.0590645603561 0.0786336570414 0.0660306598212 0.0722963607128 0.164116581908 1.00793705499 
0.0466422602954 0.0586720765017 0.0925594871714 0.177615318462 0.78263718759 0.926112687889 
0.2024231173 0.306595501091 0.255620896357 0.183018097693 1.0213529407 0.33062247271 
0.641763046961 0.313943465498 0.647180795599 0.855317966076 0.515621051835 0.0907876995143 
0.282653206794 0.465595996058 0.573376565956 0.516965955329 0.114673434344 0.738378781643 
0.600053422587 0.59140298429 0.0698111790732 0.354976023895 0.0111940787332 0.646840982384 
0.0606858237199 0.17731512885 0.925579497276 0.83772406034 0.13488217055 0.462108631546 
0.422385811195 0.206626488134 0.449338940439 0.551109675828 0.122248014645 0.787152710847 
0.614900539863 0.62286312354 0.343997283403 0.0165482684042 0.787119505234 0.297653110639 
0.642518467482 0.973175798681 0.811375560595 0.195519191878 0.541472917515 0.191007114261 
0.197997576885 0.326148355117 0.40164826839 0.589808573564 0.847413948717 0.713539638523 
0.528642721838 0.765767215928 0.538478779514 0.280493843565 0.592407959789 0.10485609737 
0.325113947172 0.700780208057 0.583114532062 0.255312412114 0.539223424565 0.0954333879858 
0.0206728367412 0.00754987616539 0.00650716011677 0.186465482324 0.962724631035 0.945715316423 
0.12025056469 0.221705532322 0.340931478307 0.782347725469 1.0606786769 0.671320315955 
0.0963370019685 0.585813959944 0.53725067674 0.127296387332 0.865895375923 0.626304914432 
0.528642721838 0.765767215928 0.538478779514 0.280493843565 0.592407959789 0.10485609737 
0.35901420125 0.0160919229355 0.0417236038248 0.448206380069 0.614508705221 0.703528434421 
0.473413153359 0.717044324977 0.694194761754 0.458471029678 0.448374343726 0.495066174017 
0.441579391287 0.385611186751 0.167605581954 0.770283774344 0.814862158424 0.308147597325 
0.199637102819 0.252963328755 0.188509583622 0.005229906411 0.570189606268 0.842523258815 
0.405324418085 0.613915288501 0.79113152391 0.75648690784 0.465365355078 0.373756379277 
1.02454099109 1.03780820307 0.573197538577 0.0206581985009 0.289801631957 0.336358624595 
0.522207164798 0.255458017566 0.526615611848 0.688265271866 0.510271935606 0.678401812322 
0.209696010951 0.230142036139 0.0991298024231 0.0138222081131 0.39415998036 0.902196848855 
0.110048538122 0.157800250583 0.19849780181 0.217454973576 0.0336575592062 0.91372371622 
0.659671917396 0.322704291735 0.499774384879 0.451142773309 0.484263097462 0.643818903504 
0.142151180979 0.20591356167 0.242473320909 0.704097558114 0.841104674238 0.176696385441 
0.95848038779 0.434357978383 0.486485380883 0.433153729122 0.0494008802073 0.305324987183 
0.515520305394 0.780820954115 0.755939066457 0.50733661556 0.473463368235 0.295252579754 
