0.064256045613 0.106504712208 0.156345922329 0.711399027255 0.89082373594 0.170359601497 
0.0967214005516 0.0875038605811 0.15706631292 0.601120430683 0.796098436894 0.421517791482 
0.198207375063 0.175953813276 0.0320059277643 0.108681681893 0.785291804636 0.613310503086 
0.121971916738 0.247507597957 0.294911738418 0.157770896086 0.352301456642 0.939708258703 
0.00786405461227 0.15934827744 0.362739481737 0.308754916946 0.264377623224 0.659111358182 
0.121971916738 0.247507597957 0.294911738418 0.157770896086 0.352301456642 0.939708258703 
0.000851442082135 0.00596859215407 0.0211197526146 0.222821349361 1.0165004106 0.870731694224 
0.824293836695 0.153993151743 0.101275158341 0.379006612085 0.0225549965724 0.435051414754 
0.0722101124735 0.0611048889822 0.0412831220985 0.483214516033 0.692513589829 0.5342623061 
0.0431000065888 0.0248908877859 0.1423363964 0.293237358298 1.00864962482 0.841956081385 
0.350458842315 0.711156356352 0.848082070288 0.422921339565 0.0251724055584 0.485464216095 
0.043413135809 0.0421296921606 0.0389973632014 0.74310709039 0.872311546164 0.269452209135 
0.124827512607 0.152893175695 0.163781570318 0.227602473964 0.888223488568 0.693701212315 
0.0600691120769 0.0346907534812 0.287389222867 0.823547397978 1.090683825 0.577501824022 
0.526868214451 0.541938451429 0.460718984281 0.162319245068 0.0307884722512 0.567163930784 
0.0487864631327 0.360343507249 0.496182391541 0.12266634135 0.0232587378099 0.653048272949 
0.260109569699 0.189812984473 0.202145304575 0.643718294084 0.480015633279 0.5626795458 
0.346845212634 0.172950363225 0.00262844869569 0.31416951715 0.315761478938 0.787205323417 
0.118774185799 0.045544822409 0.554458911928 0.664835076574 0.603091815036 0.370324426031 
0.115254322722 0.172195869761 0.318422439672 0.307753899797 0.191499524582 0.862192645708 
0.0722101124735 0.0611048889822 0.0412831220985 0.483214516033 0.692513589829 0.5342623061 
0.297617227374 0.106552509058 0.39277310041 0.293285507741 0.314882792616 0.751143746236 
0.269230464288 0.236567436892 0.00212396445857 0.0319027019287 1.0257921389 0.80114375037 
0.128292354995 0.0740905096062 0.42368116989 0.350797102316 0.57703444754 0.749539639028 
0.472083927187 0.387639254737 0.0634143627955 0.188866032917 0.872860691441 0.575163995615 
0.0298694275733 0.0495089513123 0.0726773410333 0.67403400926 0.88306687593 0.272774802121 
0.00211227277917 0.0027163067041 0.0222551645203 0.248141707486 1.10553355447 0.94699795298 
0.314016329252 0.175406250252 0.00183482942408 0.333132627282 0.443923712911 0.713524050112 
0.73870634978 0.630722143115 0.280034640702 0.438366410609 0.349191781744 0.4490905982 
0.134980315962 0.179276049605 0.157292590512 0.228335209786 0.891083110058 0.695934606261 
0.302504785601 0.261638921827 0.963656158825 0.643391052104 0.0838447231781 0.104752428267 
0.573253488165 0.305687534944 0.0600753615782 0.388872779153 0.886752133984 0.488018719068 
0.36014629019 0.307500147511 0.292242625699 0.737732098581 0.118742509041 0.621594944852 
0.513812155387 0.107649349579 0.468609341598 0.864419455117 0.363532226715 0.358759209322 
0.0173848912279 0.00641139083269 0.476609609158 0.635649184175 0.409629124428 0.527246819357 
0.132988916737 0.34348505652 0.324019899828 0.0648454991562 0.177395917698 0.798702368929 
0.0155818526605 0.115091140051 0.158476586824 0.132429887885 1.11379045262 0.926207244085 
0.0473439259273 0.0169500430262 0.0570040780359 0.111891572236 0.94908766448 0.892102306897 
0.106798633752 0.154958535681 0.459063114816 0.565011307936 0.538361558971 0.565399888393 
0.158619652195 0.135432755693 0.0601302091968 0.33491321089 0.893605854116 0.626706859809 
0.272399573741 0.273172436884 0.272854155061 0.419371077591 0.601495865089 0.501642718046 
0.211745711905 0.212346537309 0.212098949689 0.32599177589 0.546386934964 0.676177399739 
0.168828148345 0.219573306351 0.265225533992 0.358769785006 0.649716282805 0.812860917773 
0.221751406512 0.0145357836121 0.0691119797196 0.203332451399 1.08877290667 0.763585015264 
0.384423539958 0.470854999459 0.504388902203 0.351115900265 0.760522396874 0.542740569442 
0.46142052967 0.344487382058 0.21866280315 0.241571449141 0.46577567042 0.792455902955 
0.0596950177225 0.0628967570105 0.0539204584355 0.120759105441 1.02430629701 0.962805040785 
1.20920394006 0.907249687706 0.165126204459 0.557004953891 0.0986832623294 0.123290130074 
0.00491418310621 0.114851467462 1.00584341212 1.06377001347 0.470491336939 0.209044409328 
0.348409691794 0.0794017703799 0.00264030840722 0.315586610731 0.317185906824 0.790756256169 
0.0189968512165 0.133124858161 0.471073282512 0.83771233394 0.97335078386 0.64138276894 
0.0364858687598 0.85268292316 1.13051070317 0.71060859865 0.0926079140838 0.115700232375 
0.123260588561 0.00807970057413 0.0384155774755 0.113022276886 0.910103633249 0.905726922429 
0.104686587735 0.270385676966 0.255062863079 0.0539882155189 0.299945952903 0.800066397473 
0.17270315012 0.123296256194 0.339020152334 0.473054181584 0.729171190935 0.83843124063 
0.269230464288 0.236567436892 0.00212396445857 0.0319027019287 1.0257921389 0.80114375037 
0.108483616551 0.760214765735 1.01262098755 0.286923937664 0.475514120301 0.211276323176 
0.0186380183705 0.0239653452394 0.196354815389 0.708007652517 1.05348795554 0.738838322814 
0.121971916738 0.247507597957 0.294911738418 0.157770896086 0.352301456642 0.939708258703 
0.108483616551 0.760214765735 1.01262098755 0.286923937664 0.475514120301 0.211276323176 
0.494478787556 0.438961311481 0.0798481436741 0.103192470804 0.416311605917 0.708301584544 
0.0127028980707 0.257393472321 0.585929423757 0.498728600438 0.246021792325 0.558992487378 
0.246509078534 0.408588804189 0.560866033975 0.72926774098 0.775667121263 0.154634883894 
0.400203954609 0.351651133963 0.00315763073068 0.0172180799354 0.382927830527 1.02139449122 
0.104107024402 0.109005162474 0.284995568423 0.743067357458 0.551482214785 0.158661725199 
0.232420545124 0.47163144788 0.539353382803 0.414461791944 0.945105317718 0.520134261129 
0.270205406083 0.192904996497 0.307905944017 0.156730664091 0.550300692865 0.883665841022 
0.126734335645 0.0131978862072 0.0462957875751 0.154264155457 0.501631926543 0.886547038961 
0.02463129468 0.0316715850909 0.259494315344 0.935672506952 1.02733997891 0.461231231081 
1.22013387267 1.07210659467 0.00962866467592 0.052495266593 0.454526961243 0.588801975227 
0.454430595465 0.369696929013 0.230806857693 0.700575198608 0.74514768839 0.148549406994 
0.0731897750864 0.0896455622215 0.437246687655 0.754738973395 0.560145073842 0.161154467734 
0.306858546721 0.407558177149 0.47598115511 0.697108665988 0.741460437248 0.146776634492 
0.59028217572 0.518668935539 0.00465776213699 0.0471514230427 1.05041182769 0.692162777899 
0.504587573 0.50601901084 0.505430105761 0.656884198771 0.782640230822 0.480579760068 
0.68087445587 0.281300113362 0.465946378378 0.112959377785 0.18900338492 0.584447400735 
0.10682176521 0.0880035843323 0.474786991774 1.14705655771 0.79812988868 0.266463337299 
0.0843326253813 0.622890795481 0.857702829699 0.212041775296 0.0333117185919 0.420286681583 
0.596712712403 0.589966683969 0.735473230701 0.31004078069 0.466652713051 0.549820960815 
0.205370178131 0.303102204092 0.265215305881 0.0396044812487 0.411180386009 0.97640051536 
0.507180463258 0.328721675306 0.0828776470107 0.0986540863444 0.769706130794 0.527117801861 
0.328253342286 0.490426632023 0.906892130352 0.876506806273 0.183318466189 0.157617124821 
0.646590254232 0.461613396012 0.917105449421 0.741007494577 0.0965710359472 0.120651337776 
0.417237988308 0.846665502216 1.00882584392 0.539698534834 0.401477717065 0.20114002496 
0.130715008847 0.297850241182 0.285880973911 0.12277045286 0.431055129396 0.692186742987 
0.132709134434 0.0138200925382 0.0484784042034 0.536833505877 0.978648990715 0.686350880249 
1.19890272732 0.899520825679 0.163719486802 0.552259823037 0.0996054738434 0.22275566799 
0.160123571409 0.0908665095253 0.0775022581981 0.54026442762 0.243492141611 0.827191611149 
0.766006243229 0.220345382221 0.410291308764 0.212048585793 0.11342015271 0.59373983734 
0.438787151653 0.64759775291 0.566650815263 0.0856171135313 0.401007328751 0.515148585212 
0.1055325216 0.155323649737 0.398833895407 0.201235200914 0.557882024709 0.577722787578 
0.348409691794 0.0794017703799 0.00264030840722 0.315586610731 0.317185906824 0.790756256169 
0.62671289365 0.556348814813 0.101201444693 0.163675122302 0.579678008106 0.355946704609 
0.057909680802 0.245771293502 0.328903706077 0.426363726548 0.890162047539 0.758007799213 
0.965008778481 0.84793345106 0.0076151716829 0.0544646289238 0.858375672798 0.527086639101 
0.260109569699 0.189812984473 0.202145304575 0.643718294084 0.480015633279 0.5626795458 
0.0671408968593 0.067426945373 0.465690900246 0.49510389151 0.223135836389 0.75804385371 
0.0222500108846 0.155921788947 0.207690271336 0.201628454525 1.07964834503 0.757185609468 
0.271673597655 0.360826866297 0.291100145403 0.0305092096321 0.20362536302 0.796835696408 
0.130715008847 0.297850241182 0.285880973911 0.12277045286 0.431055129396 0.692186742987 
