0.0450378717852 0.416145768221 0.527063833232 0.4082271201 0.386329896091 0.317127428162 
0.28108303195 0.429810523793 0.685727419942 0.876589695696 0.750510351284 0.303500256476 
0.0383218950301 0.308325561991 0.288261974227 0.12155652764 0.524318061325 0.436659197053 
0.425054577696 0.334553366469 0.430733206115 0.297466263942 0.491902368921 0.211442411483 
0.035486660002 0.0496427082181 0.0438515058854 0.417699262743 0.844651309719 0.238552566847 
0.123565834549 0.41680719861 0.921964056428 0.882396641795 0.327520471696 0.201502797177 
0.494502112302 0.835634899489 0.804650598843 0.375212026977 0.304746188561 0.0388502830367 
0.000979493080638 0.000106947154696 0.00559609765626 0.169810882408 0.901199977569 0.874748642526 
0.621485882509 0.706283047375 0.0528149350449 0.0181758708949 0.357803057108 0.551145035801 
0.000125824467964 0.000424687521212 0.000939665255212 0.000897742291192 0.184665987884 0.959215533723 
0.512719537278 0.670020082031 0.577785515009 0.266453866128 0.132440051834 0.556476830536 
0.150884313256 0.234578357058 0.160780734345 0.159755679272 0.580628978031 0.7673478745 
0.0293592784223 0.27127734971 0.343582732174 0.266114815926 0.51826030862 0.771923177107 
0.154636605654 0.233113933869 0.164779135331 0.163728628209 0.595068571716 0.78643107702 
0.0293921597012 0.0411170444312 0.372401318079 0.722350015011 0.69487173296 0.588783485097 
0.0013931441252 0.0616636022594 0.777202470321 0.705797229533 0.06617618267 0.411381078295 
0.547147531663 0.368598302956 0.410918145412 0.239975233186 0.119278476925 0.501176563095 
0.0970207693959 0.127463448561 0.086432658935 0.361013360449 0.714214137159 0.595643872746 
0.210166204819 0.00543233814685 0.518824183003 0.500178285667 0.190625940623 0.656134014892 
0.0277664062069 0.0305841205393 0.0319210139568 0.518731892418 0.7272737718 0.597658633431 
0.139098761024 0.226264692419 0.559543556475 0.570611589849 0.360907606267 0.555927186127 
0.0200020594315 0.0232239252396 0.41243770539 0.595237819995 0.188935203975 0.650314562442 
0.627599134234 0.53486605446 0.0759907130793 0.241406978115 0.812183159783 0.302809658752 
0.123737189457 0.333226545303 0.923242588807 0.883620306332 0.327974667701 0.201782247365 
0.888220123153 1.00941120938 0.0754824788063 0.0240795462365 0.184998079265 0.166152020457 
0.210166204819 0.00543233814685 0.518824183003 0.500178285667 0.190625940623 0.656134014892 
0.82930128775 0.887900287444 0.199064914597 0.215136672594 0.682255581425 0.293268736909 
0.52860632716 0.565958009884 0.126886299036 0.14947301674 0.576260715219 0.432408769446 
0.00289839852484 0.00378763351695 0.0314923042803 0.546651131188 0.883604931733 0.710592421029 
0.0277664062069 0.0305841205393 0.0319210139568 0.518731892418 0.7272737718 0.597658633431 
0.000125824467964 0.000424687521212 0.000939665255212 0.000897742291192 0.184665987884 0.959215533723 
0.0366068253652 0.0844011781678 0.134455455816 0.38677185015 0.885265825584 0.798538894846 
0.000943996420008 0.00091812975486 0.00765763853042 0.66906226889 0.896014914976 0.634393821014 
0.0668390279866 0.00172755082411 0.165001509077 0.437336746139 0.901377361616 0.838253055264 
0.0374061070126 0.0365734654828 0.1998211477 0.687171486806 0.661031214626 0.560109148384 
0.0366068253652 0.0844011781678 0.134455455816 0.38677185015 0.885265825584 0.798538894846 
0.00289839852484 0.00378763351695 0.0314923042803 0.546651131188 0.883604931733 0.710592421029 
0.039345206418 0.000664614055668 0.210179667731 0.722793818685 0.69529865663 0.589145233489 
0.0305080684659 0.0282493250476 0.0350728933378 0.569951558255 0.799085199889 0.656672525024 
0.123101499355 0.28131837187 0.432423433644 0.430751269643 0.424600612482 0.815821936948 
0.00383132876646 0.169574030993 0.212586916832 0.390331366497 0.873244759527 0.728274671308 
0.581573121493 0.675251021215 0.54188890938 0.324307725153 0.263401302767 0.033577950298 
0.228505441598 0.135691128151 0.167865389859 0.0303521457257 0.537767799988 0.762297818194 
0.226669665832 0.317090726761 0.274124550289 0.174011256473 0.467123173652 0.785672275357 
0.503473786968 0.0510664207092 0.108787807193 0.316249621202 0.533497080858 0.788435564559 
0.621485882509 0.706283047375 0.0528149350449 0.0181758708949 0.357803057108 0.551145035801 
0.136626290063 0.0999968057529 0.0412161893073 0.277841289093 0.579754776208 0.766192539329 
0.568039736352 0.994125545574 0.783408183378 0.51894532242 0.3192840321 0.210638442018 
0.196890863212 0.172512096166 0.294272940334 0.331691544008 0.592774828038 0.680590230172 
0.0275567634993 0.0465668835846 0.242980880413 0.411841957077 0.551051325287 0.781127615809 
0.445852381546 0.414836285838 0.274119692008 0.601161787184 0.156170129188 0.259166538495 
0.0129951502249 0.575151150003 0.721039377837 0.554864439305 0.525102995885 0.431045072862 
0.0640001768227 0.0316926380695 0.320864215387 0.568784887337 0.62375678319 0.382327036623 
0.0458236168872 0.0363848773308 0.0267657463261 0.38665644341 0.517352497432 0.733358511293 
0.645969593988 0.323110866198 0.0548956038037 0.0188919815209 0.371899076233 0.57285810234 
0.0277664062069 0.0305841205393 0.0319210139568 0.518731892418 0.7272737718 0.597658633431 
0.189912857197 0.226194484655 0.468826033523 0.451976853714 0.17225514574 0.592902424447 
0.000626751173011 0.000958422556146 0.122821579536 0.773426123573 1.03578053655 0.733351520405 
0.550700036272 0.162561888084 0.376156570847 0.302413540945 0.156643483618 0.503435643315 
0.395782300851 0.47799459255 0.254861828848 0.653819189 0.597464706794 0.487860121757 
0.776957628567 0.831857988564 0.195974240301 0.287867253169 0.143083875412 0.601198400294 
0.285040368791 0.157535807626 0.15342414723 0.165156604397 0.443353320354 0.745692708865 
0.039345206418 0.000664614055668 0.210179667731 0.722793818685 0.69529865663 0.589145233489 
0.0721548488841 0.194314421316 0.538370667701 0.515265050862 0.33649861349 0.747945197313 
0.0963301456263 0.466071529648 1.11934292889 0.941160903261 0.516743943332 0.229700301393 
0.0485457626085 0.067911231097 0.615078240347 0.761494413606 0.071469823243 0.444287016745 
0.00373710578554 0.00375110693301 4.84303457261e-05 0.00204692678926 0.0654534687712 0.882445670123 
0.201414962104 0.147415670685 0.0607610526509 0.257156290843 0.125800712459 0.678983373865 
0.240026576814 0.361838879368 0.255769737516 0.186238773898 0.468055451972 0.787240315453 
0.285123351307 0.374587859509 0.254007016946 0.606939592338 0.62992955854 0.23485706752 
0.0257171732349 0.000664614055668 0.408743411451 0.722793818685 0.69529865663 0.589145233489 
0.776957628567 0.831857988564 0.195974240301 0.287867253169 0.143083875412 0.601198400294 
0.627599134234 0.53486605446 0.0759907130793 0.241406978115 0.812183159783 0.302809658752 
0.00868977663535 0.0141352571644 0.0349562144073 0.444321055464 0.804861924169 0.647266858813 
0.0374061070126 0.0365734654828 0.1998211477 0.687171486806 0.661031214626 0.560109148384 
0.0503716458991 0.125154991722 0.60082348693 0.0121259556581 0.449288296507 0.409923995145 
0.514323833415 0.257262277448 0.0437081160947 0.0150415469943 0.296499658171 0.573613566122 
0.196548355232 0.296295682346 0.209439828864 0.128559281894 0.0620618273766 0.87532712411 
0.410469061698 0.0587496089064 0.296848546479 0.51943460964 0.429783438071 0.468456961556 
0.394293578254 0.446542535668 0.352559978311 0.221084088902 0.0221395476369 0.742645294718 
0.387840064246 0.415245104031 0.0930968602138 0.109668379794 0.683641933856 0.796885551215 
0.149063168822 0.032838913982 0.486813942704 0.718060471639 0.500680079108 0.337034846173 
0.0548753258145 0.00612397781556 0.412778531925 0.174064326238 0.750802814335 0.625281968804 
0.0799983424752 0.00206769888654 0.197487070729 0.523440078394 0.761873734082 0.684519122224 
0.101533603562 0.989959503996 1.14692437484 0.444506272498 0.361027535414 0.0460273251761 
0.169439368543 0.100616488149 0.124474097845 0.0404939692633 0.658948655631 0.592043287553 
0.0670398373063 0.558211848544 0.519461084164 0.112647696883 0.497355564199 0.388862843424 
0.043587473614 0.350690590556 0.327870181619 0.0837599579019 0.283904172789 0.545489169177 
0.0013931441252 0.0616636022594 0.777202470321 0.705797229533 0.06617618267 0.411381078295 
0.435693069133 0.258723371074 0.320070173127 0.0387596488768 0.297514752634 0.84373912152 
0.285040368791 0.157535807626 0.15342414723 0.165156604397 0.443353320354 0.745692708865 
0.000626751173011 0.000958422556146 0.122821579536 0.773426123573 1.03578053655 0.733351520405 
0.0137241994775 0.0085729769358 0.76149050277 0.585993052162 0.554562168501 0.455227854426 
0.00373710578554 0.00375110693301 4.84303457261e-05 0.00204692678926 0.0654534687712 0.882445670123 
0.0175748641089 0.192643002885 0.190231602519 0.135808495644 0.552287871306 0.593713399209 
0.00650777239392 0.0448522462697 0.138428918078 0.79517661579 0.870842571377 0.220310517158 
0.365436682462 0.2170036944 0.26845822007 0.0347037758207 0.39318035133 0.755451353443 
0.395782300851 0.47799459255 0.254861828848 0.653819189 0.597464706794 0.487860121757 
0.0059917815047 0.000668559446725 0.0450716351009 0.142055661745 0.918633969301 0.73876296679 
0.196890863212 0.172512096166 0.294272940334 0.331691544008 0.592774828038 0.680590230172 
