0.0150475404817 0.0177391948182 0.203396841663 0.692846541509 0.671927240092 0.266647779153 
0.00640557213008 0.00962063958635 0.456891525654 0.780182176478 0.713549473381 0.548101168844 
0.0944429191032 0.0907311729309 0.0201321500814 0.051180576048 0.321169753733 0.782250325789 
0.280292312585 0.660181013949 0.719155806647 0.421162598003 0.136887364823 0.262852832246 
0.634628911572 0.12107772783 0.0289344070527 0.36902711962 0.174429342946 0.0190479079093 
0.0350959464629 0.112100021678 0.18641377325 0.338159354268 0.363993495466 0.226965173351 
0.121639780514 0.20533840819 0.14516361061 0.083034506908 0.583264878423 0.728440887463 
0.0647255788081 0.105199718373 0.167033587737 0.192998361163 0.404546192823 0.618416160407 
0.0407558101578 0.102482323045 0.120503033755 0.202779838833 0.536702482303 0.588031643845 
0.00184213825138 0.233140812505 0.34693070003 0.209720888151 0.268291443565 0.85343785688 
0.022250541005 0.0825289758002 0.13876327577 0.305094421886 0.744804719948 0.710323373807 
0.00204148012182 0.0287621574661 0.0637695748361 0.304692777544 0.892283080055 0.865302092646 
0.130678234147 0.339791342247 0.740015317834 0.699968094821 0.344515501318 0.410493568182 
0.00184213825138 0.233140812505 0.34693070003 0.209720888151 0.268291443565 0.85343785688 
0.558507303125 0.227191830944 0.334800428789 0.474300318095 0.323738056204 0.246661004365 
0.558507303125 0.227191830944 0.334800428789 0.474300318095 0.323738056204 0.246661004365 
0.314766504869 0.220391312225 0.462607050498 0.0328447121496 0.0660593592102 0.672427170133 
0.471746903192 0.400415425463 0.117233167748 0.193053903406 0.371967918026 0.542005199239 
0.0106448250376 0.074088762884 0.38057561319 0.714977388646 0.695395370441 0.356603043128 
0.00204148012182 0.0287621574661 0.0637695748361 0.304692777544 0.892283080055 0.865302092646 
0.124175801803 0.131437552632 0.0463141670224 0.202098811039 0.345654765063 0.559407447027 
0.00534830420974 0.0753473713284 0.167058687896 0.798191890716 0.96381785941 0.364200267143 
0.0448354509281 0.0523102328763 0.0596500425458 0.337724959966 0.578649127732 0.502550063248 
0.313261779259 0.2658943614 0.0778473968019 0.128196562355 0.247003444465 0.583248611766 
0.00184213825138 0.233140812505 0.34693070003 0.209720888151 0.268291443565 0.85343785688 
0.178102691136 0.515570825778 0.437162783069 0.0835912993333 0.308623633373 0.476317426059 
0.201477911331 0.169630395626 0.0251094513281 0.177175670763 0.394092326862 0.607388132054 
0.0886217552616 0.11716860592 0.168340931697 0.201623874366 0.537908698103 0.251969359272 
0.110271713842 0.452822184247 0.403444136066 0.145621065998 0.342228495028 0.732267245327 
0.121770833107 0.740409411313 0.689269820905 0.0898597020119 0.407087064307 0.421325615267 
0.337204079846 0.192142300467 0.368372009006 0.313506909551 0.078384620839 0.536925782036 
0.00184213825138 0.233140812505 0.34693070003 0.209720888151 0.268291443565 0.85343785688 
0.0322542321797 0.0309774002641 0.0151677829421 0.0339558268494 0.163093714916 0.807773001218 
0.00513527262111 0.422026522846 0.411601550959 0.272215658347 0.761453735838 0.268604071696 
0.18352748006 0.18830014124 0.150558582292 0.235156076633 0.28700262895 0.693867857519 
0.484165827966 0.297095197913 0.0496805066472 0.143099357307 0.0833720074585 0.71942575099 
0.0506525910284 0.0590971801741 0.0673895914291 0.619889255136 0.709890922032 0.315937091746 
0.442736261013 0.48248524793 0.185869119745 0.320398443493 0.0801077089183 0.548734317087 
0.314766504869 0.220391312225 0.462607050498 0.0328447121496 0.0660593592102 0.672427170133 
0.55859871519 0.391116335591 0.820964936022 0.058288123316 0.0680552730832 0.214602295902 
0.264829934956 0.14015837474 0.368030395426 0.331952281358 0.00991039324808 0.690370254809 
0.183618782568 0.185603620773 0.0453850223422 0.643014557593 0.179836407453 0.416837990536 
0.186950264156 0.130955465489 0.189317068833 0.16669354003 0.728701790283 0.341434936522 
0.256790050671 0.325560481249 0.356857412396 0.321874642175 0.00960947985053 0.653742071913 
0.0279274229607 0.032713813659 0.0828035473154 0.38847786342 0.865154725959 0.199954588619 
0.0788594745017 0.338422840093 0.371629732914 0.0568911340855 0.364395285156 0.547552617706 
0.314766504869 0.220391312225 0.462607050498 0.0328447121496 0.0660593592102 0.672427170133 
0.225738700867 0.122279974215 0.316598907566 0.106785645242 0.312182893118 0.667955672192 
0.0944429191032 0.0907311729309 0.0201321500814 0.051180576048 0.321169753733 0.782250325789 
0.356457985166 0.276366185823 0.140599662376 0.109069656761 0.748381530033 0.180069040248 
0.0853540349768 0.0819752046811 0.0482397331943 0.314250648184 0.767157150888 0.731648869794 
0.0293370811086 0.0278143370377 0.0380485929806 0.2946520693 0.862879190302 0.821429703233 
0.449644588058 0.496210249053 0.368873897601 0.57613574658 0.276549189982 0.278172393674 
0.0522170939176 0.0616277034405 0.312337273459 0.531756627783 0.471249193817 0.158221584145 
0.0152294607474 0.00855262953951 0.049184485367 0.715100915016 0.63036870992 0.0817859821773 
0.202362626391 0.218185715079 0.392422974263 0.0312569144062 0.559371097546 0.358215440967 
0.472135761327 0.0900764140272 0.0215252550431 0.264995728454 0.0748668032604 0.51281774445 
0.179002021805 0.19753966114 0.146846018101 0.229357542018 0.279925628555 0.67675182151 
0.00186594691334 0.236153709831 0.351414142483 0.233954194081 0.3368144432 0.783578823009 
0.218061691414 0.133807578444 0.0354867912958 0.274017496158 0.318490097855 0.740934135155 
0.0426224662812 0.0472518312181 0.0364066876975 0.455121492074 0.622570986915 0.399112600828 
0.0480499846437 0.0614186108431 0.348439998946 0.525641738091 0.518121945147 0.264549343492 
0.022250541005 0.0825289758002 0.13876327577 0.305094421886 0.744804719948 0.710323373807 
0.596421931382 0.965011955675 0.653557337442 0.152983614383 0.404828543278 0.0274750126044 
0.218291954 0.0709469114606 0.946176172078 0.524701505357 0.170540187232 0.327537658816 
0.30187456217 0.163521902103 0.451806857237 0.375356758201 0.695350624951 0.193192066797 
0.113200524264 0.183986889306 0.22086116498 0.17187669682 0.247443773254 0.575594076413 
0.212953462707 0.225406897211 0.0655392950122 0.17302954938 0.249103492318 0.579456599198 
0.0238650337715 0.14510858815 0.351302098603 0.318432091154 0.363384682443 0.807848128516 
0.00452429451215 0.00147029154262 0.0232021665871 0.0343668129029 0.752395340328 0.888734262634 
0.0571248593297 0.0457922737194 0.0108356438599 0.0101486723432 0.677051562708 0.736854828779 
0.0493256302802 0.0577793752145 0.520468208489 0.471072321519 0.0315078040038 0.679146731874 
0.589477338093 0.11246346873 0.0268756441395 0.329880813981 0.0713563062109 0.506177433716 
0.0374833113736 0.0440519617886 0.11350444863 0.413349913763 0.460590528551 0.34966085704 
0.216425453808 0.0625044718424 0.134799427181 0.0379216350617 0.0334820010531 0.76553334002 
0.638018631984 0.446921328414 0.630255593099 0.0516122729445 0.0602606707264 0.189993448518 
0.182311365264 0.748646992374 0.667012259599 0.258970290206 0.463868396598 0.438277867747 
0.885101848889 0.25562117242 0.551288527644 0.155087440179 0.0601995569085 0.408656668158 
0.0107401938951 0.397085794466 0.502253058374 0.34789503264 0.220387755342 0.591459132262 
0.144156840106 0.100934826288 0.278384007844 0.197257843184 0.252347687967 0.802705189701 
0.348267847853 0.0373447955933 0.605501434097 0.693755796561 0.448349226768 0.254072875619 
0.225738700867 0.122279974215 0.316598907566 0.106785645242 0.312182893118 0.667955672192 
0.0946940765789 0.120053932878 0.233293675902 0.288600760003 0.329342021484 0.732142731617 
0.419820524018 0.339427031778 0.174425825798 0.253480416953 0.0415272121581 0.645004105118 
0.153622724581 0.630839486954 0.562050463669 0.186447892129 0.233444980867 0.70195980618 
0.524064024149 0.847936720871 0.771464736938 0.695562021541 0.47786310753 0.0324794159002 
0.188911390545 0.239503383108 0.465414857735 0.575748447038 0.332475860283 0.548421952822 
0.166083116743 0.482654306971 0.395439683241 0.0140324989324 0.611361197365 0.163566517722 
0.0426224662812 0.0472518312181 0.0364066876975 0.455121492074 0.622570986915 0.399112600828 
0.00114267513043 0.1446263647 0.215213820847 0.244323047649 0.682534301639 0.852463367261 
0.146038283921 0.0804737781244 0.281209123845 0.505721535797 0.0338254381177 0.729120017923 
0.104676059085 0.122127195648 0.0770281694234 0.230078970745 0.608955784183 0.667230468001 
0.0744381796685 0.0241930010377 0.381769203273 0.489678925028 0.550301543875 0.184807613796 
0.0588382708004 0.0956309743967 0.151840361233 0.247697061931 0.653045749035 0.793759204254 
0.321534369677 0.757319648359 0.673776527884 0.116622733508 0.0452685629543 0.307236661289 
0.00498819469362 0.631262515294 0.939368991476 0.5678503291 0.27727700512 0.40524129083 
0.00184213825138 0.233140812505 0.34693070003 0.209720888151 0.268291443565 0.85343785688 
0.490052511609 0.510080214973 0.165424132781 0.0456737512119 0.365221758434 0.52118915866 
0.228448030796 0.0244964384832 0.236056062759 0.205976647184 0.900427899952 0.421959736213 
0.00249290881955 0.315493399461 0.469478216456 0.283800963968 0.229676851188 0.764300558903 
