0.174138552159 0.128948016216 0.0596691527165 0.430421799267 0.615387648801 0.553391739643 
0.658243036698 0.487422967723 0.159287406495 0.467236089398 0.563905153962 0.134546380461 
0.282250077843 0.314867164307 0.251470485434 0.154925752717 0.503613619434 0.580041832342 
0.196649901247 0.557288391716 0.540899005852 0.277554741097 0.26132864165 0.692002348255 
0.658243036698 0.487422967723 0.159287406495 0.467236089398 0.563905153962 0.134546380461 
0.055828395205 0.294986221298 0.313759253658 0.176934435907 0.258604443441 0.840687173405 
0.752476326129 0.66275144051 0.279615511043 0.118588423167 0.583689617057 0.139267166563 
0.240799008771 0.25960585569 0.247051301037 0.172197474997 0.90386404692 0.277326217532 
0.00144781854213 0.00402630796733 0.163853724088 0.371931128731 0.783352654354 0.793039850424 
0.752476326129 0.66275144051 0.279615511043 0.118588423167 0.583689617057 0.139267166563 
0.00260225053847 0.0166758325893 0.0856413278304 0.0893892261652 0.158680818135 0.953055484926 
0.746619515144 0.662918347813 0.0282256004349 0.691878215348 0.0216585848497 0.0213472031955 
0.0748467466948 0.00115227041447 0.0883924920873 0.573280030729 0.811515537608 0.457080302531 
0.0453254298965 0.397278024921 0.431361576477 0.593767966697 0.84815130826 0.289641355383 
0.134796036746 0.382000044997 0.343591218571 0.161623708497 0.525386326428 0.605119008149 
0.20604937137 0.583925653447 0.540899005852 0.22357520364 0.26132864165 0.692002348255 
0.62500119017 0.192160841292 0.475305532782 0.517972150974 0.166991795095 0.373963602897 
0.00142494341842 0.00443054155712 0.161264933509 0.366054820895 0.770976145872 0.780510194239 
0.0307990881464 0.0054799629605 0.642222992981 0.690744450128 0.55682619612 0.132857264833 
0.752476326129 0.66275144051 0.279615511043 0.118588423167 0.583689617057 0.139267166563 
0.17010220176 0.098506649632 0.198837370796 0.477211453523 0.837849324486 0.707355866906 
1.01277525042 0.973863149517 0.103042877407 0.484264677237 0.171402194424 0.0260091484136 
0.529820521662 0.759804734033 0.487058175913 0.236484259365 0.364924334493 0.00484954045174 
0.270807309364 0.260402562411 0.0280946931647 0.25545675285 0.784721571729 0.829085524596 
0.391423267638 0.430886147149 0.205504956443 0.438713992702 0.588657632397 0.620582448494 
0.211782553958 0.281129912611 0.554919387866 0.849263439559 0.292207559022 0.281672966883 
0.463985216444 0.500223300673 0.476032733428 0.116011610998 0.279725035648 0.740716505776 
0.000455714847011 0.000404638768035 0.00252874554626 0.883715434326 0.929321548473 0.374324108047 
0.105454237367 0.113690418413 0.108192184492 0.0754102030926 0.863068951543 0.869818229666 
0.23623057456 0.263529606859 0.210469401311 0.196731046993 0.771755216291 0.736561037393 
0.29473393029 0.317753189912 0.302386689877 0.105490016214 0.562371097813 0.647717000878 
0.220350869136 0.0378531082731 0.513139684565 0.290048868396 0.497082845182 0.188877635432 
0.100725838551 0.0855438097638 0.0680411162396 0.651432134384 0.922144858747 0.519392411072 
0.244135678539 0.120865472937 0.087751796788 0.244685575804 0.75163443546 0.794127566826 
0.0810844176939 0.0664527972057 0.111099151294 0.873653169395 0.511415334584 0.0400347292571 
0.28452138049 0.806308342925 0.692377168511 0.0222683360784 0.111423055619 0.0301144742595 
0.0787194328905 0.702290574521 0.562681824233 0.0812653300029 0.230534421824 0.416499615608 
0.211782553958 0.281129912611 0.554919387866 0.849263439559 0.292207559022 0.281672966883 
0.000455714847011 0.000404638768035 0.00252874554626 0.883715434326 0.929321548473 0.374324108047 
0.391423267638 0.430886147149 0.205504956443 0.438713992702 0.588657632397 0.620582448494 
0.0456064021262 0.0186901847823 0.553423745904 0.85830809894 0.486841784386 0.230264468216 
0.334517141035 0.0874504430432 0.0886664428141 0.0157721941699 0.021565885869 0.912908766563 
7.85554837286e-05 0.0744426702923 0.254869505606 0.438544546973 0.77036485685 0.813917048594 
0.000455714847011 0.000404638768035 0.00252874554626 0.883715434326 0.929321548473 0.374324108047 
0.000697228718254 0.00271226025442 0.710050934221 0.85782830797 0.454073294907 0.043744256825 
0.367759679392 0.382628729826 0.149612875524 0.55701129457 0.559346294224 0.178243152561 
0.270807309364 0.260402562411 0.0280946931647 0.25545675285 0.784721571729 0.829085524596 
0.196649901247 0.557288391716 0.540899005852 0.277554741097 0.26132864165 0.692002348255 
0.538019646023 0.60019368813 0.479348424853 0.295318164007 0.78822821128 0.450484659744 
0.310186316621 0.262003237911 0.484600681966 0.268428246188 0.396726265617 0.579464294482 
0.000455714847011 0.000404638768035 0.00252874554626 0.883715434326 0.929321548473 0.374324108047 
0.73964018731 0.158232885516 0.34674256243 0.0211094083205 0.105624576415 0.0285469251563 
0.0174643472523 0.153075408294 0.544954673172 0.842358066071 0.681908192732 0.277031212121 
0.732668988965 0.71142227841 0.405387896932 0.0273405451387 0.394932782523 0.00524897537409 
1.0333327012 0.877582223126 0.418166663098 0.156854055951 0.0149280421423 0.2156437789 
0.271991733178 0.239559588387 0.101070250219 0.0428640333294 0.573676076976 0.821571735976 
1.02807013 0.988570380331 0.104599030058 0.489271151464 0.151543889023 0.223237817985 
0.0210820287352 0.0227285911553 0.553318030958 0.899640184996 0.588015625653 0.381347610966 
0.978540553784 0.88305048497 0.395993489853 0.148536818688 0.0141363909415 0.204208915564 
0.639334404186 0.384010416266 0.53337026238 0.658302736392 0.201479401801 0.108185081349 
0.0107603201252 0.0304938638407 0.432278424946 0.792115560151 0.742482740842 0.513072333135 
0.126339592753 0.0731636039774 0.147681927843 0.354437636494 0.81524274588 0.813620351256 
0.686247397551 0.58281182821 0.342222580339 0.551820383322 0.487016119435 0.0440595474477 
0.010232608159 0.0302719856311 0.532442690667 0.528797860309 0.00152294752974 0.517310738878 
0.311038978499 0.263693458025 0.201620278829 0.782222314153 0.130514402559 0.188669149162 
0.00281210548809 0.00249686182007 0.0156048991233 0.687343701594 0.626401300316 0.660373461805 
0.658243036698 0.487422967723 0.159287406495 0.467236089398 0.563905153962 0.134546380461 
0.270031233335 0.765244555576 0.70885748572 0.322305472785 0.410753855926 0.00545956571251 
0.182931392632 0.178806045455 0.126468986689 0.721266564247 0.86689595745 0.283877807389 
0.0275507851618 0.0242656558795 0.264026016104 0.808102087043 0.528185165838 0.342544892068 
7.82629049809e-05 0.000304542924013 0.0797305499576 0.868480425022 0.913300305117 0.35604326307 
0.00281306818427 0.0247527062204 0.267692990184 0.455175610741 0.714885273558 0.786062254445 
0.000507781118122 0.000390624216021 0.00281767325857 0.984674768565 1.03549109722 0.417089265805 
0.476857715075 0.15604283288 0.271363300281 0.41581793751 0.413006606001 0.669272188655 
0.28452138049 0.806308342925 0.692377168511 0.0222683360784 0.111423055619 0.0301144742595 
0.000507781118122 0.000390624216021 0.00281767325857 0.984674768565 1.03549109722 0.417089265805 
0.0252544218156 0.0138593594558 0.298809479225 0.773387725902 0.513414940852 0.352994336309 
0.546204234696 0.116133538754 0.389344500828 0.46822911702 0.565103633617 0.134832350622 
0.000315366338517 0.00035183024811 0.0599128176615 0.886887679457 0.932657503852 0.37566783287 
0.529820521662 0.759804734033 0.487058175913 0.236484259365 0.364924334493 0.00484954045174 
0.326636940789 0.925660092333 0.918149724549 0.492085422399 0.174170312692 0.0264293151645 
0.174138552159 0.128948016216 0.0596691527165 0.430421799267 0.615387648801 0.553391739643 
7.76833817614e-05 0.111589724526 0.252041149601 0.256411053177 0.248699104575 0.960002213068 
0.105454237367 0.113690418413 0.108192184492 0.0754102030926 0.863068951543 0.869818229666 
0.545701540225 0.327770685549 0.354276673449 0.289725673194 0.428202939096 0.625440008852 
0.624423297675 0.828888181989 0.545244277832 0.495350583424 0.287112843599 0.276761817653 
0.00025498987683 0.241572398087 0.827072405961 0.772679143528 0.126300418415 0.0341363903319 
0.686247397551 0.58281182821 0.342222580339 0.551820383322 0.487016119435 0.0440595474477 
0.055828395205 0.294986221298 0.313759253658 0.176934435907 0.258604443441 0.840687173405 
0.0468193571879 0.0486083991864 0.4234509138 0.695694371511 0.563180513288 0.228795799267 
0.101649983736 0.0917305661147 0.106775309607 0.415238550638 0.729424692164 0.770662034424 
0.0863951072944 0.0963790215719 0.51298883336 0.699079804015 0.00201394633692 0.68389558527 
0.349330816154 0.210006619262 0.265661565367 0.556467747767 0.812357341606 0.401756996686 
0.0748031241129 0.114488751856 0.140137778197 0.188679374211 0.301038255233 0.862567723238 
0.201536086007 0.191155622566 0.0724398073079 0.129238044849 0.518192644594 0.935453319071 
0.0275507851618 0.0242656558795 0.264026016104 0.808102087043 0.528185165838 0.342544892068 
0.000455714847011 0.000404638768035 0.00252874554626 0.883715434326 0.929321548473 0.374324108047 
0.732668988965 0.71142227841 0.405387896932 0.0273405451387 0.394932782523 0.00524897537409 
0.122738170103 0.116416334834 0.0441166993232 0.123013710053 0.763423011371 0.925613749767 
0.546204234696 0.116133538754 0.389344500828 0.46822911702 0.565103633617 0.134832350622 
