0.543391510432 0.407466134537 0.195843111978 0.462022682236 0.101732416958 0.047369383334 
0.46857599535 0.353613016338 0.146740964762 0.343454904715 0.262067068781 0.381525196739 
0.050462235607 0.0268175474331 0.0816624759692 0.681032275296 0.683261072702 0.161408212882 
0.0141560174821 0.0326341420853 0.280922281383 0.865401264038 0.835175348088 0.0753844629386 
0.305638308772 0.307563573152 0.208265896148 0.773958401267 0.367241672962 0.245128358539 
0.266020014492 0.399136262885 0.270010446947 0.206076177629 0.722660603364 0.00957372810385 
0.118397494461 0.161596526791 0.122648497385 0.102278098319 0.537386057053 0.865335795906 
0.242532266787 0.310998125914 0.356888929967 0.32298806271 0.0914682335117 0.696538676668 
0.377187208171 0.704453961252 0.689149870443 0.609341499199 0.633497699678 0.280333095364 
0.13414302866 0.00579766292849 0.42110730568 0.268722086797 0.098076806957 0.343105979199 
0.486237470574 0.501223725177 0.356736699719 0.465198912583 0.253819934651 0.18190476467 
0.2598163767 0.402837690973 0.31390656352 0.294125265582 0.656065284594 0.612503553513 
0.314629029308 0.633350608 0.879452637049 0.309843264842 0.0509746599415 0.237811125169 
0.0573946411676 0.0820529963051 0.496961171686 0.441814078615 0.0995187401415 0.757843501725 
0.0648507476507 0.200002534167 0.62878691698 0.525790492162 0.16856129782 0.603912781533 
0.168470653915 0.168383342948 0.0236662560777 0.439123183408 0.0989125815408 0.753227587636 
0.025543244991 0.0365174679882 0.968511942191 0.906998437878 0.178532669222 0.267926634385 
0.134974471721 0.182382508574 0.458835050111 0.663100493844 0.452870606171 0.15698111699 
0.0272157620372 0.26188106698 0.479885173433 0.400539837918 0.224993098101 0.484352792997 
0.0298039684501 0.214688751181 0.529368381747 0.173500210194 0.525700421236 0.619707250615 
0.144167514579 0.0357821860969 0.203270726403 0.791982907161 0.640115768444 0.184120304503 
0.0851670789158 0.230532046351 0.516343438307 0.506924790645 0.433407878789 0.355093666976 
0.338243415032 0.680886516186 0.945459686664 0.333098481936 0.0523965778549 0.0104232095901 
0.100987719211 0.129496245351 0.148604348389 0.202734018263 0.665267700072 0.783106467926 
0.058427370171 0.185635526673 0.675507066592 0.631461068697 0.29962598875 0.19998967188 
0.38274923817 0.658889796775 0.696146483275 0.348856867638 0.342033779633 0.228300144618 
0.510688736295 0.327802450405 0.143316698053 0.227917731616 0.00419107208971 0.663761007763 
0.355764080096 0.584367374092 0.52470201107 0.271243610737 0.00498884751209 0.78994505753 
0.483895532458 0.853195159114 0.743481109445 0.511738414251 0.503817879343 0.18397571675 
0.486237470574 0.501223725177 0.356736699719 0.465198912583 0.253819934651 0.18190476467 
0.140801177329 0.283434039827 0.393568151874 0.207560684967 0.464167572755 0.450683722248 
0.209093258496 0.227251052632 0.219636530207 0.615027724816 0.597322413472 0.485305098151 
0.058427370171 0.185635526673 0.675507066592 0.631461068697 0.29962598875 0.19998967188 
0.177564185268 0.239931243217 0.603615368104 0.718555014885 0.290711286818 0.208348508001 
0.00300262990198 0.00604469015754 0.557969370147 0.792562576101 0.648565148872 0.314160114266 
0.00683407713279 0.00441035365204 0.385173330226 0.77770366397 0.636405794018 0.308269560508 
0.030110572051 0.116079877168 0.55210323135 0.429743469228 0.00435887501104 0.690302377153 
0.87303698849 0.588339173879 0.301768244318 0.144419656983 0.419383614918 0.0372551590812 
0.0615083863453 0.041450496843 0.021259988269 0.0152985796391 0.796940480517 0.909003505325 
0.100909066269 0.136352121995 0.343032434336 0.495744669558 0.385917387011 0.371016726446 
0.050462235607 0.0268175474331 0.0816624759692 0.681032275296 0.683261072702 0.161408212882 
0.0560494390632 0.0297868002879 0.0907042198892 0.67689337695 0.660508770438 0.0596109836318 
0.813776582077 0.548403618708 0.281284636948 0.124547785556 0.343811292269 0.601032889523 
0.267845280907 0.415286264113 0.323606987804 0.242123974463 0.637119791477 0.824300858063 
0.65571274717 0.430487344623 0.23294965355 0.346563500775 0.445366614971 0.329278515176 
0.0272157620372 0.26188106698 0.479885173433 0.400539837918 0.224993098101 0.484352792997 
0.0290370665938 0.0651128586705 0.511999285948 0.427344126961 0.240050085058 0.516768345992 
0.0233063851982 0.224263800417 0.41095317235 0.403302844864 0.334264681005 0.422088469552 
0.115121491079 0.393332948452 0.636619012991 0.460326902842 0.0268040689744 0.634444696375 
0.703619065226 0.754601830737 0.243208230447 0.107688199938 0.297270249175 0.519668531096 
0.0652705813247 0.0443423168166 0.75462447232 0.705419665056 0.334719705987 0.223417436082 
0.00847101754353 0.00816433107053 0.167025132947 0.753241113113 0.616387583137 0.298571813484 
0.17623262064 0.0666082361262 0.414966791106 0.328813456731 0.410432827964 0.419922023464 
0.0759986686222 0.102692307345 0.258351533898 0.373365379599 0.51848224747 0.670802852455 
0.355764080096 0.584367374092 0.52470201107 0.271243610737 0.00498884751209 0.78994505753 
0.281867233438 0.261696191623 0.322288058007 0.279456768009 0.562163919104 0.72989597665 
0.0735895483454 0.355751323588 0.856123991869 0.761170476174 0.435985917179 0.0377665364589 
0.00168316575807 0.00292814129098 0.423463516449 0.980230182055 0.906720524348 0.164982704163 
0.305638308772 0.307563573152 0.208265896148 0.773958401267 0.367241672962 0.245128358539 
0.130420132259 0.243579476055 0.34612789046 0.387437035002 0.331247651781 0.418278479756 
0.0652705813247 0.0443423168166 0.75462447232 0.705419665056 0.334719705987 0.223417436082 
0.449449874234 0.359208790043 0.18993853999 0.381094383343 0.731144884717 0.562873410596 
0.173510426882 0.209799778606 0.447597291177 0.827404355811 0.579228466259 0.256315067315 
0.0560494390632 0.0297868002879 0.0907042198892 0.67689337695 0.660508770438 0.0596109836318 
0.0523832024675 0.117463995623 0.923649512982 0.723713675144 0.186533995411 0.369905136406 
0.813776582077 0.548403618708 0.281284636948 0.124547785556 0.343811292269 0.601032889523 
0.184397465964 0.0416852734048 0.59432317351 0.924558192521 0.403006131538 0.227280662965 
0.180617038639 0.181754821411 0.0827200316724 0.390741648677 0.684909461953 0.734710200171 
0.00350758903134 0.0339815205631 0.0749674789619 0.196081325452 0.744539563032 0.645267404976 
0.17623262064 0.0666082361262 0.414966791106 0.328813456731 0.410432827964 0.419922023464 
0.0313701357769 0.120935611047 0.575198246775 0.692185625888 0.707391444211 0.489405049887 
0.0827456032079 0.115817032743 0.482721367653 0.546727000679 0.342833609754 0.391409508823 
0.167597889002 0.161528176442 0.0461161950431 0.0775229495955 0.808908623767 0.220636280888 
0.030110572051 0.116079877168 0.55210323135 0.429743469228 0.00435887501104 0.690302377153 
0.0430211154477 0.0667031953048 0.19159891199 0.741311616917 0.723368213173 0.0652875826271 
0.449122460078 0.405440410339 0.189800173569 0.380816764357 0.730612258238 0.562463342796 
0.0668701720016 0.206230506533 0.648367015133 0.646019675799 0.427650210344 0.31617869419 
0.478042495896 0.61299173999 0.703445193472 0.636624892666 0.0914575552416 0.23123094923 
0.119506572149 0.170849718946 1.03476615054 0.91993952287 0.10084976619 0.0664380836179 
0.346007979622 0.222096668604 0.24774730531 0.768648442681 0.185366210883 0.367589203345 
0.142523181494 0.1373615883 0.138603328576 0.388807343991 0.087578294448 0.666916685811 
0.343634610765 0.345799205532 0.157380312098 0.743409153168 0.634442114996 0.072720752668 
0.239020854537 0.240526510158 0.109468346078 0.517090776178 0.670108339653 0.63383180509 
0.447476098946 0.634331714734 0.58257639443 0.260478992123 0.319318329777 0.558213604723 
0.371548699371 0.225010158226 0.404057498334 0.324219007689 0.569377558708 0.341326482336 
0.333700591943 0.0749000250394 0.314969865683 0.609434367706 0.055427096857 0.332656990118 
0.0328377992827 0.126593588694 0.560945668581 0.652741566583 0.557063724651 0.063847015591 
0.460518843553 0.159720074918 0.500812227891 0.4018557877 0.682972000639 0.284619172618 
0.848767669683 0.571984093331 0.293379452751 0.12990316442 0.356797913974 0.597056456567 
0.164720021566 0.199170886481 0.424921062277 0.72161286444 0.454744127744 0.336212412951 
0.0668701720016 0.206230506533 0.648367015133 0.646019675799 0.427650210344 0.31617869419 
0.098885823113 0.0245433047194 0.139425144205 0.446781261611 0.609253374573 0.788246171885 
0.449449874234 0.359208790043 0.18993853999 0.381094383343 0.731144884717 0.562873410596 
0.18440029668 0.251681286337 0.329159049018 0.542831842436 0.703466949253 0.665386139217 
0.134745880215 0.162927743703 0.347598064547 0.485260913814 0.00454495178522 0.719734119815 
0.726881877036 0.662199170566 0.149158704199 0.491611393738 0.428502730462 0.195201529173 
0.14451306489 0.146390221914 0.0397640893063 0.0668449235767 0.91406068559 0.59336705622 
0.2598163767 0.402837690973 0.31390656352 0.294125265582 0.656065284594 0.612503553513 
0.305638308772 0.307563573152 0.208265896148 0.773958401267 0.367241672962 0.245128358539 
0.100987719211 0.129496245351 0.148604348389 0.202734018263 0.665267700072 0.783106467926 
