0.435749148568 0.65084960003 0.44651815926 0.0148975556382 0.778071831808 0.299088113643 
0.115037821269 0.0140182998428 0.250570292221 0.371238413695 0.596640041815 0.666755376538 
0.146531313211 0.196360615977 0.0821699228118 0.0567035063977 0.609269242634 0.821796392054 
0.0454189250334 0.0703726783718 0.208954389172 0.518517369123 0.85455919456 0.576815955982 
0.33870702124 0.659686384711 0.51780481927 0.278127070946 0.0426347391063 0.0514390564924 
0.33686627429 0.449691091065 0.351356713172 0.687193755534 0.405326947794 0.651469309919 
0.225963297075 0.24763797212 0.147434004847 0.620080351281 0.775358875852 0.275530725017 
0.675167375498 0.796085906569 0.272541931925 0.0702523319273 0.189040166237 0.322411881608 
0.0345861247048 0.0554519681767 0.470737083894 0.823066309469 0.767667250899 0.43968259294 
0.00569315185446 0.00610750582777 0.130158061727 0.340034822961 0.330561784848 0.90303896537 
0.155194216715 0.264217149279 0.21988463235 0.215024639879 0.247408267356 0.68342390601 
0.0739422099991 0.114566875807 0.272414101703 0.330400446306 0.703431080348 0.566144334555 
0.287406685308 0.300577687259 0.493499043751 0.239992017501 0.755018199157 0.28384557545 
0.194625721936 0.0697505317222 0.318730517756 0.390174700259 0.546783239393 0.711825806209 
0.027533749001 0.0907207303806 0.133288179827 0.0929254080791 0.59306670319 0.647939401776 
0.0926353984988 0.343300357717 0.558022711036 0.512387266808 0.388264065991 0.632919765335 
0.29250758014 0.379607103781 0.137335493063 0.207522122698 0.662634417184 0.54489893514 
0.0924544159622 0.203886665281 0.215148381079 0.190236185095 0.774525959696 0.644092454217 
0.030758474202 0.00881972697462 0.0503565154296 0.07020486606 0.519856983063 0.878851008117 
0.195460408639 0.152133330918 0.0858721849035 0.886543376423 0.535815921897 0.194236340222 
0.188568945823 0.0229787059302 0.467066351602 0.640293343025 0.557211665447 0.457018854147 
0.553751896018 0.742059693266 0.310528468411 0.165800745295 0.343665132332 0.552378732471 
0.0377999857376 0.0275937096454 0.0346747429481 0.144285840936 0.684084487013 0.80388697033 
0.597495876216 1.01723206712 0.653248001755 0.207019784522 0.329608129303 0.384205779087 
0.129553278572 0.159848867638 0.24432042634 0.860590654453 0.904535458581 0.159877545127 
0.316348037164 0.697630928216 0.736167111782 0.277519481306 0.200726223346 0.342335505856 
0.010860884124 0.0473551707878 0.0988215649181 0.179964735467 0.833295080256 0.979212164334 
0.196540634399 0.334609083487 0.27846590224 0.403101420071 0.592683893387 0.525612128484 
0.316360681106 0.187137716553 0.0563222859713 0.275774742636 0.520956509338 0.412939375046 
0.0365664078222 0.135512996275 0.220271055408 0.202257219393 0.411015104356 0.84556231445 
0.178997415684 0.0613189313611 0.144323897069 0.281117541355 0.481373465585 0.796785228981 
0.50183430354 0.70324567068 0.491232006384 0.672234173919 0.435658232341 0.0589886094609 
0.418915199463 0.267772926683 0.283477271982 0.393227502451 0.44193718062 0.629857207252 
0.147248877654 0.114608714576 0.0646910291381 0.667871933401 0.561606598816 0.680931293808 
0.176082790168 0.223805655696 0.099574940884 0.263005323214 0.450353985667 0.745448004211 
0.0924046681323 0.157318462034 0.130921870935 0.128028246388 0.259106192831 0.836437845057 
0.030758474202 0.00881972697462 0.0503565154296 0.07020486606 0.519856983063 0.878851008117 
0.00605596112013 0.00217861170354 0.00527841807891 0.27314268339 0.643196616201 0.64976249987 
0.010860884124 0.0473551707878 0.0988215649181 0.179964735467 0.833295080256 0.979212164334 
0.418915199463 0.267772926683 0.283477271982 0.393227502451 0.44193718062 0.629857207252 
0.00284395332453 0.00361492003336 0.00187229459249 0.0841280287372 0.895659263282 0.854180497785 
0.390672902964 0.466603139017 0.251312765696 0.319093015795 0.534924386052 0.202000566354 
0.0365664078222 0.135512996275 0.220271055408 0.202257219393 0.411015104356 0.84556231445 
0.00247661947435 0.00708825662241 0.00588672769621 0.0274903473073 0.991614232955 0.945685503987 
0.597495876216 1.01723206712 0.653248001755 0.207019784522 0.329608129303 0.384205779087 
0.00500696793239 0.00670982745263 0.00280680852153 0.0261943916952 0.944865196104 0.901104478933 
0.522157335334 0.406412267592 0.0752594733218 0.440114653548 0.294753795864 0.599687320845 
0.247621477892 0.398943735228 0.598032322841 0.430536923795 0.0902228395643 0.0798546488852 
0.0838467821068 0.36557954495 0.762903654275 0.812814827533 0.707368223886 0.534480765999 
0.675167375498 0.796085906569 0.272541931925 0.0702523319273 0.189040166237 0.322411881608 
0.341227434617 0.26425960033 0.160210159365 0.242086982139 0.773015185171 0.635659533141 
0.0780193098298 0.125727005583 0.135838332193 0.241019068019 0.523258711862 0.70334043808 
0.0950710562846 0.228608828737 0.518396494413 0.335714480233 0.377288724903 0.537732834196 
0.0797456589929 0.0195343002316 0.0184900285916 0.0779535737089 0.50155048526 0.883117968713 
0.159164314166 0.0450347307206 0.506736328891 0.901167170048 0.544655634865 0.197440588466 
0.0544238324762 0.237293122628 0.495190926122 0.420234752825 0.354712882935 0.900123822668 
0.0862205870855 0.375929525215 0.789282792646 0.691090959286 0.407626069723 0.65516400035 
0.316360681106 0.187137716553 0.0563222859713 0.275774742636 0.520956509338 0.412939375046 
0.546286960224 0.486317947738 0.234556552438 0.38382832203 0.0313995279866 0.257554567993 
0.231763615758 0.511100054408 0.539332259402 0.262395518025 0.54246280706 0.444923261982 
0.0467423602323 0.0322089367708 0.390870958087 0.437950123046 0.326745620799 0.829168009725 
0.00500696793239 0.00670982745263 0.00280680852153 0.0261943916952 0.944865196104 0.901104478933 
0.0739422099991 0.114566875807 0.272414101703 0.330400446306 0.703431080348 0.566144334555 
0.106621596876 0.131554722638 0.201074172632 0.708261210826 0.907146024402 0.596037626602 
0.776925854505 0.294737391938 0.530512021462 0.442535217703 0.276843897347 0.146859656866 
0.908385781008 0.271606574442 0.486557824073 0.283589367952 0.0724508870181 0.0873582750961 
0.155194216715 0.264217149279 0.21988463235 0.215024639879 0.247408267356 0.68342390601 
0.0446843650701 0.0633823544387 0.0358029842353 0.124063057098 0.766997103981 0.735562520426 
0.439573665712 0.150584242395 0.354425356151 0.690356401357 0.528235258831 0.307614981245 
0.0412582027986 0.0137263438871 0.340330914991 0.810345868195 0.775337846644 0.27552325241 
0.0739422099991 0.114566875807 0.272414101703 0.330400446306 0.703431080348 0.566144334555 
0.115037821269 0.0140182998428 0.250570292221 0.371238413695 0.596640041815 0.666755376538 
0.0199939594391 0.0489330477108 0.228014322798 0.221478520272 0.0408294247305 0.976751481996 
0.230741190133 0.293277798997 0.151982477714 0.474034739047 0.497578634841 0.613399975249 
0.592753258358 0.400131171288 0.35901981109 0.458644048298 0.134200854118 0.603890314084 
0.729859901183 0.435071161297 0.313376699913 0.51280930472 0.0419770337001 0.344107961702 
0.0256586415171 0.0627234581031 0.190925500108 0.262375149912 0.725104935288 0.978021400887 
0.00500696793239 0.00670982745263 0.00280680852153 0.0261943916952 0.944865196104 0.901104478933 
0.592753258358 0.400131171288 0.35901981109 0.458644048298 0.134200854118 0.603890314084 
0.141311081142 0.317402481417 0.375021928052 0.292820554983 0.00820079908449 0.517559346698 
0.0838824556848 0.0240526091522 0.158660617727 0.204246647274 0.415058647443 0.853879495693 
0.03979266073 0.0505776173918 0.0287476043936 0.159403406786 0.738081059497 0.867333937066 
0.3622174604 0.46038730631 0.23858259311 0.744139865685 0.597728704909 0.293741554731 
0.0838824556848 0.0240526091522 0.158660617727 0.204246647274 0.415058647443 0.853879495693 
0.03979266073 0.0505776173918 0.0287476043936 0.159403406786 0.738081059497 0.867333937066 
0.189473991818 0.665364339153 0.60716438652 0.120801064771 0.357568997608 0.651808315272 
0.217173932044 0.571944030873 0.631615886924 0.384976463837 0.6892627028 0.0970526487286 
0.176798342692 0.184900543513 0.588231077978 0.725462361668 0.6313397473 0.477038937199 
0.0973250043733 0.233704137275 0.190594654377 0.201652650399 0.859631711142 0.491570999243 
0.34212878207 0.78154700366 0.600023256183 0.0570578990372 0.296126835037 0.584166612809 
0.0997950866029 0.188361787135 0.601151657746 0.551989092781 0.418278500294 0.681838571705 
0.35376483232 0.602281980338 0.501227478395 0.643967710744 0.723366446614 0.143430434104 
0.439573665712 0.150584242395 0.354425356151 0.690356401357 0.528235258831 0.307614981245 
0.231763615758 0.511100054408 0.539332259402 0.262395518025 0.54246280706 0.444923261982 
0.217173932044 0.571944030873 0.631615886924 0.384976463837 0.6892627028 0.0970526487286 
0.0151938789805 0.0203608760343 0.00851935913733 0.0794876461349 0.926925029414 0.853485639814 
0.287405683391 0.0903064082046 0.126786382178 0.429185349466 0.771948685926 0.446667940151 
0.199353229087 0.321178659581 0.481459233869 0.346613314236 0.084869642562 0.315706053373 
0.23347180352 0.313370349805 0.319533375737 0.615308906738 0.535466101536 0.439185238449 
0.176798342692 0.184900543513 0.588231077978 0.725462361668 0.6313397473 0.477038937199 
