0.283779517646 0.431142193203 0.803354370185 0.649567620295 0.401986920114 0.259701947835 
0.0869007008519 0.158470252203 0.241693029949 0.3981060002 0.771494791237 0.837746953179 
0.80508388161 0.897363636902 0.132023839947 0.58273879187 0.0584441774567 0.302500679703 
0.427002975321 0.803831037625 0.720261004105 0.434960288898 0.00921730365763 0.528966301134 
0.0763239922474 0.129382702105 0.247483720563 0.62557717755 0.583244910252 0.207549085494 
0.0777876477415 0.00207029935927 0.500657514458 0.328539246981 0.677366550478 0.731553194359 
0.704986703768 0.551857180095 0.339147169295 0.169030534261 0.599891561713 0.202507113467 
0.386056392024 0.609365718934 0.420327704981 0.255089406673 0.349105865282 0.601987388549 
0.512162539601 0.0410080473114 0.471683171972 0.0383038449728 0.449009737939 0.695685632368 
0.0477605362149 0.0870950903835 0.132833537694 0.218798069045 0.656733946613 0.92171438619 
0.0376167121473 0.0685970311389 0.883176537088 0.937741780222 0.0492633872214 0.572010316193 
0.104469273238 0.402218223287 0.637548322798 0.471487254205 0.118294267697 0.646151838043 
0.410903925917 0.505420531127 0.246843150969 0.661623164608 0.775766642325 0.476559762365 
0.223166253108 0.40696118046 0.62068476307 0.732292372027 0.547669713494 0.377956260799 
0.903615144265 1.00718868131 0.124410700438 0.385603313388 0.513474877352 0.413338486165 
0.253116768799 0.265161802667 0.0348476593623 0.274027255495 0.877595531766 0.874483803455 
0.483192952657 0.545413608396 0.243919729041 0.803429993616 0.267147909664 0.379308176573 
0.205254145753 0.274417755898 0.437434887443 0.624200687066 0.402013928413 0.693243190713 
0.548446453699 0.208681047628 0.319712997359 0.551586544468 0.00426386726053 0.205912252683 
0.0466795481833 0.438991641938 0.52307895886 0.150352645025 0.466831109624 0.844540395506 
0.0562919217716 0.111963707886 0.489469604792 0.980761527326 0.826459393744 0.299797393457 
0.157189074979 0.31280531176 0.6176577968 0.667978320292 0.430209277894 0.741874516108 
0.458322063935 0.114024321134 0.0686166637233 0.512089922455 0.19914901624 0.568435418959 
0.59889204247 0.528054328045 0.0896622783434 0.669151223695 0.201933450611 0.259718709316 
0.160507963951 0.12564416304 0.139950979767 0.639839808758 0.89894078161 0.661676411052 
0.175479061725 0.520473474647 0.644962129049 0.371677711286 0.01448801478 0.468979490025 
0.038586639369 0.380056412718 0.644957698471 0.629716481919 0.470953789213 0.324990992773 
0.155399855027 0.146687657314 0.639622907944 0.762767159238 0.309010898074 0.43414378296 
0.109688239268 0.0029193376243 0.671677592943 0.288910662224 0.395393268749 0.681823880069 
0.0763239922474 0.129382702105 0.247483720563 0.62557717755 0.583244910252 0.207549085494 
0.0142572453799 0.180798001527 0.294347383354 0.419647458293 0.860323066182 0.907338078929 
0.338109741017 0.533684947764 0.368124496722 0.217080841591 0.35176371479 0.775351312948 
0.236847583912 0.365051799798 0.343754277095 0.636187912661 0.64594727508 0.0744981242458 
0.773599616046 0.834760604628 0.0197030200385 0.16401739989 0.587105901883 0.215411108753 
0.117018467438 0.242832180591 0.344307120197 0.114861019433 0.357123517451 0.921497779645 
0.107057642335 0.026634472378 0.0564821879492 1.01686157856 0.856880137895 0.31083845257 
0.205254145753 0.274417755898 0.437434887443 0.624200687066 0.402013928413 0.693243190713 
0.173418990736 0.176019069494 0.257035654726 0.259264155815 0.837972358857 0.449884891394 
0.115423316135 0.128653278477 0.0237500211037 0.711151168787 0.996199671618 0.57932022293 
0.0255977783955 0.192815144346 0.321556805883 0.631526790061 0.887261347241 0.653077557225 
0.20520718706 0.374211414148 0.570735693376 0.940088679145 0.847533324103 0.0953204547294 
0.794734130744 0.885827584102 0.13032658757 0.575247379431 0.0610727930424 0.415954467708 
0.10756659975 0.345136758498 0.316496466346 0.10558330452 0.328277086915 0.847052827888 
0.704986703768 0.551857180095 0.339147169295 0.169030534261 0.599891561713 0.202507113467 
0.0248856248165 0.315577724526 0.513776081002 0.732483572964 0.76430335337 0.377146558091 
0.149297491266 0.420273663679 0.45601506337 0.305668349302 0.298469601066 0.873744067569 
0.32743597372 0.28870642339 0.0328612588964 0.11022879752 0.342720933528 0.884328547771 
0.0966970848197 0.0864413088124 0.224380495209 0.785862332883 0.991229971862 0.589755867219 
0.157189074979 0.31280531176 0.6176577968 0.667978320292 0.430209277894 0.741874516108 
0.0785219981098 0.097112229779 0.101000446989 0.0279787483798 0.921034357582 0.807049935411 
0.260961820358 0.491259367941 0.440185129146 0.287875935626 0.3616671619 0.797184428176 
0.0402874173533 0.3968081001 0.779259947761 0.628145921325 0.193872165256 0.606845383716 
0.159633814047 0.232407955011 0.282380183478 0.621597648325 0.783174318875 0.718982956686 
0.273383561458 0.360162469528 0.225263823417 0.301239942411 0.973643731335 0.522749194335 
0.0466795481833 0.438991641938 0.52307895886 0.150352645025 0.466831109624 0.844540395506 
0.256175136189 0.61777088091 0.557551900677 0.2158554451 0.130400388019 0.584880679029 
0.523344288175 0.548248613419 0.0720527494322 0.531387556656 0.872806656516 0.316618903985 
0.496123057414 0.0397237903854 0.721548320105 0.73845347547 0.189463998028 0.469461664211 
0.430335397928 0.729494805051 0.603533456382 0.340939294638 0.120475524556 0.305284546722 
0.0935716956728 0.0732470595961 0.246844127603 0.977534142804 0.82373974556 0.298810310556 
0.0102174992581 0.00876553583689 0.766596581165 0.809471883624 0.326953479505 0.479987970807 
0.470290366628 0.524626713506 0.104271969461 0.24507675326 0.239179013443 0.894823901823 
0.204393664593 0.628026335451 0.543996957021 0.128713421273 0.478736033028 0.730230310745 
0.649986333422 0.573105122214 0.0973119256427 0.717953560683 0.18420413368 0.45642456583 
0.308459586014 0.348179859557 0.147251718957 0.82884048841 0.74723707433 0.0832167378865 
0.010600668823 0.30432103982 0.311196497054 0.179364309491 0.818234224581 0.777689119328 
0.32743597372 0.28870642339 0.0328612588964 0.11022879752 0.342720933528 0.884328547771 
0.0577703349459 0.536283390904 0.620677057952 0.687495681387 0.88677090759 0.321687160067 
0.0248856248165 0.315577724526 0.513776081002 0.732483572964 0.76430335337 0.377146558091 
0.338109741017 0.533684947764 0.368124496722 0.217080841591 0.35176371479 0.775351312948 
0.430335397928 0.729494805051 0.603533456382 0.340939294638 0.120475524556 0.305284546722 
0.096143766673 0.100718941154 0.0636862643112 0.53412466966 0.483379803067 0.874483803455 
0.704986703768 0.551857180095 0.339147169295 0.169030534261 0.599891561713 0.202507113467 
0.771844524065 0.929372866955 0.374506214014 0.422902718474 0.349941909683 0.491669929941 
0.096143766673 0.100718941154 0.0636862643112 0.53412466966 0.483379803067 0.874483803455 
0.322270504988 0.396399544883 0.19359786989 0.518908432635 0.792251612776 0.751166790158 
0.354774714393 0.434444818014 0.386268935541 0.227780530829 0.369102097604 0.813575469208 
0.0601849091277 0.0724682430904 0.415754463009 0.928063093481 0.0487548383367 0.566104747563 
0.523344288175 0.548248613419 0.0720527494322 0.531387556656 0.872806656516 0.316618903985 
0.081083076466 0.752696066537 0.871146729799 0.528548334484 0.283371444548 0.287231299119 
0.903615144265 1.00718868131 0.124410700438 0.385603313388 0.513474877352 0.413338486165 
0.0481802469215 0.0517994588363 0.299228421945 0.848786025879 0.433207146074 0.345992115576 
0.371422701228 0.392107775117 0.134575565298 0.459635575879 0.11532052119 0.629905549353 
0.357615289338 0.0108860066053 0.354550595071 0.734030257074 0.231312373524 0.0539227423956 
0.151858035215 0.143344402635 0.625044808521 0.837266600405 0.543169509323 0.539723625833 
0.396277142418 0.402218556924 0.633970990767 0.466857601599 0.728057129741 0.448899579037 
0.0185311728564 0.234996175843 0.382584950107 0.545446398209 0.642798077367 0.619670154526 
0.913548676173 1.01909815174 0.202551955803 0.469066819123 0.152957604595 0.0575262464353 
0.0477605362149 0.0870950903835 0.132833537694 0.218798069045 0.656733946613 0.92171438619 
0.415234295714 0.366119849799 0.0662273459549 0.504758888633 0.126642571112 0.691760617089 
0.0692974411245 0.769362680501 0.776529906687 0.254598606498 0.56578220141 0.390461262676 
0.205254145753 0.274417755898 0.437434887443 0.624200687066 0.402013928413 0.693243190713 
0.557506646039 0.88263246592 0.610538190913 0.308666824061 0.518922875298 0.459132412321 
0.903615144265 1.00718868131 0.124410700438 0.385603313388 0.513474877352 0.413338486165 
0.0561602522953 0.553146417787 1.08628098063 0.865228971793 0.155354314686 0.058430167723 
0.80508388161 0.897363636902 0.132023839947 0.58273879187 0.0584441774567 0.302500679703 
0.139000202269 0.131207418699 0.572122080368 0.68227070316 0.335649814178 0.617827854996 
1.06744660087 1.18979871302 0.146967483062 0.398510003972 0.16681286096 0.062751768379 
0.349522614265 0.657974633359 0.554714308467 0.409608321559 0.638776979644 0.393832352003 
0.0102987943905 0.315519045554 0.302334547748 0.174256535566 0.794933226743 0.755538263173 
