0.152304033833 0.154715797243 0.10008622693 0.675611619715 0.664963975771 0.121129977334 
0.0236213959507 0.313822881586 0.41002844455 0.546985867237 0.681867217216 0.292464140774 
0.0911944422683 0.127252244871 0.113103629383 0.249489356723 0.733726742127 0.663123612918 
0.177708533368 0.127519934988 0.173319790501 0.18306806471 0.412095808993 0.827668372916 
0.172112571831 0.133475037851 0.127295037907 0.604343642774 0.532277961472 0.544233217755 
0.516846764762 0.653753659024 0.678420990173 0.452141380262 0.446253541087 0.126825868417 
0.160550895602 0.154341417382 0.569861444071 0.584199529683 0.475881113039 0.594885584336 
0.226662697373 0.357423058027 0.705043541922 0.822812734317 0.528539744822 0.228372941781 
0.136418642041 0.162120762132 0.0946797385193 0.159948240763 0.785028709589 0.709491321109 
0.0368963793821 0.031813794342 0.214454303695 0.739235615012 0.0375763762772 0.566901011591 
0.0108781408166 0.00293591647172 0.419107295403 0.443288776505 0.0702257401936 0.714773879386 
0.633122702829 0.563705229739 0.501078100525 0.115877250935 0.0244021553082 0.0979493760055 
0.153967013094 0.160989888376 0.0740109491492 0.455797359995 0.71714491595 0.678740645086 
0.314432764284 0.225887596769 0.158475109178 0.353962310495 0.726734655541 0.527417684647 
0.262484179507 0.438415009385 1.04790878338 0.994433446106 0.0806256082095 0.00776288353366 
0.0368963793821 0.031813794342 0.214454303695 0.739235615012 0.0375763762772 0.566901011591 
0.111448411182 0.258511142735 0.416978476213 0.615183922671 0.550390142261 0.0708615855595 
0.0101658336977 0.135058832978 0.176461824502 0.235401586023 0.736855277287 0.753285657178 
0.238506015581 0.229281522629 0.846556855482 0.738901672846 0.250350119253 0.25041084416 
0.191547001934 0.227635630128 0.132941375979 0.128992219732 0.69883629391 0.790763968953 
0.0259764400702 0.0558981419955 0.628237963477 0.641230652006 0.011046668036 0.702384289466 
0.169044664402 0.0934454829453 0.0812587896055 0.500433059147 0.787376362274 0.745214163933 
0.361732191404 0.213664962049 0.0408882801835 0.514525054667 0.519094150535 0.313109514785 
0.27112486299 0.116713237327 0.290584554179 0.0183029963888 0.706633182951 0.803936595618 
0.364559826029 0.391837546376 0.14383204495 0.0236084693354 0.713833137116 0.518053905116 
0.125331562554 0.128912139944 0.30899737506 0.285816280691 0.614365729576 0.636341572828 
0.238506015581 0.229281522629 0.846556855482 0.738901672846 0.250350119253 0.25041084416 
0.0151460649913 0.0158095106417 0.0777056395102 0.81311884953 0.820054915755 0.365535154855 
0.0235935755096 0.174314587547 0.774640988951 0.804828507219 0.38550965598 0.199917894995 
0.364559826029 0.391837546376 0.14383204495 0.0236084693354 0.713833137116 0.518053905116 
0.0281663334789 0.374204708665 0.488921149055 0.432030304224 0.516036011009 0.527625576385 
0.177236031106 0.215694262931 0.375756578421 0.149838801482 0.0844619830612 0.915312793943 
0.12712365009 0.101384204131 0.157665154146 0.347786201278 1.02281589431 0.924407967352 
0.326184848209 0.326899892571 0.020167526396 0.763920829334 0.683467895509 0.0880088075028 
0.166163875979 0.159737308508 0.58978426524 0.501647991367 0.129514358413 0.510816137046 
0.286731183658 0.554603855397 0.620490779503 0.475224674697 0.21454845385 0.391527884821 
0.508690544179 0.560721631944 0.256382344122 0.389499608171 0.546456007225 0.413174413426 
0.241024436256 0.402571812207 0.962235525576 0.913131831254 0.0860957289013 0.550260201064 
0.0911944422683 0.127252244871 0.113103629383 0.249489356723 0.733726742127 0.663123612918 
0.551001918409 0.338134216621 0.27770756291 0.421897435236 0.591911177974 0.447546094427 
0.487360761045 0.349719867853 0.475326692676 0.502067535905 0.43257056955 0.44392938906 
0.139209964639 0.32290567648 0.38595473918 0.302282137021 0.329221189238 0.674209834 
0.0354418454651 0.0288336906233 0.0866332626025 0.741746184762 0.863764484886 0.563939650663 
0.314432764284 0.225887596769 0.158475109178 0.353962310495 0.726734655541 0.527417684647 
0.0236213959507 0.313822881586 0.41002844455 0.546985867237 0.681867217216 0.292464140774 
0.0899627051943 0.208673801268 0.336590622999 0.567366056041 0.620302531191 0.370261851651 
0.00680675866357 0.00710493708036 0.0349209919293 0.365420371436 0.906828001404 0.820593860014 
0.125331562554 0.128912139944 0.30899737506 0.285816280691 0.614365729576 0.636341572828 
0.339374260477 0.35485404433 0.119045020177 0.340043785993 0.730932343721 0.757083212869 
0.28138870011 0.224414300917 0.382228332213 0.375004768362 0.408430970614 0.836422352377 
0.336458111193 0.337195674894 0.0208027431976 0.629550132712 0.620681921707 0.61593083473 
0.507424878903 0.54539227789 0.255542748812 0.44029510551 0.379345473326 0.389303096132 
0.326184848209 0.326899892571 0.020167526396 0.763920829334 0.683467895509 0.0880088075028 
0.314432764284 0.225887596769 0.158475109178 0.353962310495 0.726734655541 0.527417684647 
0.154090086769 0.148130488657 0.431462597042 0.337328163724 0.367393461914 0.752382256337 
0.146370781722 0.319662605455 0.647658603639 0.325517571049 0.172837770095 0.871575879408 
0.088940209037 0.35947024707 0.388468871948 0.00662989555785 0.468890381525 0.613375619553 
0.0911944422683 0.127252244871 0.113103629383 0.249489356723 0.733726742127 0.663123612918 
0.151977742702 0.233069101682 0.700278787163 0.5738106033 0.148149422652 0.584305632505 
0.518361065073 0.372389087373 0.309239032981 0.525258374775 0.362108008553 0.428850458037 
0.163292159439 0.17074037899 0.0572787053314 0.288866971899 0.914127951813 0.826173707519 
0.244600138633 0.567364298948 0.678146085139 0.531131206274 0.366156990776 0.433646003299 
0.2105341933 0.202391546624 0.747273128177 0.652243233923 0.245443244735 0.431272441261 
0.270803616545 0.28699496672 0.280643199016 0.703922107434 0.361866572647 0.156154575592 
0.0345227431698 0.0371058983698 0.0843866019391 0.722510607945 0.841363970757 0.549313619048 
0.463286610626 0.449892816103 0.485762210533 0.817274265947 0.350597827351 0.266945512498 
0.333078197725 0.358000349073 0.131411305238 0.0161020309826 0.621678233411 0.707280278759 
0.341388623618 0.660323863153 0.738770540184 0.565814146634 0.230648671317 0.230702273849 
0.362344436666 0.389502876618 0.455161387373 0.419227000253 0.0103325863436 0.676843201589 
0.0130373822687 0.00351867563337 0.502297345378 0.724501644346 0.592018535952 0.544157458816 
0.0172032683797 0.0046430095031 0.376568412591 0.781312649382 0.822067707497 0.596609360471 
0.125685502259 0.192748017455 0.494141607532 0.401205744408 0.405353836408 0.83012073558 
0.176707802827 0.341793436849 0.325652977875 0.353457404864 0.725697982907 0.526665279103 
0.177236031106 0.215694262931 0.375756578421 0.149838801482 0.0844619830612 0.915312793943 
0.644198196266 0.504151714896 0.411942465958 0.312470350066 0.736465056412 0.199294212096 
0.0216826156165 0.0341912405024 0.206018123699 0.799072186444 0.930522655065 0.607528253225 
0.353902555595 0.558066800005 0.946727312838 0.843699676962 0.0345532952296 0.138669215816 
0.238506015581 0.229281522629 0.846556855482 0.738901672846 0.250350119253 0.25041084416 
0.633122702829 0.563705229739 0.501078100525 0.115877250935 0.0244021553082 0.0979493760055 
0.151171696266 0.0650760669031 0.692415280283 0.951200138018 0.455626303841 0.23628717479 
0.172112571831 0.133475037851 0.127295037907 0.604343642774 0.532277961472 0.544233217755 
0.0911944422683 0.127252244871 0.113103629383 0.249489356723 0.733726742127 0.663123612918 
0.140084530958 0.214829986857 0.430195398075 0.426074473746 0.874795405094 0.634878540826 
0.0562682432322 0.0862915458553 0.221222101765 0.483129554935 0.846950138315 0.762203629866 
0.0150736057775 0.0268218839326 0.375357417508 0.758127027302 0.797671901492 0.57890315401 
0.761101936934 0.0964663314589 0.0928303761157 0.186267499076 0.0874929823573 0.0480539786298 
0.0180919408736 0.00488285393412 0.689468928142 0.727344849093 0.0369714570201 0.557781367091 
0.299018890751 0.27496660827 0.313524914787 0.527491300057 0.38940364224 0.896747700138 
0.0354418454651 0.0288336906233 0.0866332626025 0.741746184762 0.863764484886 0.563939650663 
0.0286303057758 0.0278026253991 0.129675716765 0.578151938754 0.732787652473 0.680959846713 
0.518212756457 0.519348732469 0.0178634349087 0.209718961769 0.605384238403 0.0779476382551 
0.273095548217 0.211788339971 0.20198304543 0.803018064089 0.396390434043 0.205561719591 
0.418106080624 0.711488322442 0.689061254056 0.353215831369 0.301606262021 0.351627238007 
0.124010594185 0.116591432954 0.00939163095929 0.717734962666 0.682413530047 0.353467840538 
0.214513461946 0.298155485606 0.326739051444 0.206204128328 0.443205235428 0.772780860086 
0.284049477286 0.483365117047 0.468128430839 0.239963322958 0.384377308061 0.888537113447 
0.0911944422683 0.127252244871 0.113103629383 0.249489356723 0.733726742127 0.663123612918 
0.318843477948 0.363237758241 0.1846637749 0.338860197045 0.794928845098 0.609985454222 
0.0108781408166 0.00293591647172 0.419107295403 0.443288776505 0.0702257401936 0.714773879386 
0.0227513947116 0.0185093928745 0.0556126279495 0.476152091934 0.88280701866 0.777178426108 
