0.231612518507 0.242543429419 0.143061908631 0.61769580883 0.399839626639 0.314888880831 
0.146709807033 0.0182011963121 0.0416309162418 0.59242933742 0.69357246626 0.139517235148 
0.0083255533875 0.137753949553 0.773855348559 0.891424744852 0.528640680855 0.183009425602 
0.00671292430258 0.00676822337182 0.236105915764 0.757620325479 0.587318376906 0.350706891116 
0.381308383135 0.368030594338 0.0838444496981 0.398553744938 0.378260471545 0.619237134655 
0.0638815269312 0.185120121172 0.381503151389 0.292707841769 0.00736541899577 0.726358152604 
0.0474167844261 0.0551179210356 0.188566561108 0.422527495885 0.642937714628 0.649567678225 
0.255501982369 0.138888008429 0.0194324693374 0.128413853607 0.462718530985 0.717274436621 
0.448288103949 0.615318371375 0.413434856679 0.0439313621977 0.681275356154 0.148214300289 
0.621948963499 0.00261779933977 0.197532032534 0.397609013686 0.672422286003 0.461808422929 
0.307672864982 0.418284467829 0.414648359848 0.363975851895 0.286563696049 0.500134948537 
0.0166423434807 0.0179384029452 0.234101333652 0.851744285083 0.260082074049 0.439865933542 
0.198607579655 0.207980874992 0.122674848764 0.599934103348 0.47510229844 0.326239483662 
0.0372301494361 0.0196986526621 0.732448150444 0.420975853402 0.148161964424 0.523062904073 
0.0927952127894 0.484575870283 0.657097097212 0.422376085617 0.133709658663 0.563951239557 
0.0833395526554 0.426070256707 0.529942076801 0.316218759275 0.174891411593 0.629681606449 
0.283967975674 0.488995640776 0.466441516516 0.454289603024 0.574345093689 0.0117133418173 
0.86830404758 0.379143519744 0.278111254568 0.0821232504471 0.32327475607 0.0551990154632 
0.0932081509858 0.47652288796 0.592695127934 0.353663632791 0.195602973742 0.613312962298 
0.0303902484737 0.639448532886 0.881774583109 0.479519307517 0.320237995167 0.157234680451 
0.0914709473707 0.221765526707 0.300275567828 0.244020088299 0.426249745813 0.769337704916 
0.535769805609 0.448646431731 0.243243665666 0.322288620139 0.513268320526 0.316680226545 
0.355482996314 0.483282773037 0.479082369783 0.420535241935 0.242346534939 0.107554602083 
0.0370748202968 0.0442420729524 0.702364026838 0.743527881338 0.269008672656 0.342518388619 
0.376044258674 0.166821082694 0.695158366621 0.548650919267 0.297679219053 0.267753492826 
0.0240981431591 0.0999272559568 0.308815429267 0.343880857058 0.760182088326 0.574711644675 
0.279626825812 0.301931333881 0.414871583945 0.410305743363 0.124534167572 0.588693137647 
0.169040036506 0.177017938688 0.10441105876 0.700128609673 0.670754973309 0.356936937616 
0.329994043992 0.146392261736 0.610029076549 0.596860543762 0.595785094444 0.327256573418 
0.151559657862 0.0762862658792 8.43082103771e-06 0.37228521755 0.83455075736 0.546265486559 
0.236875119468 0.117505928701 0.528009547416 0.358335812137 0.198187256284 0.713573768926 
0.151016340152 0.358704289787 0.432469885789 0.302124231081 0.601985353045 0.580538205182 
0.561883612475 0.245345589784 0.179459892346 0.0429799247865 0.666520891687 0.145000332713 
0.159573303 0.205031596149 0.133076106414 0.017002087498 0.714895101649 0.581720576096 
0.522443438833 0.0021989750136 0.165928174357 0.316683349597 0.629379415431 0.675228874694 
0.0095270478549 0.0725230192669 0.932105122228 0.869553066782 0.178273483461 0.406955270424 
0.0443504566599 0.0108431408273 0.0836334492938 0.303751434623 0.766963821937 0.8694309731 
0.0729148435288 0.491868418768 0.487277168218 0.0715266753115 0.188929448091 0.656122217604 
0.557402677646 0.552048527108 0.177031546045 0.356344739316 0.602636134975 0.413861762344 
0.0815068488373 0.0710684066676 0.497649705542 0.705400441686 0.49860341831 0.417258814156 
0.0686869730211 0.00220086323538 3.87745740565e-05 0.84485903695 0.592714583562 0.0121157503789 
0.172926919978 0.181088257441 0.10681197598 0.575358471176 0.571975864383 0.520446904319 
0.0123896454496 0.00319688786182 0.0245219477671 0.681784404928 0.952562468431 0.691079519891 
0.322010539251 0.33009957429 0.627364548829 0.565785732198 0.413108182368 0.432998964652 
0.00965345744421 0.0144039846598 0.332192316466 0.865693319137 0.74877189323 0.0655782075357 
0.00487881515481 0.0161206680574 0.593994894614 0.546231531332 0.05836175517 0.622262145852 
0.0597972177556 0.144974843481 0.155495132803 0.295414519649 0.779048466382 0.509923761814 
0.143626396035 0.171390973299 0.573220062745 0.671618929013 0.554894036292 0.132207094558 
0.410209604843 0.417235924407 0.0243135359466 0.645329355146 0.651125911864 0.286898413583 
0.00953757212204 0.309385756295 0.311925962685 0.0960700240377 0.638060337383 0.630808397322 
0.22768366055 0.245410760803 0.0892870359338 0.253717267586 0.443189157887 0.799918042105 
0.745442616156 0.613731970044 0.421077324192 0.615725415301 0.128510709384 0.179828785994 
0.693313642461 0.547175294617 0.61128173133 0.294566633152 0.139480714167 0.0650848239004 
0.419880449396 0.419462581255 0.594463395488 0.478778103265 0.323559579015 0.498983124529 
0.508248251442 0.0162853158694 3.93592386394e-05 0.442333000032 0.60068388548 0.0122812245755 
0.165614778294 0.109983015624 0.106985034018 0.679989442159 0.565740619532 0.345944610042 
0.571247114001 0.455626524805 0.0918272012383 0.254316208131 0.643046448098 0.689895303144 
0.0108422717474 0.228139317315 0.314592206892 0.182984020933 0.409041044542 0.738271226035 
0.0598566271172 0.0187221748235 0.914112112535 0.841075970049 0.282515921039 0.0347381861963 
0.301424403749 0.45488714925 0.557214704058 0.545186524056 0.54420286176 0.298907365198 
0.0341441330886 0.718434064634 0.990693128785 0.538750360975 0.358039678298 0.151067708634 
0.0372301494361 0.0196986526621 0.732448150444 0.420975853402 0.148161964424 0.523062904073 
0.0760217659296 0.0907177939802 0.303405038943 0.355489359934 0.57928960564 0.669332435831 
0.593614287201 0.322681848882 0.0451541535341 0.298349045059 0.551999368714 0.375539163947 
0.477874012106 0.515991520466 0.709006313334 0.700195339558 0.146402663902 0.0683238829882 
0.231408592901 0.314602501371 0.311866528298 0.273755210568 0.376831312562 0.870896560085 
0.163905361213 0.015453425873 0.245995589899 0.254053652962 0.443776769018 0.80097884318 
0.462886030795 0.0163262946909 0.252044608073 0.262190132812 0.258067884379 0.564732755598 
0.137503572537 0.333368321206 0.321778668445 0.00239500605981 0.456774737691 0.824443781812 
0.0597972177556 0.144974843481 0.155495132803 0.295414519649 0.779048466382 0.509923761814 
0.0346973342897 0.0183585384332 0.682618879472 0.392336470357 0.138345854492 0.52441388444 
0.379670494365 0.302001343496 0.298472029113 0.232150543354 0.668989217657 0.598869208241 
0.223998877267 0.38572838098 0.367936299382 0.358351319208 0.548535332176 0.410348452149 
0.290376314625 0.366093672521 0.551754295366 0.288689382175 0.534126804914 0.363374169916 
1.00720321458 0.803344792155 0.161910109584 0.363944625799 0.338609381233 0.0416730917536 
0.00573329157742 0.00578056650376 0.201651439658 0.647064244923 0.588238135299 0.535249131773 
0.131126090304 0.0162678425305 0.0372083328538 0.529500656767 0.836291038298 0.601004717608 
0.00562020379482 0.00708609512123 0.0471194847272 0.568533307145 0.794330038629 0.576252833769 
0.218968807274 0.297690500497 0.295101352208 0.362537620949 0.522952771757 0.475825155531 
0.0118037225671 0.0177243116367 0.0229929611174 0.182337192342 0.69943546213 0.829687807833 
0.0155176412098 0.0159077545561 0.0302287366903 0.239706579717 0.919504684826 0.837425995575 
0.0645662029343 0.141013132377 0.385592094424 0.295845056555 0.00744454081399 0.734145202979 
0.135233981648 0.0680688912747 7.01522395758e-06 0.332183383412 0.864121560976 0.641599650899 
0.448288103949 0.615318371375 0.413434856679 0.0439313621977 0.681275356154 0.148214300289 
0.244006845648 0.255522687109 0.150717850385 0.81185415737 0.61300700889 0.0665631745829 
0.0997415828509 0.125750056987 0.769321642901 0.839248192375 0.267083001261 0.116917627407 
0.571247114001 0.455626524805 0.0918272012383 0.254316208131 0.643046448098 0.689895303144 
0.141296519242 0.126172156297 7.5409057366e-06 0.347075193948 0.778036614688 0.509261222753 
0.0136645155613 0.0299970337283 0.0351604377535 0.0460240234284 0.450376429867 0.879201729937 
0.059625479679 0.0434756664747 0.0727935570484 0.0789550563459 0.757739923073 0.854687654528 
0.0166423434807 0.0179384029452 0.234101333652 0.851744285083 0.260082074049 0.439865933542 
0.0258240428287 0.0853236531578 0.891004767059 0.846437282929 0.269371002953 0.117920796628 
0.143273709032 0.277659087682 0.253875350692 0.0418872263486 0.6968890483 0.704090015903 
0.171531119893 0.186528432765 0.235280428469 0.609373529411 0.0117252512044 0.234310360387 
0.0108422717474 0.228139317315 0.314592206892 0.182984020933 0.409041044542 0.738271226035 
0.148320160897 0.758279812355 0.94314477237 0.562777649918 0.198660532103 0.012892925917 
0.500380862114 0.152547126931 0.388676689709 0.19421741747 0.104646589143 0.222982549948 
0.490841852961 0.618831522679 0.869762372073 0.0879312577984 0.346138488604 0.0591163410656 
0.568703333795 0.563240628176 0.205101574116 0.454395435307 0.307080900834 0.473561799023 
0.0108422717474 0.228139317315 0.314592206892 0.182984020933 0.409041044542 0.738271226035 
