0.0334341934505 0.0823060848447 0.271010073465 0.401664785654 0.662802214609 0.748864825509 
0.119016582307 0.539573946163 0.762890026087 0.351074756819 0.173058669428 0.0656920919072 
0.153283711438 0.158149065359 0.0640152195919 0.00861658108281 0.607087423535 0.621184792083 
0.658883418231 0.734431305013 0.326624095324 0.258659583665 0.514071497011 0.248163745487 
0.344214966361 0.528176937009 0.381788531508 0.234119489712 0.52748007907 0.507937217081 
0.140132286061 0.23490999943 0.603391306307 0.713751744259 0.129847759146 0.0265924653456 
0.0620413173225 0.0261972144104 0.128720743 0.571057584551 0.756812116293 0.66916951847 
0.155393533325 0.165510073504 0.21374841676 0.23146129089 0.0486770541107 0.824943668131 
0.356742642981 0.402526707057 0.451344278487 0.463585725041 0.248588032817 0.131907623098 
0.0476148781145 0.281418457613 0.661751455211 0.570168412468 0.0809762738755 0.163424482249 
0.174522761459 0.244894509116 0.464833359306 0.560850243691 0.491184211594 0.329401602153 
0.0216868642741 0.0983196670916 0.255919791119 0.47412456653 0.675650909424 0.558932060057 
0.142066639009 0.15413240578 0.121273465108 0.52425619674 0.747090337561 0.618030089736 
0.0226421175827 0.0469299102025 0.27916963453 0.694071330157 0.597738480042 0.0997158320041 
0.163100803674 0.362668679916 0.503745709522 0.511320209283 0.381415775036 0.432926006088 
0.00468240429861 0.0466384387579 0.0420098009832 0.0625817552682 0.821681028681 0.766572922378 
0.17821720051 0.19682383571 0.18893081339 0.401398880637 0.16985749016 0.407757835989 
0.160734258667 0.468563813201 0.526074432452 0.131892327303 0.0233220940257 0.491526733098 
0.0216868642741 0.0983196670916 0.255919791119 0.47412456653 0.675650909424 0.558932060057 
0.0226421175827 0.0469299102025 0.27916963453 0.694071330157 0.597738480042 0.0997158320041 
0.658883418231 0.734431305013 0.326624095324 0.258659583665 0.514071497011 0.248163745487 
0.0476148781145 0.281418457613 0.661751455211 0.570168412468 0.0809762738755 0.163424482249 
0.244963300797 0.0856439360943 0.0697263110676 0.0587575914164 0.611417601937 0.469191063871 
0.342589826411 0.0785230188924 0.58860513668 0.469897074255 0.499073735245 0.0537313455523 
0.174522761459 0.244894509116 0.464833359306 0.560850243691 0.491184211594 0.329401602153 
0.399111043903 0.570381859757 0.434536228018 0.330425717286 0.328808214852 0.499759499762 
0.0986893391484 0.0416720346806 0.371195767192 0.778112371382 0.264040249834 0.320746756557 
0.423674705885 0.484197605516 0.23848951179 0.294521539928 0.435265805558 0.386906330115 
0.0702672569256 0.09860067287 0.187153346346 0.405618315083 0.594133472445 0.565439725454 
0.2912222483 0.0942074047281 0.00986685752383 0.670412494062 0.63606975223 0.29425455745 
0.140406014746 0.536774739339 0.666924928927 0.36696880834 0.156912020252 0.388298403408 
0.00312762651265 0.00115021796349 0.447757933912 0.477565549667 0.2032099064 0.488285186241 
0.227625194633 0.251390246729 0.241309126492 0.512682242568 0.201758635218 0.359090384678 
0.425170835993 0.0355597211511 0.309005848409 0.174164546669 0.341467083373 0.612152066339 
0.0226421175827 0.0469299102025 0.27916963453 0.694071330157 0.597738480042 0.0997158320041 
0.0149283884184 0.0103890370598 0.0235468378799 0.492997896934 0.930435316505 0.805172545788 
0.1017775299 0.170614203606 0.438240629075 0.610626062324 0.396748515238 0.446395325302 
0.0319678309029 0.0343624098746 0.052132774839 0.164738262707 0.381544216346 0.847239656475 
0.174522761459 0.244894509116 0.464833359306 0.560850243691 0.491184211594 0.329401602153 
0.104112594248 0.472005184642 0.667356202946 0.30711027027 0.184811724116 0.427280084955 
0.158650113899 0.110409064921 0.0674768472801 0.461214136341 0.675567170404 0.642940240053 
0.0390756935585 0.177153711665 0.311291297742 0.470964966421 0.679601350152 0.427280084955 
0.142066639009 0.15413240578 0.121273465108 0.52425619674 0.747090337561 0.618030089736 
0.449102030815 0.421363718743 0.451838196114 0.22947918837 0.456078132653 0.220168059411 
0.0921586723204 0.100676433675 0.146570207802 0.310906941211 0.626962545126 0.620780660713 
0.0301779575046 0.021001644999 0.0476007600043 0.374957751334 0.857183828843 0.864419265487 
0.312583156516 0.0716453593029 0.511205395656 0.331214918383 0.435870863442 0.490412930756 
0.142962622792 0.317324416359 0.424791866631 0.0977821350433 0.106009162191 0.707895211504 
0.184974367899 0.233721258387 0.499024800875 0.734976880661 0.13370914571 0.0273832554658 
0.500329320153 0.041845711455 0.363629651394 0.204953103432 0.30372136038 0.368468245814 
0.403841620239 0.407707125259 0.338864417451 0.61329600362 0.186923082079 0.269229083803 
0.0551929663626 0.0274901486749 0.077737027786 0.363530865561 0.580423997906 0.621028521504 
0.00998372616821 0.00954628521093 0.094905697678 0.158610661782 0.500989625537 0.754909223408 
0.0216868642741 0.0983196670916 0.255919791119 0.47412456653 0.675650909424 0.558932060057 
0.17821720051 0.19682383571 0.18893081339 0.401398880637 0.16985749016 0.407757835989 
0.173632813874 0.0733173116701 0.36024695896 0.702248793501 0.0896487176282 0.180926437719 
0.0488228605005 0.221343494692 0.312951756027 0.308748456085 0.683226419096 0.429559236063 
0.00312762651265 0.00115021796349 0.447757933912 0.477565549667 0.2032099064 0.488285186241 
0.138527119153 0.628026970006 0.88795159812 0.403764696559 0.155217320131 0.0317880078916 
0.16061460045 0.269245420528 0.266505183792 0.496379223334 0.716273741786 0.450336728384 
0.140132286061 0.23490999943 0.603391306307 0.713751744259 0.129847759146 0.0265924653456 
0.00403745323623 0.00148483387034 0.578009897824 0.691950970527 0.431609830447 0.438012000233 
0.320940172387 0.354447728029 0.340234031434 0.722858847132 0.237282877358 0.112591722241 
0.267993552665 0.0614252276595 0.438282506236 0.2388186991 0.122738505416 0.779736429421 
0.361001992915 0.527993295235 0.407058162312 0.328763621383 0.485870578576 0.431888482351 
0.430716581109 0.527655110196 0.313036393889 0.176436352576 0.261463061308 0.317201821132 
0.683410660639 0.748313211459 0.382345006234 0.554979940395 0.589438868878 0.063460228776 
0.00403745323623 0.00148483387034 0.578009897824 0.691950970527 0.431609830447 0.438012000233 
0.0892744110673 0.259383118615 0.304065961614 0.270623445985 0.398527681032 0.551429326542 
0.435168740943 0.295510285728 0.0147441374338 0.641042992351 0.283487568871 0.150426094522 
0.250023339506 0.234580891751 0.351560101783 0.574550725347 0.650217336919 0.356730190373 
0.305138013343 0.4360821053 0.332222017268 0.252623631658 0.318207263477 0.628764914121 
0.00776509082188 0.00942603819695 0.398236308242 0.732491427599 0.631554727649 0.447080495811 
0.0216868642741 0.0983196670916 0.255919791119 0.47412456653 0.675650909424 0.558932060057 
0.337073064438 0.754127275637 0.689193943735 0.0242513203783 0.232875454484 0.0958011243245 
0.103313977653 0.464202974311 0.519225931535 0.20444090426 0.19015216803 0.219698255287 
0.140070798254 0.290322326744 0.32211783146 0.287324335829 0.689696408605 0.115056380432 
0.0390756935585 0.177153711665 0.311291297742 0.470964966421 0.679601350152 0.427280084955 
0.211090030326 0.323904804445 0.234131855291 0.143571585553 0.504514129416 0.675443354637 
0.28330636189 0.521434662578 0.475482404463 0.434479244578 0.523678555078 0.351193090259 
0.206933606665 0.194152546248 0.290971153148 0.316642791761 0.353295836115 0.631731098762 
0.27674478961 0.0585299753398 0.132366530055 0.341704823998 0.27486958128 0.575738324526 
0.0442567658486 0.26157099459 0.61508040702 0.63025359567 0.450120926332 0.456797563844 
0.301012906542 0.335835133859 0.271974538509 0.240158200969 0.340936272242 0.702218529605 
0.560643570667 0.156052547253 0.345050179856 0.393463093929 0.236247834467 0.215275218893 
0.159427177501 0.352972503048 0.422224643663 0.383311927771 0.380084643937 0.762140015543 
0.346054989506 0.079317249384 0.565946020488 0.366682509867 0.481833037843 0.488979877183 
0.0853974951904 0.0879648947234 0.0214999521641 0.077989024654 0.87131072002 0.754007922822 
0.344214966361 0.528176937009 0.381788531508 0.234119489712 0.52748007907 0.507937217081 
0.687087153093 0.568262014026 0.0418033729495 0.294509485911 0.0773287006052 0.418983357581 
0.0579758745451 0.0971875266765 0.0747554447066 0.0380622015329 0.213097740556 0.836258210636 
0.0186032927596 0.0848882595643 0.222648792115 0.318666609034 0.395761806312 0.576323549025 
0.0390756935585 0.177153711665 0.311291297742 0.470964966421 0.679601350152 0.427280084955 
0.138527119153 0.628026970006 0.88795159812 0.403764696559 0.155217320131 0.0317880078916 
0.43546761314 0.455942323127 0.316489356526 0.178382605498 0.264347167511 0.320700727067 
0.399654618248 0.433597495277 0.184268463906 0.188742070859 0.0838184469756 0.71874101694 
0.0551929663626 0.0274901486749 0.077737027786 0.363530865561 0.580423997906 0.621028521504 
0.103313977653 0.464202974311 0.519225931535 0.20444090426 0.19015216803 0.219698255287 
0.211292019298 0.0588121185458 0.151089117222 0.450180092703 0.649609089051 0.40842336907 
0.1017775299 0.170614203606 0.438240629075 0.610626062324 0.396748515238 0.446395325302 
