0.00385008687948 0.00363621552231 0.0083193512825 0.517440635651 0.873758715997 0.592921435513 
0.203900322118 0.209210236621 0.045372442015 0.0862416436215 0.477485981436 0.734160789891 
0.0058317776185 0.000623310613135 0.000501630031801 0.0606957167815 0.963348624788 0.827654784565 
0.169512422839 0.237979464203 0.177701592054 0.00020379105768 0.678168496086 0.699697187421 
0.453091146006 0.456448161687 0.0770795476804 0.131056642059 0.113295504215 0.669603812156 
0.630807019613 0.0221314417872 0.277710069976 0.274863212125 0.371020217004 0.311083148812 
0.252507184315 0.149366278313 0.12277083585 0.47643391845 0.63580689441 0.594780299555 
0.169512422839 0.237979464203 0.177701592054 0.00020379105768 0.678168496086 0.699697187421 
0.012841897115 0.0509542329729 0.372262496908 0.532096175996 0.710701497281 0.692533153309 
0.189826461106 0.266498478486 0.198997138617 0.000416648373514 0.816590416067 0.427488107121 
0.60920153875 0.2597737387 0.425233092106 0.647093087772 0.463291083124 0.053944762567 
0.216491090979 0.194581492766 0.270005881223 0.172765857696 0.805158814091 0.412166578134 
0.808118065614 0.715416009379 0.174462489088 0.867509756467 0.268820905482 0.10877054422 
0.000530171388776 0.00197402487914 0.343907433285 0.885605999587 0.83310430999 0.357174568535 
0.00052741542511 0.00499826264418 0.0103906942542 0.0583646565708 0.890911567793 0.764000322786 
0.0457226373096 0.0291683561422 0.0683568834262 0.433217313979 0.0733944492635 0.913942881002 
0.160941274753 0.0856299244634 0.27047376501 0.128225782489 0.0433048911796 0.795867764 
0.026098131122 0.103552439599 0.756534784984 0.739514623691 0.200197645056 0.368124738235 
0.42623166666 0.500304302845 0.251664620563 0.0614702609368 0.699456921874 0.575268481871 
0.0415630174324 0.16491415705 0.789890487155 0.830038688401 0.413418206623 0.324836319972 
0.222762408145 0.218425064581 0.0528121385883 0.493638182268 0.84520601936 0.442472741191 
0.148521630347 0.0996633041506 0.249601547519 0.11833042605 0.0399623481538 0.734441858496 
0.0404412681657 0.0974481407559 0.562701276172 0.605629501783 0.33732259461 0.602923640715 
0.630807019613 0.0221314417872 0.277710069976 0.274863212125 0.371020217004 0.311083148812 
0.082630345302 0.334937362481 0.354701062474 0.340794465338 0.658437015695 0.166713540171 
0.169752239301 0.238316144139 0.177952995668 0.000151509867336 0.534235933562 0.821430205591 
0.0461980621286 0.033254184275 0.0725598638933 0.298992602733 0.960557356337 0.13180375786 
0.045737607459 0.0977962705845 0.215743042039 0.404581450276 0.72999023775 0.749687571071 
0.169512422839 0.237979464203 0.177701592054 0.00020379105768 0.678168496086 0.699697187421 
0.152392936281 0.502399584826 0.679555713724 0.485824509929 0.558118613344 0.633077894948 
0.789433870735 0.673925297083 0.0350767624236 0.74044362844 0.530127066645 0.0617451351104 
0.00752836736363 0.150228765723 0.261331579519 0.0302269676427 0.306017153165 0.725508418786 
0.229969279121 0.168133479043 0.0594189972988 0.707747988318 0.158616160656 0.546874391115 
0.440217380283 0.08950910055 0.211943187465 0.149161814445 0.0726057603842 0.273343071121 
0.196700541716 0.0709273852073 0.206203352456 0.000237166955737 0.786941553527 0.755656448798 
0.0664183684375 0.0719626676432 0.089942776774 0.67652530304 0.787161832067 0.448935500465 
0.0130728181013 0.140141232986 0.430429821749 0.630581642016 0.724063636137 0.537506450418 
0.112046813947 0.148323314501 0.662967829976 0.858814637418 0.456443372379 0.161864274079 
0.0404412681657 0.0974481407559 0.562701276172 0.605629501783 0.33732259461 0.602923640715 
0.434540559102 0.410423867782 0.67116154036 0.629789538178 0.450902298365 0.0524988777099 
0.195607798509 0.209190388825 0.273097246835 0.544060181139 0.676902314299 0.559001919222 
0.132913142443 0.180007341771 0.230396338732 0.29796155969 0.727158509664 0.866443944336 
0.254739259678 0.162509683957 0.0399461406658 0.106571054588 0.590038618634 0.907242925045 
0.126629641817 0.0102466771839 0.167918178745 0.473193902431 0.459263954437 0.695895299791 
0.663236192316 0.282245270272 0.297672765097 0.265103655909 0.00783413345048 0.393880494072 
0.0189284963489 0.00653330262909 0.576678139649 0.77095981215 0.433202033326 0.377558660723 
0.0559564827401 0.0502933578544 0.159670912322 0.346191290879 0.624636008195 0.641473737685 
0.132913142443 0.180007341771 0.230396338732 0.29796155969 0.727158509664 0.866443944336 
0.477932683246 0.336686569172 0.134875174888 0.432652131958 0.522683205254 0.529729158177 
0.130288084377 0.117102429636 0.162493771185 0.103971794239 0.735742428037 0.627792640105 
0.60732341922 0.258451139125 0.272577972078 0.242754273445 0.00804163052565 0.570287274362 
0.0892230859791 0.0966710815137 0.120824966055 0.908811176077 0.831291223667 0.0932114767157 
0.382540860659 0.190958213398 0.187903125049 0.6000862503 0.360182858365 0.139241118204 
0.00897012089911 0.114351699624 0.311378767656 0.036016482413 0.364623615886 0.864472989324 
0.0144687496829 0.057409273482 0.419421769918 0.599503962031 0.449630976544 0.285539837417 
0.434540559102 0.410423867782 0.67116154036 0.629789538178 0.450902298365 0.0524988777099 
0.12219896961 0.115416872998 0.579715809434 0.810873466418 0.434349638253 0.297304274882 
0.270657254659 0.429084752944 0.803800975155 0.114152659055 0.0592215281784 0.28478966606 
0.146511905663 0.0914727506762 0.373634169572 0.983595196625 0.517669004352 0.170583167573 
0.082630345302 0.334937362481 0.354701062474 0.340794465338 0.658437015695 0.166713540171 
0.222762408145 0.218425064581 0.0528121385883 0.493638182268 0.84520601936 0.442472741191 
0.316119190918 0.511352950749 0.58661954553 0.483690817708 0.354992359061 0.586214606505 
0.289980233681 0.37177248141 0.451059978503 0.726588768456 0.72871395941 0.027232790854 
0.143310768105 0.13926347489 0.233996289486 0.363887073741 0.727753904975 0.592143252562 
0.41398242112 0.113082916842 1.09297443839 0.308218658574 0.010835045573 0.0270915921414 
0.876017081205 0.57077290303 0.501725930759 0.0841342404119 0.155721800387 0.357072237572 
0.302822504357 0.0715169358334 0.899325812974 0.127719212401 0.0662606551282 0.318649477508 
0.303053789255 0.311543575904 0.397464017001 1.00862185862 0.518792187677 0.156257590904 
0.406038752729 0.383503878491 0.769498167494 0.867891422017 0.516968506754 0.0590188088019 
0.406038752729 0.383503878491 0.769498167494 0.867891422017 0.516968506754 0.0590188088019 
0.348872287932 0.313565406672 0.579338248543 0.592324029687 0.611085349772 0.554354791481 
0.113114404601 0.158801908932 0.45665021395 0.95898985102 0.737037573664 0.0275452959369 
0.0058317776185 0.000623310613135 0.000501630031801 0.0606957167815 0.963348624788 0.827654784565 
0.19927868934 0.139702595606 0.144246521735 0.501472554666 0.858620050603 0.449497033061 
0.13671858927 0.0047964719234 0.060188855474 0.0595694101084 0.35368784474 0.756729912725 
0.0384993798993 0.0073917723886 0.0984259146595 0.727675332217 0.661905493601 0.400545696063 
0.0378767668138 0.131053350008 0.501342502542 0.558981601015 0.502327074765 0.736938605959 
0.0699527939828 0.114454333402 0.793135250658 0.870297384156 0.452502489462 0.155678598056 
0.10200278638 0.0870777415598 0.0111137456285 0.367912302394 0.645349688434 0.91861526421 
0.0104912033287 0.0416271286519 0.304120483168 0.872482624807 0.925914999368 0.46420594197 
0.0895999497063 0.458897386208 0.516285696518 0.508366668272 0.792516920861 0.0603611109082 
0.223656855222 0.0078466793918 0.0984632129273 0.0919565074742 0.300041652942 0.711339626067 
0.123439211937 0.126653706092 0.15209220465 0.702412454218 0.190153099481 0.349649311862 
0.808118065614 0.715416009379 0.174462489088 0.867509756467 0.268820905482 0.10877054422 
0.0334919483083 0.132889695105 0.636502715256 0.991741843805 0.762209542735 0.0284903623519 
0.477932683246 0.336686569172 0.134875174888 0.432652131958 0.522683205254 0.529729158177 
0.0797354103758 0.266246568379 0.275610060347 0.096563748692 0.302119459996 0.690645199656 
0.386817556731 0.110251813225 0.260355588985 0.204310762454 0.0778540329707 0.222471674688 
0.244217452426 0.474186153942 0.642657807523 0.573159351507 0.591313473626 0.536414640925 
0.0239026080553 0.0391085235365 0.271011131191 0.798127753943 0.783785831714 0.254435072767 
0.0256020108118 0.064259905066 0.238976505231 0.638091920803 0.735639475356 0.38509793936 
0.736022550399 0.27625253372 0.232069385487 0.269842548967 0.459940047101 0.163105211292 
0.0664183684375 0.0719626676432 0.089942776774 0.67652530304 0.787161832067 0.448935500465 
0.0606838148726 0.20263089081 0.209756894506 0.0812871467218 0.478445090477 0.735635696609 
0.0303429050479 0.0761593521591 0.283229460168 0.785710212639 0.811246069425 0.265230758159 
0.00939013457976 0.100662846319 0.309175788166 0.452943216438 0.889526990741 0.844427509907 
0.41398242112 0.113082916842 1.09297443839 0.308218658574 0.010835045573 0.0270915921414 
0.0197292854184 0.0495196089046 0.184158692548 0.491722454859 0.730918348503 0.530855736078 
0.0694173359393 0.1742345464 0.811211981937 0.86468017404 0.444753620282 0.13393988802 
0.0334919483083 0.132889695105 0.636502715256 0.991741843805 0.762209542735 0.0284903623519 
