0.0671242450042 0.0520406475711 0.0361240452397 0.0342040041311 0.315015119808 0.446416406221 0.306426735186 0.342350204076 
0.00632714772686 0.0371809797254 0.0443915863956 0.00588735160721 0.627570661918 0.709960903564 0.0963853645343 0.113161544674 
0.110226451101 0.0167122703632 0.130720836932 0.0527507794974 0.43843346736 0.573898540313 0.391943461891 0.0210666788451 
0.503309226545 0.234069549885 0.182326844007 0.0560576183982 0.183226130777 0.157523832867 0.141985032617 0.286170175181 
0.241126926696 0.104191163979 0.0502717679247 0.191249927208 0.350222007137 0.113188216017 0.440215360512 0.250628393072 
0.114046709673 0.1060581339 0.0624839358343 0.0677259001135 0.246728042566 0.405069594179 0.551203241678 0.384685904647 
0.0749846228397 0.0562068260834 0.0165760190354 0.0571808369392 0.0260892781985 0.52535844512 0.556980516518 0.40830094906 
0.111393946276 0.060854707368 0.266322237469 0.185422135955 0.0222564767956 0.643957288785 0.137951533896 0.419989970476 
0.0237417134552 0.0196073017384 0.0384357551015 0.10932648058 0.363718300377 0.515435038121 0.353804193219 0.395279535865 
0.121767648936 0.0266594178932 0.0543645463236 0.147614026094 0.148930771777 0.0838758862861 0.640311597425 0.539208010502 
0.0105436647345 0.0100215790754 0.00649385035409 0.00644931680032 0.0553052398338 0.744487140063 0.724662890018 0.106365480818 
0.503309226545 0.234069549885 0.182326844007 0.0560576183982 0.183226130777 0.157523832867 0.141985032617 0.286170175181 
0.00638104035267 0.00127027552184 0.0921615185954 0.259565544895 0.316297253538 0.230985023075 0.121210600367 0.411467800456 
0.54567036707 0.084927112935 0.195724981338 0.117916873899 0.017629548999 0.156278876323 0.104351739641 0.195694512211 
0.197017353353 0.043134346372 0.0648947995288 0.142263434209 0.439278165575 0.33451819956 0.435569454356 0.0506526643271 
0.00632714772686 0.0371809797254 0.0443915863956 0.00588735160721 0.627570661918 0.709960903564 0.0963853645343 0.113161544674 
0.244158333441 0.184275833093 0.0426409452465 0.106460160076 0.614125154952 0.174334916021 0.148870476677 0.102596726373 
0.114046709673 0.1060581339 0.0624839358343 0.0677259001135 0.246728042566 0.405069594179 0.551203241678 0.384685904647 
0.0480120461711 0.00727947140295 0.059339858676 0.036128055108 0.332735441524 0.471528367028 0.323664701754 0.361608182231 
0.0102042929625 0.00470525768179 0.00711876663472 0.0159006634626 0.0233105531293 0.110734458899 0.643336833958 0.750870232049 
0.000737240038277 0.0258396679518 0.0574553474122 0.290779804344 0.356981556069 0.223653175192 0.311873263133 0.146950201367 
0.0749846228397 0.0562068260834 0.0165760190354 0.0571808369392 0.0260892781985 0.52535844512 0.556980516518 0.40830094906 
0.0926091895188 0.117170727405 0.217581976672 0.35089904292 0.276353678748 0.104994182585 0.0896528359546 0.097883807691 
0.07238094209 0.0288857366616 0.110220745412 0.196100231684 0.350871373707 0.256233816487 0.134461510642 0.456444893872 
0.0541038264417 0.317936773038 0.379595119549 0.0503431054792 0.533984805125 0.217455981964 0.196010228376 0.395047155449 
0.114046709673 0.1060581339 0.0624839358343 0.0677259001135 0.246728042566 0.405069594179 0.551203241678 0.384685904647 
0.341251219939 0.0747124456431 0.112403448042 0.118683355584 0.188597312477 0.0434255916334 0.279698990233 0.442878214626 
0.233657483807 0.217290587818 0.128016314646 0.138755984669 0.589019827318 0.586844055781 0.259763852951 0.111890700975 
0.000737240038277 0.0258396679518 0.0574553474122 0.290779804344 0.356981556069 0.223653175192 0.311873263133 0.146950201367 
0.00773576759732 0.0454586206131 0.0542745328488 0.00636857602435 0.250446101414 0.532513678112 0.542194234493 0.408376883317 
0.0102042929625 0.00470525768179 0.00711876663472 0.0159006634626 0.0233105531293 0.110734458899 0.643336833958 0.750870232049 
0.0315602221019 0.0158855936138 0.0510932361928 0.14532935805 0.483496425223 0.685175950562 0.470321903498 0.525451242049 
0.270080106785 0.223048009602 0.124531259336 0.046177159715 0.0387694977961 0.0666116698272 0.480288352037 0.589270985603 
0.212070188926 0.201569189922 0.115544059728 0.0817991079225 0.241618155209 0.437144721903 0.524754434594 0.0197678148771 
0.113922183003 0.0367502998076 0.00340579263973 0.0698593678919 0.171435019805 0.259340276261 0.559935838027 0.919136292922 
0.0302785575697 0.0504733257152 0.0665328142749 0.0937282496141 0.194322997043 0.229517710518 0.408777698007 0.475028192249 
0.114007497765 0.144244231934 0.267856536093 0.431977884593 0.329407879825 0.0665130837212 0.299505538036 0.370615283287 
0.114046709673 0.1060581339 0.0624839358343 0.0677259001135 0.246728042566 0.405069594179 0.551203241678 0.384685904647 
0.114008528564 0.0525699784191 0.0795351823989 0.177651818141 0.260443972179 0.785351677384 0.656583515783 0.373809847783 
0.0784634155954 0.0163550553268 0.0173450372859 0.0598336512852 0.0272996690228 0.549731658912 0.582821391885 0.427243442329 
0.07238094209 0.0288857366616 0.110220745412 0.196100231684 0.350871373707 0.256233816487 0.134461510642 0.456444893872 
0.0387258816686 0.0829757969535 0.0855997243888 0.0453015289 0.0714649486081 0.259723928295 0.449946233165 0.76128667716 
0.00632714772686 0.0371809797254 0.0443915863956 0.00588735160721 0.627570661918 0.709960903564 0.0963853645343 0.113161544674 
0.239825703159 0.108098258499 0.514960719215 0.775208767876 0.498194266523 0.22230536788 0.497887106158 0.147628449017 
0.00632714772686 0.0371809797254 0.0443915863956 0.00588735160721 0.627570661918 0.709960903564 0.0963853645343 0.113161544674 
0.0174387730649 0.254321083519 0.256861692739 0.0975923870743 0.288268416455 0.521546163936 0.626073552787 0.0235845405708 
0.00288581012777 0.00718356137039 0.0194353336505 0.00688939736942 0.199532861548 0.19320207103 0.0231653756285 0.822964960166 
0.0451290241977 0.0415990934206 0.10494142107 0.0944922765706 0.173036578562 0.0588773689035 0.408162966077 0.57014163716 
0.200887915757 0.150581167404 0.0444080679239 0.278807411667 0.579488243816 0.577347673328 0.255560103075 0.110080068408 
0.00632714772686 0.0371809797254 0.0443915863956 0.00588735160721 0.627570661918 0.709960903564 0.0963853645343 0.113161544674 
0.163907415253 0.0755786375808 0.114345886449 0.25540589525 0.170525139018 0.484313176825 0.581377474961 0.0219008240947 
0.0046193915366 0.0757408361646 0.145687476509 0.209338846088 0.374558528429 0.273532075217 0.143539872155 0.487259253442 
0.121767648936 0.0266594178932 0.0543645463236 0.147614026094 0.148930771777 0.0838758862861 0.640311597425 0.539208010502 
0.00446425528964 0.00201843909575 0.00546873909555 0.12579027189 0.617015585329 0.691056809484 0.470321903498 0.525451242049 
0.102082652365 0.047070889384 0.0712153946355 0.15906852783 0.106204052588 0.301633201595 0.483840283042 0.504845221782 
0.0777702098049 0.0358602844713 0.0542544301961 0.12118408473 0.177660101385 0.535722487527 0.660589483396 0.69667136242 
0.00431197763266 0.00275116627981 0.0424396863564 0.368934548407 0.45755664217 0.279400840678 0.173727092964 0.340774272109 
0.209874827017 0.094598297917 0.450649327577 0.678396035093 0.435976716492 0.19454242468 0.515419571234 0.515370885177 
0.15483414648 0.116859379741 0.0270409534873 0.0675122069456 0.389450175196 0.110117037821 0.141050731976 0.478810453472 
0.797172031917 0.284380821063 0.236321799786 0.373120573016 0.003721866759 0.051180422937 0.0902646570139 0.105976523903 
0.0910072589864 0.00410398186167 0.0403443330809 0.121684801386 0.343826940115 0.771001150379 0.105743415969 0.124146842324 
0.00717749544944 0.00667473777591 0.0353911379526 0.451988730931 0.560561440473 0.342299484725 0.164351337488 0.0659591696524 
0.0445923773146 0.0423843143197 0.0274644821533 0.0272761321855 0.233904124448 0.595274124274 0.187580198737 0.378058116211 
0.0474214559663 0.0103823013074 0.0147279318301 0.00547591483803 0.58371295207 0.660345331921 0.0896485130034 0.105253240279 
0.00103044612744 0.0100220776537 0.0803057477173 0.406424995745 0.498955825642 0.31260198623 0.435913021321 0.205393493548 
0.100992002191 0.0834051255799 0.0465664095051 0.0170850532 0.0284095350267 0.572080639794 0.606516142789 0.444612732384 
0.3995793993 0.181599291279 0.417864834332 0.34782460593 0.138166252005 0.497374734362 0.477431996393 0.555456750257 
0.281302399738 0.129710129574 0.196243546557 0.438334599304 0.292660228436 0.521810374069 0.404639093271 0.119980193324 
0.0752171735899 0.0583150010139 0.0404793915825 0.0383278578845 0.492162143966 0.590370191228 0.0809664973469 0.0950615324378 
0.148127241012 0.0600841439936 0.022918217828 0.278262356304 0.223378067902 0.371628394193 0.108680707503 0.355112087521 
0.00670839435638 0.0245233383615 0.047066431543 0.00624209803963 0.665385381622 0.752740130777 0.102193970438 0.119980193324 
0.135613146171 0.11715758199 0.0402177535131 0.0174456977591 0.0509116342702 0.394127463313 0.511998570124 0.321937379875 
0.146357295537 0.185173747783 0.34386122822 0.554552253629 0.43674283683 0.162454231948 0.0777643849934 0.0913026134408 
0.121767648936 0.0266594178932 0.0543645463236 0.147614026094 0.148930771777 0.0838758862861 0.640311597425 0.539208010502 
0.0445923773146 0.0423843143197 0.0274644821533 0.0272761321855 0.233904124448 0.595274124274 0.187580198737 0.378058116211 
0.116892605632 0.0466494205664 0.178002520978 0.316694785956 0.566644851089 0.434051370568 0.231782645691 0.0998386791762 
0.307080823201 0.195233338861 0.138259564496 0.0803764044645 0.180478893859 0.276757916589 0.161481466908 0.223151247775 
0.0315602221019 0.0158855936138 0.0510932361928 0.14532935805 0.483496425223 0.685175950562 0.470321903498 0.525451242049 
0.0957298524925 0.0763900609409 0.228872298404 0.159348279924 0.0191267346326 0.553404600412 0.118550979618 0.360931390314 
0.371351878207 0.119794867285 0.0111018605238 0.227720422665 0.558827316121 0.845372923568 0.585749367397 0.0321785014277 
0.00807086536227 0.02009055993 0.0540279331578 0.00717010409736 0.764307557436 0.86464930976 0.117389109762 0.137817574266 
0.511647899141 0.165053136219 0.0152961229616 0.332866441885 0.463260155611 0.176005466846 0.150297142846 0.164085791022 
0.0145420402336 0.0854551319844 0.1020276772 0.0135312324543 0.408211871843 0.638252563532 0.533600655672 0.303793964004 
0.00895709916095 0.00704265665989 0.00433055096965 0.106185099958 0.201202911741 0.226664162915 0.714225485032 0.430798761448 
0.100992002191 0.0834051255799 0.0465664095051 0.0170850532 0.0284095350267 0.572080639794 0.606516142789 0.444612732384 
0.0455310186989 0.267559360806 0.338796166072 0.127600711884 0.202767734868 0.046688470969 0.300715416105 0.476154205495 
0.137985316351 0.334691928995 0.431824715821 0.201085917743 0.29359795912 0.649524852411 0.287510670472 0.123841766793 
0.094269409931 0.0848187455389 0.0434666888165 0.01594777646 0.0265184087022 0.533999694954 0.566142109318 0.415016797787 
0.574138289149 0.260932136431 0.600411837417 0.499774073922 0.198525277641 0.660529757395 0.375085028456 0.161561657207 
0.0606212447777 0.00919124787401 0.0718925422363 0.0169870895379 0.0259894725709 0.523348694344 0.554849746248 0.406739001141 
0.349181384029 0.295121536986 0.124058537772 0.118219047679 0.0689494596492 0.412373597721 0.412984727764 0.436982636073 
0.00447183283653 0.00285315849334 0.0440130254979 0.382611820332 0.474519359677 0.289758920574 0.139122487201 0.0558348677006 
0.0116067568402 0.0682061762201 0.0814335842084 0.00955542086861 0.375769887962 0.532513678112 0.365527731156 0.408376883317 
0.100992002191 0.0834051255799 0.0465664095051 0.0170850532 0.0284095350267 0.572080639794 0.606516142789 0.444612732384 
0.00596613029207 0.021809903736 0.0444823937021 0.0251928209433 0.628854419537 0.711413199372 0.0965825586996 0.113393028399 
0.0963960307794 0.0526613200142 0.230465006964 0.160457175018 0.0192598394455 0.557255715941 0.122464421253 0.445026925605 
0.0130759751607 0.214397310275 0.374830063211 0.382284046268 0.537136613459 0.0192852841251 0.00478730272814 0.647394775024 
0.0319992435686 0.0117931705986 0.0518039735168 0.147350975827 0.490222153929 0.694707167794 0.476864554836 0.532760586574 
0.454636893558 0.375465839542 0.209628565268 0.0769119910281 0.0341916788457 0.274261963956 0.382447583883 0.180202407824 
0.330171273032 0.307043920577 0.218641815775 0.240888718114 0.0956880118416 0.344460582809 0.330645065883 0.384685904647 
