0.0175688414455 0.0308572065519 0.0872021182483 0.09402061125 0.019641407709 0.00536965789605 0.207434963951 0.66953261449 
0.00509864723365 0.00396926679956 0.0505992565366 0.0799230633055 0.0962763224721 0.509287837493 0.506349497207 0.234260344868 
0.515745391084 0.320131327634 0.485903090491 0.54911779506 0.0766450638902 0.0769026997452 0.160068634973 0.266084283322 
0.161408731471 0.148281794667 0.0884268336466 0.314981291752 0.54403888462 0.00130641526932 0.174097891708 0.124197041104 
0.37445181495 0.442180567166 0.367670041657 0.121725170683 0.0718377656902 0.298787764294 0.121295580336 0.467901495381 
0.0061005345477 0.00143087911243 0.0287553352438 0.0519176248747 0.0513373027094 0.085809523487 0.54680908222 0.623374908366 
0.000628383888364 0.000796121469504 0.0113989665787 0.0277354863014 0.045964977209 0.173042386042 0.498852469497 0.812604403317 
0.0163488730096 0.0301500278585 0.0507583253358 0.274884206623 0.26506885002 0.025938663332 0.111950279756 0.445592103312 
0.340448948423 0.283249842151 0.129516984223 0.0691209940341 0.017677230552 0.353089426778 0.0497343551366 0.296215603977 
0.012030695171 0.0954155365962 0.0950798875264 0.0129151065022 0.180516102488 0.477998295989 0.430829007983 0.227257435109 
0.00741990879327 0.0062509791716 0.0275774510627 0.0401322512844 0.0187004857659 0.158347929232 0.757697959895 0.758218161303 
0.0156795175756 0.0114504933797 0.00501585774235 0.130514041988 0.103407333392 0.00901046312509 0.498604623173 0.555681313982 
0.0838282270817 0.00938198307111 0.0158658501616 0.22394472435 0.192907665042 0.0510433311449 0.37959228394 0.271995829778 
0.212536548762 0.0449936897177 0.161016770127 0.286347620703 0.0374920243561 0.0717785325502 0.430734302523 0.131973931306 
0.144320646814 0.0592468395472 0.0993212329816 0.148408570334 0.061678697303 0.0704122334342 0.134953561037 0.361585344231 
0.0161935759813 0.0257525367099 0.0462728679558 0.0736653301344 0.0714419674397 0.0728099272978 0.0440261563729 0.614927881112 
0.000931752955377 0.0279688125904 0.101543637728 0.0424684917339 0.186110773112 0.474564515249 0.393690655252 0.303174817726 
0.0236030966935 0.00981902082742 0.00447860452025 0.00923141562542 0.0282282653305 0.09566310659 0.51387767619 0.553280676261 
0.00857435667737 0.0527194638785 0.065664747426 0.066506649148 0.266619100038 0.189009217769 0.318370310235 0.557156370526 
0.000630330981697 0.000592477045953 0.0142951269252 0.0689920288136 0.182525267267 0.198052442064 0.25597579983 0.492916845736 
0.0777158787836 0.111929076286 0.0999294871498 0.0569844660008 0.0309582197817 0.0243659367917 0.0928482005233 0.66205874019 
0.0788636964014 0.0303650373137 0.0652618817586 0.0560494935772 0.00312590686178 0.235475526917 0.749260133225 0.646742954128 
0.0308991584768 0.00745794666183 0.00851698746688 0.039703220011 0.00918719453946 0.394174148366 0.649527006065 0.266301655826 
0.00422289421805 0.00202264193734 0.00405023816282 0.00839108373324 0.00134946879966 0.0128628450892 0.503541552446 0.873469385864 
0.00511728707133 0.0070873801171 0.0079880969995 0.00408154880872 0.0533487740847 0.493923653913 0.483615061641 0.154895589454 
0.00347590098333 0.00436386701071 0.00353145064154 0.00209336925841 0.0167962790311 0.0624817470903 0.211400904577 0.831974035402 
0.00274811074629 0.00164433468452 0.00854780755314 0.00624951453419 0.00554230097971 0.336581226974 0.552447337301 0.497714404388 
0.211705321058 0.208336345173 0.205637179519 0.307832138211 0.0424879383224 0.378045569292 0.269781033749 0.123334031972 
0.0106497231896 0.0137093451407 0.110311276343 0.178715943325 0.206364172995 0.170553425195 0.164597899298 0.298767280016 
0.0621091314508 0.0885531356935 0.103203497218 0.112725519626 0.128681415691 0.261324317019 0.297277598429 0.170211330603 
0.00915413957645 0.00303465763471 0.0898172011437 0.0853098389023 0.0201459598758 0.395329027438 0.517690614034 0.50973223102 
0.198378944392 0.0419965446084 0.15029103038 0.267273270569 0.0349944691246 0.0669971129981 0.449110476978 0.339148101033 
0.0879492674243 0.0545915028804 0.0828603077429 0.0936401979912 0.0130687279502 0.0131132578436 0.0582269024721 0.585849075115 
0.0245180009855 0.0372895898522 0.0548652457145 0.0447714205302 0.336464549328 0.625640494423 0.28811257562 0.262178560634 
0.0225087264597 0.0228178150064 0.133683432363 0.328908902751 0.244697391714 0.10525436 0.08603591355 0.441118280923 
0.247233086616 0.130983498434 0.0982416490523 0.0341011676039 0.162810888247 0.0570817678584 0.205940479581 0.216135504127 
0.144579871176 0.208228889355 0.185905278834 0.10601190035 0.0688779506162 0.182431572877 0.30729045137 0.537765276292 
0.0938172051139 0.0732727964382 0.0146079014181 0.153529113539 0.202259693147 0.194040795235 0.25949793751 0.384205825068 
0.0364701988843 0.0832853051285 0.0845676976247 0.040537984482 0.0191265340949 0.451659290594 0.641226608119 0.0188059409154 
0.0201014944852 0.15942508431 0.158864264866 0.0215792250797 0.301616555491 0.409787563 0.13913564415 0.713361442948 
0.00404981216507 0.00513082797897 0.0734636604743 0.178748780805 0.296242859784 0.354235706965 0.235975444091 0.428339862123 
0.0565343510128 0.0608282502503 0.0783792448998 0.0111254944647 0.0045939194994 0.378106309105 0.478620282585 0.554716278738 
0.395756601605 0.164636975771 0.0740880588927 0.0820746430345 0.0484369071 0.201460888324 0.0817810392159 0.31547141001 
0.0344604284608 0.00808269224052 0.162431764373 0.205287246999 0.064585323933 0.104676652577 0.204753654506 0.387746532408 
0.00563471640027 0.00815552206731 0.0122681589816 0.00919764763359 0.0370562743804 0.118053847112 0.552146083492 0.552514498259 
0.00857435667737 0.0527194638785 0.065664747426 0.066506649148 0.266619100038 0.189009217769 0.318370310235 0.557156370526 
0.130015029072 0.0303925249991 0.117453866258 0.0580648484259 0.0997749559758 0.150016834654 0.248641542717 0.550613359403 
0.0769093634022 0.0644125913202 0.0417825216374 0.127694975684 0.420983112702 0.41797248911 0.138574296126 0.710483402715 
0.0414871243385 0.0577659876882 0.213071999749 0.0465496938952 0.0259936080815 0.0497655048898 0.29863492719 0.0914849805426 
0.108757625181 0.0860054735717 0.0383869254425 0.155563510326 0.139952159676 0.210548820178 0.180404108825 0.59864769653 
0.123906344356 0.0837469032163 0.0437337943295 0.177231767229 0.159446168652 0.239876052866 0.290965074804 0.798549952893 
0.00785227635325 0.00183555971716 0.0070936450847 0.00318080645336 0.00584740163107 0.355104104668 0.582850424773 0.525107579234 
0.0263009503464 0.0233020778534 0.0286877900987 0.0165112493228 0.0165384164323 0.124675396787 0.669726287734 0.721091055315 
0.00404981216507 0.00513082797897 0.0734636604743 0.178748780805 0.296242859784 0.354235706965 0.235975444091 0.428339862123 
0.0335429125147 0.0282585688726 0.124668327261 0.181424398266 0.0845446655227 0.748155907973 0.830606203912 0.15228299122 
0.0175688414455 0.0308572065519 0.0872021182483 0.09402061125 0.019641407709 0.00536965789605 0.207434963951 0.66953261449 
0.39091086524 0.298085547989 0.0112982559732 0.0461985077436 0.117077504046 0.200481336681 0.519181829008 0.215782235017 
0.168864006987 0.0156879976195 0.0052009334009 0.0718646059007 0.245827241127 0.146572173346 0.219244730984 0.362496219451 
0.00785373738855 0.00101132558319 0.00104526212343 0.120386099941 0.114107132606 0.245094315455 0.52142073076 0.0198918421276 
0.154182388321 0.0206230580835 0.0187921787933 0.319659386287 0.038231072797 0.339272408267 0.242110543846 0.110679386508 
0.118342118496 0.0566823910385 0.113503552434 0.235151534424 0.037864215117 0.360494575725 0.503310737931 0.482181731514 
0.0769093634022 0.0644125913202 0.0417825216374 0.127694975684 0.420983112702 0.41797248911 0.138574296126 0.710483402715 
0.0153020565296 0.015512184299 0.0908817135278 0.229060136182 0.222095762664 0.213070755164 0.28494846482 0.421890490596 
0.2947160541 0.224733064295 0.00851799606551 0.0348300368244 0.102275048325 0.19243049227 0.32413335145 0.56724239027 
0.0136029368161 0.0175110039106 0.140901050104 0.228274619641 0.217440306317 0.161400609338 0.417973529068 0.173709016769 
0.0158743213815 0.0180432027979 0.0942804981992 0.231963632397 0.172572797356 0.113987605284 0.453175887516 0.510365700035 
0.0631098407535 0.067903161518 0.0874955057634 0.0158444617783 0.188625591788 0.499471688289 0.450183891538 0.23746894156 
0.151184477796 0.0194776082128 0.0322929067508 0.189059930255 0.0342707045992 0.185955059734 0.500005585941 0.563109109237 
0.00942286529356 0.00636880937374 0.00332587962952 0.0117647771317 0.00771859363705 0.468705503139 0.769313527953 0.693110792477 
0.0225199459015 0.0139784874509 0.0212168884565 0.0253429153485 0.0143824845128 0.108424403513 0.582428983012 0.627093465919 
0.125295069604 0.0777726333715 0.118045189517 0.133402541072 0.0235106696505 0.148490703877 0.246111990133 0.545011449165 
0.419480141794 0.495353365796 0.41188285098 0.136362786201 0.0804765604593 0.334717510366 0.118390334408 0.245453646339 
0.203419877569 0.0475517626834 0.183766839199 0.0849654706581 0.0876894831714 0.142122072985 0.278002719672 0.526470093689 
0.275239749785 0.243856496565 0.300218027046 0.172790596176 0.290889344095 0.715050150888 0.19453773042 0.264990130417 
0.016496138796 0.0238760151115 0.0359161223419 0.026926967733 0.108488853297 0.521990232464 0.569793773645 0.0217419712428 
0.0205027789821 0.016183999668 0.00437937925759 0.025639218506 0.00464610110419 0.0572841823758 0.627387452039 0.667818139349 
0.083371633348 0.0996685217831 0.125181986088 0.183406951877 0.158636665144 0.14008802671 0.262644000636 0.247841154871 
0.0313015531353 0.00418681757113 0.00381511909969 0.064896087588 0.0305345275052 0.536685051484 0.541473052728 0.415315399975 
0.0377513669732 0.0452106833155 0.266205225173 0.397244479612 0.201097224189 0.165797432649 0.180011126297 0.153422972025 
0.0106939329509 0.00618038531718 0.0260893163384 0.0270817793448 0.0951839653636 0.664677436985 0.523665638567 0.366426450905 
0.000680298523901 2.39649939561e-05 0.00948147590806 0.143908151897 0.429277549458 0.408236047357 0.161390961407 0.142053911489 
0.00404981216507 0.00513082797897 0.0734636604743 0.178748780805 0.296242859784 0.354235706965 0.235975444091 0.428339862123 
0.0172508390915 0.0114900793041 0.0205646480852 0.0416861439067 0.0126940447468 0.0233800403426 0.318011191213 0.570485815158 
0.515745391084 0.320131327634 0.485903090491 0.54911779506 0.0766450638902 0.0769026997452 0.160068634973 0.266084283322 
0.0106939329509 0.00618038531718 0.0260893163384 0.0270817793448 0.0951839653636 0.664677436985 0.523665638567 0.366426450905 
0.00933138784496 0.0573740704062 0.0714622942186 0.0723785292753 0.290159077903 0.331616175927 0.484807961471 0.201492703113 
0.0133553046079 0.0176343609197 0.0879768953504 0.363696028765 0.626348438362 0.539021392241 0.089088394068 0.593271051614 
6.16178812298e-05 7.8069211272e-05 0.00111783370127 0.00271985100878 0.00450597684157 0.0169684272191 0.559402378001 0.86374972937 
0.0106497231896 0.0137093451407 0.110311276343 0.178715943325 0.206364172995 0.170553425195 0.164597899298 0.298767280016 
0.429521744091 0.0765467171846 0.0804091004153 0.0890770852413 0.0525695925795 0.218649204964 0.0887594656564 0.342391174429 
0.0621091314508 0.0885531356935 0.103203497218 0.112725519626 0.128681415691 0.261324317019 0.297277598429 0.170211330603 
0.0264242432259 0.0577867617262 0.0747583301906 0.0520685235294 0.0599450675723 0.0765083209569 0.603208674913 0.512457157395 
0.0454287459421 0.0543088326477 0.0682109802025 0.0850084236017 0.0830904040711 0.125004695331 0.151623085767 0.416118947061 
0.0313015531353 0.00418681757113 0.00381511909969 0.064896087588 0.0305345275052 0.536685051484 0.541473052728 0.415315399975 
0.00961861776853 0.0104510805271 0.0110617271191 0.0267115682041 0.139454046163 0.341116493229 0.317374938377 0.230089728054 
0.0308991584768 0.00745794666183 0.00851698746688 0.039703220011 0.00918719453946 0.394174148366 0.649527006065 0.266301655826 
0.254250314118 0.220211633984 0.103018314408 0.141617875656 0.493325626463 0.192716104812 0.0208037112398 0.494429541735 
0.247233086616 0.130983498434 0.0982416490523 0.0341011676039 0.162810888247 0.0570817678584 0.205940479581 0.216135504127 
0.395756601605 0.164636975771 0.0740880588927 0.0820746430345 0.0484369071 0.201460888324 0.0817810392159 0.31547141001 
0.000846354451402 0.000795526692088 0.0191942351149 0.0926364126382 0.245079407771 0.293604584196 0.285235827315 0.422315989029 
