0.0333402520974 0.168771443492 0.315358241198 0.302213876592 0.423527660596 0.669238187869 0.395195156393 0.33166319122 
0.164850279583 0.146784979201 0.00506081867 0.336320467226 0.536896323696 0.182392653375 0.370043668207 0.276433848854 
0.435383048527 0.102098218694 9.1198650107e-05 0.0140390909812 0.0706539121585 0.75132713436 0.856472551436 0.531387583094 
0.000653466587903 0.00060907037558 0.00113024793718 0.0173375594345 0.1367680055 0.236725878287 0.569535472994 0.714241537277 
0.00875464606101 0.748490475159 0.73458691527 0.247245690739 0.271346903234 0.100546519204 0.299910353617 0.365520710945 
0.211250980661 0.144619023668 0.406118514312 0.294268180693 0.0371409693075 0.212657319683 0.0898186592294 0.563384564074 
0.0285605161889 0.027224670103 0.0299541263267 0.0706811527193 0.0875573598 0.171733292646 0.458969747231 0.840559508467 
0.00620691041016 0.0230859750058 0.121202411385 0.582154902317 0.592337595863 0.239317526917 0.200093725865 0.37099141891 
0.135194317102 0.106359453917 0.287864743204 0.416645056401 0.158548382768 0.417547438698 0.478472844121 0.479841594387 
0.0815075425099 0.00374966276693 0.164950977611 0.440914011899 0.465229821196 0.0366155564839 0.26404735834 0.252202646155 
0.276873726011 0.334909412995 0.231426382074 0.134578242969 0.380958012821 0.397473703304 0.193139055979 0.62700399117 
0.0306528764169 0.0277325483517 0.110609374548 0.0523558852806 0.588936787135 0.69524362367 0.300432578015 0.0923997622942 
0.18327357771 0.194034178171 0.123212126098 0.16518106409 0.242373821484 0.286123251069 0.568948827785 0.578715377318 
0.0334474520769 0.0351703371077 0.0342953987461 0.0234280388308 0.0643773017214 0.504277159238 0.643723873394 0.2931590379 
0.0451772437957 0.0672309255277 0.135638117057 0.181047439945 0.115991591649 0.0438493044942 0.375953597952 0.722192875337 
0.213200578353 0.110175814701 0.202863385585 0.138155561195 0.240155117327 0.533975313959 0.498290089637 0.275213850923 
0.00480153922304 0.209675340555 0.770431892517 0.16228915408 0.0491996121741 0.315350110538 0.479899152402 0.0275139964164 
0.276873726011 0.334909412995 0.231426382074 0.134578242969 0.380958012821 0.397473703304 0.193139055979 0.62700399117 
0.265241569836 0.210600962683 0.370219069607 0.241580226164 0.0216928009116 0.436380188842 0.436418119212 0.610855840952 
0.511501509048 0.567426474948 0.417255236047 0.43835736037 0.191162903927 0.250286991563 0.0971443488364 0.0383819238338 
0.080346482401 0.124377431413 0.162601280207 0.434633272865 0.458602701785 0.0360939735008 0.260285946364 0.248609456874 
0.00150615796906 0.00182187764285 0.0035410035818 0.046304336915 0.37740978687 0.89930142509 0.848846654089 0.265690957465 
0.037715179719 0.414775989826 0.587004782903 0.0199718297048 0.0106342904696 0.210998571608 0.187911962959 0.472622015252 
0.125020818696 0.119173253038 0.131121429745 0.309399652611 0.38327500318 0.377575157808 0.103822678974 0.651223701402 
0.213200578353 0.110175814701 0.202863385585 0.138155561195 0.240155117327 0.533975313959 0.498290089637 0.275213850923 
0.00580534011702 0.0152622682913 0.0152603387827 0.0118631760756 0.293175965445 0.471259762527 0.717731771548 0.653998818618 
0.000653466587903 0.00060907037558 0.00113024793718 0.0173375594345 0.1367680055 0.236725878287 0.569535472994 0.714241537277 
0.0334474520769 0.0351703371077 0.0342953987461 0.0234280388308 0.0643773017214 0.504277159238 0.643723873394 0.2931590379 
0.0333402520974 0.168771443492 0.315358241198 0.302213876592 0.423527660596 0.669238187869 0.395195156393 0.33166319122 
0.00199510703281 0.00742063006455 0.0389586000699 0.187124744198 0.717544279725 0.72738903276 0.314323775221 0.0966739507571 
0.115103204045 0.107281521133 0.24811558239 0.307214806186 0.430536055339 0.680312508267 0.401734830561 0.337152145056 
0.214042055228 0.190586017051 0.00657100442813 0.43667941342 0.697107779789 0.200083942341 0.10612340538 0.0419332467595 
0.510749169654 0.614228814928 0.329460707532 0.0343303304729 0.107940511638 0.102297937451 0.623898351319 0.358270238456 
0.0815075425099 0.00374966276693 0.164950977611 0.440914011899 0.465229821196 0.0366155564839 0.26404735834 0.252202646155 
0.30330661034 0.282695803738 0.386111938795 0.261419889767 0.0234743486364 0.472217713084 0.419785607755 0.474093135283 
0.595948578063 0.205829250655 0.0544777526974 0.309214138355 0.589141019844 0.305915525624 0.255778460471 0.474243887404 
0.000653466587903 0.00060907037558 0.00113024793718 0.0173375594345 0.1367680055 0.236725878287 0.569535472994 0.714241537277 
0.0451772437957 0.0672309255277 0.135638117057 0.181047439945 0.115991591649 0.0438493044942 0.375953597952 0.722192875337 
0.0203885510034 0.0245193581833 0.0157383266197 0.0130242356338 0.0224487294042 0.0809922392351 0.318459023987 0.95724911481 
0.00654684140315 0.0242596618726 0.0347327941219 0.201376676775 0.558128881234 0.457892365292 0.258043225492 0.609103495155 
0.0333402520974 0.168771443492 0.315358241198 0.302213876592 0.423527660596 0.669238187869 0.395195156393 0.33166319122 
0.129494139611 0.123437344156 0.135813036577 0.638341562178 0.62927683596 0.0495267666211 0.357156953584 0.341148074551 
0.00393130735998 0.00355677582312 0.0135845156937 0.000108849167764 0.00910864278542 0.00127056232414 0.540958223245 0.660236649395 
0.78404421846 0.10460728649 0.5248801181 0.475693971355 0.110224726776 0.0569904931302 0.369239249085 0.125456128474 
0.30330661034 0.282695803738 0.386111938795 0.261419889767 0.0234743486364 0.472217713084 0.419785607755 0.474093135283 
0.397265671545 0.419020922546 0.396431966479 0.599966021701 0.165596571136 0.143145404152 0.239773291619 0.361592616905 
0.0803489553468 0.0704982084832 0.111705075764 0.13836017942 0.588132662638 0.581006032301 0.274542463086 0.399413242935 
0.0314528542878 0.159217264632 0.297505755713 0.2851054994 0.324753231528 0.566235798176 0.460626658908 0.187705672952 
0.2215003497 0.17587057427 0.261766728564 0.129655733084 0.367023579282 0.382935183751 0.186074277682 0.604068311349 
0.0274432154204 0.0288568229556 0.0281389332222 0.0192224114764 0.0528206940483 0.413753113571 0.643723873394 0.455250793091 
0.18660405042 0.157388473134 0.0520224887441 0.624726186431 0.847901926177 0.330380274706 0.128233473613 0.0506780399148 
0.0451772437957 0.0672309255277 0.135638117057 0.181047439945 0.115991591649 0.0438493044942 0.375953597952 0.722192875337 
0.156551185168 0.0321216823412 0.0117859330902 0.32004108987 0.510908179645 0.173564050046 0.352131581335 0.263051175922 
0.365494755325 0.0185030762711 0.312886695991 0.191487744399 0.153801884188 0.405047259967 0.464148512515 0.4654752291 
0.114007363352 0.0589156681003 0.108479598238 0.0823244689053 0.103273030329 0.039041206572 0.334729358448 0.642999524284 
0.043639452745 0.0458873264834 0.0447458030729 0.0305669574407 0.0839942755126 0.177368717633 0.506051949603 0.63462456294 
0.108869103396 0.0426551284341 0.0733786657321 0.488430640904 0.501536383859 0.114219048373 0.203837355682 0.726980565465 
0.176735003784 0.164725210117 0.224985162608 0.15347639722 0.0552127769195 0.587128557465 0.669293392108 0.415246301311 
0.000189270680316 0.000958169443522 0.00143658175643 0.0170553335142 0.134541650022 0.232872386306 0.560264292587 0.702614215838 
0.0548651392865 0.0375597963612 0.454351816227 0.504885449881 0.212211647976 0.105170864872 0.187689227237 0.669387405997 
0.00750122796403 0.0222393765125 0.13968767954 0.516045472522 0.478224262539 0.0890150022031 0.127447384388 0.234522900617 
0.0575752780885 0.0485610367724 0.0160510957649 0.192754593077 0.407153120974 0.659492574369 0.697134020499 0.0610045655336 
0.137515111991 0.14538720216 0.127447652821 0.271550273129 0.378932304209 0.59877080083 0.353582331932 0.296736241263 
0.345773277362 0.418251042184 0.289016456924 0.168067809619 0.468648634548 0.54744033024 0.486657149775 0.549621299009 
0.0111432235808 0.0330370192597 0.207508749398 0.766595393753 0.71041147511 0.132233521177 0.175543317907 0.157092930883 
0.0352885820121 0.0525150273604 0.105948836717 0.141418716165 0.161056525268 0.408823723938 0.622640296906 0.567346484904 
0.327511384548 0.260042995728 0.457134090789 0.298295152359 0.0267856467253 0.538827618553 0.47900060533 0.529516069478 
0.308063631668 0.244601542353 0.429989287785 0.288545508125 0.106304666714 0.100747611285 0.614443060701 0.352840005977 
0.104543293354 0.0930868040123 0.00320939634333 0.213284746181 0.340484017989 0.169674049361 0.549051151872 0.340638166754 
0.432319874418 0.101379898077 9.05564554211e-05 0.0139403176768 0.0694626692116 0.875459177871 0.899975886657 0.0787670335024 
0.00146961470379 0.00177767452102 0.0034550885592 0.0451808841884 0.368252924832 0.877482250404 0.880990473013 0.390866095411 
0.30330661034 0.282695803738 0.386111938795 0.261419889767 0.0234743486364 0.472217713084 0.419785607755 0.474093135283 
0.00358322631205 0.00533242610918 0.0107580804468 0.141418716165 0.254333755408 0.408823723938 0.622640296906 0.567346484904 
0.185187223525 0.183819173663 0.0516274974866 0.619982833763 0.841464065917 0.327871798942 0.127259780028 0.0502929326003 
0.0226272061688 0.0841594805921 0.087215284331 0.110156394774 0.365146113196 0.605032123936 0.639564557201 0.0559633195267 
0.516029872099 0.121010064381 0.000108106262831 0.0166395808567 0.0582718257784 0.387521424359 0.770579105432 0.783819300732 
0.30330661034 0.282695803738 0.386111938795 0.261419889767 0.0234743486364 0.472217713084 0.419785607755 0.474093135283 
0.623741318071 0.495248612282 0.870606189042 0.584222665837 0.23270434432 0.372257275822 0.144488511013 0.0571070992146 
0.00579730710268 0.495649106132 0.486442166859 0.163725666962 0.182993440804 0.141214394787 0.437551788564 0.254800277076 
0.00600590965136 0.0146216376038 0.0671483468275 0.0891749215078 0.193037837406 0.0478764911757 0.410482368157 0.78852397212 
0.339765878785 0.513660118176 0.366312223271 0.0204639959196 0.235422931106 0.126122330554 0.135901123055 0.40914774561 
0.00146961470379 0.00177767452102 0.0034550885592 0.0451808841884 0.368252924832 0.877482250404 0.880990473013 0.390866095411 
0.246588505454 0.29827608851 0.206112311307 0.108504917219 0.321211219411 0.878340237614 0.902937652975 0.0790263896223 
0.558461366148 0.55003921795 0.779489675682 0.523078684265 0.208349765295 0.333297307923 0.129365753452 0.0511258699655 
0.00543292857788 0.0161073653254 0.101171906344 0.373757479124 0.346364502188 0.064622133954 0.123683441854 0.401517548363 
0.00106279781426 0.000961552686129 0.00383502240962 0.0106178740381 0.282969471045 0.674266938405 0.636435749528 0.199195738858 
0.0352885820121 0.0525150273604 0.105948836717 0.141418716165 0.161056525268 0.408823723938 0.622640296906 0.567346484904 
0.114703895711 0.170697618179 0.344381858629 0.459674876538 0.294500393926 0.111332393165 0.436470394204 0.547462169231 
0.328485539076 0.306163730318 0.659686095275 0.659744567088 0.182096086494 0.157407926141 0.263664216558 0.397624717629 
0.0870301109805 0.0610322357142 0.327850543472 0.362537607578 0.152696007031 0.157776810286 0.271901076331 0.188770477292 
0.0117363405703 0.004598323158 0.0079103265965 0.0526539905791 0.0531358145071 0.00691246885251 0.00818743138625 0.861895734104 
0.164850279583 0.146784979201 0.00506081867 0.336320467226 0.536896323696 0.182392653375 0.370043668207 0.276433848854 
0.246588505454 0.29827608851 0.206112311307 0.108504917219 0.321211219411 0.878340237614 0.902937652975 0.0790263896223 
0.0150422966587 0.0136092075976 0.0519783037584 0.00118319964016 0.153523006721 0.0380761834852 0.326455329196 0.627104795573 
0.224059138706 0.215777368431 0.0645042094621 0.521371345429 0.434787988713 0.18099259051 0.560806269856 0.265741192738 
0.0779947629496 0.394816626676 0.737735549691 0.627717927413 0.292730556629 0.121639187685 0.16147848643 0.14450348403 
0.0300509295035 0.0689360184157 0.495185249557 0.486233606526 0.204371955566 0.101285563916 0.180755201321 0.644656833556 
0.164783649065 0.186009435304 0.25160074318 0.237492522816 0.364846610148 0.296179487593 0.33599785605 0.235722592312 
0.00199510703281 0.00742063006455 0.0389586000699 0.187124744198 0.717544279725 0.72738903276 0.314323775221 0.0966739507571 
0.233218569073 0.185174802846 0.325521975156 0.212413893596 0.0190737437306 0.574563628348 0.74752964613 0.463790481425 
