0.206476565387 0.286619384063 0.168227310914 0.0744476657449 0.0404260999293 0.00323877437604 0.215813499589 0.651645333999 
0.316051135104 0.300877995298 0.0432424974715 0.0990259074619 0.113944230464 0.0600327882297 0.152535586936 0.518565839776 
0.0479052312397 0.111996488667 0.503625291754 0.418153114924 0.0593161766298 0.360430386816 0.530793034948 0.26929960466 
0.0679947564681 0.15373717054 0.286878707321 0.445379452273 0.412929443519 0.195355264928 0.530206183887 0.120617894258 
0.0136240159951 0.193254067144 0.323189944901 0.372160583599 0.380642453441 0.418808469338 0.79151500069 0.551282187871 
0.00216498249433 0.000379536706205 0.00624568137239 0.0355922810667 0.200077215432 0.502170169713 0.566633151964 0.327217160518 
0.042796495203 0.00463507178635 0.0235247866474 0.0397131013976 0.196893663844 0.236835826743 0.0868730394045 0.9528406249 
0.0271309640956 0.262025820128 0.310718708134 0.281115056921 0.350218648226 0.157450061975 0.437409292882 0.137486456763 
0.00276331171706 0.0127867218154 0.0701930538487 0.169679297979 0.169422458929 0.0868406294486 0.271390783244 0.569720825622 
0.333590415313 0.324461666073 0.0237572453477 0.113528614787 0.247967711097 0.122964669878 0.549490610111 0.320179999297 
0.0940232846482 0.0843962142838 0.0907750702564 0.136387333694 0.219560723789 0.209682033273 0.0999908527281 0.125997218206 
0.14698454878 0.0518291469387 0.119235384077 0.265335734658 0.20064264117 0.219726750575 0.289093524345 0.0606622064972 
0.0959665268498 0.0861911569178 0.161431128139 0.599277887942 0.543581729351 0.0379897981986 0.16153991831 0.303408978301 
0.249050075529 0.259067454833 0.147791793839 0.278501757834 0.018132931176 0.266724677279 0.321002219159 0.602937674784 
0.1089870571 0.0843060291293 0.119091696871 0.291217615328 0.229341411049 0.463947589357 0.382363014044 0.371332307639 
0.0688792106188 0.0443603740161 0.0107449063035 0.0360779111446 0.157356892088 0.225755048897 0.557095981288 0.504473493171 
0.130724703387 0.138756663262 0.0213349686748 0.322670117969 0.352667569885 0.206332663562 0.00095650995247 0.372566800146 
0.0561895973156 0.050754640471 0.00527427638404 0.0638322475544 0.322523534919 0.391612597328 0.295565034834 0.11959248559 
0.0989385236977 0.225957738035 0.340814859682 0.266242438307 0.144092923521 0.0948388978978 0.226807075918 0.292848440325 
0.262354764969 0.255175389438 0.0186840695107 0.0892854580762 0.195016126218 0.142203663467 0.780340702528 0.450667324398 
0.370153522055 0.46048961898 0.308378783822 0.152642744639 0.23646848857 0.405263507151 0.378094646233 0.00569320141469 
0.0128657269125 0.0520356050706 0.0844783297565 0.141420496482 0.189560395471 0.271956415697 0.671107202744 0.607736596755 
0.00135266367449 0.00201308374686 0.0111771185113 0.0548346590555 0.34411224969 0.464500467246 0.448922457511 0.435161066116 
0.0959665268498 0.0861911569178 0.161431128139 0.599277887942 0.543581729351 0.0379897981986 0.16153991831 0.303408978301 
0.21566537842 0.296757118338 0.243920602764 0.317497410763 0.471923993146 0.816314342038 0.299007857866 0.0522286397581 
0.0796941206494 0.0451644247694 0.000818815600073 0.16695481074 0.413217245645 0.393604182216 0.138312612112 0.398231922272 
0.0269225109115 0.0102510328589 0.0337965233494 0.0609501338053 0.212455574529 0.196155236708 0.169151168802 0.610052200158 
0.00197814076403 0.00294071096537 0.00987407347855 0.0580425442626 0.347750731361 0.469411877517 0.453669156219 0.43053538386 
0.00566251454835 0.0321265450897 0.0291727921928 0.0040835405767 0.17118108901 0.242887329221 0.435772800665 0.765444416003 
0.316051135104 0.300877995298 0.0432424974715 0.0990259074619 0.113944230464 0.0600327882297 0.152535586936 0.518565839776 
0.0176923895863 0.100378611495 0.0911496822725 0.0228409956505 0.222036878658 0.11380912815 0.355671720205 0.746680831576 
0.04504045967 0.0348340108562 0.0151722952516 0.318028081189 0.253608654097 0.358535230225 0.553644950301 0.322601456055 
0.162570196439 0.0209630395796 0.0839350543875 0.0312829872426 0.150842675977 0.30600164288 0.755120689892 0.683829926123 
0.0046350777127 0.00772628597616 0.0461165012941 0.0554497407995 0.164605356505 0.429037035733 0.414648345742 0.401929687869 
0.0688792106188 0.0443603740161 0.0107449063035 0.0360779111446 0.157356892088 0.225755048897 0.557095981288 0.504473493171 
0.0017100139626 0.00446261376998 0.0141299192874 0.020879362227 0.040231203703 0.468781913581 0.660999491262 0.409476467791 
0.00287050454095 0.0039846761221 0.00259462913925 0.0133540850668 0.366636074408 0.602151369425 0.496180752905 0.0610521430333 
0.042796495203 0.00463507178635 0.0235247866474 0.0397131013976 0.196893663844 0.236835826743 0.0868730394045 0.9528406249 
0.444044262955 0.616397763643 0.36178620159 0.160105621823 0.0903216796631 0.170418936804 0.473437922983 0.148819527119 
0.213548490163 0.274346917172 0.19275117491 0.340263731043 0.363297539328 0.0123334654579 0.125104650485 0.433158812753 
0.0989385236977 0.225957738035 0.340814859682 0.266242438307 0.144092923521 0.0948388978978 0.226807075918 0.292848440325 
0.081620361777 0.0525660753688 0.0127324795665 0.0427515375787 0.18646448396 0.267514807541 0.50107932398 0.418578606009 
0.253918038092 0.352475020808 0.206880372432 0.0915532723861 0.0497146781892 0.00398293761427 0.183618104167 0.673837011945 
0.016314512405 0.041981380766 0.0430462268182 0.147192214351 0.626475025729 0.56958542108 0.208633411696 0.0364112513025 
0.00524501794624 0.00475680484755 0.00430240977787 0.0625701283601 0.392655812954 0.530027073328 0.512251529877 0.496563455535 
0.0989385236977 0.225957738035 0.340814859682 0.266242438307 0.144092923521 0.0948388978978 0.226807075918 0.292848440325 
0.23051764925 0.0230534983284 0.0359599151284 0.120741733387 0.609135173634 0.498021768642 0.237491514315 0.299402511984 
0.0202446729961 0.0318933946008 0.132375072802 0.123267635086 0.010236991186 0.463145209995 0.771915160724 0.646320607054 
0.0826340285291 0.0532189085811 0.0128906078949 0.0432824812233 0.350676841974 0.439912718175 0.33201902219 0.1343554219 
0.0334840273867 0.056297303812 0.406975713318 0.41806377053 0.17933257504 0.380117371222 0.0734367424597 0.035502902162 
0.316051135104 0.300877995298 0.0432424974715 0.0990259074619 0.113944230464 0.0600327882297 0.152535586936 0.518565839776 
0.083336860747 0.0734171476795 0.000407194666882 0.0891435997667 0.291453942347 0.111529683644 0.350029338808 0.772438783831 
0.100044887262 0.147583280694 0.10489124458 0.0535911494952 0.298565391937 0.338553562309 0.355839105897 0.158396043436 
0.213548490163 0.274346917172 0.19275117491 0.340263731043 0.363297539328 0.0123334654579 0.125104650485 0.433158812753 
0.0336768466409 0.00497776371638 0.0348642535166 0.0326209468087 0.0324027737012 0.392108930675 0.846301205527 0.501885704089 
0.0479052312397 0.111996488667 0.503625291754 0.418153114924 0.0593161766298 0.360430386816 0.530793034948 0.26929960466 
0.0460802756757 0.105239036054 0.158733343767 0.124001496066 0.067110781256 0.0804420558626 0.479176904582 0.433900039206 
0.1089870571 0.0843060291293 0.119091696871 0.291217615328 0.229341411049 0.463947589357 0.382363014044 0.371332307639 
0.0244334369174 0.0339171499849 0.0223036887734 0.0283747487753 0.429178803917 0.598173249072 0.402028107702 0.294159044855 
0.130724703387 0.138756663262 0.0213349686748 0.322670117969 0.352667569885 0.206332663562 0.00095650995247 0.372566800146 
0.00236750618039 0.00352340963403 0.0195628057173 0.0289073771682 0.0556999092181 0.649026316922 0.868479326048 0.466901433739 
0.127380661198 0.290914448654 0.438789872204 0.342779905755 0.185515724262 0.122102504605 0.290204527216 0.28894336591 
0.353930872047 0.320986529414 0.167647801842 0.351636645987 0.298447637924 0.167121394997 0.270008052341 0.34504735678 
0.0314101701723 0.178207090056 0.161822517762 0.0226515456548 0.227830127124 0.363536738354 0.680937149047 0.568860778229 
0.0060294041352 0.008963333256 0.0300963306743 0.0486488201131 0.417923077227 0.582485441226 0.391484432962 0.286441646641 
0.0165245319373 0.0431239768872 0.136542917483 0.201765414458 0.388769801878 0.397854487695 0.160838590464 0.202733720533 
0.29219287038 0.525492455858 0.45286688922 0.204470663822 0.171018362813 0.141153940723 0.248316298686 0.317318817113 
0.00384423211483 0.0223339001925 0.0321118294085 0.0480221791662 0.0531849319265 0.0173955588725 0.750517977559 0.813668895858 
0.058855864607 0.486868230619 0.571150198826 0.31236009628 0.246687727337 0.372501292629 0.00131745244818 0.0339717238217 
0.121690739702 0.167447336727 0.137633953066 0.179150195776 0.141901993713 0.357681109224 0.88265023047 0.799336943682 
0.185333639707 0.238099143958 0.167284145975 0.449520020814 0.544939011068 0.0380846558013 0.161943271759 0.304166826685 
0.0992479044025 0.123469390271 0.078043167576 0.0174917162942 0.175932362991 0.280726162992 0.525825396439 0.439255457414 
0.0243889292934 0.062758904533 0.129869016834 0.202103673209 0.389421572589 0.398521488839 0.161108236069 0.2030737769 
0.0303941545545 0.431135281294 0.721012446752 0.609267496647 0.417210696425 0.220143884846 0.246452088679 0.310702901466 
0.0826340285291 0.0532189085811 0.0128906078949 0.0432824812233 0.350676841974 0.439912718175 0.33201902219 0.1343554219 
0.00159600948011 0.00410693750099 0.00421110879349 0.0143994605506 0.39533683211 0.649288576497 0.535022462015 0.0598248781122 
0.130724703387 0.138756663262 0.0213349686748 0.322670117969 0.352667569885 0.206332663562 0.00095650995247 0.372566800146 
0.0233528446316 0.0324171313517 0.0190267899307 0.00842015531319 0.0732919273286 0.602151369425 0.496180752905 0.0610521430333 
0.0336768466409 0.00497776371638 0.0348642535166 0.0326209468087 0.0324027737012 0.392108930675 0.846301205527 0.501885704089 
0.0474801907044 0.00514233915316 0.0272245083027 0.0392193464284 0.0389570424302 0.471422735648 1.01748677674 0.603425622116 
0.166671250091 0.107341517605 0.0260001089594 0.0872999343013 0.440423200478 0.360084839381 0.207671614339 0.371009504223 
0.00276331171706 0.0127867218154 0.0701930538487 0.169679297979 0.169422458929 0.0868406294486 0.271390783244 0.569720825622 
0.0135487314316 0.0179975084398 0.011038863565 0.00946130305394 0.0498227732633 0.580544771231 0.818589239728 0.507125023453 
0.0826340285291 0.0532189085811 0.0128906078949 0.0432824812233 0.350676841974 0.439912718175 0.33201902219 0.1343554219 
0.0460802756757 0.105239036054 0.158733343767 0.124001496066 0.067110781256 0.0804420558626 0.479176904582 0.433900039206 
0.00152182395148 0.00397149537063 0.0125748971443 0.0616921253819 0.387145947756 0.522589573027 0.505063457383 0.432533564879 
0.250369695817 0.0882844344626 0.203102483225 0.450514220532 0.305404259383 0.161148505081 0.180406414158 0.227411159733 
0.0990608819647 0.107083608377 0.0333966066916 0.0927445346231 0.170375989386 0.271860145296 0.509218537502 0.425379414857 
0.000534511020161 0.000451304037706 0.000714895456725 0.00168902255988 0.00290547071514 0.00214627947944 0.17976810851 0.899022157988 
0.00514487197974 0.00561104801434 0.0176101614087 0.0339053412968 0.238893569038 0.55834513423 0.507358985866 0.146453819365 
0.00318456100658 0.00442063199233 0.00259462913925 0.00842015531319 0.366636074408 0.602151369425 0.496180752905 0.0610521430333 
0.14698454878 0.0518291469387 0.119235384077 0.265335734658 0.20064264117 0.219726750575 0.289093524345 0.0606622064972 
0.611196295982 0.848429000042 0.497973749048 0.22037434375 0.119666281075 0.010319752066 0.330097628881 0.307222167505 
0.0282589313443 0.0305475609973 0.00952699377164 0.0271206834174 0.410210591289 0.57173606886 0.384259848941 0.281153642867 
0.00757961295883 0.107515363913 0.721012446752 0.712516569487 0.417210696425 0.220143884846 0.246452088679 0.310702901466 
0.162930688481 0.024082732359 0.168675437484 0.157822179392 0.156766645374 0.413079287789 0.788528441486 0.455397048329 
0.145762141348 0.151625037195 0.0864984613442 0.16299939881 0.0108828883901 0.323670249542 0.606263583225 0.506466463859 
0.00290990179068 0.00485056234184 0.00818289167514 0.0506481720344 0.317840152993 0.429037035733 0.414648345742 0.401929687869 
0.0336768466409 0.00497776371638 0.0348642535166 0.0326209468087 0.0324027737012 0.392108930675 0.846301205527 0.501885704089 
0.0136240159951 0.193254067144 0.323189944901 0.372160583599 0.380642453441 0.418808469338 0.79151500069 0.551282187871 
