0.175631315243 0.204229234976 0.196700377791 0.058844557962 0.222251138999 0.0670814571921 0.39807303652 0.152044298987 
0.00200384993982 0.00119450487715 0.00215209194292 0.846782697762 0.82075117481 0.106544400441 0.396650042346 0.0673758933589 
0.0462027449023 0.0468983810554 0.0431244538822 0.162443564466 0.209991505009 0.393036856887 0.720566559499 0.515815580065 
0.0402731215583 0.0360152223284 0.0109869880992 0.106475360593 0.115326624583 0.232219515413 0.638240251128 0.808740419483 
0.254168681126 0.170507561634 0.192492911258 0.165857966319 0.00505717999516 0.176465037082 0.602755825362 0.231637492163 
0.362030556545 0.356550272236 0.303824153286 0.663946116883 0.801707474955 0.360862031255 0.18545555081 0.23829486114 
0.05956157232 0.0807035719689 0.0746789177616 0.00305234650534 0.0262122615871 0.233363112358 0.549609296086 0.597744539256 
0.0130235388026 0.0207863169727 0.0679769896986 0.0504624523953 0.115801188533 0.258658965706 0.41510730809 0.578240266828 
0.106381832573 0.0151925650112 0.0118417688406 0.136390746259 0.0312439744573 0.488894761647 0.218856524222 0.45203568611 
0.0853746860154 0.0321573084871 0.109616097421 0.149668413504 0.18465355441 0.518440868427 0.485153085208 0.0983773781534 
0.0056201127358 0.0132938144528 0.171419310978 0.18782151651 0.199658664015 0.482834829685 0.492774641695 0.162910879893 
0.0113490809273 0.00835228714972 0.00987317722613 0.105717214807 0.163041154262 0.543249980155 0.758617444617 0.31798430779 
0.05956157232 0.0807035719689 0.0746789177616 0.00305234650534 0.0262122615871 0.233363112358 0.549609296086 0.597744539256 
0.00426530678009 0.0100891565425 0.130096315672 0.142544542206 0.151528176938 0.478611200652 0.541020268823 0.207909495258 
0.109732844865 0.0125423425478 0.129905466617 0.103164462298 0.0768295460623 0.0112541037997 0.516451968676 0.927357631012 
0.227056304923 0.0259522844597 0.268796960957 0.213465183459 0.158973691051 0.0184567300203 0.280963228796 0.488267563844 
0.0225809723115 0.0434361759311 0.21084513096 0.255859473677 0.619460641417 0.531001295536 0.278579159594 0.240897089009 
0.233360384773 0.227853359374 0.331273303666 0.19944537869 0.136986753373 0.136935671166 0.304316908335 0.155164506417 
0.0891786961144 0.0906741314098 0.0828574427398 0.101671768624 0.0541234544011 0.0554544333016 0.747933157178 0.760523326744 
0.0918042114073 0.220916067539 0.417789811268 0.060793105328 0.223870191413 0.112335786773 0.588085315709 0.747794857747 
0.214234724518 0.137876524603 0.0431514031116 0.105625146255 0.00685206674511 0.122961728157 0.312293921557 0.410506227402 
0.0747192674341 0.0106707817231 0.00831728753094 0.0957965879499 0.00843149793098 0.122205658262 0.37562645588 0.630227378464 
0.0978937883232 0.0521794647956 0.147797905898 0.130039052623 0.0262792270485 0.761238502333 0.689961634594 0.581675873145 
0.0850182517664 0.0837312768541 0.0713492215408 0.155919263106 0.614975869025 0.648459259734 0.290292272663 0.599582427731 
0.0729809631661 0.0742047790553 0.0678078536924 0.339081947588 0.437972858426 0.0616769175965 0.564054436362 0.114382260724 
0.185043888931 0.250727142301 0.23200994868 0.00948293246644 0.0814354181454 0.394401660327 0.145086663283 0.433421442244 
0.147086533031 0.256094541144 0.267424975962 0.133226298172 0.0558837376631 0.36959833459 0.44104234884 0.31990403705 
0.091216458007 0.0920298145357 0.0990877428289 0.0962643081817 0.154476999758 0.845444286959 0.189917296744 0.169222554821 
0.362030556545 0.356550272236 0.303824153286 0.663946116883 0.801707474955 0.360862031255 0.18545555081 0.23829486114 
0.137493544708 0.0196356800708 0.0153049325942 0.176278663178 0.0403813825352 0.631873782114 0.208119267955 0.0436829088075 
0.322537747035 0.046062148614 0.0359029109865 0.413521401114 0.0363959905569 0.443955669428 0.313749961967 0.0532869915657 
0.000271166959977 0.000161643711025 0.000291227650071 0.114589263171 0.173523562258 0.55794748042 0.779142126882 0.32658831763 
0.0222001597713 0.149535282366 0.207289373135 0.251544579947 0.609013864254 0.522046315339 0.273880810606 0.236833884817 
0.179967966964 0.0951970342606 0.117246021017 0.184996139468 0.272698695345 0.476100014906 0.20820108631 0.192928289647 
0.0978937883232 0.0521794647956 0.147797905898 0.130039052623 0.0262792270485 0.761238502333 0.689961634594 0.581675873145 
0.0918042114073 0.220916067539 0.417789811268 0.060793105328 0.223870191413 0.112335786773 0.588085315709 0.747794857747 
0.05956157232 0.0807035719689 0.0746789177616 0.00305234650534 0.0262122615871 0.233363112358 0.549609296086 0.597744539256 
0.0393170781234 0.0148092069504 0.0504808260752 0.0689258712675 0.0850373522278 0.261536307514 0.599716251867 0.652241584263 
0.0437510173445 0.0872344971715 0.228360544722 0.169522562531 0.249889438144 0.436277677671 0.20820108631 0.403589042351 
0.307635753969 0.286526195095 0.214122767928 0.378681744271 0.566498458359 0.699469367769 0.0333629297232 0.203692278955 
0.0354618188909 0.036056477124 0.0329481789119 0.164761631674 0.212813215304 0.0299688424551 0.653953575074 0.760523326744 
0.0431951503211 0.0585277182155 0.10139348278 0.0948127098574 0.00834490207657 0.120950540388 0.371768402652 0.623754243105 
0.0394503270385 0.0401118684719 0.077407358944 0.500133894979 0.675379283154 0.488694096733 0.430386260571 0.324361073188 
0.0532959907825 0.0541897098285 0.0495182112016 0.247622222934 0.319839530964 0.0296434037395 0.409997171565 0.772511099653 
0.163739242211 0.0727646966597 0.0477241786411 0.184574917953 0.327639094052 0.103254181099 0.501869556545 0.165918242548 
0.0747192674341 0.0106707817231 0.00831728753094 0.0957965879499 0.00843149793098 0.122205658262 0.37562645588 0.630227378464 
0.133863530474 0.0708093295556 0.0683522186003 0.114904943361 0.475707536149 0.718158992783 0.723522285064 0.33363935738 
0.106381832573 0.0151925650112 0.0118417688406 0.136390746259 0.0312439744573 0.488894761647 0.218856524222 0.45203568611 
0.07907590076 0.0937124538182 0.113929220607 0.276087195432 0.478591940972 0.233805123988 0.348517220567 0.290017551784 
0.0431951503211 0.0585277182155 0.10139348278 0.0948127098574 0.00834490207657 0.120950540388 0.371768402652 0.623754243105 
0.0154128621064 0.012308846625 0.0481118084454 0.086371146149 0.0375020892514 0.217629937756 0.241305519445 0.845718858389 
0.0354618188909 0.036056477124 0.0329481789119 0.164761631674 0.212813215304 0.0299688424551 0.653953575074 0.760523326744 
0.139229027517 0.188649819199 0.174566799938 0.00713506057042 0.061272885823 0.545502104802 0.577221654889 0.230511565089 
0.105915609931 0.107691706144 0.0998452079903 0.113942119197 0.0230262403224 0.667008239179 0.604552246296 0.509668202421 
0.0156713198999 0.0159341117167 0.0145604898562 0.0728116124817 0.130940486638 0.577155506054 0.833341183651 0.0548574341975 
0.180888413139 0.0956839194978 0.0923636506003 0.155269869954 0.642818712521 0.583287967506 0.212034104878 0.633408135448 
0.245542317185 0.247731762812 0.266730746678 0.297609174846 0.21433129394 0.107549241924 0.56302679143 0.715930408993 
0.0437510173445 0.0872344971715 0.228360544722 0.169522562531 0.249889438144 0.436277677671 0.20820108631 0.403589042351 
0.180888413139 0.0956839194978 0.0923636506003 0.155269869954 0.642818712521 0.583287967506 0.212034104878 0.633408135448 
0.0586637303021 0.0794870315862 0.0735531941211 0.00300633484065 0.0258171328418 0.233363112358 0.552786210808 0.597744539256 
0.179306811965 0.13957202889 0.116815289959 0.184316512277 0.271696871948 0.474350946586 0.207436144149 0.192219382236 
0.345429010373 0.282455829291 0.027512083466 0.191673889281 0.254511194096 0.0256733481265 0.177447567648 0.370091714531 
0.148173358667 0.150658074084 0.137670386641 0.68843858648 0.889216970295 0.0740691301567 0.175556662976 0.225574824744 
0.0320829437932 0.0326209417487 0.0629514667079 0.406733450755 0.549251605274 0.397429942271 0.447367410503 0.579197524043 
0.0225809723115 0.0434361759311 0.21084513096 0.255859473677 0.619460641417 0.531001295536 0.278579159594 0.240897089009 
0.137493544708 0.0196356800708 0.0153049325942 0.176278663178 0.0403813825352 0.631873782114 0.208119267955 0.0436829088075 
0.358473494259 0.353047055439 0.206122296823 0.0127084726488 0.109134995066 0.528554240754 0.194442786531 0.580859008826 
0.0187004398995 0.019014026959 0.0366930208395 0.237075952714 0.320146632159 0.231652913741 0.446735855639 0.758319095029 
0.137589619543 0.123042877412 0.0375360900736 0.363763819416 0.394003440364 0.624865188491 0.440443200361 0.331941067792 
0.0234078897988 0.00881683724092 0.116794388913 0.201576380414 0.214280407397 0.518194648935 0.528863667458 0.174844228376 
0.227056304923 0.0259522844597 0.268796960957 0.213465183459 0.158973691051 0.0184567300203 0.280963228796 0.488267563844 
0.233360384773 0.227853359374 0.331273303666 0.19944537869 0.136986753373 0.136935671166 0.304316908335 0.155164506417 
0.000682909347775 0.0052117426086 0.371303767532 0.334340814812 0.00117265892167 0.0475370495768 0.199777929616 0.61994043809 
0.322537747035 0.046062148614 0.0359029109865 0.413521401114 0.0363959905569 0.443955669428 0.313749961967 0.0532869915657 
0.0462027449023 0.0468983810554 0.0431244538822 0.162443564466 0.209991505009 0.393036856887 0.720566559499 0.515815580065 
0.120882197748 0.163790591335 0.151563354356 0.00619484150905 0.0531986815842 0.298272915841 0.262712380909 0.456550175594 
0.131711045136 0.17846325076 0.165140675602 0.0147825791392 0.592758745825 0.508112423445 0.266570209639 0.230511565089 
0.041033515354 0.0154557217982 0.0526846309628 0.07193491824 0.0887497673103 0.249177220259 0.604379481534 0.664448438965 
0.029251394609 0.0296918083675 0.0273024995062 0.102844555916 0.132947599576 0.248835148369 0.926414715083 0.901417954217 
0.227056304923 0.0259522844597 0.268796960957 0.213465183459 0.158973691051 0.0184567300203 0.280963228796 0.488267563844 
0.00179721600165 0.00177001022312 0.0162450473491 0.898849656358 0.871217508812 0.113095634442 0.421040359029 0.0706910757347 
0.157803611155 0.0952585748253 0.0409380055317 0.185875407836 0.466165872674 0.355490475419 0.64982969703 0.288261169306 
0.0157666393706 0.0372944078256 0.480898960616 0.526913637993 0.287533542525 0.0331844749543 0.229366689564 0.478376440314 
0.163739242211 0.0727646966597 0.0477241786411 0.184574917953 0.327639094052 0.103254181099 0.501869556545 0.165918242548 
0.051318298058 0.00732885058821 0.0057124360657 0.289682339113 0.437445831746 0.316528909631 0.356297546104 0.461288222745 
0.000742423850989 0.0126591905613 0.0694834115355 0.28470047049 0.350386563385 0.24611748453 0.742621213469 0.782965330988 
0.0790332285221 0.0647320742968 0.0990926823997 0.0040502094903 0.0347814874983 0.309653526469 0.729291483158 0.793169467451 
0.105198971872 0.0560732825409 0.158827112624 0.139743030569 0.00724075505318 0.0204121561183 0.758579357209 0.912265906463 
0.273931483499 0.165359477905 0.0710643344097 0.322661351557 0.809217929582 0.36816441709 0.164426033248 0.211272004303 
0.104732023054 0.0957563076994 0.072180884017 0.640427043503 0.57269073988 0.0149123979822 0.155690439197 0.550732823212 
0.185043888931 0.250727142301 0.23200994868 0.00948293246644 0.0814354181454 0.394401660327 0.145086663283 0.433421442244 
0.000682909347775 0.0052117426086 0.371303767532 0.334340814812 0.00117265892167 0.0475370495768 0.199777929616 0.61994043809 
0.029251394609 0.0296918083675 0.0273024995062 0.102844555916 0.132947599576 0.248835148369 0.926414715083 0.901417954217 
0.238285255558 0.234678181661 0.19997432458 0.437003360748 0.527676640748 0.246695509195 0.284269744213 0.700608324555 
0.135360680917 0.183408362729 0.317736845925 0.29711467691 0.0261504735379 0.379023991532 0.39520458652 0.204492195148 
0.089732965694 0.0905330942542 0.0974762364432 0.0946987204855 0.15196467382 0.831694455591 0.190299721405 0.234111223754 
0.252675897914 0.03608506241 0.0281263211742 0.323952443242 0.0285125947434 0.324010346646 0.227938325406 0.47539738336 
0.0394503270385 0.0401118684719 0.077407358944 0.500133894979 0.675379283154 0.488694096733 0.430386260571 0.324361073188 
0.054573785326 0.0739453180916 0.128102949421 0.119788644233 0.0148716058875 0.470745945971 0.532129129593 0.204492195148 
0.0496962982949 0.0187186536987 0.0638071369561 0.0871214454936 0.107486162368 0.301782338779 0.363751032911 0.459581311716 
