0.000314754162464 7.82280263833e-05 0.0213333379357 0.405590736257 0.334703198846 0.209726668081 0.402139079528 0.593318251268 
0.589573831652 0.476161289676 0.257128347964 0.129355270416 0.0892267227773 0.452335045266 0.111754592418 0.271121766102 
0.237274583033 0.0394823486137 0.0593832060845 0.102104206826 0.0735154015926 0.200218224225 0.220359526383 0.211132019056 
0.0969075736479 0.102774876345 0.297945490778 0.262481050108 0.429466098285 0.813026789037 0.0878687242135 0.1267460793 
0.155050417737 0.324778527346 0.336946017548 0.278878535497 0.218741769775 0.0856795302334 0.121067522159 0.417246198633 
0.00897402706916 0.0351217014071 0.0480766627969 0.0484242897386 0.027691534574 0.19186751212 0.561412988341 0.49017451163 
2.61646055784e-05 0.000862457659828 0.00374881960667 0.0316861984847 0.0659963601942 0.194533819678 0.8047428435 0.0576590262368 
0.0659682456351 0.0613227357087 0.0822954705683 0.139262470693 0.0884394591401 0.00772983463654 0.4905109425 0.767478792643 
0.0313570670645 0.0201652319576 0.00502348615672 0.00385507206508 0.00697147101661 0.127800030188 0.5988967367 0.585099311173 
0.0746358949878 0.0639086159443 0.0152220485991 0.0202840466153 0.0630987141408 0.0923588968656 0.540977648842 0.825402681551 
0.201932415465 0.194733260123 0.123261876455 0.157674240748 0.159195444505 0.206915665874 0.409909848991 0.500808614914 
0.154331351029 0.0532363086495 0.039837391541 0.0793236352649 0.0092266393103 0.0543655545223 0.48125314576 0.956991140676 
0.388196973218 0.228121335189 0.177898594104 0.506088287128 0.286002386849 0.134807999524 0.228666510408 0.814688236155 
0.0400775075582 0.0330458188828 0.0110095493405 0.171075560121 0.24147784508 0.266264853206 0.157773577422 0.341605944932 
0.00841103954075 0.00180979444424 0.00501203789748 0.0746185774569 0.0540462167359 0.0608323068222 0.753289443438 0.64959047268 
0.0784231710531 0.0368596574917 0.0152204777143 0.0403045898907 0.15128686568 0.364426746859 0.673150405487 0.00322733603261 
0.000459973146351 0.00101426987857 0.0297269789143 0.0932121668061 0.0747004415523 0.40649851805 0.767558592914 0.364285213442 
0.00561380213427 0.00157945426773 0.0138592113572 0.0814221513015 0.380165993922 0.158583183985 0.808220496509 0.0100297534039 
0.0632091632855 0.0126318986981 0.00983080379266 0.180292296983 0.0576963028676 0.129048271871 0.581781670974 0.977400179784 
0.0110767930276 0.0230513866827 0.103984196302 0.0201263094012 0.0190859136302 0.104837859709 0.619734516508 0.687795811654 
0.103028648116 0.104688637687 0.208104906148 0.50219101984 0.25228577459 0.211688865982 0.439583932134 0.121058432463 
0.0764963706314 0.0459354956641 0.0750506585235 0.120795157301 0.170147603283 0.455170284756 0.540588132643 0.314156423572 
0.0131673802307 0.0218170031645 0.0717709331604 0.0905384718295 0.0837033947651 0.510108015404 0.21839449056 0.492397761149 
0.000135470649111 0.000103993924538 0.0259226314682 0.0426857185068 0.0459589538362 0.121407970245 0.816236865282 0.902607094687 
0.035661743923 0.0214146086327 0.0349877767866 0.0563133380627 0.0793208886559 0.09697777445 0.417779992184 0.830771765012 
0.384801250035 0.0768998107404 0.0598474152799 1.0975733801 0.324141401366 0.532253828442 0.322353789899 0.181808268912 
0.599696708977 0.508836896724 0.0382579842186 0.199355609713 0.222895873574 0.348711208138 0.0144091849867 0.276047119933 
0.981887936531 0.338700419426 0.223087656591 0.194849350438 0.134403262473 0.681357592542 0.16833748294 0.408396146749 
0.0313940035814 0.0311630311426 0.0968182946083 0.131631635425 0.0463942832527 0.102824828052 0.517064550406 0.773560621856 
0.131677714239 0.0913595109232 0.206019673199 0.367029236606 0.00234658616541 0.523551830171 0.0608019509993 0.55987928189 
0.105368679007 0.187264708867 0.168244021873 0.108207084456 0.221314812431 0.385849761783 0.358131257287 0.197927511758 
0.242076685626 0.507069305277 0.526066124619 0.435406703417 0.341516551914 0.133570095789 0.154510742545 0.153518058844 
0.150246035708 0.0799085764248 0.293924648678 0.228072713432 0.223469669967 0.359364462528 0.187071788005 0.796083426452 
0.0085071207761 0.00183046822011 0.00506929146202 0.0754709613409 0.0546635983998 0.0615272089463 0.740715006709 0.64262333247 
0.0941659600566 0.152509873187 0.184215831103 0.142943445319 0.140058505216 0.225229849533 0.117246141658 0.498939687615 
0.0084249524039 0.00237037986736 0.0207992891223 0.122194759734 0.880520837252 0.673988043525 0.0258470011157 0.0805833321063 
0.0413719519326 0.0685490639623 0.0861512177353 0.121598408725 0.0772217888254 0.00674936024675 0.428294446745 0.670131167228 
0.109690543558 0.0984164936403 0.171619097201 0.305743740341 0.00195475368828 0.436130614084 0.0506493329765 0.466391482752 
0.0746358949878 0.0639086159443 0.0152220485991 0.0202840466153 0.0630987141408 0.0923588968656 0.540977648842 0.825402681551 
0.0459306088986 0.00371707917734 0.225046328024 0.535454966665 0.343825481829 0.354413643023 0.167491292265 0.505438873284 
0.0936834609154 0.0856944135296 0.263780950018 0.300912803081 0.331370579346 0.577725771826 0.536223528759 0.296355446122 
0.0125123039924 0.00101259113929 0.0613066225914 0.145867441013 0.0699217562959 0.0656311469507 0.901995365246 0.641047621861 
0.0784231710531 0.0368596574917 0.0152204777143 0.0403045898907 0.15128686568 0.364426746859 0.673150405487 0.00322733603261 
0.000218564669428 0.00016778010481 0.0418211088457 0.0688650933031 0.0741458284493 0.595584623069 0.903779204019 0.642315403403 
0.0287327994257 0.103729324477 0.243273157439 0.549705917492 0.68320943342 0.4008160515 0.242749822301 0.13691039849 
0.0784231710531 0.0368596574917 0.0152204777143 0.0403045898907 0.15128686568 0.364426746859 0.673150405487 0.00322733603261 
0.0746358949878 0.0639086159443 0.0152220485991 0.0202840466153 0.0630987141408 0.0923588968656 0.540977648842 0.825402681551 
0.0876466749425 0.0571026092937 0.00854129067987 0.016732983883 0.000447244199505 0.290602865811 0.617922881541 0.510882439831 
0.00477214166702 0.00134265055896 0.0117813469478 0.0692148022191 0.498753651003 0.381767163951 0.017889602275 0.547890642559 
0.0824616141376 0.0164793653148 0.0128251012089 0.235206300461 0.0684534922786 0.456384702874 0.843010471992 0.0040428534668 
0.0190357932544 0.039873609456 0.0970611114259 0.11821044238 0.0416639080672 0.0923407683468 0.464344484344 0.694687747093 
0.0766619481196 0.0687825950714 0.0658705319447 0.137693290199 0.0874429414939 0.00764273455216 0.484983962819 0.758830951886 
0.0128520411298 0.0228410880425 0.0205211004574 0.0129596283555 0.0537952155368 0.127257504695 0.560930892335 0.69012122642 
1.09432746018 0.528520857227 0.172321348968 0.265601993585 0.180055254557 0.243236951786 0.0958396041434 0.0614465208414 
0.00043554400948 0.000101475852628 0.00890244281816 0.0416522415372 0.0448462272725 0.118468522248 0.796474704128 0.880753700714 
0.112356287677 0.102774876345 0.292745039953 0.262481050108 0.429466098285 0.813026789037 0.0878687242135 0.1267460793 
0.0540450865465 0.00748077951598 0.194516279286 0.494299786867 0.576841058416 0.43885502022 0.210285632509 0.00293050606362 
0.0142089975497 0.0141044615242 0.0438202057226 0.059576799761 0.0209981500275 0.0465386844448 0.502866304253 0.963001134149 
0.00714661735468 0.00459587580349 0.00351903767185 0.0627586828496 0.0454560948406 0.0511635811362 0.633561397886 0.546343718196 
0.268799873835 0.092722013491 0.0610720772579 0.0533415925746 0.0287882337967 0.442621184793 0.817587200338 0.00392079345767 
0.0936834609154 0.0856944135296 0.263780950018 0.300912803081 0.331370579346 0.577725771826 0.536223528759 0.296355446122 
0.179942372789 0.0622761044965 0.0135111896276 0.0777441918308 0.158890565245 0.649261545994 0.714961098144 0.268908932299 
0.0887464571055 0.0796250516998 0.138850504634 0.247365663838 0.00158150997287 0.365209583841 0.132246126818 0.455772320224 
0.0540992690201 0.0323941777061 0.385668548126 0.462354746459 0.136545126595 0.214602841646 0.11305800191 0.834522968249 
0.0350854073223 0.0368640104903 0.171908081891 0.409022603947 0.262640931204 0.270728969627 0.127942903724 0.38609288555 
0.0463115355317 0.0446604719466 0.0282691022328 0.0824066157325 0.12156013899 0.292819626948 0.540881369972 0.00259229739942 
0.0087477207843 0.015546754529 0.0130468797552 0.0820351749103 0.591135710909 0.452480330968 0.0173521655998 0.0540979510454 
0.0561533856055 0.0258078025793 0.015425695139 0.239697322169 0.338339345978 0.373068961651 0.221059841964 0.478632589964 
0.000595616028648 0.000358196817504 0.0384929723762 0.120698896433 0.0967283743934 0.526368242741 0.993899042495 0.471708221914 
0.00267070872644 0.00964166272484 0.0226123125226 0.0510953090517 0.0834335576375 0.31415085553 0.667994117451 0.599597534188 
0.00130455521328 0.00100142840272 0.249604966549 0.411014304092 0.324964335718 0.359364462528 0.187071788005 0.796083426452 
0.173415241775 0.167232761678 0.105854665784 0.13540726577 0.136713641088 0.206915665874 0.457615512648 0.500808614914 
5.72620074778e-05 0.00188693811659 0.0238597649461 0.089576025355 0.0648798965403 0.0730262988836 0.904287918768 0.779803092773 
0.0290442184723 0.0136510648593 0.00563694359844 0.0149268962835 0.056029465623 0.220622334326 0.776497836199 0.673667699103 
0.0463115355317 0.0446604719466 0.0282691022328 0.0824066157325 0.12156013899 0.292819626948 0.540881369972 0.00259229739942 
0.179942372789 0.0622761044965 0.0135111896276 0.0777441918308 0.158890565245 0.649261545994 0.714961098144 0.268908932299 
0.268799873835 0.092722013491 0.0610720772579 0.0533415925746 0.0287882337967 0.442621184793 0.817587200338 0.00392079345767 
0.0990693089932 0.105067494577 0.304591815474 0.268336263532 0.439046278101 0.831163130492 0.0893525259445 0.0810021145097 
0.0940580595041 0.122169273053 0.245068893434 0.219733661142 0.359523699383 0.680618081378 0.0735584369826 0.106103608375 
6.85209286907e-05 5.26007325898e-05 0.0131130621217 0.0215927226846 0.0232484944353 0.186746208176 0.754697412018 0.879010756478 
0.0085071207761 0.00183046822011 0.00506929146202 0.0754709613409 0.0546635983998 0.0615272089463 0.740715006709 0.64262333247 
0.0110767930276 0.0230513866827 0.103984196302 0.0201263094012 0.0190859136302 0.104837859709 0.619734516508 0.687795811654 
0.000100564711208 0.000230733505901 0.0192440370041 0.0316883491714 0.0341182787651 0.0901289033508 0.605945014107 0.670062149971 
0.226934062077 0.0314116449626 0.557595551685 0.247033094277 0.276203202718 0.432108306909 0.0178553737449 0.342067068517 
0.0125123039924 0.00101259113929 0.0613066225914 0.145867441013 0.0699217562959 0.0656311469507 0.901995365246 0.641047621861 
0.0687891169372 0.240409355365 0.381632947815 0.369676176675 0.00050354788802 0.127771388694 0.0990338232933 0.534117737154 
0.00105048602862 0.00240998262438 0.200993608364 0.330967961599 0.177789117754 0.143540102172 0.372416120832 0.398447103887 
0.098184360157 0.262464815775 0.219562158903 0.00614334272368 0.249193687899 0.181127796059 0.469937751989 0.401569247738 
0.0379192858267 0.0679813990667 0.136477147589 0.34681222544 0.404725098072 0.307910842787 0.331088033897 0.879228119432 
0.516199786745 0.447400413377 0.236558298689 0.672964202198 0.38030789688 0.175445911528 0.118657152041 0.287867898872 
0.317233599897 0.336319911067 0.226125546503 0.598213433702 0.72988064632 0.445664184456 0.0683857336067 0.000453408072646 
0.717258605803 0.0604806017763 0.145590706025 0.0656324752868 0.110892811765 0.314646556542 0.306828138688 0.00189824666658 
0.179942372789 0.0622761044965 0.0135111896276 0.0777441918308 0.158890565245 0.649261545994 0.714961098144 0.268908932299 
0.990216690954 0.888441688251 0.549185763019 0.290705267099 0.197073111917 0.266226415895 0.104897894321 0.0672545442467 
0.00383940369781 0.00344479107878 0.00600705760959 0.352534252566 0.414897551007 0.317580130122 0.0148817177194 0.455772320224 
0.0983251866239 0.0882192742272 0.0844843137941 0.17660284809 0.112152693605 0.0296866993193 0.665452782639 0.00319037887273 
0.0398593412685 0.00322574154883 0.195298931316 0.46467668691 0.222743459085 0.0867637520782 0.84944071955 0.319489805664 
0.00615337635457 0.00520148556294 0.00210127633231 0.346806449235 0.410970496186 0.267880455588 0.143957839835 0.573883762883 
0.201932415465 0.194733260123 0.123261876455 0.157674240748 0.159195444505 0.206915665874 0.409909848991 0.500808614914 
0.150246035708 0.0799085764248 0.293924648678 0.228072713432 0.223469669967 0.359364462528 0.187071788005 0.796083426452 
