0.00419921472481 0.00542155930043 0.0103339926352 0.0389404380951 0.0915111895847 0.144796295506 0.313648309729 0.589249810928 
0.0167731662118 0.00358424031448 0.00195527470563 0.00303473138369 0.0394302141319 0.0558682336476 0.339505313038 0.600591363814 
0.14398901659 0.0948416475817 0.0131728481847 0.0112899129521 0.044331146774 0.00338413767754 0.346682459834 0.790343585534 
0.0211659328593 0.0193986684221 0.0552919629241 0.0913008972319 0.197177532454 0.372897925834 0.442278333206 0.191811407774 
0.0475839480289 0.0563379570499 0.0656717090353 0.209203157525 0.541866889788 0.57446222748 0.366666864317 0.222785073342 
0.180819609665 0.235801794794 0.296532843193 0.414717159275 0.466945174086 0.194656247863 0.299197624421 0.238283892416 
0.261206240692 0.212539901283 0.0616834314174 0.0959601591442 0.0508336943941 0.0189030468856 0.425575384363 0.110622865749 
0.00492727342095 0.0738952491855 0.110202943666 0.120224146713 0.172950227487 0.0733320716089 0.420177420965 0.613594007495 
0.00114412788838 0.00301942981324 0.0551239290408 0.296451874609 0.288536606189 0.0230929109007 0.66496082842 0.790583613404 
0.105478648026 0.0999936949272 0.0324858176037 0.44820095816 0.846969924343 0.252740856639 0.108078319527 0.588180465002 
0.013355627763 0.0382592029036 0.176921939301 0.0210700472237 0.150841920501 0.488625779007 0.552453988825 0.361821346002 
0.0248448009107 0.0720348068252 0.119459316642 0.143808099425 0.348600904417 0.201447265089 0.0184771668663 0.559576547972 
0.0213985220814 0.00148403756102 0.0153653711962 0.249909167412 0.369454716077 0.0535874992164 0.00586566411135 0.835499270581 
0.00773891244163 0.0212305074449 0.0545890305624 0.0549588830333 0.0496067106795 0.109087107461 0.168006412266 0.655872878181 
0.214761389289 0.215193017436 0.00221524789052 0.212262768055 0.116275905236 0.0338319358967 0.191138869579 0.0979012427376 
0.186626880102 0.0589059295761 0.237073048679 0.222528579679 0.105329626294 0.118759650856 0.0921202436625 0.10878309451 
0.0943013687253 0.0606389718213 0.166581310737 0.108593439437 0.109460793257 0.106288210811 0.503769999672 0.545486662167 
0.563797224529 0.0141668323838 0.112460631681 0.30549599563 0.0253009986724 0.013017551508 0.105652848826 0.0727596515953 
0.0792052082488 0.0548282563457 0.129740612972 0.309616860147 0.304435104118 0.317870973023 0.144077112296 0.190650869863 
0.00298353542477 0.0152255609898 0.0246567413449 0.0634154479321 0.172833792464 0.502977891433 0.646266265385 0.533179241406 
0.0889162377945 0.165492611014 0.208842869118 0.0744137031546 0.555522905618 0.513435245747 0.0342032445703 0.410904422786 
0.0121103693546 0.0127346498994 0.0300878392078 0.00979122878869 0.0720404972968 0.168668024011 0.368202720613 0.708780571738 
0.00206003488395 0.00543656239824 0.0992520057707 0.533768886401 0.783845704932 0.534528591097 0.242288403232 0.320627624037 
0.0578971950057 0.0768267938263 0.235720305048 0.26973878612 0.192392142398 0.099205761148 0.611740464699 0.126565243227 
0.0579547012095 0.0769031017925 0.144561460543 0.0863641072716 0.0870538596579 0.084529949105 0.400643844789 0.43381450603 
0.0931233989869 0.0759776181496 0.0980336471151 0.516162763543 0.420216322628 0.17517591834 0.269254260663 0.214433195003 
0.00174469817803 0.00890354350124 0.0144186624214 0.0370838181852 0.101068960312 0.292986916659 0.818606249855 0.868803601701 
0.00665044904596 0.00917123795609 0.0141605172562 0.0139812095018 0.404003563912 0.633787361635 0.173314717511 0.425673399351 
0.000907670460953 0.00239540471509 0.043731493399 0.235184332855 0.228904855427 0.0183194759595 0.662585460547 0.81880189362 
0.00769379390155 0.00096646066331 0.0169453462524 0.0244857922462 0.13360277404 0.0702133994365 0.733580631754 0.91506044149 
0.0315122856945 0.142247748164 0.264341565925 0.269014219697 0.266243541151 0.409939779532 0.584384738763 0.0562697010457 
0.0480375771667 0.0455395936633 0.014794824929 0.204121743603 0.367383687906 0.0537164846703 0.00587982075501 0.837510286204 
0.00114412788838 0.00301942981324 0.0551239290408 0.296451874609 0.288536606189 0.0230929109007 0.66496082842 0.790583613404 
0.0392649748075 0.113844531738 0.18879471623 0.227275796441 0.550932537883 0.332192657947 0.155035982259 0.183098835247 
0.000477315819946 0.00125967343352 0.0229971582413 0.123676856759 0.120374533624 0.009631781507 0.504861702536 0.843572918963 
0.0163341713832 0.0172964231178 0.0221299284025 0.0434731584508 0.355312342524 0.416490953973 0.564574089962 0.528987544416 
0.099354721006 0.155837639347 0.233360359352 0.0831496425787 0.620739559765 0.573711380407 0.0382204995685 0.45914892607 
0.00199242731126 0.0040044623941 0.0486133144155 0.560946735162 0.737531363304 0.471042523811 0.304147651345 0.362361534493 
0.0648897998316 0.065399092391 0.0292551656707 0.125301065196 0.522626363406 0.773759268254 0.470513036051 0.161685468984 
0.0943013687253 0.0606389718213 0.166581310737 0.108593439437 0.109460793257 0.106288210811 0.503769999672 0.545486662167 
0.013129667198 0.0147678897377 0.00729759837439 0.016075147551 0.124237960698 0.143739385692 0.364820837892 0.604676757199 
0.00554997897035 0.00499828175186 0.00708590128274 0.183451280259 0.29358109093 0.344130015823 0.466483396302 0.437074056444 
0.0682618616449 0.348353032799 0.521977537673 0.372151764827 0.307602971884 0.759281145126 0.416665999772 0.0901701722851 
0.0177081391743 0.0211204356292 0.0151088678074 0.0223580636825 0.304316466578 0.47362698803 0.387052593575 0.334712544324 
0.0163595371007 0.0143884816092 0.0621775273504 0.060598778303 0.192053343902 0.310383722764 0.282799810068 0.761273911022 
0.138579953676 0.164074478433 0.191257453636 0.354018347666 0.328756807725 0.506193369733 0.721600341172 0.069492930489 
0.123251399711 0.0792548224886 0.217720916138 0.141931081302 0.138666885832 0.021577636205 0.621335052313 0.738714276822 
0.00092389981438 0.00243823493606 0.0445134179359 0.239389455949 0.232997705329 0.0186471026429 0.548581976517 0.793864750788 
0.177777327642 0.231834439928 0.291543690672 0.407739560267 0.459088836753 0.191381096959 0.337003264636 0.399656757427 
0.17891586614 0.14597406957 0.0550836499874 0.0651339913327 0.486246812105 0.449407196533 0.029935933765 0.359656919142 
0.00114412788838 0.00301942981324 0.0551239290408 0.296451874609 0.288536606189 0.0230929109007 0.66496082842 0.790583613404 
0.152351270979 0.0318368799292 0.153477516802 0.532728068898 0.0820056763068 0.137207572521 0.246688245789 0.499592787199 
0.0434656435117 0.0816206069967 0.145384655028 0.232816890782 0.442397501747 0.266749145227 0.124490344728 0.147018488262 
0.039091704373 0.113342152969 0.187961593489 0.226272862341 0.548501354301 0.330726724002 0.17838245424 0.369181560562 
0.228499921253 0.196936286448 0.0221879904607 0.187886314327 0.186828428595 0.187597869388 0.625515884662 0.557261524069 
0.147467487171 0.0932980143143 0.0464622238511 0.00428077623987 0.0898635771858 0.135031875991 0.50251412859 0.168923758224 
0.0158738515571 0.02851246601 0.0434870480084 0.0405141283302 0.0235548276152 0.0659924698451 0.411375548135 0.729958270694 
0.0121103693546 0.0127346498994 0.0300878392078 0.00979122878869 0.0720404972968 0.168668024011 0.368202720613 0.708780571738 
0.0566213733768 0.0820379368365 0.258165947475 0.34936043733 0.266276306448 0.6547812921 0.495465293367 0.0386050457714 
0.0808293441383 0.0766261693936 0.0248941998294 0.343460871628 0.618170054768 0.0903875903076 0.00678744273417 0.743271204283 
0.112254501127 0.072183444156 0.173894680769 0.0250562786528 0.179379593097 0.581069100134 0.656975197066 0.430282996331 
0.0331134292149 0.0439399288033 0.134816676199 0.154273020526 0.109002317733 0.0136125709385 0.492377881521 0.608457633335 
0.00419921472481 0.00542155930043 0.0103339926352 0.0389404380951 0.0915111895847 0.144796295506 0.313648309729 0.589249810928 
0.0374463933876 0.0395685295184 0.0175639104336 0.0328468661361 0.022486857802 0.199322874528 0.631563060367 0.670283791756 
0.0370657754117 0.0491845020856 0.150908099798 0.147983965865 0.142660126101 0.462122137388 0.522487598489 0.342193286096 
0.0149388730914 0.0141620417399 0.00460091798096 0.0707643668967 0.135718128867 0.0713251612437 0.745195763741 0.929549469718 
0.123038292797 0.0262919584548 0.0143429797347 0.0222614774884 0.289239323959 0.434949010927 0.387901894019 0.335447070791 
0.0614144547663 0.0823612117625 0.259925925044 0.168855938442 0.340435127454 0.441545500975 0.374472945913 0.0291663014221 
0.0189267668352 0.0170453496618 0.0241646957503 0.625612809198 0.645162651954 0.210916551116 0.32419146113 0.258192157945 
0.110523004169 0.231005064291 0.230511100985 0.112958642075 0.502919244039 0.681064562599 0.226630459683 0.184885355313 
0.0101431042017 0.0294088371557 0.150855427341 0.377397157316 0.492339230762 0.321670012468 0.0250356357576 0.182716046194 
0.160722428302 0.19029049939 0.134695727029 0.27420896929 0.664701886574 0.400792310955 0.216176358592 0.447403147866 
0.126022024041 0.052254288732 0.206428038513 0.492626008321 0.484381557676 0.505761336047 0.229248154381 0.30336963666 
0.00497922991715 0.00315019837308 0.00974666141701 0.380831510911 0.500716242491 0.319793495035 0.206483234673 0.245994929356 
0.0783299266283 0.0927402667697 0.108104962983 0.402479872105 0.596641770925 0.389816927626 0.0303428903604 0.221434760758 
0.00179146353147 0.00472778675768 0.086312332521 0.464180433499 0.705159794973 0.62224849702 0.527731651679 0.0411221794051 
0.177777327642 0.231834439928 0.291543690672 0.407739560267 0.459088836753 0.191381096959 0.337003264636 0.399656757427 
0.138579953676 0.164074478433 0.191257453636 0.354018347666 0.328756807725 0.506193369733 0.721600341172 0.069492930489 
0.12545459221 0.163601824584 0.170286789277 0.12275635056 0.1199331096 0.0186619757908 0.537391230904 0.638908365842 
0.188918424322 0.165312304897 0.0220228617697 0.0341812916634 0.444110988262 0.499474603366 0.128480195458 0.0847930874083 
0.00576626346368 0.0152175182277 0.133458206552 0.141265166124 0.589212074722 0.872341262197 0.530461227377 0.182291263917 
0.0556635118093 0.0703696793943 0.0731327064889 0.0883913505695 0.224274512661 0.445877424556 0.314266316706 0.571302006568 
0.131758927044 0.155998588987 0.181843593077 0.336593251997 0.312575094566 0.30068959769 0.301315892153 0.154356746307 
0.00722948965938 0.00635845405365 0.0274770419156 0.0267793520855 0.0848706979208 0.137160357059 0.255020193537 0.80544264491 
0.0349152738363 0.0450787141576 0.0859243453722 0.323778756603 0.760890899975 0.618809467724 0.0395772265287 0.475442295128 
0.00800973296463 0.0106285314503 0.0326104953227 0.0319785757788 0.0308279195203 0.0998592180638 0.427529571695 0.62686553521 
0.0190517900977 0.0552386024075 0.150855427341 0.332119968558 0.492339230762 0.321670012468 0.0250356357576 0.182716046194 
0.110523004169 0.231005064291 0.230511100985 0.112958642075 0.502919244039 0.681064562599 0.226630459683 0.184885355313 
0.0374463933876 0.0395685295184 0.0175639104336 0.0328468661361 0.022486857802 0.199322874528 0.631563060367 0.670283791756 
0.0943013687253 0.0606389718213 0.166581310737 0.108593439437 0.109460793257 0.106288210811 0.503769999672 0.545486662167 
0.174389655463 0.227416671423 0.285988119864 0.399969794722 0.450340569756 0.218181874743 0.4264881824 0.0332240664775 
0.0276825674467 0.0361000626452 0.0453976576259 0.0428517743092 0.0515624387029 0.113387961849 0.174630604845 0.681732170984 
0.047581148056 0.0451068991359 0.0188799941606 0.198537929125 0.541099724954 0.48931063349 0.313708115617 0.518690144093 
0.563797224529 0.0141668323838 0.112460631681 0.30549599563 0.0253009986724 0.013017551508 0.105652848826 0.0727596515953 
0.449463599054 0.477253214605 0.211927501344 0.0783142774575 0.10614788688 0.48554146604 0.319316966921 0.44229609786 
0.014444918614 0.141048369414 0.745278898812 0.683995944922 0.0535070877929 0.0434657508788 0.52582754172 0.191922680856 
0.0591315800078 0.0784647633461 0.240745930579 0.23608103808 0.227587989984 0.462187772976 0.322392480462 0.342241894483 
0.00529263712476 0.0139675903829 0.122496294456 0.2136480717 0.581710555562 0.616702912622 0.393629185629 0.239170059241 
0.00179146353147 0.00472778675768 0.086312332521 0.464180433499 0.705159794973 0.62224849702 0.527731651679 0.0411221794051 
0.123251399711 0.0792548224886 0.217720916138 0.141931081302 0.138666885832 0.021577636205 0.621335052313 0.738714276822 
