0.340936932817 0.771741059719 0.758571529267 0.533051704305 0.0444766641816 0.379127236882 0.564063542857 0.268935132411 
0.059338934799 0.00103408706996 0.0406911417658 0.0457232909742 0.250013479326 0.403635454422 0.401686472244 0.450103591964 
0.00858258622319 0.00311689931179 0.000516761929314 0.0353160220687 0.525724403393 0.484065027411 0.307901849015 0.116200241913 
0.0194430383744 0.028833465771 0.0234533391564 0.00628742824827 0.403019062729 0.521191285467 0.324905812447 0.368531381473 
0.018282875082 0.055089847172 0.0676515636283 0.046521346023 0.00629029551753 0.0011582418796 0.433998649623 0.683067361409 
0.0156205214621 0.0259527892936 0.0499032248093 0.105138417394 0.125633676727 0.530739762642 0.845982063728 0.520098331735 
0.000485380541615 0.0707029089148 0.209572391824 0.199817532946 0.112487594398 0.056438028781 0.523380332911 0.545885956124 
0.012135264877 0.0179962527145 0.0146382782227 0.00392422822757 0.251542162234 0.420755115023 0.472486269259 0.476506639212 
0.260908202274 0.590588918726 0.580510697537 0.407927515676 0.0340365248384 0.290133888023 0.518268274081 0.572453283616 
0.0317179482443 0.18335302738 0.492242180021 0.481538844566 0.391668244916 0.372918414697 0.0917742551437 0.297453528961 
0.0187873853002 0.102561497471 0.305749841655 0.276428058333 0.100303997259 0.0914145114462 0.0260305136793 0.305827252858 
0.0641726234324 0.0890634219556 0.377508910767 0.558051077047 0.310806305076 0.277372850995 0.400954593403 0.451238104469 
0.0504609127866 0.0120332333097 0.193006664095 0.18341146822 0.150031947662 0.345294456766 0.822959532716 0.355293177686 
0.364924471992 0.241162014334 0.13209301037 0.00231322508239 0.341503431859 0.314737740656 0.583625753419 0.80704117004 
0.473827324654 0.378319022959 0.187221080384 0.31672870762 0.525369357453 0.720972282392 0.223307982359 0.301637295808 
0.206916382517 0.529310243094 0.415418022541 0.110587378236 0.0866183298409 0.0916425770575 0.0680923075252 0.160119127235 
0.0253244775216 0.0429383873437 0.0259097128601 0.00961673044469 0.173130864108 0.0322282774047 0.519862671369 0.731730156495 
0.00813265249887 0.0133570204372 0.0131686375748 0.0444104335382 0.745786774595 0.735066598822 0.300728692739 0.341856617536 
0.0214771508025 0.0318499946457 0.0259070037379 0.00694522292868 0.445182526879 0.575717846804 0.332192286724 0.305547237628 
0.0023299004183 0.0177563010858 0.102269106818 0.0889704368171 0.00829869773565 0.229473298158 0.898515119641 0.0236724288042 
0.00660239806025 0.0099103338428 0.0166989434168 0.0192124015938 0.00889977299441 0.761732254063 0.77847529777 0.354258041792 
0.0355076712215 0.0589943693267 0.0392089094013 0.0505278672764 0.135695388982 0.530739762642 0.845982063728 0.520098331735 
0.118141147909 0.233134584014 0.169142315528 0.062491151168 0.0693251649144 0.273407424688 0.713647671648 0.524887824352 
0.518879924989 0.188439681364 0.0312421593247 0.0986994688363 0.649890446606 0.175625375094 0.191233635809 0.0706017610989 
0.502217876709 0.0451901004324 0.161084422088 0.430915132651 0.123620372214 0.37364620956 0.60920852096 0.705063719943 
0.00385439280504 0.00552256018226 0.0765189325998 0.0863520262796 0.419215287344 0.556322226454 0.553637057367 0.620368724187 
0.174894247257 0.210370296458 0.0560966479593 0.15006345526 0.0430498783318 0.130119570819 0.212150838601 0.463618600035 
0.00858258622319 0.00311689931179 0.000516761929314 0.0353160220687 0.525724403393 0.484065027411 0.307901849015 0.116200241913 
0.0214586696924 0.0352435684 0.0347464901493 0.117180580968 0.173173894718 0.133330225708 0.531020139927 0.747434732552 
0.043734247888 0.0741526765478 0.0447449133603 0.0166077340286 0.584029016328 0.544623224545 0.346421809839 0.130737505811 
0.118141147909 0.233134584014 0.169142315528 0.062491151168 0.0693251649144 0.273407424688 0.713647671648 0.524887824352 
0.769581663938 0.614458828861 0.304081048282 0.514425022084 0.514889740314 0.306539475659 0.0872955922862 0.375372214605 
0.383659760401 0.463363134041 0.207279504442 0.728230836323 0.214735593624 0.0941255494251 0.809533072394 0.0667979819699 
0.174231192621 0.295413957491 0.178257503132 0.0133595344736 0.174160658378 0.429276094875 0.729116654586 0.0794345057428 
0.00723190357251 0.0100369696374 0.0425432723935 0.0628893427625 0.0350260385249 0.176914772159 0.723829649377 0.62761765226 
0.00661022482674 0.0108565969587 0.00721624197061 0.0405869694889 0.604189047251 0.556312048196 0.353856856628 0.133543459788 
0.059338934799 0.00103408706996 0.0406911417658 0.0457232909742 0.250013479326 0.403635454422 0.401686472244 0.450103591964 
0.78032221154 0.917163521867 0.157212877591 0.203966688032 0.0926711583787 0.581281397739 0.0803656763616 0.427205814999 
0.00187431175307 0.0142842566514 0.0822715497883 0.0715732640939 0.00667593744846 0.184602293542 0.733512360817 0.155914053523 
0.113939810329 0.171025774009 0.288178671207 0.331555727709 0.0110138285126 0.0757239133451 0.137150592841 0.644722591439 
0.081055525363 0.00141254198501 0.0555830957899 0.0624569225112 0.341512321233 0.537099753353 0.355388119099 0.169442443501 
0.496806377095 0.319142060133 0.100092447742 0.132599614817 0.0960761842166 0.101649069919 0.130360925278 0.602779352539 
0.142381982668 0.322294291287 0.760704392525 0.847979066522 0.532176194923 0.63465366968 0.164313597192 0.00547975941879 
0.00105994813415 0.000384930882557 6.40221127646e-05 0.000366953614004 0.113125425248 0.601132131432 0.58396721117 0.149332886 
0.00813265249887 0.0133570204372 0.0131686375748 0.0444104335382 0.745786774595 0.735066598822 0.300728692739 0.341856617536 
0.0663572170912 0.130946444301 0.0985991510495 0.0530543537544 0.0908419924748 0.246635917978 0.624846433127 0.565770357592 
0.468011247706 0.471019884196 0.0133272468764 0.238476413032 0.357849179455 0.328723875891 0.378198990472 0.428979975108 
0.0074754266818 0.0103749486344 0.04397584778 0.0650070421072 0.0321182049736 0.00120650290483 0.452072794288 0.711513979669 
0.260908202274 0.590588918726 0.580510697537 0.407927515676 0.0340365248384 0.290133888023 0.518268274081 0.572453283616 
0.00896617576033 0.0128466896509 0.177999641163 0.200873677741 0.499623178264 0.478712241165 0.28694074076 0.669005147565 
0.118141147909 0.233134584014 0.169142315528 0.062491151168 0.0693251649144 0.273407424688 0.713647671648 0.524887824352 
0.00511693670883 0.0462521363161 0.0391340253229 0.00809089876562 0.52501939095 0.678964336471 0.423260996086 0.480092236878 
0.0317179482443 0.18335302738 0.492242180021 0.481538844566 0.391668244916 0.372918414697 0.0917742551437 0.297453528961 
0.22768715153 0.172674483604 0.198622846745 0.238260219195 0.234558163328 0.323792457215 0.615646325442 0.620884350686 
0.118141147909 0.233134584014 0.169142315528 0.062491151168 0.0693251649144 0.273407424688 0.713647671648 0.524887824352 
0.595860898586 0.382773417741 0.120049135019 0.159037682861 0.114298989502 0.173260737308 0.564750038828 0.0465994258103 
0.00489243955111 0.00241021108918 0.0997475623929 0.107033685633 0.137863825992 0.325772331685 0.207700500399 0.686291082819 
0.0355076712215 0.0589943693267 0.0392089094013 0.0505278672764 0.135695388982 0.530739762642 0.845982063728 0.520098331735 
0.000171401672877 0.00154943700996 0.00131098890291 0.000463494647887 0.142879350878 0.759240027436 0.814536650724 0.381567399789 
0.136293570243 0.231089639856 0.139443182813 0.00836280741121 0.0217096706948 0.238029724674 0.621304611626 0.456969595618 
0.0207092521129 0.00752089535287 0.00125122843121 0.00424562641478 0.272143211995 0.45521455445 0.511182666101 0.515532170266 
0.679679442621 0.800148718685 0.166347471556 0.110581372893 0.318241240277 0.333087661185 0.588390348639 0.558687401504 
0.0985554845957 0.0357920213808 0.00595307138094 0.0341284831797 0.238045029758 0.381543656884 0.648043819513 0.0706017610989 
0.0412266233308 0.0490861968799 0.0812792654895 0.0453156534458 0.0553585240279 0.112634036638 0.693133797592 0.686237030219 
0.0281045205223 0.00366151983292 0.0287539996857 0.0106724356596 0.19213664882 0.0357662636941 0.576931932544 0.81205738735 
0.00684855326693 0.00226365836811 0.0239964526958 0.093120027114 0.4419208264 0.529167028214 0.353734697704 0.123975610906 
0.78032221154 0.917163521867 0.157212877591 0.203966688032 0.0926711583787 0.581281397739 0.0803656763616 0.427205814999 
0.595103102462 0.382286619204 0.119896460512 0.158835423891 0.125081580983 0.269410842846 0.38944508886 0.438285256716 
0.00194559098038 0.00292038032529 0.00492086258085 0.00566146365273 0.00262243472034 0.224467747044 0.76404858912 0.774549105437 
0.0720242878011 0.0546221278663 0.0540958816116 0.0875392275107 0.377702709559 0.426995954175 0.394198526556 0.456223981135 
0.0616363192069 0.0878472901378 0.0462937048629 0.0749135480712 0.323227122548 0.908098928234 0.913376473669 0.0995092931683 
0.0412266233308 0.0490861968799 0.0812792654895 0.0453156534458 0.0553585240279 0.112634036638 0.693133797592 0.686237030219 
0.0518560941048 0.0851680640452 0.0839668335638 0.283173542243 0.418484686914 0.322200791856 0.535454249252 0.592475862686 
0.14836240859 0.114901708048 0.00422481634212 0.0755984095036 0.11344021633 0.472051252448 0.920039185911 0.405396276405 
0.45174594714 0.530966439261 0.120825793761 0.374032695362 0.0312084014278 0.266026530351 0.475204930879 0.524887824352 
0.0925209477392 0.23015280997 0.297973581554 0.20093310404 0.623076960319 0.513332024066 0.265152520799 0.499522511604 
0.0524017247779 0.040583377995 0.00149220682967 0.0267013616066 0.040067038138 0.0654692482143 0.504348400263 0.793789751779 
0.0863792658642 0.26027733565 0.319626340227 0.219794950157 0.0297199580372 0.00547452403925 0.520791808931 0.419517856626 
0.0603470251403 0.108904624271 0.194354049189 0.131059109702 0.406403502569 0.409453702483 0.412766650665 0.391929907863 
0.014766585641 0.0218984239777 0.0178123301934 0.00477514913886 0.306084672847 0.439591421098 0.339876896784 0.375411736002 
0.0172151947117 0.172154853984 0.56861466652 0.572860861462 0.322391759409 0.204635082744 0.400954593403 0.451238104469 
0.113939810329 0.171025774009 0.288178671207 0.331555727709 0.0110138285126 0.0757239133451 0.137150592841 0.644722591439 
0.502217876709 0.0451901004324 0.161084422088 0.430915132651 0.123620372214 0.37364620956 0.60920852096 0.705063719943 
0.00895475698942 0.16090680654 0.177772952164 0.200617857704 0.498986889745 0.478102582987 0.286575306935 0.668153142886 
0.0247236137493 0.0446172197663 0.0796250720726 0.039105468117 0.270153584637 0.436150763524 0.434045007156 0.486362288967 
0.075094302062 0.0599577140773 0.0296716482011 0.0421732094698 0.00791491770379 0.00145753461388 0.546086201655 0.859480235354 
0.014520136079 0.0217950049845 0.0367246298631 0.0975940587939 0.129308648384 0.505759581308 0.806164344389 0.495618948428 
0.0475972862305 0.0858959456905 0.153292161893 0.103369754087 0.320541108684 0.264082764777 0.213184139998 0.578823181534 
0.136293570243 0.231089639856 0.139443182813 0.00836280741121 0.0217096706948 0.238029724674 0.621304611626 0.456969595618 
0.0412266233308 0.0490861968799 0.0812792654895 0.0453156534458 0.0553585240279 0.112634036638 0.693133797592 0.686237030219 
0.00747531467606 0.00843895375038 0.00816064023301 0.0458986456174 0.683259988864 0.629117323047 0.400166959434 0.151020689029 
0.0967051945848 0.21890082373 0.21516535314 0.332239159282 0.537926560791 0.382957108308 0.200361771378 0.796608894009 
0.0339264704266 0.0575233109426 0.0384398590762 0.0250281188216 0.0375562292793 0.0613665895643 0.472743272316 0.744046927071 
0.0403132808883 0.0683523297122 0.0456763323036 0.0297397910323 0.0375562292793 0.00126169657956 0.472743272316 0.744046927071 
0.0136385272511 0.0216935494326 0.0802315698999 0.118601931212 0.0660551577583 0.333640828871 0.87765433675 0.542003225391 
0.78032221154 0.917163521867 0.157212877591 0.203966688032 0.0926711583787 0.581281397739 0.0803656763616 0.427205814999 
0.0160723311162 0.0573903685372 0.19044174466 0.16508076232 0.00276968908775 0.0664263732913 0.69220787998 0.393515612088 
0.00723190357251 0.0100369696374 0.0425432723935 0.0628893427625 0.0350260385249 0.176914772159 0.723829649377 0.62761765226 
0.181528061696 0.0659248628717 0.0109299427515 0.0404754262582 0.38166130974 0.271709655481 0.142156599396 0.565197143327 
0.000416109697144 0.00103513262899 0.00125223741861 0.000462039281403 0.142430807245 0.756856533875 0.811979554901 0.380369534673 
