0.0204635466016 0.0135247717016 0.0739670968724 0.116583879135 0.200795376409 0.403655659099 0.351780986851 0.0498658881125 
0.0908774700519 0.11402252963 0.155529430938 0.0894559373036 0.0861740518911 0.0468383385093 0.125974889043 0.340288843011 
0.000399241625281 0.00340528420985 0.0171398315628 0.0157189896685 0.00893007308156 0.758322035221 0.848541577318 0.438899434888 
0.0356642989714 0.040705585378 0.170039156261 0.297572057994 0.328739804558 0.308004290679 0.843452179986 0.160312953366 
0.00263064800935 0.00592479130666 0.00930725901558 0.0248361206475 0.301357938221 0.25212804044 0.195239674807 0.727597814177 
3.72742166582e-06 5.36764191085e-06 5.5665524353e-05 0.000198138956788 0.0798676042848 0.263291866685 0.74864696461 0.732622773364 
0.0747343760906 0.0685631499621 0.630678305125 0.620345761327 0.406486817376 0.096403650718 0.215585917597 0.33027014445 
0.0200674628895 0.0210423510874 0.00766670118008 0.00887963746379 0.00697178691203 0.26558521837 0.296295862869 0.58756572188 
0.000947858716283 0.0040029489541 0.0107997361341 0.0118242556331 0.121066942802 0.270651338276 0.496397883114 0.62442445666 
0.186261824505 0.0703919230991 0.0138020295205 0.134234660734 0.279198895714 0.0182137629385 0.382886859822 0.447313090101 
0.00346043695967 0.00963284393893 0.0146712895274 0.0212390496612 0.063978967334 0.0165039476766 0.307914813898 0.641648530665 
0.018467548644 0.0185315382323 0.00743559175477 0.197314091583 0.247409459053 0.154279755032 0.228874716621 0.470409446739 
0.0310247555179 0.111079410104 0.107991999648 0.0188877419297 0.519353400543 0.759853943279 0.454862817005 0.105872899737 
0.0286411124451 0.0141287583554 0.121873007327 0.139316933017 0.148641281389 0.51002032742 0.495143608569 0.238923636135 
0.129999230083 0.0482955519916 0.0491971417794 0.0625161470721 0.121037978317 0.228306333528 0.338464313273 0.437113425674 
0.00106406181858 0.000839607125267 9.43236282716e-05 0.0101677714723 0.0355541940236 0.134362492922 0.683311182679 0.702450916582 
0.0443083875429 0.0392360589923 0.0152402888446 0.026439752493 0.00806946357149 0.042913713104 0.413882525834 0.871412960486 
7.89575437807e-05 0.000305538766784 0.00122010834624 0.000857455047213 0.000741355486232 0.219067280165 0.776082224943 0.841092345812 
0.0175280164825 0.0160307168597 0.0986750823276 0.217346114344 0.215849805453 0.335189113624 0.557508529835 0.266544290488 
0.00216689601598 0.00522121831304 0.0397217036914 0.0334973166471 0.0186110127819 0.0245559016706 0.205829720782 0.791669378154 
0.0765899190061 0.169174647474 0.225847770841 0.185522088211 0.141117722027 0.144191849092 0.484421770451 0.381264385554 
0.00399227706323 0.00836643539226 0.0299714815541 0.0597319397125 0.0720446624569 0.106720090871 0.530671445586 0.633439819665 
0.00317823184812 0.00329385210996 0.00118808808154 0.00237134569699 0.00122718367132 0.0140744146888 0.649604706038 0.689054220003 
0.00606614454772 0.0128589186583 0.168179743117 0.244433208702 0.216078604062 0.191534072149 0.425003655316 0.397987413962 
0.267809679292 0.020573688728 0.118857230444 0.0395984964304 0.208086857996 0.368461659754 0.484442539536 0.245324126489 
0.398499656609 0.35288026812 0.137067725752 0.237794243023 0.0725755004144 0.385957343867 0.419730250468 0.471742311044 
0.0482045150049 0.0203211041454 0.0879042036259 0.139886011324 0.268188663081 0.226397497602 0.204306885868 0.728584407316 
0.0724701616813 0.0126793662802 0.0678339751395 0.203638563534 0.161261611039 0.325465450824 0.0239681727468 0.202820275799 
0.000266665738031 0.000244646757602 0.00447954261347 0.0114655585997 0.0400921852417 0.151511952637 0.770527272323 0.792126132811 
0.0268581272863 0.0245638189802 0.151199528787 0.19805078139 0.140928689453 0.441825584005 0.152137358982 0.291326756502 
0.0200674628895 0.0210423510874 0.00766670118008 0.00887963746379 0.00697178691203 0.26558521837 0.296295862869 0.58756572188 
0.00662542862115 0.0138846105053 0.049739503204 0.0991288878108 0.119562560687 0.17710859349 0.460648500709 0.582997582811 
0.00606614454772 0.0128589186583 0.168179743117 0.244433208702 0.216078604062 0.191534072149 0.425003655316 0.397987413962 
0.00346043695967 0.00963284393893 0.0146712895274 0.0212390496612 0.063978967334 0.0165039476766 0.307914813898 0.641648530665 
0.034488364479 0.0223265328627 0.137446808525 0.0286298143023 0.223612736285 0.347244024232 0.577559387179 0.276135336021 
0.00109124758408 0.0019507741188 0.054228713669 0.0396556014545 0.0194618136405 0.225441280227 0.268526057802 0.653315516055 
0.0237580408246 0.0117223662316 0.00956570338166 0.253839691527 0.31828611298 0.198477092422 0.294444374044 0.605209167603 
0.0227210174042 0.029901501217 0.048451819309 0.0854224274481 0.294658131687 0.403868657206 0.388937848454 0.100931582774 
0.0326939924397 0.0787773642149 0.599318138738 0.50540692889 0.280802581264 0.37299409973 0.212075152044 0.32488978838 
0.0595941681848 0.0546731520364 0.502911125681 0.494671793113 0.324137888149 0.076873503839 0.246089612459 0.621222323989 
0.0149205308433 0.0136884618744 0.150104512966 0.20296414918 0.476736429108 0.549813041619 0.144797685056 0.434411607192 
0.129999230083 0.0482955519916 0.0491971417794 0.0625161470721 0.121037978317 0.228306333528 0.338464313273 0.437113425674 
0.00475883927539 0.018247439154 0.131935601829 0.191755779088 0.169511842578 0.150256848441 0.333409733425 0.31218834046 
0.247997906538 0.0976527981986 0.00522744606275 0.424408777251 0.172744171618 0.0323341167165 0.144506271433 0.221338402938 
0.0847816992909 0.0148333907035 0.0793578976058 0.25501838954 0.143495521963 0.146621448413 0.492584320192 0.387690899395 
0.0172790805295 0.175973654666 0.270939393026 0.0121733097269 0.123074112438 0.0964408673944 0.264348221653 0.379798773852 
0.179675269141 0.0880574547536 0.164535645643 0.263440544661 0.333698660153 0.00993762303431 0.0309367192283 0.224517438643 
0.0246992950304 0.251542613857 0.387289809004 0.0244288851643 0.421300829826 0.074158784628 0.165837928395 0.254029822601 
0.107467104598 0.026743670683 0.0129785620629 0.184097587887 0.352950786484 0.297951376487 0.268881945613 0.645314112809 
0.0286411124451 0.0141287583554 0.121873007327 0.139316933017 0.148641281389 0.51002032742 0.495143608569 0.238923636135 
0.0197872390911 0.00976111255616 0.0841982098693 0.0962496256866 0.102691543019 0.510668541759 0.510579813137 0.0552607050761 
0.0402509637825 0.0422063760498 0.0153777343042 0.0178107547755 0.00188405819766 0.0367140638516 0.354088627968 0.745502509426 
0.0894317319815 0.118457847681 0.122260870113 0.00416517506892 0.113631420147 0.479474753393 0.4475852299 0.55950557683 
0.188652568466 0.180294051815 0.0929645292908 0.0149946590466 0.274530900709 0.286910128329 0.368534138406 0.331993933593 
0.0088558933339 0.0901902195164 0.13982518286 0.0283024116016 0.221055573575 0.34327305392 0.570954497119 0.272975979779 
0.00220001386665 0.00271201768213 0.00234436892471 0.00445366951067 0.0123909453183 0.0212147326023 0.692832492431 0.887444068351 
0.14588862004 0.152975959873 0.0507371050782 0.00423534318117 0.115545637433 0.48755190802 0.455125339176 0.56893321779 
0.0885263980637 0.0368941391275 0.040387558682 0.231733771692 0.118021180011 0.304213143708 0.0185154819899 0.376094015796 
0.000691722009144 0.00247661103395 0.00345225263083 0.00406822613203 0.0113185956393 0.0193787445208 0.632872191602 0.810630598396 
0.0803695074327 0.0781779738783 0.0366662178671 0.210381631208 0.107146611117 0.276182697915 0.0168085619784 0.341427829125 
0.0908774700519 0.11402252963 0.155529430938 0.0894559373036 0.0861740518911 0.0468383385093 0.125974889043 0.340288843011 
0.155145702944 0.191252266467 0.165325586216 0.314083323196 0.370731829484 0.197418162483 0.294458286407 0.003365774093 
0.079002880401 0.0310059787085 0.0360427345839 0.206804237114 0.10532465708 0.271486402885 0.0194249054084 0.552202750253 
0.0478086850657 0.0235841870349 0.203434419756 0.375148381184 0.331234229507 0.0216083540264 0.454248684691 0.530705943806 
0.0226831711536 0.231010002171 0.355676591932 0.0224348231573 0.459465671718 0.355079686628 0.300089566787 0.0841038566295 
0.273569401184 0.134980853794 0.0466186780791 0.20078271438 0.384716546309 0.419335761069 0.276354504735 0.260244378158 
0.0404218701322 0.0433480795685 0.0382971455778 0.0065548874355 0.0207089018731 0.35004597637 0.6959690991 0.650112196463 
0.0313090375577 0.0304552964927 0.0142838252128 0.165787105153 0.224030825181 0.189120652024 0.170665739255 0.60859894951 
0.00606614454772 0.0128589186583 0.168179743117 0.244433208702 0.216078604062 0.191534072149 0.425003655316 0.397987413962 
0.247997906538 0.0976527981986 0.00522744606275 0.424408777251 0.172744171618 0.0323341167165 0.144506271433 0.221338402938 
0.221240696667 0.0821923449418 0.112015555693 0.381318499205 0.450093616831 0.239679076724 0.357494409851 0.00411553870257 
0.297109133614 0.0301139514762 0.00626264159593 0.508454818473 0.206952854137 0.0387372950726 0.173124876842 0.265197294971 
0.161496470632 0.0401891206696 0.0195035681199 0.276653194438 0.530397743913 0.447747271051 0.247811633636 0.368271918729 
0.0244058202112 0.023990864072 0.0296029300299 0.0295783078926 0.0868224737269 0.100912316919 0.454152175651 0.551599248065 
0.274315755927 0.113376468066 0.104801337028 0.12138347629 0.0128405219785 0.213708338768 0.233954767576 0.632063591661 
0.0194504542798 0.020395367906 0.018924144514 0.0493569512559 0.00231857563861 0.0451810854034 0.435750702915 0.917461673455 
0.0482045150049 0.0203211041454 0.0879042036259 0.139886011324 0.268188663081 0.226397497602 0.204306885868 0.728584407316 
0.0380021274436 0.0158377141276 0.0173373501032 0.15347991204 0.509231829208 0.745045305819 0.445997902477 0.10380690102 
0.0211341939853 0.0756677633756 0.0736697904925 0.0118738432653 0.0642471891859 0.155248285356 0.79760336153 0.587430875929 
0.107418006701 0.0952028230509 0.068005559973 0.183261224234 0.20698907522 0.387909466658 0.537861355306 0.54866641684 
0.000346004878735 0.009184411504 0.0141882554006 0.0154382475034 0.158069714613 0.353372919152 0.648119265946 0.815314550055 
0.0908443498064 0.10464507799 0.267881127148 0.220050308823 0.167381671513 0.171027947821 0.574581077317 0.452248336876 
0.0313090375577 0.0304552964927 0.0142838252128 0.165787105153 0.224030825181 0.189120652024 0.170665739255 0.60859894951 
0.0632627355729 0.0578586261586 0.356141564205 0.697294717413 0.53605211743 0.0943577247329 0.21101044821 0.323258097044 
0.00202285968252 0.0508022549421 0.312805486169 0.285185031898 0.210334799299 0.659420661341 0.227068352994 0.434869804949 
0.0286411124451 0.0141287583554 0.121873007327 0.139316933017 0.148641281389 0.51002032742 0.495143608569 0.238923636135 
0.00605439449212 0.00796775562346 0.0129107986191 0.0227621387001 0.0785165448889 0.107617471406 0.565027888565 0.671461240387 
0.00656731191266 0.0615369656299 0.146087667172 0.193615401532 0.454777446201 0.524488070323 0.138127707369 0.414395857211 
0.151851896202 0.169297728303 0.139056698948 0.222645791888 0.282024191044 0.00839872465997 0.0261445606044 0.189728925361 
0.0310247555179 0.111079410104 0.107991999648 0.0188877419297 0.519353400543 0.759853943279 0.454862817005 0.105872899737 
0.000947858716283 0.0040029489541 0.0107997361341 0.0118242556331 0.121066942802 0.270651338276 0.496397883114 0.62442445666 
0.0809886106745 0.178890640218 0.238818599124 0.19617695044 0.149222361027 0.13236392085 0.44561887694 0.417298377822 
0.00865022435621 0.0154635978145 0.429865660607 0.429023628741 0.521574235459 0.568508786981 0.374667283645 0.352871390992 
0.0479766688613 0.0591421267836 0.0511246581866 0.0971258456172 0.139954054014 0.169301644671 0.335324044735 0.56678201665 
0.221240696667 0.0821923449418 0.112015555693 0.381318499205 0.450093616831 0.239679076724 0.357494409851 0.00411553870257 
0.00173611806085 0.000723542319874 0.0130979670065 0.123621745651 0.384712856938 0.562864470821 0.484631645156 0.575979894387 
0.16073292741 0.0248179981189 0.194960274363 0.194798862887 0.522909284143 0.0774171513478 0.173124876842 0.265197294971 
0.0348065401183 0.00537431017817 0.0422184359138 0.0421833777918 0.123822537302 0.143916898338 0.647696566254 0.786725560485 
0.000124007842005 0.000141538302393 0.000591248690323 0.00103456495096 0.00353234626277 0.237953493621 0.842990563345 0.913616280955 
6.32104846723e-05 2.6343676981e-05 0.000476897585354 0.00450095080156 0.00556427557341 0.0162345457951 0.749306088139 0.794829724078 
