0.000937482275506 0.00144370382155 0.0340257381584 0.0251534288708 0.00132552675111 0.00472755830249 0.421437640182 0.791242801645 
0.0158923178259 0.0167229952488 0.0388406845479 0.0391427263573 0.145162479454 0.200107280681 0.291863458082 0.250508351106 
0.108679082403 0.169270610099 0.45553125661 0.340264688785 0.0889410184859 0.506970479929 0.30613071977 0.210260529199 
0.0700023881232 0.035900929679 0.0179701751721 0.0285987065672 0.060887708647 0.191727159732 0.294306197042 0.465434918136 
0.00670694433128 0.0516547510532 0.477362442485 0.403599991426 0.240603148224 0.205294668188 0.020991106788 0.580870679878 
0.0209868219515 0.0241610085188 0.023076420527 0.131241673086 0.248285634837 0.322599354194 0.316917195516 0.0646921629229 
0.243942908571 0.408822419246 0.408241127838 0.1776393344 0.150817413028 0.0894737947322 0.522828959743 0.0459936510141 
0.0290724825363 0.0327111142313 0.0501990449442 0.0876088679377 0.071824233273 0.373649317015 0.549108705989 0.681745075901 
0.0312292901141 0.0121027409213 0.0104467739372 0.381743135574 0.784550015353 0.721129692287 0.452512988323 0.356380088058 
0.0266229119104 0.0122605868107 0.131728426925 0.366016085288 0.303844488678 0.0990549174095 0.71377568682 0.663289264595 
0.0287689091356 0.0280722092642 0.0720250222393 0.0116818416567 0.141938012056 0.417589266274 0.166844739565 0.530332742127 
0.00344928829596 0.00347385644935 0.0752117249944 0.0685605214602 0.368117093486 0.53633568834 0.251962776115 0.194876503992 
0.216993920323 0.0779930178172 0.0410899449818 0.100265112031 0.137523537958 0.0116837721997 0.159590175685 0.299575874845 
0.136687582779 0.13155036731 0.0353964117593 0.149922585214 0.0367841970731 0.358652908472 0.238416455194 0.329842322852 
0.202215875647 0.162061976439 0.00142914413848 0.126817467498 0.16100782459 0.346201384433 0.101838207039 0.48484227603 
0.00269071865994 0.00142733027499 0.0185759860906 0.0146270358159 0.00882084825132 0.242197918233 0.572650509671 0.319956307153 
0.036306580834 0.00438158315243 0.0649253572262 0.0953109494382 0.177052182291 0.272373695885 0.449799285863 0.595821051759 
0.00140331390724 0.00955252783351 0.0371450761841 0.0422134979022 0.0890762029059 0.123119778483 0.322545412269 0.539318480642 
0.0655790638566 0.0338559895219 0.0100745522536 0.00102711792474 0.113962564022 0.231250900672 0.280983201395 0.212507265875 
0.0211767842447 0.0169717211907 0.000396110165169 0.257787849464 0.529799703782 0.486972410741 0.305577713723 0.240659883567 
0.247243365239 0.0260108948635 0.135107648118 0.616887973373 0.51697831781 0.0651259377947 0.0863236039637 0.156274590912 
0.248020257653 0.0260926267612 0.135532185843 0.618826369553 0.518602777753 0.0653305802472 0.086594855514 0.117593816136 
0.160981452672 0.106764259644 0.169752295167 0.114822895043 0.0613340998686 0.485111768678 0.347067706301 0.25900482336 
0.031288403534 0.0266824485905 0.00463725908912 0.0969084905621 0.380192112468 0.528772049236 0.527367383767 0.349581980753 
0.0291486044491 0.0235165736851 0.27723428137 0.372520253344 0.136389492217 0.156883412273 0.189685943948 0.130282191521 
3.22383740849e-05 3.39376722899e-05 0.000145595493653 0.00208519737346 0.00935498563331 0.125336159534 0.665215746857 0.795571344941 
0.0222520609168 0.0233206872889 0.0241746647848 0.0251598283166 0.188923332514 0.45239751327 0.44945068093 0.160356130319 
0.00763634651515 0.00604214388905 0.0262310622477 0.00978432441021 0.435568157251 0.40303546868 0.144275195421 0.411817121885 
0.00344928829596 0.00347385644935 0.0752117249944 0.0685605214602 0.368117093486 0.53633568834 0.251962776115 0.194876503992 
0.20347115935 0.174710309496 0.0351103336697 0.102378575242 0.0930872681113 0.218535085132 0.0808251487424 0.366149577974 
0.0657191174724 0.0638726590282 0.0207535274953 0.132127367978 0.129842133251 0.0786498750486 0.295254811688 0.466935117582 
0.0354553271462 0.0146679443702 0.0324716425747 0.0150584347657 0.0598407996255 0.165176167212 0.274385547016 0.46332036789 
0.0657191174724 0.0638726590282 0.0207535274953 0.132127367978 0.129842133251 0.0786498750486 0.295254811688 0.466935117582 
0.0465141161409 0.029466180148 0.133358759222 0.307137584914 0.362048715547 0.204686818535 0.423447199224 0.226507007287 
0.0214900819941 0.0225221153437 0.0233468488047 0.0242982779461 0.182454000124 0.43690600735 0.437793825455 0.22098237333 
0.00171616277158 0.00565892778272 0.00990813644379 0.00450318135166 9.53131652894e-05 0.0180580108763 0.384389396112 0.763702306639 
0.462961438349 0.213206567233 0.298479249672 0.120485320826 0.586319830759 0.2363759169 0.192913278219 0.256838005116 
0.0445111507715 0.0231694058193 0.0142189145869 0.00945991139324 0.155608375547 0.430136005637 0.427334158028 0.152465285262 
0.0444973917015 0.023604301295 0.307197982437 0.241892570179 0.270516000705 0.485325059914 0.30454398996 0.239845765068 
0.151109375351 0.465663857393 0.487197385801 0.0393754618498 0.0588628666113 0.491845985593 0.296997872152 0.203987770583 
0.0515074966038 0.0661679580225 0.0819692370678 0.25323036054 0.269870366053 0.0070922886829 0.27150929945 0.485921734663 
0.0235317122403 0.0228705604989 0.0074310861771 0.0473101707994 0.211663385398 0.230725332999 0.0926980851987 0.477276946336 
0.0136571789638 0.00164818585858 0.024422473297 0.0358524113003 0.0666000930413 0.102456310216 0.691419225902 0.914348981878 
0.18876557514 0.276539563752 0.409199989341 0.177340082501 0.137840120529 0.049322771694 0.329482454517 0.147133628988 
0.218850330234 0.187915619347 0.0715538671355 0.387473761251 0.234023616222 0.279534773038 0.120807645925 0.0866059420199 
0.20347115935 0.174710309496 0.0351103336697 0.102378575242 0.0930872681113 0.218535085132 0.0808251487424 0.366149577974 
0.283302010342 0.241597220799 0.0340723817481 0.0582523174179 0.28257499375 0.0182151340058 0.281332992552 0.608268179183 
0.0716276350767 0.00487915712861 0.218028450387 0.154207817055 0.214937811924 0.275684691619 0.507823458545 0.570863758682 
0.118568462385 0.115697075229 0.296844718255 0.0481457167247 0.077256006164 0.121123137096 0.454700169694 0.719092132825 
0.19299246755 0.468989318008 0.549600363264 0.31036560947 0.411438369703 0.316855804907 0.259915372996 0.436799953723 
0.136174782186 0.209706002092 0.608373908186 0.223572232329 0.0144576230032 0.149998510876 0.315615103064 0.577322015182 
0.0112052311862 0.0174524532979 0.0469670044018 0.146868034298 0.266573981143 0.346361546824 0.34026088314 0.06945739909 
0.0610245423082 0.0587310187569 0.0158028028167 0.107280589786 0.179281901618 0.363795641856 0.442032875303 0.334309317312 
0.348925072412 0.299604167927 0.0602094242894 0.175565198834 0.159632252677 0.374758222561 0.0981191465467 0.198617785805 
0.306706294728 0.159649949997 0.0979763619725 0.0651841086867 0.316200332067 0.0203827592431 0.314810626218 0.680649809858 
0.118568462385 0.115697075229 0.296844718255 0.0481457167247 0.077256006164 0.121123137096 0.454700169694 0.719092132825 
0.046394608783 0.0511253553101 0.100179137455 0.355181366343 0.402412761408 0.10244904671 0.137001351892 0.112591955274 
0.0459976974666 0.0447053364169 0.100495601608 0.490752872007 0.179677740834 0.206676230816 0.249889961599 0.171632412853 
0.0314079934422 0.019896617517 0.0509094521097 0.0112580687745 0.185186737893 0.51189702384 0.508562683132 0.181446409855 
0.0520689930839 0.0444039348469 0.00771717930431 0.161271497391 0.253977171879 0.0724069615529 0.521755554986 0.484850889 
0.120286753745 0.116907150878 0.0379855456324 0.241834849152 0.385731407298 0.404029440173 0.272051249436 0.214255813382 
0.153161235674 0.148857984065 0.0483670411038 0.307928542295 0.302603390157 0.183298016997 0.37001391771 0.165356602926 
0.0048686803852 0.0126095432145 0.0366345142087 0.0329138836626 0.444938539775 0.877047553066 0.830466461213 0.266592943709 
0.166678143693 0.513641109339 0.537393236449 0.0434323097788 0.037512146173 0.0198200275749 0.270717379725 0.508178578093 
0.15473167692 0.238283188627 0.700409344979 0.280278730549 0.254843098728 0.598278254679 0.156641764912 0.317081676825 
0.00376368376424 0.00528572894433 0.340122652006 0.276258432808 0.103340555081 0.183372815635 0.0773777469814 0.466840837935 
0.35175050465 0.161990851105 0.260681328739 0.202078704014 0.183739674312 0.431353577835 0.159536965551 0.722721386137 
0.151599966445 0.222092342051 0.328633562994 0.142424008714 0.110055525765 0.00697195965025 0.266903339685 0.477678433752 
0.00878595321132 0.0227550011249 0.0661101429281 0.0593959324271 0.802930044194 0.77518936593 0.373515163386 0.288889519872 
0.0302505375 0.0348258294867 0.0332625134394 0.189172572674 0.357880694104 0.302634526098 0.256424427111 0.469050778737 
0.186138339671 0.311948098783 0.311504541349 0.135546017364 0.115079680562 0.0944600421212 0.634577940175 0.320312261463 
0.00269071865994 0.00142733027499 0.0185759860906 0.0146270358159 0.00882084825132 0.242197918233 0.572650509671 0.319956307153 
0.314840180469 0.404452414529 0.271730762272 0.0339612573616 0.0507690357075 0.424216104909 0.256159918764 0.175938838349 
0.0198066134957 0.0020950025812 0.0243867766253 0.00861487896804 0.0506714128499 0.173456880879 0.595933353736 0.642290062723 
0.171685011243 0.179929955942 0.175021948962 0.0386811545788 0.0620687978843 0.097312404622 0.365314269467 0.577731593466 
0.116032148029 0.111671238831 0.0320295265563 0.232613476282 0.22859065663 0.0939790405345 0.0497230977261 0.531239277196 
0.06997778264 0.0622253593311 0.03989625172 0.0692912842705 0.387264443468 0.237998283299 0.0645950222882 0.438992440248 
0.0420268865474 0.0408460902827 0.0132717126157 0.0844944640124 0.134770028086 0.178476158101 0.306460611526 0.484656681107 
0.0997003296438 0.0968991275187 0.0314845194248 0.20044612703 0.385731407298 0.43354435707 0.272051249436 0.214255813382 
0.108679082403 0.169270610099 0.45553125661 0.340264688785 0.0889410184859 0.506970479929 0.30613071977 0.210260529199 
0.295755139207 0.15394954059 0.0944780483935 0.0628566653111 0.304564747531 0.00956598351916 0.36619749428 0.655385499552 
0.127479800304 0.0663571104692 0.0680221782768 0.143985652516 0.0353275222394 0.344450226566 0.228975116891 0.316780508385 
0.295832652335 0.288668435585 0.740638477323 0.120125354067 0.192757360307 0.302207889025 0.590714545166 0.150056248301 
0.0401067111994 0.137817225626 0.266332224372 0.00669616309089 0.062314625479 0.17311524497 0.660449705622 0.0759117816853 
0.262009952055 0.25566482397 0.646803303683 0.0542198928332 0.0468294259793 0.0247430678519 0.337957612011 0.63439874482 
0.0801852408722 0.247101605441 0.258528220492 0.0208943320804 0.0312349593926 0.260994601253 0.263746679431 0.551434237603 
0.748379578931 0.389554323003 0.239067559563 0.108735722232 0.377837981126 0.451317190837 0.195048098094 0.13982870083 
0.0445111507715 0.0231694058193 0.0142189145869 0.00945991139324 0.155608375547 0.430136005637 0.427334158028 0.152465285262 
0.291725441638 0.149612251518 0.183164919199 0.665729771538 0.385996835117 0.461062724018 0.199259895782 0.142848126034 
0.0801393384413 0.0778877262675 0.025307316632 0.161119023628 0.336186571828 0.37357410786 0.248335433331 0.343564938013 
0.00156190233217 0.00360566674976 0.0413428307583 0.046984030699 0.0991427293655 0.137033588535 0.358996284067 0.600266827686 
0.0401067111994 0.137817225626 0.266332224372 0.00669616309089 0.062314625479 0.17311524497 0.660449705622 0.0759117816853 
0.0174754563733 0.0140053640274 0.000326870204505 0.212731091741 0.43719999764 0.356391950896 0.142945148672 0.408020673618 
0.0655790638566 0.0338559895219 0.0100745522536 0.00102711792474 0.113962564022 0.231250900672 0.280983201395 0.212507265875 
0.0653853849525 0.201493860459 0.210811449259 0.0170378443019 0.0254697985034 0.491845985593 0.571741787168 0.203987770583 
0.0446797411523 0.0434244096958 0.0976161345966 0.476691498295 0.174529481005 0.200754384226 0.249946795695 0.214255813382 
0.260530370307 0.4057830937 0.566225574929 0.232136456311 0.0150114614815 0.155744429282 0.327705196321 0.599437142685 
0.00447803288039 0.0115977939712 0.033695076155 0.0302729784382 0.409238068005 0.413262898802 0.399832040268 0.715581353994 
0.0302505375 0.0348258294867 0.0332625134394 0.189172572674 0.357880694104 0.302634526098 0.256424427111 0.469050778737 
0.036690152564 0.0638726590282 0.111230809133 0.132127367978 0.129842133251 0.0786498750486 0.295254811688 0.466935117582 
