0.00346703665647 0.0180054354686 0.263713451575 0.373324175639 0.260237134232 0.0194467370939 0.58359298379 0.801583308546 
0.00476176562482 0.00465346228505 0.00329081119903 0.0133807920079 0.191733252968 0.79085653406 0.862097225831 0.469064776709 
0.021304035107 0.0235048488045 0.0154313230807 0.00815190871185 0.373979458541 0.421066874295 0.0523120544069 0.880073968636 
0.014422228021 0.0059545514239 0.0201239878195 0.252693388648 0.110621346332 0.0210712358856 0.561143655384 0.874099983245 
0.000207945978255 0.000333362206616 0.00316456450515 0.14417082886 0.334535799894 0.550214757901 0.561272125837 0.321500932468 
0.270818687341 0.284481228234 0.34001906377 0.118656372961 0.171471606732 0.375391795434 0.266737598309 0.198090938582 
0.0293605185004 0.039892779007 0.251945184071 0.301877153414 0.184309864119 0.197632455539 0.43493204989 0.729923070363 
0.0059781432216 0.0442393080679 0.139177508286 0.24290147531 0.256370759094 0.370874297761 0.655388337879 0.529751734403 
0.118782855216 0.0490422919702 0.0242615699649 0.280855119163 0.220223852728 0.353816033236 0.179562304333 0.427122346763 
0.095056898028 0.110046026409 0.311522156364 0.443182587623 0.0399401599471 0.220702864533 0.515209059099 0.521674250113 
0.00476176562482 0.00465346228505 0.00329081119903 0.0133807920079 0.191733252968 0.79085653406 0.862097225831 0.469064776709 
0.0309554405892 0.0353246289495 0.0805704996107 0.150930261067 0.645675020295 0.880184350857 0.120085884931 0.151084020561 
0.0856006444186 0.0972106607428 0.00103211383915 0.292380748548 0.235883359067 0.56422609991 0.164217300307 0.120959449842 
0.0678552939672 0.0663119971403 0.0468946767096 0.12320406508 0.612479319329 0.834931942941 0.113911965572 0.143314181862 
0.0154991027903 0.00198914359634 0.0177657180404 0.0192672421612 0.160489563815 0.353770909147 0.694199760006 0.849305021529 
0.117287085901 0.0596228018767 0.0110237346979 0.091326485893 0.137889781577 0.150510983366 0.730377552469 0.419003493234 
0.0192117868656 0.0218931737122 0.00130590187515 0.00183840255345 0.149467318668 0.743283297504 0.939893788256 0.497580619293 
0.0250256804081 0.0173215184249 0.0328710681658 0.0724561698848 0.0183511233881 0.0392383470242 0.581055993146 0.872998555931 
0.0584994540527 0.139100991173 0.117727061162 0.104139505893 0.533780042501 0.354837749966 0.214206366786 0.258156636629 
0.0750215310766 0.0902673854296 0.0533790146622 0.113768379926 0.364472453442 0.603970213338 0.489843692131 0.372012902387 
0.0619853256746 0.00360273139748 0.0166035303523 0.281636822431 0.15275065628 0.183686910071 0.404241984931 0.678414538466 
0.0379762280399 0.051801125443 0.023261650441 0.00461223510044 0.0236279466352 0.623060198913 0.192208052772 0.380648778118 
0.0309554405892 0.0353246289495 0.0805704996107 0.150930261067 0.645675020295 0.880184350857 0.120085884931 0.151084020561 
0.0258428544291 0.0032149617391 0.00668176175732 0.00979814071232 0.623223342586 0.676667332232 0.247763941868 0.0133270066088 
0.0293605185004 0.039892779007 0.251945184071 0.301877153414 0.184309864119 0.197632455539 0.43493204989 0.729923070363 
0.350363925738 0.477910701722 0.214609403578 0.0425522723916 0.0193076884006 0.423540569375 0.268592068568 0.497261376702 
0.121336203101 0.145994112721 0.0863326661157 0.184003509848 0.589480205829 0.976832577039 0.671633711284 0.119119093389 
0.139882897213 0.0179525182259 0.160339911857 0.173891522978 0.369989673214 0.183129143156 0.302610553807 0.782718120008 
0.0630255636245 0.131387088003 0.556371163706 0.551620351444 0.0496212192787 0.274198818382 0.640089862513 0.64813265998 
0.0679605493173 0.0280591071294 0.00827598483865 0.184232487767 0.209125034782 0.0495826222654 0.0134226201518 0.863841827019 
0.286151823467 0.315712762124 0.207271141935 0.0769790276006 0.233896627832 0.299289636148 0.221949812184 0.832405461565 
0.00346703665647 0.0180054354686 0.263713451575 0.373324175639 0.260237134232 0.0194467370939 0.58359298379 0.801583308546 
0.142153153401 0.153901771207 0.297069438764 0.180019923464 0.12434068223 0.1419427436 0.283491725393 0.150317853552 
0.0630255636245 0.131387088003 0.556371163706 0.551620351444 0.0496212192787 0.274198818382 0.640089862513 0.64813265998 
0.350363925738 0.477910701722 0.214609403578 0.0425522723916 0.0193076884006 0.423540569375 0.268592068568 0.497261376702 
0.0130238536963 0.0443415411125 0.0370408775887 0.0559354658764 0.136262272574 0.0240467253593 0.596535333041 0.668652381702 
0.0402207197536 0.037374478126 0.01421381186 0.0356124945898 0.102991547791 0.416227203754 0.816756756132 0.820576030826 
0.0237406693627 0.0261931997845 0.039489972409 0.376949845568 0.455621470646 0.368711340396 0.7164696087 0.742293239165 
0.000366259325888 0.000357926982789 0.00223328920494 0.191437533662 0.444214055397 0.730603924313 0.745286405771 0.426919982555 
0.0679605493173 0.0280591071294 0.00827598483865 0.184232487767 0.209125034782 0.0495826222654 0.0134226201518 0.863841827019 
0.270818687341 0.284481228234 0.34001906377 0.118656372961 0.171471606732 0.375391795434 0.266737598309 0.198090938582 
0.0584994540527 0.139100991173 0.117727061162 0.104139505893 0.533780042501 0.354837749966 0.214206366786 0.258156636629 
0.0110978763789 0.0463549965886 0.392113563942 0.621796158357 0.501062941564 0.272681627759 0.264078702474 0.169554570739 
0.243728887616 0.238185537724 0.168440716784 0.442535791824 0.346509829304 0.26010157451 0.607181296275 0.614808363181 
0.0422667890151 0.208291224227 0.186527657516 0.0822957234508 0.00817123937156 0.202578128326 0.299090447811 0.149117949175 
0.122067727294 0.141316081805 0.110737173518 0.0903957380251 0.095021018774 0.634687932678 0.708666821754 0.323946007439 
0.0584994540527 0.139100991173 0.117727061162 0.104139505893 0.533780042501 0.354837749966 0.214206366786 0.258156636629 
0.040446445539 0.0543253359156 0.0479500052812 0.0840818961895 0.28836469873 0.37637119367 0.471434346839 0.748570611363 
0.0630255636245 0.131387088003 0.556371163706 0.551620351444 0.0496212192787 0.274198818382 0.640089862513 0.64813265998 
0.0258428544291 0.0032149617391 0.00668176175732 0.00979814071232 0.623223342586 0.676667332232 0.247763941868 0.0133270066088 
0.148543546665 0.199515137022 0.176101207079 0.254317551554 0.257031269843 0.0192071660143 0.576403693672 0.791708059499 
0.0679605493173 0.0280591071294 0.00827598483865 0.184232487767 0.209125034782 0.0495826222654 0.0134226201518 0.863841827019 
0.301117544698 0.332224518553 0.21811141086 0.0810050279051 0.246129411252 0.327238862957 0.190950652985 0.454214375973 
0.244934504925 0.0314348064703 0.280754700198 0.304483529489 0.618726541826 0.253093968135 0.497412057994 0.608381145425 
0.0087577654266 0.0177295441243 0.201641196479 0.208813254293 0.0823462720863 0.0141935784092 0.743883320237 0.118891756521 
0.0155019939276 0.00198951464394 0.0177690319895 0.0192708361987 0.0391593380995 0.0160179126568 0.242210709575 0.942338998162 
0.00378545469627 0.000485817912547 0.00696352679364 0.0145998561544 0.209201163127 0.862907742022 0.940638814325 0.511803010776 
0.0417332055946 0.05605363792 0.0494754841871 0.0867568721998 0.297538713084 0.792963570468 0.811613180893 0.371011210893 
0.0379762280399 0.051801125443 0.023261650441 0.00461223510044 0.0236279466352 0.623060198913 0.192208052772 0.380648778118 
0.0168016382196 0.0204850768812 0.0477852063813 0.0721604818398 0.175787419344 0.0310220291335 0.769570324248 0.86261869813 
0.0856006444186 0.0972106607428 0.00103211383915 0.292380748548 0.235883359067 0.56422609991 0.164217300307 0.120959449842 
0.0015737877015 0.000649770513783 0.00219594485418 0.0509393211227 0.760222197642 0.803789222842 0.247961259498 0.491074907639 
0.003665501755 0.0271253662958 0.0853367894817 0.148935225917 0.157193904537 0.235120512129 0.695931730678 0.69917959023 
0.0849214045827 0.0920808641877 0.005222818237 0.0820494677416 0.219868579865 0.477797950962 0.549074724487 0.360494458293 
0.095056898028 0.110046026409 0.311522156364 0.443182587623 0.0399401599471 0.220702864533 0.515209059099 0.521674250113 
0.00476176562482 0.00465346228505 0.00329081119903 0.0133807920079 0.191733252968 0.79085653406 0.862097225831 0.469064776709 
0.0309554405892 0.0353246289495 0.0805704996107 0.150930261067 0.645675020295 0.880184350857 0.120085884931 0.151084020561 
0.0035549030181 0.0164497536035 0.270396829 0.382785453595 0.266832411849 0.0199395956769 0.598383180273 0.821899205014 
0.0743204429338 0.36625198866 0.327983723617 0.144705948304 0.0143681022754 0.202575011322 0.135012070519 0.162697454767 
0.10747505237 0.105030647351 0.10837370547 0.273908286655 0.214776707156 0.345064531579 0.175120899219 0.416556576364 
0.00619316060229 0.00605230174495 0.00624490880155 0.0157837057301 0.111595092648 0.833962576556 0.909086265253 0.49463376002 
0.0700337414539 0.238439680436 0.199181670616 0.300784353691 0.732729373071 0.0716038080312 0.0921342932707 0.115907118179 
0.118337942298 0.00686525680951 0.00142685405325 0.404199493557 0.326095143663 0.780010157969 0.227021048068 0.167236168167 
0.109051411193 0.10133433146 0.0385383226252 0.112399715109 0.706608520498 0.963248950389 0.131418633014 0.165346212778 
0.00312920700254 0.0001818707156 0.0103336070997 0.175737051595 0.0749175436978 0.00379025231349 0.818075326352 0.137791677119 
0.347231452531 0.466381290088 0.306022560436 0.0826527172951 0.346573979043 0.828994957709 0.2412780281 0.177741373233 
0.117287085901 0.0596228018767 0.0110237346979 0.091326485893 0.137889781577 0.150510983366 0.730377552469 0.419003493234 
0.0319774965321 0.0352809331367 0.0531910337395 0.507732615605 0.613699383682 0.496635930809 0.731532705094 0.522222981427 
0.350363925738 0.477910701722 0.214609403578 0.0425522723916 0.0193076884006 0.423540569375 0.268592068568 0.497261376702 
0.0690042379011 0.0937575686797 0.592131421334 0.709483479842 0.433172351129 0.464484200438 0.599080088982 0.24959327272 
0.286151823467 0.315712762124 0.207271141935 0.0769790276006 0.233896627832 0.299289636148 0.221949812184 0.832405461565 
0.00233657938187 0.0108121579452 0.177727500993 0.251598747444 0.175384644356 0.0402098360021 0.899540255131 0.489439319433 
0.233825205184 0.0965402331047 0.0284744734161 0.633870755116 0.719516250902 0.228375392476 0.609967710713 0.254130148156 
0.113175693671 0.260483176537 0.29588966796 0.117469715385 0.0362646063574 0.203785556949 0.0620866673399 0.292513014781 
0.0502457519176 0.0682700029983 0.431163205941 0.516613646318 0.31541641034 0.338216161212 0.59336453703 0.625576447454 
0.0105373508325 0.0440137240899 0.372308909875 0.590390824536 0.475755530185 0.258909150063 0.257801931954 0.216584811886 
0.0331229176638 0.0697578944694 0.284230661665 0.340561154933 0.249280328066 0.28442659323 0.210927550689 0.791065219733 
0.255775365785 0.282198261707 0.185268261808 0.067709253915 0.234191052599 0.376256038039 0.190950652985 0.454214375973 
0.00649153495622 0.0131417040561 0.149462900049 0.158449730358 0.0684165368321 0.00346130534574 0.747086508769 0.12583095879 
0.00387428686307 0.00526407798078 0.033245592464 0.0729974271888 0.886312140577 0.962317263716 0.352355649984 0.018971355941 
0.0700337414539 0.238439680436 0.199181670616 0.300784353691 0.732729373071 0.0716038080312 0.0921342932707 0.115907118179 
0.000270328207646 0.00373584057085 0.062751192012 0.0808616869066 0.0513036423356 0.011111956299 0.819426940772 0.867150449608 
0.318617464169 0.311370855283 0.220196126666 0.578510146859 0.499102636833 0.379400800771 0.101385314172 0.557578819902 
0.0175692781919 0.00450088415697 0.0499684373744 0.0754573799895 0.183818868037 0.0324394000722 0.804730766841 0.902032353635 
0.334408216729 0.138068296142 0.0271429336067 0.0723879828417 0.219946987503 0.281439920397 0.208712668504 0.782758052899 
0.00446889764821 0.00904700291843 0.102893157737 0.127519594508 0.528967702452 0.721088835471 0.0983800149551 0.123767319654 
0.0835931086992 0.166846182077 0.15531800972 0.248483122649 0.487843299696 0.429002989121 0.164082207098 0.146922687495 
0.301117544698 0.332224518553 0.21811141086 0.0810050279051 0.246129411252 0.327238862957 0.190950652985 0.454214375973 
0.286151823467 0.315712762124 0.207271141935 0.0769790276006 0.233896627832 0.299289636148 0.221949812184 0.832405461565 
0.0500178238981 0.118933228171 0.115822037384 0.0660287788063 0.0694072586846 0.46360220916 0.517639508302 0.23661179331 
