0.143148521902 0.20908077509 0.368215529199 0.263039442916 0.138141974245 0.173882644985 0.381074279586 0.49373610458 
0.000528304860535 0.0812331529924 0.197582835954 0.086213117357 0.498206797851 0.70077641853 0.566450424828 0.246173520727 
0.0405946792503 0.0389656537454 0.00910516568894 0.0435425400572 0.0192367835725 0.0513295986253 0.205388546832 0.717789741258 
0.111428452955 0.135580194463 0.329039995248 0.302398291419 0.0762450367656 0.12809853807 0.559259997539 0.413704972265 
0.00252541423121 0.0206199390238 0.0755204786541 0.916390272587 0.870663017951 0.179975516153 0.181273443772 0.0425569957439 
0.191568358912 0.219996193594 0.0645765477752 0.0604729095201 0.0470531468027 0.203522505475 0.362515324848 0.0233907737885 
0.539868024407 0.204687061111 0.0672875793781 0.135662112382 0.309960151675 0.606208987022 0.415887262078 0.177440694289 
0.0864641442385 0.0728702814695 0.0796405388671 0.0284363999982 0.154141243848 0.16659885787 0.0012407649076 0.555354104304 
0.0437165193445 0.0472387611006 0.0156420092141 0.0740051878934 0.775226341583 0.807499786615 0.430979552634 0.115200206456 
0.0474015905195 0.0402945963137 0.045989729524 0.10059983977 0.0945620947522 0.0372551336355 0.0116730262364 0.616440617428 
0.28342680991 0.0194442861224 0.585440037789 0.325881809329 0.511063534676 0.0270723460273 0.159780275013 0.395437354925 
0.531209544877 0.763584199105 0.636507980057 0.327771046339 0.0452812024169 0.0390678969618 0.34830330561 0.0746903444131 
0.00592791931326 0.000904367834288 0.13065877414 0.308192542578 0.254330381922 0.230559417896 0.56359795187 0.0492913593245 
0.00183694036698 0.00280013549361 0.00763739262457 0.090414112064 0.449522727359 0.609814795445 0.539933968451 0.302548762726 
0.00572945380528 0.0473958966968 0.0447174447629 0.0289747319351 0.152486899435 0.238213104307 0.584261298353 0.660136333929 
0.0212367599436 0.0197821346634 0.0463470663282 0.0122797369543 0.169938993111 0.280446935009 0.727080547617 0.737492741971 
0.275929996042 0.315504241122 0.0818534693167 0.109957901025 0.0109457340567 0.0015724432518 0.066376121986 0.832017315039 
0.153617484634 0.0936135858351 0.0614647761924 0.0489359184252 0.832034154227 0.665815967689 0.0977509050834 0.225347965745 
0.0677773167461 0.166784075663 0.190421084202 0.123622293008 0.0797247257659 0.0388877233392 0.497881520922 0.583520175424 
0.30772422777 0.0326736605023 0.020658229959 0.0977084035355 0.0599408458171 0.100705784659 0.439660407174 0.325237019033 
0.00990719161789 0.0028607220755 0.0151113874176 0.143905003126 0.244655915934 0.174234699414 0.155324147194 0.83902237906 
0.135491607865 0.0317569166064 0.427740539416 0.129393597838 0.10068032969 0.43547893899 0.775720646737 0.0500625266124 
0.531209544877 0.763584199105 0.636507980057 0.327771046339 0.0452812024169 0.0390678969618 0.34830330561 0.0746903444131 
0.135054424635 0.221807199459 0.15251336671 0.0380819914213 0.022446335026 0.112261196739 0.222338511245 0.631903344696 
0.613075179668 0.559005532278 0.734601345416 0.378284420408 0.0522596973674 0.0450891111762 0.401987497045 0.0862028175911 
0.0500404134983 0.0304943249237 0.0213546767508 0.0364296979481 0.191720735414 0.299504023209 0.734597854866 0.829986987501 
0.794046558189 0.858023017637 0.277485110829 0.444529821727 0.697133347931 0.0369298515297 0.217969040507 0.539413628331 
0.205024786352 0.238465936583 0.215175017125 0.343242096479 0.247715006089 0.0130991503501 0.576622580832 0.146129210942 
0.725267769051 0.74935360817 0.0811973254818 0.353890561927 0.305866119017 0.430597844944 0.141054920366 0.338764693641 
0.0800799425562 0.0730639277895 0.0338083021898 0.25915183139 0.681999605605 0.662702033338 0.582083402961 0.0805692515755 
0.18294576761 0.262974372465 0.252716337252 0.349636267978 0.564889361666 0.421441530042 0.266614368843 0.27121763376 
0.000621853551105 0.0206845296071 0.0277707645899 0.0323677392215 0.354741249213 0.347222805671 0.486997323376 0.600846936117 
0.186610179411 0.456872652427 0.52819315503 0.386218473145 0.490792775265 0.0367273323866 0.266503071349 0.0251371815663 
0.417198720078 0.346747513766 0.0747605055868 0.105655714217 0.241401502762 0.472124232424 0.323889922529 0.13819091358 
0.00540027678024 0.00395302345987 9.93928179783e-05 0.165562599314 0.221883407057 0.748937860926 0.778708665971 0.0798265439428 
0.0137627276063 0.0464461822987 0.222073533102 0.073795591705 0.00230932362305 0.0020438455375 0.278060823147 0.513647958629 
0.613075179668 0.559005532278 0.734601345416 0.378284420408 0.0522596973674 0.0450891111762 0.401987497045 0.0862028175911 
0.693135726785 0.262797406693 0.0863904301121 0.174176384402 0.320704102038 0.484184809697 0.306313420891 0.311597421114 
0.725267769051 0.74935360817 0.0811973254818 0.353890561927 0.305866119017 0.430597844944 0.141054920366 0.338764693641 
0.037026534738 0.107005914034 0.0992086828033 0.0874681326574 0.348232516403 0.848495272926 0.882228860717 0.0904395320105 
0.00738404030781 0.00516476045986 0.000135918045973 0.226381057011 0.332557669435 0.591425782851 0.478053981375 0.180974852553 
0.171860588846 0.164964010251 0.038547509949 0.184340628228 0.0814430547507 0.392218855334 0.555871215319 0.411198286197 
0.00579570787951 0.00135840160367 0.0534253863723 0.10804294115 0.188053351988 0.310340824011 0.804586619239 0.816105395958 
0.00256246674456 0.00187573083582 4.71428107988e-05 0.062311882745 0.0220055061854 0.0587174374404 0.234954658875 0.821097366507 
0.096028977444 0.104595562291 0.185024461009 0.304368818497 0.12095252471 0.62695644003 0.823184366205 0.4103238546 
0.0946192209769 0.0916324741691 0.087684881145 0.0669253625594 0.235562112555 0.132336151878 0.115755931533 0.702646444521 
0.0237785977271 0.00713673369703 0.000613389634187 0.0115883312162 0.268635965727 0.347361665985 0.290150194857 0.315134910126 
0.00226092467495 0.347639178051 0.926024597042 0.396971868463 0.343101209967 0.483017513609 0.158231595888 0.380006063191 
0.205024786352 0.238465936583 0.215175017125 0.343242096479 0.247715006089 0.0130991503501 0.576622580832 0.146129210942 
0.055727272232 0.0339598633507 0.0222973381743 0.0177522953635 0.239079786782 0.17583627327 0.156752264687 0.84673470921 
0.0301667558333 0.0776966007358 0.569615244614 0.509596999506 0.21176457115 0.179791273466 0.244657029617 0.372369018234 
0.16058064969 0.413586715051 0.664161180158 0.365105251056 0.240776583419 0.243559631417 0.262657787298 0.185181838424 
0.114610819844 0.258073477701 0.229958028968 0.0595986435042 0.0743799335127 0.358203938803 0.50766027971 0.375536602208 
0.613075179668 0.559005532278 0.734601345416 0.378284420408 0.0522596973674 0.0450891111762 0.401987497045 0.0862028175911 
0.043451720544 0.0448947283247 0.00486460127641 0.0503425980735 0.165249345059 0.272707670304 0.707014907965 0.717140617886 
0.0113646062973 0.00173380631592 0.0342251797293 0.631324236913 0.599821330944 0.123988855869 0.124870583024 0.0293149215131 
0.00454102415104 0.0031242693981 0.0131576356059 0.04956780901 0.382135638034 0.399450929351 0.238884449094 0.621275402655 
0.117359617799 0.113655050074 0.108758713969 0.0830099353502 0.244025520177 0.00352931864145 0.479935840037 0.886513130287 
0.0212367599436 0.0197821346634 0.0463470663282 0.0122797369543 0.169938993111 0.280446935009 0.727080547617 0.737492741971 
0.03002327953 0.102631282429 0.566906094549 0.507173302567 0.210757392627 0.178936155196 0.243493212686 0.370597936139 
0.238296174502 0.19805574811 0.0451868105202 0.0866290756014 0.0027110745108 0.00239972463778 0.326424606502 0.538493037542 
0.113043293027 0.179225923564 0.757332725152 0.9051562079 0.392933357319 0.23279105778 0.502281158619 0.163573083613 
0.123987606767 0.0290605742393 1.14292848417 0.907865426003 0.136183891492 0.324764395177 0.330155299845 0.197135429261 
0.0911155140678 0.190731283193 0.197390895842 0.138240601681 0.0987402503133 0.569622721424 0.856620667774 0.0465673462566 
0.037026534738 0.107005914034 0.0992086828033 0.0874681326574 0.348232516403 0.848495272926 0.882228860717 0.0904395320105 
0.0366482861623 0.0390898036867 0.0684659677848 0.102715630031 0.299279136932 0.273099032605 0.293020476743 0.653728723893 
0.135279914202 0.112435559833 0.0256523805585 0.0491790167293 0.00359633802278 0.527970482966 0.548945903568 0.0562710486913 
0.171867597989 0.185714993751 0.0547792367004 0.0533132444799 0.906459782837 0.725373512319 0.106498542101 0.245506420447 
0.0105312399162 0.0155332721534 0.0782676314187 0.443118364596 0.552662941802 0.389059585092 0.283265748195 0.425042593566 
0.327986193885 0.381483316671 0.344223932731 0.549097853263 0.396279910199 0.012246194653 0.330991992246 0.264884215089 
0.00195356144286 0.438735384673 0.800135973222 0.343005436391 0.296458125808 0.417353244911 0.13671498074 0.328344455238 
0.086570276184 0.0806406120892 0.188930864044 0.0279615639963 0.301770096297 0.34476526125 0.236285495596 0.614517286577 
0.00315507553439 0.0073510833664 0.0173473901389 0.0144883561751 0.000752217870561 0.32742439306 0.856499620833 0.810813219626 
0.0418551530772 0.0381881093887 0.0176704719499 0.13545014422 0.356458409268 0.62982467188 0.733351083239 0.047327638011 
0.725267769051 0.74935360817 0.0811973254818 0.353890561927 0.305866119017 0.430597844944 0.141054920366 0.338764693641 
0.191193591075 0.185158388103 0.177181654068 0.135233646612 0.428631909792 0.368319737912 0.900372051013 0.0787498803362 
0.147456147198 0.128332267224 0.01622347249 0.0835604470836 0.0875084673845 0.221631518781 0.32183873349 0.631734375429 
0.143148521902 0.20908077509 0.368215529199 0.263039442916 0.138141974245 0.173882644985 0.381074279586 0.49373610458 
0.085254938411 0.222319803038 0.345311199157 0.316650337681 0.228523888203 0.0120841318091 0.531947002547 0.134807332393 
0.0793468779716 0.12580151448 0.0842607220285 0.00486048265728 0.3711324373 0.788361708054 0.299071958922 0.620898831903 
0.0589748043227 0.0685940539249 0.061894470134 0.274253678797 0.593629247779 0.475037453341 0.0697299179081 0.160775121724 
0.033810629144 0.00430797141348 0.0810976325779 0.144010131305 0.407072404769 0.687862949298 0.692625504319 0.298119760142 
0.003976738226 0.0102423767428 0.0750897633456 0.0671778398737 0.0279152338897 0.0235280480031 0.185990335523 0.650010009466 
0.0206005209815 0.0214253920444 0.0096019473414 0.162091439429 0.134061430353 0.0110640206635 0.0530687217089 0.752664344004 
0.00712568117997 0.0010871022435 0.157058911597 0.37046408837 0.30571902642 0.229166509271 0.544402477594 0.137963852827 
0.00454102415104 0.0031242693981 0.0131576356059 0.04956780901 0.382135638034 0.399450929351 0.238884449094 0.621275402655 
0.00934494166471 0.011408741592 0.0690374902212 0.111465211371 0.108102481648 0.194118680917 0.310330032115 0.458721773818 
0.470943538313 0.676955163679 0.65054870956 0.457960954794 0.100500421925 0.239668136258 0.24363601749 0.145478419979 
0.00307565386883 0.00888858668986 0.132440723492 0.675471135355 0.711618424779 0.349121129232 0.0167294550999 0.494755763861 
0.0237785977271 0.00713673369703 0.000613389634187 0.0115883312162 0.268635965727 0.347361665985 0.290150194857 0.315134910126 
0.330711715027 0.0110418735172 0.111480965744 0.104396691549 0.0812302386087 0.351350451984 0.625854837773 0.0403889246482 
0.175214289694 0.163212927274 0.502850511557 0.345620926074 0.297948649806 0.304271617358 0.562682206649 0.395293198486 
0.0437165193445 0.0472387611006 0.0156420092141 0.0740051878934 0.775226341583 0.807499786615 0.430979552634 0.115200206456 
0.0301667558333 0.0776966007358 0.569615244614 0.509596999506 0.21176457115 0.179791273466 0.244657029617 0.372369018234 
0.403002256661 0.367694196205 0.170140393399 0.215768919008 0.0175311928357 0.00251995602419 0.106333597955 0.741224142573 
0.43580189317 0.626441001624 0.602004986393 0.423788064309 0.0930010523763 0.221783992689 0.244179687516 0.284498135874 
0.178591479557 0.162944618348 0.0836407721822 0.361572861152 0.515212469418 0.318315215253 0.588654442649 0.413538270421 
0.714334672626 0.651749986948 0.301579434541 0.414139495463 0.329064084774 0.463256008189 0.151756221757 0.364458625204 
0.468915613887 0.674040135009 0.561865899189 0.289333957975 0.039971063627 0.0400586490536 0.454371857971 0.0628907300892 
0.277548637394 0.0190410181353 0.57329821661 0.236864782072 0.230416638386 0.195627317513 0.266209903444 0.405167912925 
