0.00660490554499 0.00413366040705 0.438374977313 0.737688818323 0.335341473778 0.336935319005 0.250536778487 0.347611829589 
0.0638824127247 0.0190463172226 0.0445546506172 0.101871058332 0.464541235244 0.59226434405 0.499956709494 0.0622532465657 
0.00341467116361 0.000942607644164 0.0286260552988 0.032534184185 0.0612890206457 0.621150562345 0.678080284544 0.257463558411 
0.0261588881324 0.045498774237 0.189082671474 0.231916080543 0.0922279885445 0.0843428756051 0.287600692082 0.520473343492 
0.0738853612102 0.196582169053 0.470319541397 0.24649024983 0.321077598884 0.0799344887312 0.0876452496463 0.524149268781 
0.0307991304377 0.00151322747686 0.115569070005 0.130222707523 0.135208508382 0.433405947147 0.448729851831 0.131500146532 
0.045962329778 0.0471217614343 0.0697323116435 0.507218952676 0.0285311860327 0.0869607144359 0.526333302686 0.0218771348032 
0.00167249843755 0.0160969088833 0.0452715502916 0.384292933477 0.379645876076 0.133834793902 0.0968517511028 0.244979187668 
0.0462945304159 0.0403404813219 0.0568054058554 0.131118638757 0.384435577393 0.319388048351 0.531946064319 0.185421006504 
0.147459559261 0.607166320102 0.583024127115 0.35437116239 0.225374155653 0.211093477341 0.446764512389 0.0800285927862 
0.0213111691892 0.0246292721776 0.0339430833037 0.0137947695323 0.240727809382 0.199305254809 0.135635383778 0.689916653192 
0.169622690391 0.172458011408 0.023071387929 0.0969040721792 0.0858895686069 0.427609136741 0.462280548831 0.013372187745 
0.00288849135445 0.00541041948026 0.0100940017286 0.0969342750165 0.209406712214 0.203698711504 0.352711275336 0.783397091789 
0.0956237800494 0.165509330024 0.466115574652 0.670795158474 0.404234126325 0.0722147929148 0.239245560112 0.170571334562 
0.172064805352 0.0274831970216 0.15189832883 0.0624149801251 0.00949841281659 0.505406716375 0.40827010641 0.0895130701566 
0.115491973043 0.0834084866374 0.000100519646267 0.197945843326 0.191456821184 0.0763574560983 0.141629997196 0.25184210616 
0.0399265898067 0.0590852321699 0.164079592701 0.212792201952 0.111924000698 0.557224196218 0.602406359448 0.0174351615567 
0.0551616747898 0.0550435567409 0.0597204873617 0.0426967440156 0.184181486782 0.147675994949 0.233027330877 0.490502227721 
0.0741942641529 0.0967826583769 0.136098811964 0.0385420285835 0.226612983878 0.150651977731 0.320690261784 0.789224962411 
0.0903507850594 0.0700524273952 0.238011864894 0.126140098428 0.0999429057129 0.0913982858776 0.311659074921 0.564013835797 
0.00660490554499 0.00413366040705 0.438374977313 0.737688818323 0.335341473778 0.336935319005 0.250536778487 0.347611829589 
0.0165993441229 0.0375144008673 0.0478966602318 0.132775876974 0.17757209658 0.0973452833927 0.433296952249 0.529263171851 
0.32366785622 0.329078106563 0.0440240353545 0.184909026013 0.163891406043 0.409971123439 0.183593856348 0.130887661972 
0.417057292371 0.298654925941 0.0170745963084 0.315001874958 0.116046476099 0.30178946034 0.0789533672632 0.156158095983 
0.0798981077147 0.151072830611 0.28564388099 0.209529989804 0.00757291559947 0.109494654702 0.371168457421 0.385136026024 
0.0893359427688 0.12841515794 0.174705834254 0.237844802661 0.138621284595 0.154834538689 0.362091500997 0.123801615247 
0.616702147205 0.54835129643 0.0545315553627 0.291261995767 0.218408457969 0.204569124295 0.432956079969 0.0775541435597 
0.045962329778 0.0471217614343 0.0697323116435 0.507218952676 0.0285311860327 0.0869607144359 0.526333302686 0.0218771348032 
0.0585109141817 0.240919340195 0.190826845856 0.0426535446305 0.119345989935 0.132435780727 0.275622672989 0.626805940937 
0.0622605944022 0.0911631439406 0.0734276192317 0.0709217564061 0.10582134598 0.391819222249 0.420134634098 0.289303425493 
0.042619343811 0.0305897803774 0.054881652953 0.3095151278 0.27241569618 0.114229813755 0.353554940591 0.483602429893 
5.35387853526e-05 0.000709208784286 0.000711872499863 0.00291261397062 0.0692430064186 0.0823110186961 0.409501245683 0.739931159251 
0.237771220871 0.187675083734 0.0867050946634 0.286522575836 0.0469295771118 0.00757634554738 0.843865374423 0.50726162501 
0.000384118262674 0.00631047692446 0.0601544392905 0.135492828967 0.111613111761 0.0504720173578 0.717475544599 0.0536801128168 
0.129824844727 0.293403106522 0.374603947104 0.257547206234 0.0102892707898 0.18882286827 0.372721633153 0.128450137761 
0.0622605944022 0.0911631439406 0.0734276192317 0.0709217564061 0.10582134598 0.391819222249 0.420134634098 0.289303425493 
0.0627814455105 0.0864641015223 0.102761903866 0.118552267509 0.0630394723397 0.33922902142 0.742116553467 0.588094635816 
0.0814498830868 0.106247244712 0.149408215549 0.042311158737 0.248773964996 0.165384668206 0.317443165989 0.771301530396 
0.00660490554499 0.00413366040705 0.438374977313 0.737688818323 0.335341473778 0.336935319005 0.250536778487 0.347611829589 
0.0738853612102 0.196582169053 0.470319541397 0.24649024983 0.321077598884 0.0799344887312 0.0876452496463 0.524149268781 
0.0950790226653 0.0932635560417 0.025971993461 0.322583870364 0.271797244539 0.216919655347 0.447897950239 0.350727972142 
0.0534354179982 0.076810271669 0.104498565819 0.142264457617 0.0829149432479 0.0553286591261 0.196104532923 0.683494431214 
0.0112981643165 0.0100459621949 0.000998978537328 0.00497149144386 0.0451919852404 0.511234310819 0.646345342107 0.59312208925 
0.00170809818777 0.00319943681001 0.00596903918338 0.0573217506963 0.123832110171 0.661229985374 0.730451523822 0.0546515193065 
0.0744955911983 0.179055082153 0.181850870018 0.109308228122 0.0239666830278 0.150227629462 0.237053781769 0.498977907874 
0.0115962890744 0.00320111442862 0.0972145791384 0.541897738302 0.570311684783 0.473813924448 0.789146674488 0.275088189678 
0.0511074352181 0.135978370047 0.325325953498 0.170500353147 0.222093414403 0.0981124545844 0.623152789522 0.429114691809 
0.00640110627719 0.011989863466 0.0223690685463 0.214813256344 0.464059680927 0.603219239653 0.611906608451 0.479165599652 
0.0133958746597 0.0801422825788 0.221726911347 0.174063978115 0.134430844625 0.825806967544 0.651625749381 0.0270924720064 
0.0407752931261 0.0690920276881 0.117655315873 0.326156186367 0.436195142354 0.23912435853 0.472013739548 0.162676922207 
0.0328245890533 0.0873343479961 0.234828954985 0.131553154066 0.0288440594494 0.18080007682 0.285296763784 0.600529397298 
0.0427908200818 0.0419737632487 0.0116888037143 0.14518048395 0.122323777678 0.097625256287 0.363425645589 0.532374511827 
0.154213661953 0.12668136234 0.0280596837349 0.0522939522403 0.400948211876 0.602741066389 0.452912519425 0.0733341663493 
0.0307991304377 0.00151322747686 0.115569070005 0.130222707523 0.135208508382 0.433405947147 0.448729851831 0.131500146532 
0.191906009599 0.194672648139 0.0777788679256 0.398403189777 0.576724318913 0.402496770434 0.240669167641 0.125142063444 
0.0643174718436 0.0700710027635 0.0890331897327 0.167727530052 0.160254625173 0.186268641299 0.682938507963 0.177100705732 
0.00465389549939 0.0278424736574 0.0770307871606 0.060471955078 0.0467029910549 0.195037941898 0.255904436712 0.891922388728 
0.0367875665604 0.0978783936828 0.234172389488 0.101385408328 0.118590503724 0.590414057367 0.638287654542 0.0184755463484 
0.0622605944022 0.0911631439406 0.0734276192317 0.0709217564061 0.10582134598 0.391819222249 0.420134634098 0.289303425493 
0.0991972419646 0.0769114241332 0.261316166982 0.220076485018 0.341614428925 0.136244658314 0.252713197267 0.449384210047 
0.0461361593597 0.0601822859419 0.0846301993037 0.0239664768917 0.140914556744 0.0936793917951 0.202920277895 0.913901060534 
0.172941257593 0.175832049847 0.0235227670305 0.0987999470146 0.0875699481113 0.366237769898 0.45131907011 0.310779019531 
0.0739176179771 0.0242681473586 0.422100854143 0.646081740331 0.324814271513 0.0333092135233 0.499235430075 0.633566720431 
0.257602388146 0.870149833127 0.676926861127 0.0478086651883 0.208318285124 0.10177550247 0.19149388119 0.209750800373 
0.1283908366 0.29016225988 0.325780042376 0.19809109968 0.175575134316 0.439197806517 0.196682546656 0.140220840755 
0.00579113914539 0.0073498917812 0.384364461982 0.6468009666 0.294025322806 0.29542266935 0.219668423836 0.304779974511 
0.0340567498405 0.0503987705317 0.139957295759 0.415083862707 0.36104329759 0.151393637723 0.468582101971 0.432515180949 
0.00546074477401 0.0102284817112 0.0190829126373 0.183255895656 0.197052579536 0.191180317283 0.700946798782 0.18177144774 
0.00551178193219 0.00483050000234 0.0510221394817 0.451038666215 0.445584459639 0.157080001954 0.113674341442 0.287533792458 
0.00481514862244 0.00132920451006 0.0403666037599 0.225013337768 0.236811820624 0.431241348885 0.851052487162 0.22070379015 
0.185122430675 0.187261226265 0.0229413985229 0.180442948013 0.231668594485 0.184893080372 0.38176867194 0.297689008038 
0.00325208014256 0.0041045134469 0.0113645869668 0.109135861842 0.235765697277 0.229339334346 0.397109339983 0.882010867501 
0.0344812261945 0.0871061521233 0.0994940578554 0.275810753788 0.368864144926 0.202213005503 0.399152956041 0.137561226487 
0.0132089632808 0.024741592535 0.0236367073649 0.0135631153885 0.175806133829 0.307538019933 0.789501735435 0.625647061259 
0.0024145232806 0.00151112413955 0.1602549841 0.269673866982 0.12258942804 0.123171429333 0.204909905853 0.744974323129 
0.00146775681238 0.000918593615333 0.0974171170264 0.16393151829 0.0812244943489 0.307846757999 0.790294320567 0.626275179435 
0.0273948021533 0.0081676641014 0.0191064165565 0.0436854194017 0.199210001874 0.253981138599 0.49753829274 0.736771442796 
0.284768531604 0.392189965231 0.466114876389 0.598517691908 0.350876580082 0.0359819511291 0.539293300432 0.690494687634 
0.0151035077711 0.157377449151 0.137601864611 0.0720948343648 0.93448664102 0.535060136087 0.0329732370226 0.13597627017 
0.00721170463031 0.00823019355056 0.0481715380609 0.116019495525 0.152693576369 0.396010233337 0.592241900159 0.528724812066 
0.00114694361366 0.0188422242942 0.179613017748 0.404563438763 0.333261562127 0.0530838636722 0.674174750429 0.0195160993352 
0.115974473998 0.034577382592 0.0808861874652 0.184940621422 0.480680098328 0.262424940165 0.518007681653 0.178531402482 
0.18854512708 0.453180656282 0.46025675761 0.276654725478 0.0656645837248 0.384760394074 0.192198889503 0.645395344977 
0.0346794942152 0.00957315184049 0.290726789479 0.290104922399 0.1548320041 0.770846041071 0.833351238046 0.0241314510522 
0.042619343811 0.0305897803774 0.054881652953 0.3095151278 0.27241569618 0.114229813755 0.353554940591 0.483602429893 
0.00235533690654 0.00147408255176 0.156326723404 0.235679497897 0.0310479045533 0.194614253255 0.307095380607 0.64641549126 
0.0467229496079 0.054739926538 0.117118842918 0.0967324091026 0.0349703210933 0.168707254529 0.493295222364 0.38442866333 
0.0156421385314 0.0935807922255 0.258906784483 0.23346755399 0.157502383407 0.174777470348 0.363744364785 0.827213665687 
0.00660490554499 0.00413366040705 0.438374977313 0.737688818323 0.335341473778 0.336935319005 0.250536778487 0.347611829589 
0.077442324569 0.111318783487 0.151446607517 0.206179635129 0.120166123855 0.110804596265 0.518121785797 0.632879866046 
0.00146775681238 0.000918593615333 0.0974171170264 0.16393151829 0.0812244943489 0.307846757999 0.790294320567 0.626275179435 
0.0261362423271 0.0442867735895 0.0754149676878 0.209060300189 0.279593393055 0.121394572748 0.37254646087 0.674206893126 
0.227098784132 0.286625146637 0.49694783737 0.309099149358 0.273965411997 0.685319711846 0.306904202268 0.218816818917 
0.00978974785706 0.00960282539419 0.00267413973386 0.0337171788615 0.313187262106 0.598259774686 0.46536461986 0.167064074784 
0.0683498293738 0.0744640750821 0.0946150918276 0.178243151055 0.170301725533 0.0596914588536 0.343649565966 0.763269877181 
0.00274341771957 0.00171696158825 0.182084047265 0.306407392742 0.151818142949 0.391194661865 0.610532137262 0.178927174321 
0.115974473998 0.034577382592 0.0808861874652 0.184940621422 0.480680098328 0.262424940165 0.518007681653 0.178531402482 
0.0695150803947 0.120319388502 0.338849409188 0.487644133587 0.293863798751 0.0579179078039 0.385408004023 0.493457551292 
0.176871401477 0.230719768325 0.324445453654 0.0489191553282 0.0284902683503 0.191213855438 0.367020833671 0.891764833758 
0.0104128672822 0.0250280328578 0.021783082113 0.0336620353426 0.153502557498 0.195706578908 0.383380134362 0.567716745411 
