0.269305159687 0.417051732729 0.337401734367 0.0470206209761 0.109080640645 0.594404991344 0.0537277158576 0.2464721953 
0.16172926919 0.0866114606913 0.154332575307 0.623734253133 0.659178450027 0.302716344481 0.165657079893 0.238196511783 
0.165805845168 0.172727481554 0.493143226755 0.487497989835 0.38061948207 0.149008976308 0.400359086846 0.00923223353598 
0.0292591967126 0.0254921829755 0.0743434080218 0.0912347456799 0.637623572099 0.653351064594 0.127482441746 0.163745794251 
0.0992724133108 0.108918826475 0.0569502528226 0.0123341913443 0.314381717386 0.238296585976 0.327026875916 0.728765991549 
0.0752691366609 0.0191862367469 0.0895575175398 0.147619905817 0.0512955203786 0.126077322128 0.323671064681 0.645801135091 
0.112201921221 0.0153443263114 0.474025372502 0.355747228167 0.362873915981 0.925699393726 0.15353434715 0.0990159721065 
0.0597769574589 0.0341511364411 0.109226678271 0.49496910116 0.0233392390336 0.117812786569 0.432163300436 0.167568894663 
0.00712995863125 0.0119974966502 0.0876044161601 0.0743189098757 0.0639654157654 0.0187711555831 0.601540496746 0.847722265631 
0.0245354800444 0.00285956047334 0.274323047113 0.363594856271 0.252175517731 0.146911927503 0.328087364874 0.471715906674 
0.108605580232 0.26997171753 0.260881514179 0.0727563406596 0.126270846275 0.260577201983 0.500186520432 0.267950030053 
0.0722676458148 0.0257058537202 0.132050127287 0.598395316074 0.0282160952753 0.142430744507 0.522466402992 0.202586043873 
0.0025846253251 0.0086790478969 0.0528317684648 0.264463214118 0.280626969557 0.229553044499 0.529104052209 0.283441866219 
0.0228533750576 0.0667489113887 0.269798817075 0.250784029012 0.31292814182 0.590015118709 0.401107558317 0.487609269294 
0.0992724133108 0.108918826475 0.0569502528226 0.0123341913443 0.314381717386 0.238296585976 0.327026875916 0.728765991549 
0.149198115729 0.100951584411 0.104707288846 0.193022319797 0.412191627025 0.42026520612 0.056337320523 0.424036663812 
0.124369494164 0.0934827704848 0.120767486792 0.0498901831707 0.585734238056 0.380292300216 0.357280591912 0.410406731816 
0.0119221277122 0.142788736631 0.528960544572 0.352632152959 0.282724778632 0.217709878961 0.119138204841 0.171304655205 
0.000799201203472 0.000944993585178 0.057308666484 0.107953743855 0.169221722481 0.201021260461 0.262985616041 0.751242752102 
0.0267129747465 0.0449495935014 0.328217021396 0.278441796601 0.239651700242 0.0703329062407 0.493941169155 0.691844882293 
0.124369494164 0.0934827704848 0.120767486792 0.0498901831707 0.585734238056 0.380292300216 0.357280591912 0.410406731816 
0.222726443235 0.0971686346975 0.0425667325397 0.240074571008 0.457839928086 0.162445182064 0.386640596683 0.171525688624 
0.115595548122 0.120421134678 0.343806709374 0.339870996453 0.265358052081 0.101640153566 0.265309822379 0.0481835535244 
0.11540164414 0.239274261842 0.309173806134 0.228906595653 0.175676959602 0.152807491575 0.390730550403 0.430426345984 
0.177903005549 0.123815600747 0.104423484135 0.213706634529 0.336064446244 0.506731494139 0.370119719049 0.497941382462 
0.0344038856426 0.0673942722031 0.156649972041 0.129895125403 0.0280928739204 0.0465419166376 0.142591092253 0.684261920232 
0.00196156863407 0.001031509535 0.00312075431434 0.00310165631354 0.114566340935 0.525024103901 0.7346070975 0.665591117069 
0.00156152069156 0.00184637494693 0.111972413598 0.210925185794 0.330633527838 0.392766773912 0.304014831566 0.687516215016 
0.26806689074 0.18741490189 0.151280135962 0.0620203838601 0.0560123238498 0.584516161244 0.643513488293 0.471109383934 
0.124995654406 0.244855792688 0.569138170387 0.471932887746 0.0995723837004 0.166595343643 0.396518460094 0.175908131474 
0.222726443235 0.0971686346975 0.0425667325397 0.240074571008 0.457839928086 0.162445182064 0.386640596683 0.171525688624 
0.668134527728 0.790015238758 0.690824886209 0.509925177598 0.230367810621 0.280094483463 0.215851052253 0.284520979725 
0.00110056094488 0.00123994215332 0.00658442777111 0.0269202548639 0.205762815878 0.486692732109 0.580752129643 0.567373666 
0.0548365807614 0.0920863214233 0.11061816409 0.327734612936 0.428037557724 0.144903666892 0.344889766606 0.130211071489 
0.400105162902 0.326147951569 0.56969118788 0.967447586627 0.277424908451 0.337309600977 0.259943269475 0.34264264997 
0.00750175340582 0.00425701631569 0.0089209441624 0.0723571588388 0.195293644221 0.208098631622 0.453668793289 0.847434604515 
0.649171210246 0.712251901488 0.372414279836 0.0355834693214 0.477914605697 0.187099594858 0.50270066991 0.0115956416232 
0.180923842282 0.44974042622 0.434597240336 0.121203317007 0.210352075321 0.190339954276 0.00933112207014 0.389835304447 
0.0722676458148 0.0257058537202 0.132050127287 0.598395316074 0.0282160952753 0.142430744507 0.522466402992 0.202586043873 
0.193015671566 0.479798290922 0.46364302829 0.129303796066 0.204136081856 0.106638233461 0.391173027489 0.151673953477 
0.0878077445343 0.0223823502713 0.104476335706 0.172210968217 0.0598405216996 0.0753244204082 0.194041544449 0.93116181075 
0.0521685006154 0.106840243297 0.218680876516 0.192408891831 0.375261765552 0.15493716641 0.470565732269 0.367104214069 
0.00412652362622 0.101192182899 0.155668365979 0.0466080601489 0.547200566359 0.355273903693 0.333776044373 0.355520159996 
0.103686976762 0.0738617923051 0.169963435273 0.0438068013376 0.0302222970777 0.0082498182924 0.439919367587 0.946367097837 
0.400105162902 0.326147951569 0.56969118788 0.967447586627 0.277424908451 0.337309600977 0.259943269475 0.34264264997 
0.0307894316155 0.0337812772344 0.0176631743495 0.0038254609686 0.149381589645 0.412935853427 0.437692802019 0.393081339786 
0.0129252672163 0.00733469465412 0.0153704830625 0.124668912776 0.336484304464 0.358548215924 0.443315906958 0.799618116542 
0.0447686443455 0.0928235017796 0.115371917244 0.10650425626 0.244556739048 0.61876244794 0.597519957797 0.320093957025 
0.238350760536 0.26151157148 0.241771432109 0.320140726651 0.326554105229 0.833046570698 0.138166973622 0.0891041843527 
0.0752691366609 0.0191862367469 0.0895575175398 0.147619905817 0.0512955203786 0.126077322128 0.323671064681 0.645801135091 
0.0870641270392 0.0709708090342 0.123966575728 0.37569651462 0.566429516016 0.855711419411 0.704998741737 0.189903689968 
0.00113523023034 0.0027919213047 0.00347226321043 0.00186240749874 0.100806770562 0.461967800097 0.646379566522 0.585651148489 
0.00614295485331 0.011750590325 0.0290293266916 0.0264826698474 0.0862002711689 0.413544153791 0.442685309846 0.571052749114 
0.121581442663 0.0309913261997 0.144661312083 0.534251381092 0.51987106871 0.214643835654 0.651901815663 0.54629652204 
0.0298215371318 0.0134703580655 0.0980840239334 0.0116664701449 0.297362413023 0.225396108708 0.309322897024 0.689312941958 
0.0213584912464 0.009647608864 0.0980840239334 0.170795208093 0.297362413023 0.225396108708 0.309322897024 0.689312941958 
0.126601654162 0.0571858382967 0.416397005474 0.0175147980927 0.308875839048 0.787948833841 0.130687074523 0.0842797312892 
0.00196156863407 0.001031509535 0.00312075431434 0.00310165631354 0.114566340935 0.525024103901 0.7346070975 0.665591117069 
0.0602335727423 0.13736369074 0.190619702546 0.0747841970668 0.247397625347 0.373035604384 0.272467219376 0.366561622577 
0.174411426202 0.33490513322 0.348702589373 0.175826920703 0.296288130607 0.0545976359465 0.366124948636 0.326731306499 
0.0260054566996 0.0873249876368 0.531571324857 0.541826401295 0.364678887822 0.139683746097 0.36461342827 0.0662231993988 
0.260844663904 0.212628980791 0.371404622245 0.630718033765 0.18086445427 0.219905043791 0.20651680748 0.610137461559 
0.09774660647 0.0963921489809 0.0297081143329 0.0222090075305 0.421947602474 0.516977229525 0.0914360287867 0.289086695942 
0.256795985006 0.63834337016 0.737496381761 0.392363846713 0.177257369864 0.2155193131 0.16608688917 0.21892263927 
0.000799201203472 0.000944993585178 0.057308666484 0.107953743855 0.169221722481 0.201021260461 0.262985616041 0.751242752102 
0.0402082040282 0.0691784583111 0.103053604755 0.061128781639 0.0658342628766 0.496047963491 0.80398235567 0.71708981146 
0.0275322682574 0.012436297648 0.126435689783 0.220164395984 0.502053323858 0.676717954073 0.557530468217 0.150177856025 
0.00278340297635 0.00305387162462 0.00282335063528 0.00373853060126 0.00381338674857 0.210706681402 0.657178025949 0.756407501384 
0.00484894871518 0.000565134358729 0.0542145125334 0.0802661925469 0.1254981347 0.317526792083 0.841494814552 0.96256627536 
0.040132974399 0.0181280237704 0.184301564976 0.320927126474 0.426004420079 0.168770394373 0.512578850925 0.429540806314 
0.0386111172475 0.0336400777201 0.268979770818 0.263561665122 0.328872069464 0.620076933086 0.421544405873 0.512454015562 
0.0201977510546 0.0189363985841 0.00759969842229 0.0139930823825 0.200244348028 0.213373989981 0.465169374634 0.868917451339 
0.0129252672163 0.00733469465412 0.0153704830625 0.124668912776 0.336484304464 0.358548215924 0.443315906958 0.799618116542 
0.0175806252859 0.00794115065976 0.0807350343045 0.0473203276185 0.0304521732912 0.179392202118 0.391087143819 0.730533384552 
0.222726443235 0.0971686346975 0.0425667325397 0.240074571008 0.457839928086 0.162445182064 0.386640596683 0.171525688624 
0.03157118274 0.0142606712036 0.144983485338 0.0849775571924 0.0931577721706 0.682849189725 0.43289959024 0.213524843056 
0.668134527728 0.790015238758 0.690824886209 0.509925177598 0.230367810621 0.280094483463 0.215851052253 0.284520979725 
0.0715795827894 0.148413414774 0.184465570318 0.17028726552 0.391016305157 0.515207721868 0.364629700938 0.490555219653 
0.0216117609284 0.0672042098136 0.218497542322 0.391585702961 0.374947159534 0.15480727105 0.470171224988 0.394002280933 
0.00156152069156 0.00184637494693 0.111972413598 0.210925185794 0.330633527838 0.392766773912 0.304014831566 0.687516215016 
0.0645754658061 0.0164604009611 0.0768338617218 0.126647184608 0.0440078348155 0.108164936639 0.687343846941 0.909927992073 
0.255781470425 0.28817451879 0.212668831901 0.266344151731 0.246243579551 0.142613128895 0.484783632791 0.566669850123 
0.182762059072 0.216101409204 0.188968799509 0.139485347045 0.102692688036 0.571438345089 0.629115678063 0.460568635955 
0.111779778144 0.0634316084943 0.128026770142 0.487292329313 0.474175998756 0.195777135046 0.594601456454 0.498277557877 
0.00614295485331 0.011750590325 0.0290293266916 0.0264826698474 0.0862002711689 0.413544153791 0.442685309846 0.571052749114 
0.128145830603 0.198449377247 0.160548821002 0.0341633702117 0.381256790712 0.502348423373 0.35552872421 0.452422322981 
0.140370088543 0.291043939909 0.361743488033 0.279102537322 0.258039111781 0.149444657545 0.508005787211 0.593815045186 
0.107969432091 0.0578212607556 0.103031446836 0.416401026807 0.440063334871 0.267029262481 0.380470912206 0.16878842769 
0.233989036315 0.190737466503 0.333166139682 0.565781576297 0.162243297402 0.243676028303 0.398439142463 0.0723680306967 
0.117433929061 0.0582965514183 0.0906813832696 0.141607656351 0.134233558625 0.370823472907 0.470187997014 0.301833390585 
0.0618446848462 0.0157643200208 0.073584695227 0.271757008462 0.264442173416 0.109181681881 0.693096090836 0.876676460221 
0.182762059072 0.216101409204 0.188968799509 0.139485347045 0.102692688036 0.571438345089 0.629115678063 0.460568635955 
0.0273245758331 0.0119208644703 0.00522218076176 0.0294528855676 0.145216957024 0.163481191687 0.356400235879 0.665738961759 
0.183095234961 0.455138073329 0.439813143559 0.122657962166 0.21287665708 0.247582738585 0.298835516948 0.0542738827958 
0.0752691366609 0.0191862367469 0.0895575175398 0.147619905817 0.0512955203786 0.126077322128 0.323671064681 0.645801135091 
0.141156328487 0.174094234849 0.146320986495 0.143101874869 0.145389860335 0.233482883819 0.443904894747 0.226073166023 
0.0212960754612 0.0120848725113 0.0253248881377 0.205408388412 0.554402057451 0.761630134107 0.642475418844 0.538396993708 
0.00196156863407 0.001031509535 0.00312075431434 0.00310165631354 0.114566340935 0.525024103901 0.7346070975 0.665591117069 
0.0162911756683 0.00579482787368 0.0297678449903 0.213679053187 0.33627508265 0.399468531702 0.30920223272 0.699247438472 
0.00128860229265 0.00263904191293 0.0401585687345 0.0504688008413 0.0789091774628 0.199649926602 0.529104052209 0.605225732982 
