0.00394547456392 0.0839780528129 0.476093657772 0.377908325829 0.165796494409 0.218680839711 0.182838598834 0.44195004331 
0.0762298411514 0.18571603568 0.272893661029 0.177990736945 0.149587565454 0.171317854474 0.0966249186637 0.308204231159 
0.000558107590039 0.00100952126349 0.00115852855996 0.000943181883451 0.00923004453878 0.476299620358 0.594794685455 0.341834766056 
0.153767783038 0.240252499494 0.183979983289 0.0167998201052 0.042394696355 0.127378979301 0.0659092613648 0.417991375854 
0.147447490352 0.331341661719 0.337369850899 0.201426074483 0.140350390473 0.287320227249 0.235129098044 0.341813434642 
0.238626433398 0.21829658386 0.0196092448638 0.0438887776604 0.0909149813169 0.0945100560761 0.307913264928 0.191844046917 
0.0280693520714 0.0409164678232 0.410607420522 0.46031737484 0.0224745688639 0.30246573947 0.100405713398 0.214918776454 
0.00685463062751 0.0142995785163 0.0663267868173 0.0581480739066 0.00710927938874 0.0210634817884 0.340808291144 0.64827650313 
0.0470511558616 0.00730059959986 0.139016402662 0.204082506339 0.142746542594 0.0201257629345 0.0923510043658 0.531544753259 
0.0115197821259 0.0205754674708 0.121346513792 0.126456545975 0.0662876839224 0.0114658503638 0.316283495348 0.555425164403 
0.10937770672 0.121998463343 0.0479830253158 0.028587492201 0.0528170148633 0.177051372479 0.308398831727 0.28077746642 
0.0303758483347 0.0548030789819 0.308788845133 0.283502259873 0.310659431389 0.659378180902 0.692900955847 0.290926057027 
0.107531139885 0.108918012966 0.119490514795 0.36855126476 0.102745066744 0.00665386317166 0.456138849902 0.358673531218 
0.114228299952 0.0583615805587 0.0633033900797 0.0273401815829 0.139564333673 0.0711442878608 0.106856768611 0.408597358634 
0.0225128482254 0.0135004176294 0.00916780026554 0.363748931598 0.44787833882 0.244039132814 0.563867159861 0.289879396784 
0.0406309325225 0.0381543434527 0.020419126807 0.0318811670103 0.0664796334519 0.217561177395 0.237649900153 0.435606282178 
0.48797666669 0.372980737337 0.0649664594644 0.349278722222 0.0208376280529 0.641886158558 0.458975693629 0.452135991532 
0.0011329623337 0.0013740400634 0.00143386655627 0.0372714526306 0.0663804848958 0.128253615942 0.493229223902 0.772624793382 
0.000483090034436 0.000737269916493 0.000481640532141 0.000230198249952 0.0347676594186 0.146068813685 0.269425872193 0.742340815838 
0.203608625671 0.0752298190982 0.251508771194 0.241027877413 0.539838184842 0.665705547488 0.0546884676675 0.113918279979 
0.0174344867619 0.0178008557899 0.0349950343376 0.232666882017 0.350883640908 0.136529695945 0.241560557404 0.0149359407106 
0.00445022033531 0.0673831073527 0.114797125999 0.0795060968273 0.0431723078947 0.0453963902502 0.0170174394854 0.775822425018 
0.00313580871602 0.0163362519115 0.0261645504376 0.181035805479 0.551963322214 0.428825603598 0.171464611361 0.430347872616 
0.00125716799612 6.53754445306e-05 0.0144390042405 0.306386318854 0.349202486003 0.111271893245 0.139877492586 0.309985565222 
0.0106514776856 0.0494730160976 0.15833709659 0.116181856389 0.00378911231279 0.109339703937 0.138168263585 0.72529347816 
0.0021552536897 0.00254352027677 0.00190846727729 0.133702885851 0.544855809867 0.455967020791 0.146666119824 0.437038945395 
0.059459105857 0.128178213015 0.153352865525 0.073600180919 0.038323617087 0.0680367030675 0.359420132376 0.392730751149 
0.00313580871602 0.0163362519115 0.0261645504376 0.181035805479 0.551963322214 0.428825603598 0.171464611361 0.430347872616 
0.0114311413802 0.0112022108625 0.102247303946 0.0862030382685 0.0366567234116 0.156422198531 0.350471766027 0.51537264008 
0.0148434496123 0.0139701375893 0.0224781529765 0.0221598784963 0.0709572423524 0.184393990204 0.158706320807 0.529418699773 
0.160813261823 0.290883602617 0.333818674216 0.271780246024 0.203978203967 0.055570697937 0.420068156934 0.379386993288 
0.0406309325225 0.0381543434527 0.020419126807 0.0318811670103 0.0664796334519 0.217561177395 0.237649900153 0.435606282178 
0.0179866732246 0.272345577091 0.463981118501 0.321343775606 0.174492282838 0.340404434278 0.647488451593 0.310996227682 
0.0115197821259 0.0205754674708 0.121346513792 0.126456545975 0.0662876839224 0.0114658503638 0.316283495348 0.555425164403 
0.0984314990265 0.0942425230379 0.0144901473541 0.194803168796 0.346199927908 0.259429581698 0.525499702291 0.252391614015 
0.0174344867619 0.0178008557899 0.0349950343376 0.232666882017 0.350883640908 0.136529695945 0.241560557404 0.0149359407106 
0.000454548258414 0.000587052539417 0.00522672483312 0.0819383982525 0.333909095139 0.352641327269 0.233743490573 0.0360054435668 
0.0524706775078 0.159399284119 0.169415770009 0.043702295867 0.172868776799 0.128450823472 0.0664638560092 0.421509066837 
0.0174344867619 0.0178008557899 0.0349950343376 0.232666882017 0.350883640908 0.136529695945 0.241560557404 0.0149359407106 
0.128082623058 0.144597739069 0.00526867535653 0.172260790195 0.0777658193126 0.056491275271 0.603044921129 0.598533098334 
0.0174344867619 0.0178008557899 0.0349950343376 0.232666882017 0.350883640908 0.136529695945 0.241560557404 0.0149359407106 
0.0368834090106 0.0348185055448 0.0218370685149 0.318711092815 0.480646498953 0.187021810656 0.330894091998 0.020483208482 
0.00296726586003 0.015458214246 0.0247582633088 0.171305526658 0.522296495085 0.405777010712 0.172020676428 0.457439891498 
0.10898818392 0.230628510072 0.539447740351 0.399420256225 0.0628522753432 0.490544739864 0.291327023253 0.0647376660261 
0.0350215771765 0.532477592833 0.621692923485 0.293175087639 0.0230241058558 0.30986148136 0.102860780137 0.220175379089 
0.114228299952 0.0583615805587 0.0633033900797 0.0273401815829 0.139564333673 0.0711442878608 0.106856768611 0.408597358634 
0.0139927996904 0.212750340346 0.248396144268 0.246858839983 0.430811131193 0.227455122719 0.0460947874174 0.223334304187 
0.0286489139823 0.0262081611742 0.00235423775763 0.0164278463427 0.0946862420018 0.128442776516 0.279905992392 0.370196477109 
0.227693134044 0.228999416389 0.0489521408906 0.025118711954 0.0666168127204 0.0668881532058 0.285451842207 0.612506816597 
0.0647301616088 0.13697467208 0.320388304807 0.23722329403 0.0373290759388 0.291342676552 0.293661276998 0.635787272451 
0.0617338194862 0.0188506794643 0.0352520501191 0.0983918761771 0.209041021186 0.088202929393 0.486042540037 0.874854112607 
0.0238810795125 0.0348112567659 0.349340036894 0.391632684202 0.0191210699441 0.259524984672 0.135190629333 0.402839203466 
0.000310667163407 0.000444469560918 0.00506692027878 0.0961340994375 0.380301903095 0.401637141752 0.266219539326 0.0410168847649 
0.0261707986577 0.0374423836345 0.42683989198 0.425364198195 0.145011754167 0.0510925597226 0.184686019636 0.0410168847649 
0.137685678395 0.0508724451884 0.170077056643 0.16298957879 0.36505316029 0.450167198643 0.0529319807927 0.543949619916 
0.1337735397 0.0609290272045 0.019692866161 0.264747678454 0.470503832432 0.352579392714 0.71418179228 0.343036374725 
0.121019405526 0.256087625058 0.59899745532 0.44351232121 0.0554169569375 0.286100862053 0.0579796643155 0.280933328794 
0.0864403566669 0.131921279977 0.0800147579468 0.0243466653027 0.124283230546 0.0633542834407 0.095156792634 0.363852489412 
0.0243076258951 0.0347767550475 0.396451960154 0.395081322292 0.13468794406 0.0594116044175 0.367668415175 0.218515288735 
0.107531139885 0.108918012966 0.119490514795 0.36855126476 0.102745066744 0.00665386317166 0.456138849902 0.358673531218 
0.10937770672 0.121998463343 0.0479830253158 0.028587492201 0.0528170148633 0.177051372479 0.308398831727 0.28077746642 
0.0340093626421 0.0929428278375 0.64043003357 0.541814849943 0.129318565007 0.297176562284 0.143981511897 0.258660366935 
0.00909631282947 0.0113864706501 0.0289412665946 0.0994104021991 0.513550727734 0.506764586468 0.159813585938 0.474951834765 
0.145262384165 0.136715895628 0.219977849004 0.216863474563 0.112091581388 0.14739545063 0.0714131389195 0.227893389345 
0.289213100046 0.341314519543 0.0956273164265 0.297142753597 0.223013448898 0.0607568261804 0.4592689499 0.414797328031 
0.10898818392 0.230628510072 0.539447740351 0.399420256225 0.0628522753432 0.490544739864 0.291327023253 0.0647376660261 
0.00313580871602 0.0163362519115 0.0261645504376 0.181035805479 0.551963322214 0.428825603598 0.171464611361 0.430347872616 
0.0376671554552 0.0672772552234 0.188349521945 0.197623878638 0.216554558469 0.459638760386 0.483007479909 0.202779461389 
0.00392397792755 0.0204422832854 0.0327408731837 0.226538215779 0.359222919334 0.256337827451 0.519237116819 0.2493830054 
0.00182335563487 0.00949892123547 0.0152137102826 0.105265554974 0.320946003537 0.2493448622 0.159835497727 0.564192219617 
0.036096165131 0.00560078998651 0.106649006627 0.13826133156 0.075089759389 0.0129887431318 0.358281481143 0.629186107207 
0.0438442003165 0.0911268870026 0.0691496035044 0.0150465350518 0.153837091864 0.290294884923 0.774128587906 0.705677383854 
0.10937770672 0.121998463343 0.0479830253158 0.028587492201 0.0528170148633 0.177051372479 0.308398831727 0.28077746642 
0.00313580871602 0.0163362519115 0.0261645504376 0.181035805479 0.551963322214 0.428825603598 0.171464611361 0.430347872616 
0.00952909151386 0.0112457468134 0.00843796878169 0.591144831926 0.723759010446 0.309296040984 0.123105090738 0.263520961019 
0.00154249713397 0.0328315215609 0.186130528159 0.147744594794 0.0648186018089 0.102233845102 0.359299609972 0.597746671674 
0.154226295809 0.145152417009 0.301519530949 0.309977932318 0.0487776944302 0.380696224648 0.226089878152 0.0502265868299 
0.000233698449404 0.000494526869478 0.00210981658902 0.0342200211585 0.139450783136 0.135938540149 0.259717955281 0.715590663884 
0.0277099224064 0.0320194536545 0.100748320216 0.487344859157 0.447110561523 0.353040973346 0.412374322541 0.000585262643122 
0.147447490352 0.331341661719 0.337369850899 0.201426074483 0.140350390473 0.287320227249 0.235129098044 0.341813434642 
0.115365304571 0.00711238429166 0.0498256092338 0.343095805229 0.219913159528 0.0414110537431 0.0111488241331 0.658381663304 
0.00218362532779 0.00257700303402 0.00193359024012 0.135462943185 0.552028262054 0.582998719037 0.386432000079 0.0544936277515 
0.00251949995204 0.00297338509962 0.00223100576737 0.156299195001 0.231044419837 0.275644435108 0.480131800334 0.437164650191 
0.00296726586003 0.015458214246 0.0247582633088 0.171305526658 0.522296495085 0.405777010712 0.172020676428 0.457439891498 
0.0340093626421 0.0929428278375 0.64043003357 0.541814849943 0.129318565007 0.297176562284 0.143981511897 0.258660366935 
0.0864403566669 0.131921279977 0.0800147579468 0.0243466653027 0.124283230546 0.0633542834407 0.095156792634 0.363852489412 
0.00761387622379 0.0095308043903 0.0242246750814 0.0832093684405 0.42985674189 0.424176098715 0.133803916537 0.475088442784 
0.0228586168366 0.0624694006082 0.430450432412 0.421235549746 0.233316792002 0.0635639588896 0.48048744335 0.433964133061 
0.0319176686916 0.0399535067817 0.101550788625 0.348817058325 0.396539820853 0.239185343364 0.123760218014 0.784929265695 
0.00315007724264 0.0670482999806 0.380114438954 0.30172300139 0.132372316437 0.193876981544 0.318218515781 0.505395697358 
0.00404930094373 0.00477877804467 0.00358563792974 0.251201627009 0.371331082751 0.255200557747 0.317190620511 0.503762987919 
0.0568232124424 0.0670598512171 0.149028125918 0.564906278017 0.192583389656 0.0678546073994 0.245273121795 0.0544936277515 
0.0153239031969 0.0259035163285 0.0185162468648 0.0685764754816 0.455518534279 0.386289648056 0.389950637874 0.619335041358 
0.00125716799612 6.53754445306e-05 0.0144390042405 0.306386318854 0.349202486003 0.111271893245 0.139877492586 0.309985565222 
0.0174916460485 0.0478022207974 0.329385050313 0.322333718891 0.198861309857 0.266588240815 0.540000115645 0.25935775743 
0.578368025861 0.882678567092 0.535374674914 0.104123818264 0.0300430002677 0.404322695413 0.134217821546 0.287314697107 
0.202870179495 0.207133302574 0.407207219662 0.281996091248 0.0541466389998 0.422599468012 0.25097549415 0.0557620397383 
0.0653503992809 0.0737767525158 0.00144580182098 0.0124387158545 0.127174554984 0.239981492259 0.639959225871 0.583360777074 
0.154226295809 0.145152417009 0.301519530949 0.309977932318 0.0487776944302 0.380696224648 0.226089878152 0.0502265868299 
0.0115197821259 0.0205754674708 0.121346513792 0.126456545975 0.0662876839224 0.0114658503638 0.316283495348 0.555425164403 
