1.33650664484 1.23849601046 1.37052263262 1.08820036924 0.891915662926 0.888674544404 0.913183971424 0.862433828781 
1.33650664484 1.23849601046 1.37052263262 1.08820036924 0.891915662926 0.888674544404 0.913183971424 0.862433828781 
1.26047185446 1.47227638011 1.62922454615 1.29361070773 1.06027502063 1.05642214223 1.08555928181 1.02523210843 
1.33650664484 1.23849601046 1.37052263262 1.08820036924 0.891915662926 0.888674544404 0.913183971424 0.862433828781 
1.33650664484 1.23849601046 1.37052263262 1.08820036924 0.891915662926 0.888674544404 0.913183971424 0.862433828781 
0.496763800213 0.580237953429 0.63476501848 0.685319409912 1.10975220713 1.05642214223 1.08555928181 1.02523210843 
1.33650664484 1.23849601046 1.37052263262 1.08820036924 0.891915662926 0.888674544404 0.913183971424 0.862433828781 
1.26047185446 1.47227638011 1.62922454615 1.29361070773 1.06027502063 1.05642214223 1.08555928181 1.02523210843 
1.33650664484 1.23849601046 1.37052263262 1.08820036924 0.891915662926 0.888674544404 0.913183971424 0.862433828781 
1.33650664484 1.23849601046 1.37052263262 1.08820036924 0.891915662926 0.888674544404 0.913183971424 0.862433828781 
1.33650664484 1.23849601046 1.37052263262 1.08820036924 0.891915662926 0.888674544404 0.913183971424 0.862433828781 
1.26047185446 1.47227638011 1.62922454615 1.29361070773 1.06027502063 1.05642214223 1.08555928181 1.02523210843 
1.33650664484 1.23849601046 1.37052263262 1.08820036924 0.891915662926 0.888674544404 0.913183971424 0.862433828781 
1.33650664484 1.23849601046 1.37052263262 1.08820036924 0.891915662926 0.888674544404 0.913183971424 0.862433828781 
1.33650664484 1.23849601046 1.37052263262 1.08820036924 0.891915662926 0.888674544404 0.913183971424 0.862433828781 
1.33650664484 1.23849601046 1.37052263262 1.08820036924 0.891915662926 0.888674544404 0.913183971424 0.862433828781 
1.33650664484 1.23849601046 1.37052263262 1.08820036924 0.891915662926 0.888674544404 0.913183971424 0.862433828781 
1.33650664484 1.23849601046 1.37052263262 1.08820036924 0.891915662926 0.888674544404 0.913183971424 0.862433828781 
1.33650664484 1.23849601046 1.37052263262 1.08820036924 0.891915662926 0.888674544404 0.913183971424 0.862433828781 
1.26047185446 1.47227638011 1.62922454615 1.29361070773 1.06027502063 1.05642214223 1.08555928181 1.02523210843 
1.26047185446 1.47227638011 1.62922454615 1.29361070773 1.06027502063 1.05642214223 1.08555928181 1.02523210843 
0.496763800213 0.580237953429 0.63476501848 0.685319409912 1.10975220713 1.05642214223 1.08555928181 1.02523210843 
1.33650664484 1.23849601046 1.37052263262 1.08820036924 0.891915662926 0.888674544404 0.913183971424 0.862433828781 
1.26047185446 1.47227638011 1.62922454615 1.29361070773 1.06027502063 1.05642214223 1.08555928181 1.02523210843 
1.33650664484 1.23849601046 1.37052263262 1.08820036924 0.891915662926 0.888674544404 0.913183971424 0.862433828781 
1.33650664484 1.23849601046 1.37052263262 1.08820036924 0.891915662926 0.888674544404 0.913183971424 0.862433828781 
1.33650664484 1.23849601046 1.37052263262 1.08820036924 0.891915662926 0.888674544404 0.913183971424 0.862433828781 
1.26047185446 1.47227638011 1.62922454615 1.29361070773 1.06027502063 1.05642214223 1.08555928181 1.02523210843 
1.26047185446 1.47227638011 1.62922454615 1.29361070773 1.06027502063 1.05642214223 1.08555928181 1.02523210843 
1.33650664484 1.23849601046 1.37052263262 1.08820036924 0.891915662926 0.888674544404 0.913183971424 0.862433828781 
1.26047185446 1.47227638011 1.62922454615 1.29361070773 1.06027502063 1.05642214223 1.08555928181 1.02523210843 
1.33650664484 1.23849601046 1.37052263262 1.08820036924 0.891915662926 0.888674544404 0.913183971424 0.862433828781 
1.33650664484 1.23849601046 1.37052263262 1.08820036924 0.891915662926 0.888674544404 0.913183971424 0.862433828781 
1.33650664484 1.23849601046 1.37052263262 1.08820036924 0.891915662926 0.888674544404 0.913183971424 0.862433828781 
1.26047185446 1.47227638011 1.62922454615 1.29361070773 1.06027502063 1.05642214223 1.08555928181 1.02523210843 
1.26047185446 1.47227638011 1.62922454615 1.29361070773 1.06027502063 1.05642214223 1.08555928181 1.02523210843 
1.33650664484 1.23849601046 1.37052263262 1.08820036924 0.891915662926 0.888674544404 0.913183971424 0.862433828781 
1.33650664484 1.23849601046 1.37052263262 1.08820036924 0.891915662926 0.888674544404 0.913183971424 0.862433828781 
1.33650664484 1.23849601046 1.37052263262 1.08820036924 0.891915662926 0.888674544404 0.913183971424 0.862433828781 
1.33650664484 1.23849601046 1.37052263262 1.08820036924 0.891915662926 0.888674544404 0.913183971424 0.862433828781 
1.33650664484 1.23849601046 1.37052263262 1.08820036924 0.891915662926 0.888674544404 0.913183971424 0.862433828781 
1.33650664484 1.23849601046 1.37052263262 1.08820036924 0.891915662926 0.888674544404 0.913183971424 0.862433828781 
1.33650664484 1.23849601046 1.37052263262 1.08820036924 0.891915662926 0.888674544404 0.913183971424 0.862433828781 
1.26047185446 1.47227638011 1.62922454615 1.29361070773 1.06027502063 1.05642214223 1.08555928181 1.02523210843 
1.33650664484 1.23849601046 1.37052263262 1.08820036924 0.891915662926 0.888674544404 0.913183971424 0.862433828781 
1.33650664484 1.23849601046 1.37052263262 1.08820036924 0.891915662926 0.888674544404 0.913183971424 0.862433828781 
1.26047185446 1.47227638011 1.62922454615 1.29361070773 1.06027502063 1.05642214223 1.08555928181 1.02523210843 
1.33650664484 1.23849601046 1.37052263262 1.08820036924 0.891915662926 0.888674544404 0.913183971424 0.862433828781 
1.33650664484 1.23849601046 1.37052263262 1.08820036924 0.891915662926 0.888674544404 0.913183971424 0.862433828781 
1.33650664484 1.23849601046 1.37052263262 1.08820036924 0.891915662926 0.888674544404 0.913183971424 0.862433828781 
0.496763800213 0.580237953429 0.63476501848 0.685319409912 1.10975220713 1.05642214223 1.08555928181 1.02523210843 
1.33650664484 1.23849601046 1.37052263262 1.08820036924 0.891915662926 0.888674544404 0.913183971424 0.862433828781 
1.26047185446 1.47227638011 1.62922454615 1.29361070773 1.06027502063 1.05642214223 1.08555928181 1.02523210843 
1.26047185446 1.47227638011 1.62922454615 1.29361070773 1.06027502063 1.05642214223 1.08555928181 1.02523210843 
1.33650664484 1.23849601046 1.37052263262 1.08820036924 0.891915662926 0.888674544404 0.913183971424 0.862433828781 
1.33650664484 1.23849601046 1.37052263262 1.08820036924 0.891915662926 0.888674544404 0.913183971424 0.862433828781 
1.33650664484 1.23849601046 1.37052263262 1.08820036924 0.891915662926 0.888674544404 0.913183971424 0.862433828781 
1.33650664484 1.23849601046 1.37052263262 1.08820036924 0.891915662926 0.888674544404 0.913183971424 0.862433828781 
1.26047185446 1.47227638011 1.62922454615 1.29361070773 1.06027502063 1.05642214223 1.08555928181 1.02523210843 
1.33650664484 1.23849601046 1.37052263262 1.08820036924 0.891915662926 0.888674544404 0.913183971424 0.862433828781 
1.33650664484 1.23849601046 1.37052263262 1.08820036924 0.891915662926 0.888674544404 0.913183971424 0.862433828781 
1.33650664484 1.23849601046 1.37052263262 1.08820036924 0.891915662926 0.888674544404 0.913183971424 0.862433828781 
1.33650664484 1.23849601046 1.37052263262 1.08820036924 0.891915662926 0.888674544404 0.913183971424 0.862433828781 
1.33650664484 1.23849601046 1.37052263262 1.08820036924 0.891915662926 0.888674544404 0.913183971424 0.862433828781 
1.33650664484 1.23849601046 1.37052263262 1.08820036924 0.891915662926 0.888674544404 0.913183971424 0.862433828781 
1.33650664484 1.23849601046 1.37052263262 1.08820036924 0.891915662926 0.888674544404 0.913183971424 0.862433828781 
1.33650664484 1.23849601046 1.37052263262 1.08820036924 0.891915662926 0.888674544404 0.913183971424 0.862433828781 
1.26047185446 1.47227638011 1.62922454615 1.29361070773 1.06027502063 1.05642214223 1.08555928181 1.02523210843 
1.26047185446 1.47227638011 1.62922454615 1.29361070773 1.06027502063 1.05642214223 1.08555928181 1.02523210843 
1.33650664484 1.23849601046 1.37052263262 1.08820036924 0.891915662926 0.888674544404 0.913183971424 0.862433828781 
1.26047185446 1.47227638011 1.62922454615 1.29361070773 1.06027502063 1.05642214223 1.08555928181 1.02523210843 
1.26047185446 1.47227638011 1.62922454615 1.29361070773 1.06027502063 1.05642214223 1.08555928181 1.02523210843 
1.33650664484 1.23849601046 1.37052263262 1.08820036924 0.891915662926 0.888674544404 0.913183971424 0.862433828781 
1.26047185446 1.47227638011 1.62922454615 1.29361070773 1.06027502063 1.05642214223 1.08555928181 1.02523210843 
1.33650664484 1.23849601046 1.37052263262 1.08820036924 0.891915662926 0.888674544404 0.913183971424 0.862433828781 
1.33650664484 1.23849601046 1.37052263262 1.08820036924 0.891915662926 0.888674544404 0.913183971424 0.862433828781 
1.33650664484 1.23849601046 1.37052263262 1.08820036924 0.891915662926 0.888674544404 0.913183971424 0.862433828781 
1.33650664484 1.23849601046 1.37052263262 1.08820036924 0.891915662926 0.888674544404 0.913183971424 0.862433828781 
1.26047185446 1.47227638011 1.62922454615 1.29361070773 1.06027502063 1.05642214223 1.08555928181 1.02523210843 
1.26047185446 1.47227638011 1.62922454615 1.29361070773 1.06027502063 1.05642214223 1.08555928181 1.02523210843 
1.33650664484 1.23849601046 1.37052263262 1.08820036924 0.891915662926 0.888674544404 0.913183971424 0.862433828781 
1.26047185446 1.47227638011 1.62922454615 1.29361070773 1.06027502063 1.05642214223 1.08555928181 1.02523210843 
1.33650664484 1.23849601046 1.37052263262 1.08820036924 0.891915662926 0.888674544404 0.913183971424 0.862433828781 
1.33650664484 1.23849601046 1.37052263262 1.08820036924 0.891915662926 0.888674544404 0.913183971424 0.862433828781 
1.33650664484 1.23849601046 1.37052263262 1.08820036924 0.891915662926 0.888674544404 0.913183971424 0.862433828781 
1.26047185446 1.47227638011 1.62922454615 1.29361070773 1.06027502063 1.05642214223 1.08555928181 1.02523210843 
1.33650664484 1.23849601046 1.37052263262 1.08820036924 0.891915662926 0.888674544404 0.913183971424 0.862433828781 
1.33650664484 1.23849601046 1.37052263262 1.08820036924 0.891915662926 0.888674544404 0.913183971424 0.862433828781 
1.33650664484 1.23849601046 1.37052263262 1.08820036924 0.891915662926 0.888674544404 0.913183971424 0.862433828781 
1.26047185446 1.47227638011 1.62922454615 1.29361070773 1.06027502063 1.05642214223 1.08555928181 1.02523210843 
1.33650664484 1.23849601046 1.37052263262 1.08820036924 0.891915662926 0.888674544404 0.913183971424 0.862433828781 
1.33650664484 1.23849601046 1.37052263262 1.08820036924 0.891915662926 0.888674544404 0.913183971424 0.862433828781 
1.33650664484 1.23849601046 1.37052263262 1.08820036924 0.891915662926 0.888674544404 0.913183971424 0.862433828781 
1.26047185446 1.47227638011 1.62922454615 1.29361070773 1.06027502063 1.05642214223 1.08555928181 1.02523210843 
1.33650664484 1.23849601046 1.37052263262 1.08820036924 0.891915662926 0.888674544404 0.913183971424 0.862433828781 
1.33650664484 1.23849601046 1.37052263262 1.08820036924 0.891915662926 0.888674544404 0.913183971424 0.862433828781 
1.33650664484 1.23849601046 1.37052263262 1.08820036924 0.891915662926 0.888674544404 0.913183971424 0.862433828781 
1.33650664484 1.23849601046 1.37052263262 1.08820036924 0.891915662926 0.888674544404 0.913183971424 0.862433828781 
1.33650664484 1.23849601046 1.37052263262 1.08820036924 0.891915662926 0.888674544404 0.913183971424 0.862433828781 
1.33650664484 1.23849601046 1.37052263262 1.08820036924 0.891915662926 0.888674544404 0.913183971424 0.862433828781 
