4.07619940718 2.55481927271 2.12942452349 1.87112032004 0.893705413388 0.876804700599 0.881199421824 0.870248384045 
4.07619940718 2.55481927271 2.12942452349 1.87112032004 0.893705413388 0.876804700599 0.881199421824 0.870248384045 
4.07619940718 2.55481927271 2.12942452349 1.87112032004 0.893705413388 0.876804700599 0.881199421824 0.870248384045 
4.07619940718 2.55481927271 2.12942452349 1.87112032004 0.893705413388 0.876804700599 0.881199421824 0.870248384045 
4.07619940718 2.55481927271 2.12942452349 1.87112032004 0.893705413388 0.876804700599 0.881199421824 0.870248384045 
4.07619940718 2.55481927271 2.12942452349 1.87112032004 0.893705413388 0.876804700599 0.881199421824 0.870248384045 
4.07619940718 2.55481927271 2.12942452349 1.87112032004 0.893705413388 0.876804700599 0.881199421824 0.870248384045 
4.07619940718 2.55481927271 2.12942452349 1.87112032004 0.893705413388 0.876804700599 0.881199421824 0.870248384045 
4.07619940718 2.55481927271 2.12942452349 1.87112032004 0.893705413388 0.876804700599 0.881199421824 0.870248384045 
4.07619940718 2.55481927271 2.12942452349 1.87112032004 0.893705413388 0.876804700599 0.881199421824 0.870248384045 
4.07619940718 2.55481927271 2.12942452349 1.87112032004 0.893705413388 0.876804700599 0.881199421824 0.870248384045 
4.07619940718 2.55481927271 2.12942452349 1.87112032004 0.893705413388 0.876804700599 0.881199421824 0.870248384045 
4.07619940718 2.55481927271 2.12942452349 1.87112032004 0.893705413388 0.876804700599 0.881199421824 0.870248384045 
4.07619940718 2.55481927271 2.12942452349 1.87112032004 0.893705413388 0.876804700599 0.881199421824 0.870248384045 
4.07619940718 2.55481927271 2.12942452349 1.87112032004 0.893705413388 0.876804700599 0.881199421824 0.870248384045 
4.07619940718 2.55481927271 2.12942452349 1.87112032004 0.893705413388 0.876804700599 0.881199421824 0.870248384045 
4.07619940718 2.55481927271 2.12942452349 1.87112032004 0.893705413388 0.876804700599 0.881199421824 0.870248384045 
4.07619940718 2.55481927271 2.12942452349 1.87112032004 0.893705413388 0.876804700599 0.881199421824 0.870248384045 
4.07619940718 2.55481927271 2.12942452349 1.87112032004 0.893705413388 0.876804700599 0.881199421824 0.870248384045 
4.07619940718 2.55481927271 2.12942452349 1.87112032004 0.893705413388 0.876804700599 0.881199421824 0.870248384045 
4.07619940718 2.55481927271 2.12942452349 1.87112032004 0.893705413388 0.876804700599 0.881199421824 0.870248384045 
4.07619940718 2.55481927271 2.12942452349 1.87112032004 0.893705413388 0.876804700599 0.881199421824 0.870248384045 
4.07619940718 2.55481927271 2.12942452349 1.87112032004 0.893705413388 0.876804700599 0.881199421824 0.870248384045 
4.07619940718 2.55481927271 2.12942452349 1.87112032004 0.893705413388 0.876804700599 0.881199421824 0.870248384045 
4.07619940718 2.55481927271 2.12942452349 1.87112032004 0.893705413388 0.876804700599 0.881199421824 0.870248384045 
4.07619940718 2.55481927271 2.12942452349 1.87112032004 0.893705413388 0.876804700599 0.881199421824 0.870248384045 
4.07619940718 2.55481927271 2.12942452349 1.87112032004 0.893705413388 0.876804700599 0.881199421824 0.870248384045 
4.07619940718 2.55481927271 2.12942452349 1.87112032004 0.893705413388 0.876804700599 0.881199421824 0.870248384045 
4.07619940718 2.55481927271 2.12942452349 1.87112032004 0.893705413388 0.876804700599 0.881199421824 0.870248384045 
4.07619940718 2.55481927271 2.12942452349 1.87112032004 0.893705413388 0.876804700599 0.881199421824 0.870248384045 
4.07619940718 2.55481927271 2.12942452349 1.87112032004 0.893705413388 0.876804700599 0.881199421824 0.870248384045 
4.07619940718 2.55481927271 2.12942452349 1.87112032004 0.893705413388 0.876804700599 0.881199421824 0.870248384045 
4.07619940718 2.55481927271 2.12942452349 1.87112032004 0.893705413388 0.876804700599 0.881199421824 0.870248384045 
4.07619940718 2.55481927271 2.12942452349 1.87112032004 0.893705413388 0.876804700599 0.881199421824 0.870248384045 
4.07619940718 2.55481927271 2.12942452349 1.87112032004 0.893705413388 0.876804700599 0.881199421824 0.870248384045 
4.07619940718 2.55481927271 2.12942452349 1.87112032004 0.893705413388 0.876804700599 0.881199421824 0.870248384045 
0.245621104977 2.80922821649 2.34147265265 2.05744651262 0.982700625113 0.964116958337 0.968949536127 0.956908153502 
4.07619940718 2.55481927271 2.12942452349 1.87112032004 0.893705413388 0.876804700599 0.881199421824 0.870248384045 
4.07619940718 2.55481927271 2.12942452349 1.87112032004 0.893705413388 0.876804700599 0.881199421824 0.870248384045 
0.245621104977 2.80922821649 2.34147265265 2.05744651262 0.982700625113 0.964116958337 0.968949536127 0.956908153502 
4.07619940718 2.55481927271 2.12942452349 1.87112032004 0.893705413388 0.876804700599 0.881199421824 0.870248384045 
4.07619940718 2.55481927271 2.12942452349 1.87112032004 0.893705413388 0.876804700599 0.881199421824 0.870248384045 
4.07619940718 2.55481927271 2.12942452349 1.87112032004 0.893705413388 0.876804700599 0.881199421824 0.870248384045 
4.07619940718 2.55481927271 2.12942452349 1.87112032004 0.893705413388 0.876804700599 0.881199421824 0.870248384045 
4.07619940718 2.55481927271 2.12942452349 1.87112032004 0.893705413388 0.876804700599 0.881199421824 0.870248384045 
4.07619940718 2.55481927271 2.12942452349 1.87112032004 0.893705413388 0.876804700599 0.881199421824 0.870248384045 
4.07619940718 2.55481927271 2.12942452349 1.87112032004 0.893705413388 0.876804700599 0.881199421824 0.870248384045 
0.245621104977 2.80922821649 2.34147265265 2.05744651262 0.982700625113 0.964116958337 0.968949536127 0.956908153502 
4.07619940718 2.55481927271 2.12942452349 1.87112032004 0.893705413388 0.876804700599 0.881199421824 0.870248384045 
4.07619940718 2.55481927271 2.12942452349 1.87112032004 0.893705413388 0.876804700599 0.881199421824 0.870248384045 
4.07619940718 2.55481927271 2.12942452349 1.87112032004 0.893705413388 0.876804700599 0.881199421824 0.870248384045 
4.07619940718 2.55481927271 2.12942452349 1.87112032004 0.893705413388 0.876804700599 0.881199421824 0.870248384045 
4.07619940718 2.55481927271 2.12942452349 1.87112032004 0.893705413388 0.876804700599 0.881199421824 0.870248384045 
4.07619940718 2.55481927271 2.12942452349 1.87112032004 0.893705413388 0.876804700599 0.881199421824 0.870248384045 
4.07619940718 2.55481927271 2.12942452349 1.87112032004 0.893705413388 0.876804700599 0.881199421824 0.870248384045 
4.07619940718 2.55481927271 2.12942452349 1.87112032004 0.893705413388 0.876804700599 0.881199421824 0.870248384045 
4.07619940718 2.55481927271 2.12942452349 1.87112032004 0.893705413388 0.876804700599 0.881199421824 0.870248384045 
4.07619940718 2.55481927271 2.12942452349 1.87112032004 0.893705413388 0.876804700599 0.881199421824 0.870248384045 
4.07619940718 2.55481927271 2.12942452349 1.87112032004 0.893705413388 0.876804700599 0.881199421824 0.870248384045 
4.07619940718 2.55481927271 2.12942452349 1.87112032004 0.893705413388 0.876804700599 0.881199421824 0.870248384045 
4.07619940718 2.55481927271 2.12942452349 1.87112032004 0.893705413388 0.876804700599 0.881199421824 0.870248384045 
4.07619940718 2.55481927271 2.12942452349 1.87112032004 0.893705413388 0.876804700599 0.881199421824 0.870248384045 
4.07619940718 2.55481927271 2.12942452349 1.87112032004 0.893705413388 0.876804700599 0.881199421824 0.870248384045 
4.07619940718 2.55481927271 2.12942452349 1.87112032004 0.893705413388 0.876804700599 0.881199421824 0.870248384045 
4.07619940718 2.55481927271 2.12942452349 1.87112032004 0.893705413388 0.876804700599 0.881199421824 0.870248384045 
2.3839559453 1.65883286696 2.34147265265 2.05744651262 0.982700625113 0.964116958337 0.968949536127 0.956908153502 
4.07619940718 2.55481927271 2.12942452349 1.87112032004 0.893705413388 0.876804700599 0.881199421824 0.870248384045 
4.07619940718 2.55481927271 2.12942452349 1.87112032004 0.893705413388 0.876804700599 0.881199421824 0.870248384045 
4.07619940718 2.55481927271 2.12942452349 1.87112032004 0.893705413388 0.876804700599 0.881199421824 0.870248384045 
4.07619940718 2.55481927271 2.12942452349 1.87112032004 0.893705413388 0.876804700599 0.881199421824 0.870248384045 
4.07619940718 2.55481927271 2.12942452349 1.87112032004 0.893705413388 0.876804700599 0.881199421824 0.870248384045 
0.245621104977 2.80922821649 2.34147265265 2.05744651262 0.982700625113 0.964116958337 0.968949536127 0.956908153502 
4.07619940718 2.55481927271 2.12942452349 1.87112032004 0.893705413388 0.876804700599 0.881199421824 0.870248384045 
4.07619940718 2.55481927271 2.12942452349 1.87112032004 0.893705413388 0.876804700599 0.881199421824 0.870248384045 
4.07619940718 2.55481927271 2.12942452349 1.87112032004 0.893705413388 0.876804700599 0.881199421824 0.870248384045 
4.07619940718 2.55481927271 2.12942452349 1.87112032004 0.893705413388 0.876804700599 0.881199421824 0.870248384045 
4.07619940718 2.55481927271 2.12942452349 1.87112032004 0.893705413388 0.876804700599 0.881199421824 0.870248384045 
4.07619940718 2.55481927271 2.12942452349 1.87112032004 0.893705413388 0.876804700599 0.881199421824 0.870248384045 
4.07619940718 2.55481927271 2.12942452349 1.87112032004 0.893705413388 0.876804700599 0.881199421824 0.870248384045 
4.07619940718 2.55481927271 2.12942452349 1.87112032004 0.893705413388 0.876804700599 0.881199421824 0.870248384045 
4.07619940718 2.55481927271 2.12942452349 1.87112032004 0.893705413388 0.876804700599 0.881199421824 0.870248384045 
4.07619940718 2.55481927271 2.12942452349 1.87112032004 0.893705413388 0.876804700599 0.881199421824 0.870248384045 
4.07619940718 2.55481927271 2.12942452349 1.87112032004 0.893705413388 0.876804700599 0.881199421824 0.870248384045 
0.245621104977 2.80922821649 2.34147265265 2.05744651262 0.982700625113 0.964116958337 0.968949536127 0.956908153502 
4.07619940718 2.55481927271 2.12942452349 1.87112032004 0.893705413388 0.876804700599 0.881199421824 0.870248384045 
4.07619940718 2.55481927271 2.12942452349 1.87112032004 0.893705413388 0.876804700599 0.881199421824 0.870248384045 
4.07619940718 2.55481927271 2.12942452349 1.87112032004 0.893705413388 0.876804700599 0.881199421824 0.870248384045 
4.07619940718 2.55481927271 2.12942452349 1.87112032004 0.893705413388 0.876804700599 0.881199421824 0.870248384045 
4.07619940718 2.55481927271 2.12942452349 1.87112032004 0.893705413388 0.876804700599 0.881199421824 0.870248384045 
4.07619940718 2.55481927271 2.12942452349 1.87112032004 0.893705413388 0.876804700599 0.881199421824 0.870248384045 
4.07619940718 2.55481927271 2.12942452349 1.87112032004 0.893705413388 0.876804700599 0.881199421824 0.870248384045 
4.07619940718 2.55481927271 2.12942452349 1.87112032004 0.893705413388 0.876804700599 0.881199421824 0.870248384045 
4.07619940718 2.55481927271 2.12942452349 1.87112032004 0.893705413388 0.876804700599 0.881199421824 0.870248384045 
4.07619940718 2.55481927271 2.12942452349 1.87112032004 0.893705413388 0.876804700599 0.881199421824 0.870248384045 
4.07619940718 2.55481927271 2.12942452349 1.87112032004 0.893705413388 0.876804700599 0.881199421824 0.870248384045 
4.07619940718 2.55481927271 2.12942452349 1.87112032004 0.893705413388 0.876804700599 0.881199421824 0.870248384045 
4.07619940718 2.55481927271 2.12942452349 1.87112032004 0.893705413388 0.876804700599 0.881199421824 0.870248384045 
4.07619940718 2.55481927271 2.12942452349 1.87112032004 0.893705413388 0.876804700599 0.881199421824 0.870248384045 
4.07619940718 2.55481927271 2.12942452349 1.87112032004 0.893705413388 0.876804700599 0.881199421824 0.870248384045 
4.07619940718 2.55481927271 2.12942452349 1.87112032004 0.893705413388 0.876804700599 0.881199421824 0.870248384045 
