1.59510127729 1.67265642974 0.990868711843 1.05152303632 0.904820428042 1.13058795453 1.12879231513 0.993552724622 
1.59510127729 1.67265642974 0.990868711843 1.05152303632 0.904820428042 1.13058795453 1.12879231513 0.993552724622 
1.63024706067 1.51547976466 0.897758472827 0.952713213801 0.819795993516 1.02434846554 1.022721276 0.90018966243 
1.59510127729 1.67265642974 0.990868711843 1.05152303632 0.904820428042 1.13058795453 1.12879231513 0.993552724622 
1.59510127729 1.67265642974 0.990868711843 1.05152303632 0.904820428042 1.13058795453 1.12879231513 0.993552724622 
1.63024706067 1.51547976466 0.897758472827 0.952713213801 0.819795993516 1.02434846554 1.022721276 0.90018966243 
1.59510127729 1.67265642974 0.990868711843 1.05152303632 0.904820428042 1.13058795453 1.12879231513 0.993552724622 
1.63024706067 1.51547976466 0.897758472827 0.952713213801 0.819795993516 1.02434846554 1.022721276 0.90018966243 
1.63024706067 1.51547976466 0.897758472827 0.952713213801 0.819795993516 1.02434846554 1.022721276 0.90018966243 
1.59510127729 1.67265642974 0.990868711843 1.05152303632 0.904820428042 1.13058795453 1.12879231513 0.993552724622 
1.63024706067 1.51547976466 0.897758472827 0.952713213801 0.819795993516 1.02434846554 1.022721276 0.90018966243 
1.59510127729 1.67265642974 0.990868711843 1.05152303632 0.904820428042 1.13058795453 1.12879231513 0.993552724622 
1.63024706067 1.51547976466 0.897758472827 0.952713213801 0.819795993516 1.02434846554 1.022721276 0.90018966243 
1.63024706067 1.51547976466 0.897758472827 0.952713213801 0.819795993516 1.02434846554 1.022721276 0.90018966243 
1.59510127729 1.67265642974 0.990868711843 1.05152303632 0.904820428042 1.13058795453 1.12879231513 0.993552724622 
1.59510127729 1.67265642974 0.990868711843 1.05152303632 0.904820428042 1.13058795453 1.12879231513 0.993552724622 
1.63024706067 1.51547976466 0.897758472827 0.952713213801 0.819795993516 1.02434846554 1.022721276 0.90018966243 
1.59510127729 1.67265642974 0.990868711843 1.05152303632 0.904820428042 1.13058795453 1.12879231513 0.993552724622 
1.63024706067 1.51547976466 0.897758472827 0.952713213801 0.819795993516 1.02434846554 1.022721276 0.90018966243 
1.59510127729 1.67265642974 0.990868711843 1.05152303632 0.904820428042 1.13058795453 1.12879231513 0.993552724622 
1.59510127729 1.67265642974 0.990868711843 1.05152303632 0.904820428042 1.13058795453 1.12879231513 0.993552724622 
1.59510127729 1.67265642974 0.990868711843 1.05152303632 0.904820428042 1.13058795453 1.12879231513 0.993552724622 
1.59510127729 1.67265642974 0.990868711843 1.05152303632 0.904820428042 1.13058795453 1.12879231513 0.993552724622 
1.63024706067 1.51547976466 0.897758472827 0.952713213801 0.819795993516 1.02434846554 1.022721276 0.90018966243 
1.59510127729 1.67265642974 0.990868711843 1.05152303632 0.904820428042 1.13058795453 1.12879231513 0.993552724622 
1.59510127729 1.67265642974 0.990868711843 1.05152303632 0.904820428042 1.13058795453 1.12879231513 0.993552724622 
1.63024706067 1.51547976466 0.897758472827 0.952713213801 0.819795993516 1.02434846554 1.022721276 0.90018966243 
1.59510127729 1.67265642974 0.990868711843 1.05152303632 0.904820428042 1.13058795453 1.12879231513 0.993552724622 
1.59510127729 1.67265642974 0.990868711843 1.05152303632 0.904820428042 1.13058795453 1.12879231513 0.993552724622 
1.59510127729 1.67265642974 0.990868711843 1.05152303632 0.904820428042 1.13058795453 1.12879231513 0.993552724622 
1.63024706067 1.51547976466 0.897758472827 0.952713213801 0.819795993516 1.02434846554 1.022721276 0.90018966243 
1.63024706067 1.51547976466 0.897758472827 0.952713213801 0.819795993516 1.02434846554 1.022721276 0.90018966243 
1.59510127729 1.67265642974 0.990868711843 1.05152303632 0.904820428042 1.13058795453 1.12879231513 0.993552724622 
1.59510127729 1.67265642974 0.990868711843 1.05152303632 0.904820428042 1.13058795453 1.12879231513 0.993552724622 
1.63024706067 1.51547976466 0.897758472827 0.952713213801 0.819795993516 1.02434846554 1.022721276 0.90018966243 
1.63024706067 1.51547976466 0.897758472827 0.952713213801 0.819795993516 1.02434846554 1.022721276 0.90018966243 
1.59510127729 1.67265642974 0.990868711843 1.05152303632 0.904820428042 1.13058795453 1.12879231513 0.993552724622 
1.59510127729 1.67265642974 0.990868711843 1.05152303632 0.904820428042 1.13058795453 1.12879231513 0.993552724622 
1.63024706067 1.51547976466 0.897758472827 0.952713213801 0.819795993516 1.02434846554 1.022721276 0.90018966243 
1.63024706067 1.51547976466 0.897758472827 0.952713213801 0.819795993516 1.02434846554 1.022721276 0.90018966243 
1.63024706067 1.51547976466 0.897758472827 0.952713213801 0.819795993516 1.02434846554 1.022721276 0.90018966243 
1.59510127729 1.67265642974 0.990868711843 1.05152303632 0.904820428042 1.13058795453 1.12879231513 0.993552724622 
1.59510127729 1.67265642974 0.990868711843 1.05152303632 0.904820428042 1.13058795453 1.12879231513 0.993552724622 
1.63024706067 1.51547976466 0.897758472827 0.952713213801 0.819795993516 1.02434846554 1.022721276 0.90018966243 
1.63024706067 1.51547976466 0.897758472827 0.952713213801 0.819795993516 1.02434846554 1.022721276 0.90018966243 
1.63024706067 1.51547976466 0.897758472827 0.952713213801 0.819795993516 1.02434846554 1.022721276 0.90018966243 
1.63024706067 1.51547976466 0.897758472827 0.952713213801 0.819795993516 1.02434846554 1.022721276 0.90018966243 
1.59510127729 1.67265642974 0.990868711843 1.05152303632 0.904820428042 1.13058795453 1.12879231513 0.993552724622 
1.59510127729 1.67265642974 0.990868711843 1.05152303632 0.904820428042 1.13058795453 1.12879231513 0.993552724622 
1.63024706067 1.51547976466 0.897758472827 0.952713213801 0.819795993516 1.02434846554 1.022721276 0.90018966243 
1.59510127729 1.67265642974 0.990868711843 1.05152303632 0.904820428042 1.13058795453 1.12879231513 0.993552724622 
1.63024706067 1.51547976466 0.897758472827 0.952713213801 0.819795993516 1.02434846554 1.022721276 0.90018966243 
1.63024706067 1.51547976466 0.897758472827 0.952713213801 0.819795993516 1.02434846554 1.022721276 0.90018966243 
1.59510127729 1.67265642974 0.990868711843 1.05152303632 0.904820428042 1.13058795453 1.12879231513 0.993552724622 
1.59510127729 1.67265642974 0.990868711843 1.05152303632 0.904820428042 1.13058795453 1.12879231513 0.993552724622 
1.59510127729 1.67265642974 0.990868711843 1.05152303632 0.904820428042 1.13058795453 1.12879231513 0.993552724622 
1.59510127729 1.67265642974 0.990868711843 1.05152303632 0.904820428042 1.13058795453 1.12879231513 0.993552724622 
1.59510127729 1.67265642974 0.990868711843 1.05152303632 0.904820428042 1.13058795453 1.12879231513 0.993552724622 
1.59510127729 1.67265642974 0.990868711843 1.05152303632 0.904820428042 1.13058795453 1.12879231513 0.993552724622 
1.63024706067 1.51547976466 0.897758472827 0.952713213801 0.819795993516 1.02434846554 1.022721276 0.90018966243 
1.63024706067 1.51547976466 0.897758472827 0.952713213801 0.819795993516 1.02434846554 1.022721276 0.90018966243 
1.59510127729 1.67265642974 0.990868711843 1.05152303632 0.904820428042 1.13058795453 1.12879231513 0.993552724622 
1.63024706067 1.51547976466 0.897758472827 0.952713213801 0.819795993516 1.02434846554 1.022721276 0.90018966243 
1.59510127729 1.67265642974 0.990868711843 1.05152303632 0.904820428042 1.13058795453 1.12879231513 0.993552724622 
1.59510127729 1.67265642974 0.990868711843 1.05152303632 0.904820428042 1.13058795453 1.12879231513 0.993552724622 
1.59510127729 1.67265642974 0.990868711843 1.05152303632 0.904820428042 1.13058795453 1.12879231513 0.993552724622 
1.59510127729 1.67265642974 0.990868711843 1.05152303632 0.904820428042 1.13058795453 1.12879231513 0.993552724622 
1.63024706067 1.51547976466 0.897758472827 0.952713213801 0.819795993516 1.02434846554 1.022721276 0.90018966243 
1.59510127729 1.67265642974 0.990868711843 1.05152303632 0.904820428042 1.13058795453 1.12879231513 0.993552724622 
1.63024706067 1.51547976466 0.897758472827 0.952713213801 0.819795993516 1.02434846554 1.022721276 0.90018966243 
1.63024706067 1.51547976466 0.897758472827 0.952713213801 0.819795993516 1.02434846554 1.022721276 0.90018966243 
1.59510127729 1.67265642974 0.990868711843 1.05152303632 0.904820428042 1.13058795453 1.12879231513 0.993552724622 
1.59510127729 1.67265642974 0.990868711843 1.05152303632 0.904820428042 1.13058795453 1.12879231513 0.993552724622 
1.59510127729 1.67265642974 0.990868711843 1.05152303632 0.904820428042 1.13058795453 1.12879231513 0.993552724622 
1.59510127729 1.67265642974 0.990868711843 1.05152303632 0.904820428042 1.13058795453 1.12879231513 0.993552724622 
1.59510127729 1.67265642974 0.990868711843 1.05152303632 0.904820428042 1.13058795453 1.12879231513 0.993552724622 
1.59510127729 1.67265642974 0.990868711843 1.05152303632 0.904820428042 1.13058795453 1.12879231513 0.993552724622 
1.63024706067 1.51547976466 0.897758472827 0.952713213801 0.819795993516 1.02434846554 1.022721276 0.90018966243 
1.59510127729 1.67265642974 0.990868711843 1.05152303632 0.904820428042 1.13058795453 1.12879231513 0.993552724622 
1.63024706067 1.51547976466 0.897758472827 0.952713213801 0.819795993516 1.02434846554 1.022721276 0.90018966243 
1.63024706067 1.51547976466 0.897758472827 0.952713213801 0.819795993516 1.02434846554 1.022721276 0.90018966243 
1.59510127729 1.67265642974 0.990868711843 1.05152303632 0.904820428042 1.13058795453 1.12879231513 0.993552724622 
1.59510127729 1.67265642974 0.990868711843 1.05152303632 0.904820428042 1.13058795453 1.12879231513 0.993552724622 
1.63024706067 1.51547976466 0.897758472827 0.952713213801 0.819795993516 1.02434846554 1.022721276 0.90018966243 
1.63024706067 1.51547976466 0.897758472827 0.952713213801 0.819795993516 1.02434846554 1.022721276 0.90018966243 
1.59510127729 1.67265642974 0.990868711843 1.05152303632 0.904820428042 1.13058795453 1.12879231513 0.993552724622 
1.59510127729 1.67265642974 0.990868711843 1.05152303632 0.904820428042 1.13058795453 1.12879231513 0.993552724622 
1.59510127729 1.67265642974 0.990868711843 1.05152303632 0.904820428042 1.13058795453 1.12879231513 0.993552724622 
1.59510127729 1.67265642974 0.990868711843 1.05152303632 0.904820428042 1.13058795453 1.12879231513 0.993552724622 
1.63024706067 1.51547976466 0.897758472827 0.952713213801 0.819795993516 1.02434846554 1.022721276 0.90018966243 
1.59510127729 1.67265642974 0.990868711843 1.05152303632 0.904820428042 1.13058795453 1.12879231513 0.993552724622 
1.59510127729 1.67265642974 0.990868711843 1.05152303632 0.904820428042 1.13058795453 1.12879231513 0.993552724622 
1.59510127729 1.67265642974 0.990868711843 1.05152303632 0.904820428042 1.13058795453 1.12879231513 0.993552724622 
1.59510127729 1.67265642974 0.990868711843 1.05152303632 0.904820428042 1.13058795453 1.12879231513 0.993552724622 
1.59510127729 1.67265642974 0.990868711843 1.05152303632 0.904820428042 1.13058795453 1.12879231513 0.993552724622 
1.59510127729 1.67265642974 0.990868711843 1.05152303632 0.904820428042 1.13058795453 1.12879231513 0.993552724622 
1.59510127729 1.67265642974 0.990868711843 1.05152303632 0.904820428042 1.13058795453 1.12879231513 0.993552724622 
1.63024706067 1.51547976466 0.897758472827 0.952713213801 0.819795993516 1.02434846554 1.022721276 0.90018966243 
1.63024706067 1.51547976466 0.897758472827 0.952713213801 0.819795993516 1.02434846554 1.022721276 0.90018966243 
1.63024706067 1.51547976466 0.897758472827 0.952713213801 0.819795993516 1.02434846554 1.022721276 0.90018966243 
