2.22747547234 2.24294154517 2.10078007106 1.34548705536 1.08292507582 1.08358273888 0.937150663678 0.844960379662 
2.14231189493 2.44789531854 2.29274352379 1.46843392846 1.18187976964 1.18259758774 1.02278509996 0.922171280403 
2.14231189493 2.44789531854 2.29274352379 1.46843392846 1.18187976964 1.18259758774 1.02278509996 0.922171280403 
2.14231189493 2.44789531854 2.29274352379 1.46843392846 1.18187976964 1.18259758774 1.02278509996 0.922171280403 
2.22747547234 2.24294154517 2.10078007106 1.34548705536 1.08292507582 1.08358273888 0.937150663678 0.844960379662 
2.14231189493 2.44789531854 2.29274352379 1.46843392846 1.18187976964 1.18259758774 1.02278509996 0.922171280403 
2.22747547234 2.24294154517 2.10078007106 1.34548705536 1.08292507582 1.08358273888 0.937150663678 0.844960379662 
2.22747547234 2.24294154517 2.10078007106 1.34548705536 1.08292507582 1.08358273888 0.937150663678 0.844960379662 
2.14231189493 2.44789531854 2.29274352379 1.46843392846 1.18187976964 1.18259758774 1.02278509996 0.922171280403 
2.14231189493 2.44789531854 2.29274352379 1.46843392846 1.18187976964 1.18259758774 1.02278509996 0.922171280403 
2.14231189493 2.44789531854 2.29274352379 1.46843392846 1.18187976964 1.18259758774 1.02278509996 0.922171280403 
2.14231189493 2.44789531854 2.29274352379 1.46843392846 1.18187976964 1.18259758774 1.02278509996 0.922171280403 
2.22747547234 2.24294154517 2.10078007106 1.34548705536 1.08292507582 1.08358273888 0.937150663678 0.844960379662 
2.14231189493 2.44789531854 2.29274352379 1.46843392846 1.18187976964 1.18259758774 1.02278509996 0.922171280403 
2.14231189493 2.44789531854 2.29274352379 1.46843392846 1.18187976964 1.18259758774 1.02278509996 0.922171280403 
2.22747547234 2.24294154517 2.10078007106 1.34548705536 1.08292507582 1.08358273888 0.937150663678 0.844960379662 
2.22747547234 2.24294154517 2.10078007106 1.34548705536 1.08292507582 1.08358273888 0.937150663678 0.844960379662 
2.14231189493 2.44789531854 2.29274352379 1.46843392846 1.18187976964 1.18259758774 1.02278509996 0.922171280403 
2.14231189493 2.44789531854 2.29274352379 1.46843392846 1.18187976964 1.18259758774 1.02278509996 0.922171280403 
2.22747547234 2.24294154517 2.10078007106 1.34548705536 1.08292507582 1.08358273888 0.937150663678 0.844960379662 
2.14231189493 2.44789531854 2.29274352379 1.46843392846 1.18187976964 1.18259758774 1.02278509996 0.922171280403 
2.14231189493 2.44789531854 2.29274352379 1.46843392846 1.18187976964 1.18259758774 1.02278509996 0.922171280403 
2.14231189493 2.44789531854 2.29274352379 1.46843392846 1.18187976964 1.18259758774 1.02278509996 0.922171280403 
2.22747547234 2.24294154517 2.10078007106 1.34548705536 1.08292507582 1.08358273888 0.937150663678 0.844960379662 
2.14231189493 2.44789531854 2.29274352379 1.46843392846 1.18187976964 1.18259758774 1.02278509996 0.922171280403 
2.14231189493 2.44789531854 2.29274352379 1.46843392846 1.18187976964 1.18259758774 1.02278509996 0.922171280403 
2.22747547234 2.24294154517 2.10078007106 1.34548705536 1.08292507582 1.08358273888 0.937150663678 0.844960379662 
2.22747547234 2.24294154517 2.10078007106 1.34548705536 1.08292507582 1.08358273888 0.937150663678 0.844960379662 
2.14231189493 2.44789531854 2.29274352379 1.46843392846 1.18187976964 1.18259758774 1.02278509996 0.922171280403 
2.14231189493 2.44789531854 2.29274352379 1.46843392846 1.18187976964 1.18259758774 1.02278509996 0.922171280403 
2.14231189493 2.44789531854 2.29274352379 1.46843392846 1.18187976964 1.18259758774 1.02278509996 0.922171280403 
2.14231189493 2.44789531854 2.29274352379 1.46843392846 1.18187976964 1.18259758774 1.02278509996 0.922171280403 
2.14231189493 2.44789531854 2.29274352379 1.46843392846 1.18187976964 1.18259758774 1.02278509996 0.922171280403 
2.14231189493 2.44789531854 2.29274352379 1.46843392846 1.18187976964 1.18259758774 1.02278509996 0.922171280403 
2.14231189493 2.44789531854 2.29274352379 1.46843392846 1.18187976964 1.18259758774 1.02278509996 0.922171280403 
2.14231189493 2.44789531854 2.29274352379 1.46843392846 1.18187976964 1.18259758774 1.02278509996 0.922171280403 
2.22747547234 2.24294154517 2.10078007106 1.34548705536 1.08292507582 1.08358273888 0.937150663678 0.844960379662 
2.14231189493 2.44789531854 2.29274352379 1.46843392846 1.18187976964 1.18259758774 1.02278509996 0.922171280403 
2.22747547234 2.24294154517 2.10078007106 1.34548705536 1.08292507582 1.08358273888 0.937150663678 0.844960379662 
0.509437405788 1.20609315467 2.42679505878 1.55428994339 1.25098161383 1.25174143928 1.05539916088 0.95157721953 
2.14231189493 2.44789531854 2.29274352379 1.46843392846 1.18187976964 1.18259758774 1.02278509996 0.922171280403 
2.14231189493 2.44789531854 2.29274352379 1.46843392846 1.18187976964 1.18259758774 1.02278509996 0.922171280403 
2.14231189493 2.44789531854 2.29274352379 1.46843392846 1.18187976964 1.18259758774 1.02278509996 0.922171280403 
2.14231189493 2.44789531854 2.29274352379 1.46843392846 1.18187976964 1.18259758774 1.02278509996 0.922171280403 
2.22747547234 2.24294154517 2.10078007106 1.34548705536 1.08292507582 1.08358273888 0.937150663678 0.844960379662 
2.14231189493 2.44789531854 2.29274352379 1.46843392846 1.18187976964 1.18259758774 1.02278509996 0.922171280403 
2.22747547234 2.24294154517 2.10078007106 1.34548705536 1.08292507582 1.08358273888 0.937150663678 0.844960379662 
2.14231189493 2.44789531854 2.29274352379 1.46843392846 1.18187976964 1.18259758774 1.02278509996 0.922171280403 
2.22747547234 2.24294154517 2.10078007106 1.34548705536 1.08292507582 1.08358273888 0.937150663678 0.844960379662 
2.14231189493 2.44789531854 2.29274352379 1.46843392846 1.18187976964 1.18259758774 1.02278509996 0.922171280403 
2.22747547234 2.24294154517 2.10078007106 1.34548705536 1.08292507582 1.08358273888 0.937150663678 0.844960379662 
2.22747547234 2.24294154517 2.10078007106 1.34548705536 1.08292507582 1.08358273888 0.937150663678 0.844960379662 
2.14231189493 2.44789531854 2.29274352379 1.46843392846 1.18187976964 1.18259758774 1.02278509996 0.922171280403 
2.22747547234 2.24294154517 2.10078007106 1.34548705536 1.08292507582 1.08358273888 0.937150663678 0.844960379662 
2.14231189493 2.44789531854 2.29274352379 1.46843392846 1.18187976964 1.18259758774 1.02278509996 0.922171280403 
2.22747547234 2.24294154517 2.10078007106 1.34548705536 1.08292507582 1.08358273888 0.937150663678 0.844960379662 
2.14231189493 2.44789531854 2.29274352379 1.46843392846 1.18187976964 1.18259758774 1.02278509996 0.922171280403 
2.14231189493 2.44789531854 2.29274352379 1.46843392846 1.18187976964 1.18259758774 1.02278509996 0.922171280403 
2.22747547234 2.24294154517 2.10078007106 1.34548705536 1.08292507582 1.08358273888 0.937150663678 0.844960379662 
2.22747547234 2.24294154517 2.10078007106 1.34548705536 1.08292507582 1.08358273888 0.937150663678 0.844960379662 
2.22747547234 2.24294154517 2.10078007106 1.34548705536 1.08292507582 1.08358273888 0.937150663678 0.844960379662 
2.14231189493 2.44789531854 2.29274352379 1.46843392846 1.18187976964 1.18259758774 1.02278509996 0.922171280403 
2.14231189493 2.44789531854 2.29274352379 1.46843392846 1.18187976964 1.18259758774 1.02278509996 0.922171280403 
2.22747547234 2.24294154517 2.10078007106 1.34548705536 1.08292507582 1.08358273888 0.937150663678 0.844960379662 
2.14231189493 2.44789531854 2.29274352379 1.46843392846 1.18187976964 1.18259758774 1.02278509996 0.922171280403 
2.22747547234 2.24294154517 2.10078007106 1.34548705536 1.08292507582 1.08358273888 0.937150663678 0.844960379662 
2.14231189493 2.44789531854 2.29274352379 1.46843392846 1.18187976964 1.18259758774 1.02278509996 0.922171280403 
2.14231189493 2.44789531854 2.29274352379 1.46843392846 1.18187976964 1.18259758774 1.02278509996 0.922171280403 
2.14231189493 2.44789531854 2.29274352379 1.46843392846 1.18187976964 1.18259758774 1.02278509996 0.922171280403 
2.22747547234 2.24294154517 2.10078007106 1.34548705536 1.08292507582 1.08358273888 0.937150663678 0.844960379662 
2.14231189493 2.44789531854 2.29274352379 1.46843392846 1.18187976964 1.18259758774 1.02278509996 0.922171280403 
2.14231189493 2.44789531854 2.29274352379 1.46843392846 1.18187976964 1.18259758774 1.02278509996 0.922171280403 
2.22747547234 2.24294154517 2.10078007106 1.34548705536 1.08292507582 1.08358273888 0.937150663678 0.844960379662 
2.22747547234 2.24294154517 2.10078007106 1.34548705536 1.08292507582 1.08358273888 0.937150663678 0.844960379662 
2.14231189493 2.44789531854 2.29274352379 1.46843392846 1.18187976964 1.18259758774 1.02278509996 0.922171280403 
2.14231189493 2.44789531854 2.29274352379 1.46843392846 1.18187976964 1.18259758774 1.02278509996 0.922171280403 
2.14231189493 2.44789531854 2.29274352379 1.46843392846 1.18187976964 1.18259758774 1.02278509996 0.922171280403 
2.14231189493 2.44789531854 2.29274352379 1.46843392846 1.18187976964 1.18259758774 1.02278509996 0.922171280403 
2.22747547234 2.24294154517 2.10078007106 1.34548705536 1.08292507582 1.08358273888 0.937150663678 0.844960379662 
2.22747547234 2.24294154517 2.10078007106 1.34548705536 1.08292507582 1.08358273888 0.937150663678 0.844960379662 
2.14231189493 2.44789531854 2.29274352379 1.46843392846 1.18187976964 1.18259758774 1.02278509996 0.922171280403 
2.14231189493 2.44789531854 2.29274352379 1.46843392846 1.18187976964 1.18259758774 1.02278509996 0.922171280403 
2.14231189493 2.44789531854 2.29274352379 1.46843392846 1.18187976964 1.18259758774 1.02278509996 0.922171280403 
2.22747547234 2.24294154517 2.10078007106 1.34548705536 1.08292507582 1.08358273888 0.937150663678 0.844960379662 
2.22747547234 2.24294154517 2.10078007106 1.34548705536 1.08292507582 1.08358273888 0.937150663678 0.844960379662 
2.14231189493 2.44789531854 2.29274352379 1.46843392846 1.18187976964 1.18259758774 1.02278509996 0.922171280403 
2.14231189493 2.44789531854 2.29274352379 1.46843392846 1.18187976964 1.18259758774 1.02278509996 0.922171280403 
2.14231189493 2.44789531854 2.29274352379 1.46843392846 1.18187976964 1.18259758774 1.02278509996 0.922171280403 
2.14231189493 2.44789531854 2.29274352379 1.46843392846 1.18187976964 1.18259758774 1.02278509996 0.922171280403 
2.14231189493 2.44789531854 2.29274352379 1.46843392846 1.18187976964 1.18259758774 1.02278509996 0.922171280403 
2.14231189493 2.44789531854 2.29274352379 1.46843392846 1.18187976964 1.18259758774 1.02278509996 0.922171280403 
2.14231189493 2.44789531854 2.29274352379 1.46843392846 1.18187976964 1.18259758774 1.02278509996 0.922171280403 
2.14231189493 2.44789531854 2.29274352379 1.46843392846 1.18187976964 1.18259758774 1.02278509996 0.922171280403 
2.14231189493 2.44789531854 2.29274352379 1.46843392846 1.18187976964 1.18259758774 1.02278509996 0.922171280403 
2.14231189493 2.44789531854 2.29274352379 1.46843392846 1.18187976964 1.18259758774 1.02278509996 0.922171280403 
2.14231189493 2.44789531854 2.29274352379 1.46843392846 1.18187976964 1.18259758774 1.02278509996 0.922171280403 
2.14231189493 2.44789531854 2.29274352379 1.46843392846 1.18187976964 1.18259758774 1.02278509996 0.922171280403 
2.22747547234 2.24294154517 2.10078007106 1.34548705536 1.08292507582 1.08358273888 0.937150663678 0.844960379662 
2.22747547234 2.24294154517 2.10078007106 1.34548705536 1.08292507582 1.08358273888 0.937150663678 0.844960379662 
2.14231189493 2.44789531854 2.29274352379 1.46843392846 1.18187976964 1.18259758774 1.02278509996 0.922171280403 
