1.71490005099 1.77550824392 1.4579153845 1.61600624235 1.34588012051 0.970634311468 0.95433749767 0.908910434447 
1.71490005099 1.77550824392 1.4579153845 1.61600624235 1.34588012051 0.970634311468 0.95433749767 0.908910434447 
1.71490005099 1.77550824392 1.4579153845 1.61600624235 1.34588012051 0.970634311468 0.95433749767 0.908910434447 
1.71490005099 1.77550824392 1.4579153845 1.61600624235 1.34588012051 0.970634311468 0.95433749767 0.908910434447 
1.71490005099 1.77550824392 1.4579153845 1.61600624235 1.34588012051 0.970634311468 0.95433749767 0.908910434447 
1.71490005099 1.77550824392 1.4579153845 1.61600624235 1.34588012051 0.970634311468 0.95433749767 0.908910434447 
1.71490005099 1.77550824392 1.4579153845 1.61600624235 1.34588012051 0.970634311468 0.95433749767 0.908910434447 
1.71490005099 1.77550824392 1.4579153845 1.61600624235 1.34588012051 0.970634311468 0.95433749767 0.908910434447 
1.71490005099 1.77550824392 1.4579153845 1.61600624235 1.34588012051 0.970634311468 0.95433749767 0.908910434447 
1.71490005099 1.77550824392 1.4579153845 1.61600624235 1.34588012051 0.970634311468 0.95433749767 0.908910434447 
1.71490005099 1.77550824392 1.4579153845 1.61600624235 1.34588012051 0.970634311468 0.95433749767 0.908910434447 
1.71490005099 1.77550824392 1.4579153845 1.61600624235 1.34588012051 0.970634311468 0.95433749767 0.908910434447 
1.71490005099 1.77550824392 1.4579153845 1.61600624235 1.34588012051 0.970634311468 0.95433749767 0.908910434447 
1.71490005099 1.77550824392 1.4579153845 1.61600624235 1.34588012051 0.970634311468 0.95433749767 0.908910434447 
1.71490005099 1.77550824392 1.4579153845 1.61600624235 1.34588012051 0.970634311468 0.95433749767 0.908910434447 
1.71490005099 1.77550824392 1.4579153845 1.61600624235 1.34588012051 0.970634311468 0.95433749767 0.908910434447 
1.71490005099 1.77550824392 1.4579153845 1.61600624235 1.34588012051 0.970634311468 0.95433749767 0.908910434447 
1.71490005099 1.77550824392 1.4579153845 1.61600624235 1.34588012051 0.970634311468 0.95433749767 0.908910434447 
1.71490005099 1.77550824392 1.4579153845 1.61600624235 1.34588012051 0.970634311468 0.95433749767 0.908910434447 
1.71490005099 1.77550824392 1.4579153845 1.61600624235 1.34588012051 0.970634311468 0.95433749767 0.908910434447 
1.71490005099 1.77550824392 1.4579153845 1.61600624235 1.34588012051 0.970634311468 0.95433749767 0.908910434447 
1.71490005099 1.77550824392 1.4579153845 1.61600624235 1.34588012051 0.970634311468 0.95433749767 0.908910434447 
1.71490005099 1.77550824392 1.4579153845 1.61600624235 1.34588012051 0.970634311468 0.95433749767 0.908910434447 
1.71490005099 1.77550824392 1.4579153845 1.61600624235 1.34588012051 0.970634311468 0.95433749767 0.908910434447 
1.71490005099 1.77550824392 1.4579153845 1.61600624235 1.34588012051 0.970634311468 0.95433749767 0.908910434447 
1.71490005099 1.77550824392 1.4579153845 1.61600624235 1.34588012051 0.970634311468 0.95433749767 0.908910434447 
1.71490005099 1.77550824392 1.4579153845 1.61600624235 1.34588012051 0.970634311468 0.95433749767 0.908910434447 
1.71490005099 1.77550824392 1.4579153845 1.61600624235 1.34588012051 0.970634311468 0.95433749767 0.908910434447 
1.71490005099 1.77550824392 1.4579153845 1.61600624235 1.34588012051 0.970634311468 0.95433749767 0.908910434447 
1.71490005099 1.77550824392 1.4579153845 1.61600624235 1.34588012051 0.970634311468 0.95433749767 0.908910434447 
1.71490005099 1.77550824392 1.4579153845 1.61600624235 1.34588012051 0.970634311468 0.95433749767 0.908910434447 
1.71490005099 1.77550824392 1.4579153845 1.61600624235 1.34588012051 0.970634311468 0.95433749767 0.908910434447 
1.71490005099 1.77550824392 1.4579153845 1.61600624235 1.34588012051 0.970634311468 0.95433749767 0.908910434447 
1.71490005099 1.77550824392 1.4579153845 1.61600624235 1.34588012051 0.970634311468 0.95433749767 0.908910434447 
1.71490005099 1.77550824392 1.4579153845 1.61600624235 1.34588012051 0.970634311468 0.95433749767 0.908910434447 
1.71490005099 1.77550824392 1.4579153845 1.61600624235 1.34588012051 0.970634311468 0.95433749767 0.908910434447 
1.71490005099 1.77550824392 1.4579153845 1.61600624235 1.34588012051 0.970634311468 0.95433749767 0.908910434447 
1.71490005099 1.77550824392 1.4579153845 1.61600624235 1.34588012051 0.970634311468 0.95433749767 0.908910434447 
1.71490005099 1.77550824392 1.4579153845 1.61600624235 1.34588012051 0.970634311468 0.95433749767 0.908910434447 
1.71490005099 1.77550824392 1.4579153845 1.61600624235 1.34588012051 0.970634311468 0.95433749767 0.908910434447 
1.71490005099 1.77550824392 1.4579153845 1.61600624235 1.34588012051 0.970634311468 0.95433749767 0.908910434447 
1.71490005099 1.77550824392 1.4579153845 1.61600624235 1.34588012051 0.970634311468 0.95433749767 0.908910434447 
1.71490005099 1.77550824392 1.4579153845 1.61600624235 1.34588012051 0.970634311468 0.95433749767 0.908910434447 
1.71490005099 1.77550824392 1.4579153845 1.61600624235 1.34588012051 0.970634311468 0.95433749767 0.908910434447 
1.71490005099 1.77550824392 1.4579153845 1.61600624235 1.34588012051 0.970634311468 0.95433749767 0.908910434447 
1.71490005099 1.77550824392 1.4579153845 1.61600624235 1.34588012051 0.970634311468 0.95433749767 0.908910434447 
1.71490005099 1.77550824392 1.4579153845 1.61600624235 1.34588012051 0.970634311468 0.95433749767 0.908910434447 
1.71490005099 1.77550824392 1.4579153845 1.61600624235 1.34588012051 0.970634311468 0.95433749767 0.908910434447 
1.71490005099 1.77550824392 1.4579153845 1.61600624235 1.34588012051 0.970634311468 0.95433749767 0.908910434447 
1.71490005099 1.77550824392 1.4579153845 1.61600624235 1.34588012051 0.970634311468 0.95433749767 0.908910434447 
1.71490005099 1.77550824392 1.4579153845 1.61600624235 1.34588012051 0.970634311468 0.95433749767 0.908910434447 
1.71490005099 1.77550824392 1.4579153845 1.61600624235 1.34588012051 0.970634311468 0.95433749767 0.908910434447 
1.71490005099 1.77550824392 1.4579153845 1.61600624235 1.34588012051 0.970634311468 0.95433749767 0.908910434447 
1.71490005099 1.77550824392 1.4579153845 1.61600624235 1.34588012051 0.970634311468 0.95433749767 0.908910434447 
1.71490005099 1.77550824392 1.4579153845 1.61600624235 1.34588012051 0.970634311468 0.95433749767 0.908910434447 
1.71490005099 1.77550824392 1.4579153845 1.61600624235 1.34588012051 0.970634311468 0.95433749767 0.908910434447 
1.71490005099 1.77550824392 1.4579153845 1.61600624235 1.34588012051 0.970634311468 0.95433749767 0.908910434447 
1.71490005099 1.77550824392 1.4579153845 1.61600624235 1.34588012051 0.970634311468 0.95433749767 0.908910434447 
1.71490005099 1.77550824392 1.4579153845 1.61600624235 1.34588012051 0.970634311468 0.95433749767 0.908910434447 
1.71490005099 1.77550824392 1.4579153845 1.61600624235 1.34588012051 0.970634311468 0.95433749767 0.908910434447 
1.71490005099 1.77550824392 1.4579153845 1.61600624235 1.34588012051 0.970634311468 0.95433749767 0.908910434447 
1.71490005099 1.77550824392 1.4579153845 1.61600624235 1.34588012051 0.970634311468 0.95433749767 0.908910434447 
1.71490005099 1.77550824392 1.4579153845 1.61600624235 1.34588012051 0.970634311468 0.95433749767 0.908910434447 
1.71490005099 1.77550824392 1.4579153845 1.61600624235 1.34588012051 0.970634311468 0.95433749767 0.908910434447 
0.346521668065 0.358768476531 0.294594000119 0.326538593266 0.271955224567 0.196131088076 0.993905654619 0.908910434447 
1.71490005099 1.77550824392 1.4579153845 1.61600624235 1.34588012051 0.970634311468 0.95433749767 0.908910434447 
1.71490005099 1.77550824392 1.4579153845 1.61600624235 1.34588012051 0.970634311468 0.95433749767 0.908910434447 
1.71490005099 1.77550824392 1.4579153845 1.61600624235 1.34588012051 0.970634311468 0.95433749767 0.908910434447 
1.71490005099 1.77550824392 1.4579153845 1.61600624235 1.34588012051 0.970634311468 0.95433749767 0.908910434447 
1.71490005099 1.77550824392 1.4579153845 1.61600624235 1.34588012051 0.970634311468 0.95433749767 0.908910434447 
1.71490005099 1.77550824392 1.4579153845 1.61600624235 1.34588012051 0.970634311468 0.95433749767 0.908910434447 
1.71490005099 1.77550824392 1.4579153845 1.61600624235 1.34588012051 0.970634311468 0.95433749767 0.908910434447 
1.71490005099 1.77550824392 1.4579153845 1.61600624235 1.34588012051 0.970634311468 0.95433749767 0.908910434447 
1.71490005099 1.77550824392 1.4579153845 1.61600624235 1.34588012051 0.970634311468 0.95433749767 0.908910434447 
1.71490005099 1.77550824392 1.4579153845 1.61600624235 1.34588012051 0.970634311468 0.95433749767 0.908910434447 
1.71490005099 1.77550824392 1.4579153845 1.61600624235 1.34588012051 0.970634311468 0.95433749767 0.908910434447 
1.71490005099 1.77550824392 1.4579153845 1.61600624235 1.34588012051 0.970634311468 0.95433749767 0.908910434447 
1.71490005099 1.77550824392 1.4579153845 1.61600624235 1.34588012051 0.970634311468 0.95433749767 0.908910434447 
1.71490005099 1.77550824392 1.4579153845 1.61600624235 1.34588012051 0.970634311468 0.95433749767 0.908910434447 
1.71490005099 1.77550824392 1.4579153845 1.61600624235 1.34588012051 0.970634311468 0.95433749767 0.908910434447 
1.71490005099 1.77550824392 1.4579153845 1.61600624235 1.34588012051 0.970634311468 0.95433749767 0.908910434447 
1.71490005099 1.77550824392 1.4579153845 1.61600624235 1.34588012051 0.970634311468 0.95433749767 0.908910434447 
1.71490005099 1.77550824392 1.4579153845 1.61600624235 1.34588012051 0.970634311468 0.95433749767 0.908910434447 
1.71490005099 1.77550824392 1.4579153845 1.61600624235 1.34588012051 0.970634311468 0.95433749767 0.908910434447 
1.71490005099 1.77550824392 1.4579153845 1.61600624235 1.34588012051 0.970634311468 0.95433749767 0.908910434447 
1.71490005099 1.77550824392 1.4579153845 1.61600624235 1.34588012051 0.970634311468 0.95433749767 0.908910434447 
1.71490005099 1.77550824392 1.4579153845 1.61600624235 1.34588012051 0.970634311468 0.95433749767 0.908910434447 
1.71490005099 1.77550824392 1.4579153845 1.61600624235 1.34588012051 0.970634311468 0.95433749767 0.908910434447 
1.71490005099 1.77550824392 1.4579153845 1.61600624235 1.34588012051 0.970634311468 0.95433749767 0.908910434447 
1.71490005099 1.77550824392 1.4579153845 1.61600624235 1.34588012051 0.970634311468 0.95433749767 0.908910434447 
1.71490005099 1.77550824392 1.4579153845 1.61600624235 1.34588012051 0.970634311468 0.95433749767 0.908910434447 
1.71490005099 1.77550824392 1.4579153845 1.61600624235 1.34588012051 0.970634311468 0.95433749767 0.908910434447 
1.71490005099 1.77550824392 1.4579153845 1.61600624235 1.34588012051 0.970634311468 0.95433749767 0.908910434447 
1.71490005099 1.77550824392 1.4579153845 1.61600624235 1.34588012051 0.970634311468 0.95433749767 0.908910434447 
1.71490005099 1.77550824392 1.4579153845 1.61600624235 1.34588012051 0.970634311468 0.95433749767 0.908910434447 
1.71490005099 1.77550824392 1.4579153845 1.61600624235 1.34588012051 0.970634311468 0.95433749767 0.908910434447 
1.71490005099 1.77550824392 1.4579153845 1.61600624235 1.34588012051 0.970634311468 0.95433749767 0.908910434447 
1.71490005099 1.77550824392 1.4579153845 1.61600624235 1.34588012051 0.970634311468 0.95433749767 0.908910434447 
1.71490005099 1.77550824392 1.4579153845 1.61600624235 1.34588012051 0.970634311468 0.95433749767 0.908910434447 
1.71490005099 1.77550824392 1.4579153845 1.61600624235 1.34588012051 0.970634311468 0.95433749767 0.908910434447 
