2.01394293624 1.94343971568 1.9849520706 1.26466750474 1.43045869565 1.12217957144 1.0465225379 0.955726990669 
2.01394293624 1.94343971568 1.9849520706 1.26466750474 1.43045869565 1.12217957144 1.0465225379 0.955726990669 
2.01394293624 1.94343971568 1.9849520706 1.26466750474 1.43045869565 1.12217957144 1.0465225379 0.955726990669 
2.01394293624 1.94343971568 1.9849520706 1.26466750474 1.43045869565 1.12217957144 1.0465225379 0.955726990669 
2.01394293624 1.94343971568 1.9849520706 1.26466750474 1.43045869565 1.12217957144 1.0465225379 0.955726990669 
2.01394293624 1.94343971568 1.9849520706 1.26466750474 1.43045869565 1.12217957144 1.0465225379 0.955726990669 
2.01394293624 1.94343971568 1.9849520706 1.26466750474 1.43045869565 1.12217957144 1.0465225379 0.955726990669 
2.01394293624 1.94343971568 1.9849520706 1.26466750474 1.43045869565 1.12217957144 1.0465225379 0.955726990669 
2.01394293624 1.94343971568 1.9849520706 1.26466750474 1.43045869565 1.12217957144 1.0465225379 0.955726990669 
2.01394293624 1.94343971568 1.9849520706 1.26466750474 1.43045869565 1.12217957144 1.0465225379 0.955726990669 
2.01394293624 1.94343971568 1.9849520706 1.26466750474 1.43045869565 1.12217957144 1.0465225379 0.955726990669 
2.01394293624 1.94343971568 1.9849520706 1.26466750474 1.43045869565 1.12217957144 1.0465225379 0.955726990669 
2.01394293624 1.94343971568 1.9849520706 1.26466750474 1.43045869565 1.12217957144 1.0465225379 0.955726990669 
2.01394293624 1.94343971568 1.9849520706 1.26466750474 1.43045869565 1.12217957144 1.0465225379 0.955726990669 
2.01394293624 1.94343971568 1.9849520706 1.26466750474 1.43045869565 1.12217957144 1.0465225379 0.955726990669 
2.01394293624 1.94343971568 1.9849520706 1.26466750474 1.43045869565 1.12217957144 1.0465225379 0.955726990669 
2.01394293624 1.94343971568 1.9849520706 1.26466750474 1.43045869565 1.12217957144 1.0465225379 0.955726990669 
2.01394293624 1.94343971568 1.9849520706 1.26466750474 1.43045869565 1.12217957144 1.0465225379 0.955726990669 
2.01394293624 1.94343971568 1.9849520706 1.26466750474 1.43045869565 1.12217957144 1.0465225379 0.955726990669 
2.01394293624 1.94343971568 1.9849520706 1.26466750474 1.43045869565 1.12217957144 1.0465225379 0.955726990669 
2.01394293624 1.94343971568 1.9849520706 1.26466750474 1.43045869565 1.12217957144 1.0465225379 0.955726990669 
2.01394293624 1.94343971568 1.9849520706 1.26466750474 1.43045869565 1.12217957144 1.0465225379 0.955726990669 
2.01394293624 1.94343971568 1.9849520706 1.26466750474 1.43045869565 1.12217957144 1.0465225379 0.955726990669 
2.01394293624 1.94343971568 1.9849520706 1.26466750474 1.43045869565 1.12217957144 1.0465225379 0.955726990669 
2.01394293624 1.94343971568 1.9849520706 1.26466750474 1.43045869565 1.12217957144 1.0465225379 0.955726990669 
2.01394293624 1.94343971568 1.9849520706 1.26466750474 1.43045869565 1.12217957144 1.0465225379 0.955726990669 
2.01394293624 1.94343971568 1.9849520706 1.26466750474 1.43045869565 1.12217957144 1.0465225379 0.955726990669 
2.01394293624 1.94343971568 1.9849520706 1.26466750474 1.43045869565 1.12217957144 1.0465225379 0.955726990669 
2.01394293624 1.94343971568 1.9849520706 1.26466750474 1.43045869565 1.12217957144 1.0465225379 0.955726990669 
2.01394293624 1.94343971568 1.9849520706 1.26466750474 1.43045869565 1.12217957144 1.0465225379 0.955726990669 
2.01394293624 1.94343971568 1.9849520706 1.26466750474 1.43045869565 1.12217957144 1.0465225379 0.955726990669 
2.01394293624 1.94343971568 1.9849520706 1.26466750474 1.43045869565 1.12217957144 1.0465225379 0.955726990669 
2.01394293624 1.94343971568 1.9849520706 1.26466750474 1.43045869565 1.12217957144 1.0465225379 0.955726990669 
2.01394293624 1.94343971568 1.9849520706 1.26466750474 1.43045869565 1.12217957144 1.0465225379 0.955726990669 
2.01394293624 1.94343971568 1.9849520706 1.26466750474 1.43045869565 1.12217957144 1.0465225379 0.955726990669 
2.01394293624 1.94343971568 1.9849520706 1.26466750474 1.43045869565 1.12217957144 1.0465225379 0.955726990669 
2.01394293624 1.94343971568 1.9849520706 1.26466750474 1.43045869565 1.12217957144 1.0465225379 0.955726990669 
2.01394293624 1.94343971568 1.9849520706 1.26466750474 1.43045869565 1.12217957144 1.0465225379 0.955726990669 
2.01394293624 1.94343971568 1.9849520706 1.26466750474 1.43045869565 1.12217957144 1.0465225379 0.955726990669 
2.01394293624 1.94343971568 1.9849520706 1.26466750474 1.43045869565 1.12217957144 1.0465225379 0.955726990669 
2.01394293624 1.94343971568 1.9849520706 1.26466750474 1.43045869565 1.12217957144 1.0465225379 0.955726990669 
2.01394293624 1.94343971568 1.9849520706 1.26466750474 1.43045869565 1.12217957144 1.0465225379 0.955726990669 
2.01394293624 1.94343971568 1.9849520706 1.26466750474 1.43045869565 1.12217957144 1.0465225379 0.955726990669 
2.01394293624 1.94343971568 1.9849520706 1.26466750474 1.43045869565 1.12217957144 1.0465225379 0.955726990669 
2.01394293624 1.94343971568 1.9849520706 1.26466750474 1.43045869565 1.12217957144 1.0465225379 0.955726990669 
2.01394293624 1.94343971568 1.9849520706 1.26466750474 1.43045869565 1.12217957144 1.0465225379 0.955726990669 
2.01394293624 1.94343971568 1.9849520706 1.26466750474 1.43045869565 1.12217957144 1.0465225379 0.955726990669 
2.01394293624 1.94343971568 1.9849520706 1.26466750474 1.43045869565 1.12217957144 1.0465225379 0.955726990669 
2.01394293624 1.94343971568 1.9849520706 1.26466750474 1.43045869565 1.12217957144 1.0465225379 0.955726990669 
2.01394293624 1.94343971568 1.9849520706 1.26466750474 1.43045869565 1.12217957144 1.0465225379 0.955726990669 
2.01394293624 1.94343971568 1.9849520706 1.26466750474 1.43045869565 1.12217957144 1.0465225379 0.955726990669 
2.01394293624 1.94343971568 1.9849520706 1.26466750474 1.43045869565 1.12217957144 1.0465225379 0.955726990669 
2.01394293624 1.94343971568 1.9849520706 1.26466750474 1.43045869565 1.12217957144 1.0465225379 0.955726990669 
2.01394293624 1.94343971568 1.9849520706 1.26466750474 1.43045869565 1.12217957144 1.0465225379 0.955726990669 
2.06040202837 1.54915040942 1.58224064221 1.00808898417 1.14024408884 0.894509303641 0.834201277157 0.76181508092 
2.01394293624 1.94343971568 1.9849520706 1.26466750474 1.43045869565 1.12217957144 1.0465225379 0.955726990669 
2.01394293624 1.94343971568 1.9849520706 1.26466750474 1.43045869565 1.12217957144 1.0465225379 0.955726990669 
2.01394293624 1.94343971568 1.9849520706 1.26466750474 1.43045869565 1.12217957144 1.0465225379 0.955726990669 
2.01394293624 1.94343971568 1.9849520706 1.26466750474 1.43045869565 1.12217957144 1.0465225379 0.955726990669 
2.01394293624 1.94343971568 1.9849520706 1.26466750474 1.43045869565 1.12217957144 1.0465225379 0.955726990669 
2.01394293624 1.94343971568 1.9849520706 1.26466750474 1.43045869565 1.12217957144 1.0465225379 0.955726990669 
2.01394293624 1.94343971568 1.9849520706 1.26466750474 1.43045869565 1.12217957144 1.0465225379 0.955726990669 
2.01394293624 1.94343971568 1.9849520706 1.26466750474 1.43045869565 1.12217957144 1.0465225379 0.955726990669 
2.01394293624 1.94343971568 1.9849520706 1.26466750474 1.43045869565 1.12217957144 1.0465225379 0.955726990669 
2.01394293624 1.94343971568 1.9849520706 1.26466750474 1.43045869565 1.12217957144 1.0465225379 0.955726990669 
2.01394293624 1.94343971568 1.9849520706 1.26466750474 1.43045869565 1.12217957144 1.0465225379 0.955726990669 
2.01394293624 1.94343971568 1.9849520706 1.26466750474 1.43045869565 1.12217957144 1.0465225379 0.955726990669 
2.01394293624 1.94343971568 1.9849520706 1.26466750474 1.43045869565 1.12217957144 1.0465225379 0.955726990669 
2.01394293624 1.94343971568 1.9849520706 1.26466750474 1.43045869565 1.12217957144 1.0465225379 0.955726990669 
2.01394293624 1.94343971568 1.9849520706 1.26466750474 1.43045869565 1.12217957144 1.0465225379 0.955726990669 
2.01394293624 1.94343971568 1.9849520706 1.26466750474 1.43045869565 1.12217957144 1.0465225379 0.955726990669 
2.01394293624 1.94343971568 1.9849520706 1.26466750474 1.43045869565 1.12217957144 1.0465225379 0.955726990669 
2.01394293624 1.94343971568 1.9849520706 1.26466750474 1.43045869565 1.12217957144 1.0465225379 0.955726990669 
2.01394293624 1.94343971568 1.9849520706 1.26466750474 1.43045869565 1.12217957144 1.0465225379 0.955726990669 
2.01394293624 1.94343971568 1.9849520706 1.26466750474 1.43045869565 1.12217957144 1.0465225379 0.955726990669 
2.01394293624 1.94343971568 1.9849520706 1.26466750474 1.43045869565 1.12217957144 1.0465225379 0.955726990669 
2.01394293624 1.94343971568 1.9849520706 1.26466750474 1.43045869565 1.12217957144 1.0465225379 0.955726990669 
2.01394293624 1.94343971568 1.9849520706 1.26466750474 1.43045869565 1.12217957144 1.0465225379 0.955726990669 
2.01394293624 1.94343971568 1.9849520706 1.26466750474 1.43045869565 1.12217957144 1.0465225379 0.955726990669 
2.01394293624 1.94343971568 1.9849520706 1.26466750474 1.43045869565 1.12217957144 1.0465225379 0.955726990669 
2.01394293624 1.94343971568 1.9849520706 1.26466750474 1.43045869565 1.12217957144 1.0465225379 0.955726990669 
2.01394293624 1.94343971568 1.9849520706 1.26466750474 1.43045869565 1.12217957144 1.0465225379 0.955726990669 
2.01394293624 1.94343971568 1.9849520706 1.26466750474 1.43045869565 1.12217957144 1.0465225379 0.955726990669 
2.01394293624 1.94343971568 1.9849520706 1.26466750474 1.43045869565 1.12217957144 1.0465225379 0.955726990669 
2.01394293624 1.94343971568 1.9849520706 1.26466750474 1.43045869565 1.12217957144 1.0465225379 0.955726990669 
2.01394293624 1.94343971568 1.9849520706 1.26466750474 1.43045869565 1.12217957144 1.0465225379 0.955726990669 
2.01394293624 1.94343971568 1.9849520706 1.26466750474 1.43045869565 1.12217957144 1.0465225379 0.955726990669 
2.01394293624 1.94343971568 1.9849520706 1.26466750474 1.43045869565 1.12217957144 1.0465225379 0.955726990669 
2.01394293624 1.94343971568 1.9849520706 1.26466750474 1.43045869565 1.12217957144 1.0465225379 0.955726990669 
2.01394293624 1.94343971568 1.9849520706 1.26466750474 1.43045869565 1.12217957144 1.0465225379 0.955726990669 
2.01394293624 1.94343971568 1.9849520706 1.26466750474 1.43045869565 1.12217957144 1.0465225379 0.955726990669 
2.01394293624 1.94343971568 1.9849520706 1.26466750474 1.43045869565 1.12217957144 1.0465225379 0.955726990669 
2.01394293624 1.94343971568 1.9849520706 1.26466750474 1.43045869565 1.12217957144 1.0465225379 0.955726990669 
2.01394293624 1.94343971568 1.9849520706 1.26466750474 1.43045869565 1.12217957144 1.0465225379 0.955726990669 
2.01394293624 1.94343971568 1.9849520706 1.26466750474 1.43045869565 1.12217957144 1.0465225379 0.955726990669 
2.01394293624 1.94343971568 1.9849520706 1.26466750474 1.43045869565 1.12217957144 1.0465225379 0.955726990669 
2.01394293624 1.94343971568 1.9849520706 1.26466750474 1.43045869565 1.12217957144 1.0465225379 0.955726990669 
2.01394293624 1.94343971568 1.9849520706 1.26466750474 1.43045869565 1.12217957144 1.0465225379 0.955726990669 
2.01394293624 1.94343971568 1.9849520706 1.26466750474 1.43045869565 1.12217957144 1.0465225379 0.955726990669 
2.01394293624 1.94343971568 1.9849520706 1.26466750474 1.43045869565 1.12217957144 1.0465225379 0.955726990669 
