0.973230126416 1.55307574039 1.57078564867 1.17780827005 1.18498641776 1.10112037058 
0.973230126416 1.55307574039 1.57078564867 1.17780827005 1.18498641776 1.10112037058 
0.973230126416 1.55307574039 1.57078564867 1.17780827005 1.18498641776 1.10112037058 
0.973230126416 1.55307574039 1.57078564867 1.17780827005 1.18498641776 1.10112037058 
0.973230126416 1.55307574039 1.57078564867 1.17780827005 1.18498641776 1.10112037058 
0.973230126416 1.55307574039 1.57078564867 1.17780827005 1.18498641776 1.10112037058 
0.973230126416 1.55307574039 1.57078564867 1.17780827005 1.18498641776 1.10112037058 
0.973230126416 1.55307574039 1.57078564867 1.17780827005 1.18498641776 1.10112037058 
0.973230126416 1.55307574039 1.57078564867 1.17780827005 1.18498641776 1.10112037058 
0.973230126416 1.55307574039 1.57078564867 1.17780827005 1.18498641776 1.10112037058 
0.973230126416 1.55307574039 1.57078564867 1.17780827005 1.18498641776 1.10112037058 
0.973230126416 1.55307574039 1.57078564867 1.17780827005 1.18498641776 1.10112037058 
0.973230126416 1.55307574039 1.57078564867 1.17780827005 1.18498641776 1.10112037058 
0.973230126416 1.55307574039 1.57078564867 1.17780827005 1.18498641776 1.10112037058 
0.973230126416 1.55307574039 1.57078564867 1.17780827005 1.18498641776 1.10112037058 
0.973230126416 1.55307574039 1.57078564867 1.17780827005 1.18498641776 1.10112037058 
0.973230126416 1.55307574039 1.57078564867 1.17780827005 1.18498641776 1.10112037058 
0.973230126416 1.55307574039 1.57078564867 1.17780827005 1.18498641776 1.10112037058 
0.973230126416 1.55307574039 1.57078564867 1.17780827005 1.18498641776 1.10112037058 
0.973230126416 1.55307574039 1.57078564867 1.17780827005 1.18498641776 1.10112037058 
0.973230126416 1.55307574039 1.57078564867 1.17780827005 1.18498641776 1.10112037058 
0.973230126416 1.55307574039 1.57078564867 1.17780827005 1.18498641776 1.10112037058 
0.973230126416 1.55307574039 1.57078564867 1.17780827005 1.18498641776 1.10112037058 
0.973230126416 1.55307574039 1.57078564867 1.17780827005 1.18498641776 1.10112037058 
0.973230126416 1.55307574039 1.57078564867 1.17780827005 1.18498641776 1.10112037058 
0.973230126416 1.55307574039 1.57078564867 1.17780827005 1.18498641776 1.10112037058 
0.973230126416 1.55307574039 1.57078564867 1.17780827005 1.18498641776 1.10112037058 
0.973230126416 1.55307574039 1.57078564867 1.17780827005 1.18498641776 1.10112037058 
0.973230126416 1.55307574039 1.57078564867 1.17780827005 1.18498641776 1.10112037058 
0.973230126416 1.55307574039 1.57078564867 1.17780827005 1.18498641776 1.10112037058 
0.973230126416 1.55307574039 1.57078564867 1.17780827005 1.18498641776 1.10112037058 
0.973230126416 1.55307574039 1.57078564867 1.17780827005 1.18498641776 1.10112037058 
0.973230126416 1.55307574039 1.57078564867 1.17780827005 1.18498641776 1.10112037058 
0.973230126416 1.55307574039 1.57078564867 1.17780827005 1.18498641776 1.10112037058 
0.973230126416 1.55307574039 1.57078564867 1.17780827005 1.18498641776 1.10112037058 
0.973230126416 1.55307574039 1.57078564867 1.17780827005 1.18498641776 1.10112037058 
0.973230126416 1.55307574039 1.57078564867 1.17780827005 1.18498641776 1.10112037058 
0.973230126416 1.55307574039 1.57078564867 1.17780827005 1.18498641776 1.10112037058 
0.973230126416 1.55307574039 1.57078564867 1.17780827005 1.18498641776 1.10112037058 
0.973230126416 1.55307574039 1.57078564867 1.17780827005 1.18498641776 1.10112037058 
0.973230126416 1.55307574039 1.57078564867 1.17780827005 1.18498641776 1.10112037058 
0.973230126416 1.55307574039 1.57078564867 1.17780827005 1.18498641776 1.10112037058 
0.973230126416 1.55307574039 1.57078564867 1.17780827005 1.18498641776 1.10112037058 
0.973230126416 1.55307574039 1.57078564867 1.17780827005 1.18498641776 1.10112037058 
0.973230126416 1.55307574039 1.57078564867 1.17780827005 1.18498641776 1.10112037058 
0.973230126416 1.55307574039 1.57078564867 1.17780827005 1.18498641776 1.10112037058 
0.973230126416 1.55307574039 1.57078564867 1.17780827005 1.18498641776 1.10112037058 
0.973230126416 1.55307574039 1.57078564867 1.17780827005 1.18498641776 1.10112037058 
0.973230126416 1.55307574039 1.57078564867 1.17780827005 1.18498641776 1.10112037058 
0.973230126416 1.55307574039 1.57078564867 1.17780827005 1.18498641776 1.10112037058 
0.973230126416 1.55307574039 1.57078564867 1.17780827005 1.18498641776 1.10112037058 
0.973230126416 1.55307574039 1.57078564867 1.17780827005 1.18498641776 1.10112037058 
0.726310246277 1.57896726211 1.59697241765 1.19744366604 1.20474153579 1.11947877918 
0.973230126416 1.55307574039 1.57078564867 1.17780827005 1.18498641776 1.10112037058 
0.973230126416 1.55307574039 1.57078564867 1.17780827005 1.18498641776 1.10112037058 
0.973230126416 1.55307574039 1.57078564867 1.17780827005 1.18498641776 1.10112037058 
0.973230126416 1.55307574039 1.57078564867 1.17780827005 1.18498641776 1.10112037058 
0.973230126416 1.55307574039 1.57078564867 1.17780827005 1.18498641776 1.10112037058 
0.973230126416 1.55307574039 1.57078564867 1.17780827005 1.18498641776 1.10112037058 
0.973230126416 1.55307574039 1.57078564867 1.17780827005 1.18498641776 1.10112037058 
0.973230126416 1.55307574039 1.57078564867 1.17780827005 1.18498641776 1.10112037058 
0.973230126416 1.55307574039 1.57078564867 1.17780827005 1.18498641776 1.10112037058 
0.973230126416 1.55307574039 1.57078564867 1.17780827005 1.18498641776 1.10112037058 
0.973230126416 1.55307574039 1.57078564867 1.17780827005 1.18498641776 1.10112037058 
0.973230126416 1.55307574039 1.57078564867 1.17780827005 1.18498641776 1.10112037058 
0.973230126416 1.55307574039 1.57078564867 1.17780827005 1.18498641776 1.10112037058 
0.973230126416 1.55307574039 1.57078564867 1.17780827005 1.18498641776 1.10112037058 
0.973230126416 1.55307574039 1.57078564867 1.17780827005 1.18498641776 1.10112037058 
0.973230126416 1.55307574039 1.57078564867 1.17780827005 1.18498641776 1.10112037058 
0.973230126416 1.55307574039 1.57078564867 1.17780827005 1.18498641776 1.10112037058 
0.973230126416 1.55307574039 1.57078564867 1.17780827005 1.18498641776 1.10112037058 
0.973230126416 1.55307574039 1.57078564867 1.17780827005 1.18498641776 1.10112037058 
0.973230126416 1.55307574039 1.57078564867 1.17780827005 1.18498641776 1.10112037058 
0.973230126416 1.55307574039 1.57078564867 1.17780827005 1.18498641776 1.10112037058 
0.973230126416 1.55307574039 1.57078564867 1.17780827005 1.18498641776 1.10112037058 
0.973230126416 1.55307574039 1.57078564867 1.17780827005 1.18498641776 1.10112037058 
0.973230126416 1.55307574039 1.57078564867 1.17780827005 1.18498641776 1.10112037058 
0.973230126416 1.55307574039 1.57078564867 1.17780827005 1.18498641776 1.10112037058 
0.973230126416 1.55307574039 1.57078564867 1.17780827005 1.18498641776 1.10112037058 
0.973230126416 1.55307574039 1.57078564867 1.17780827005 1.18498641776 1.10112037058 
0.973230126416 1.55307574039 1.57078564867 1.17780827005 1.18498641776 1.10112037058 
0.973230126416 1.55307574039 1.57078564867 1.17780827005 1.18498641776 1.10112037058 
0.973230126416 1.55307574039 1.57078564867 1.17780827005 1.18498641776 1.10112037058 
0.973230126416 1.55307574039 1.57078564867 1.17780827005 1.18498641776 1.10112037058 
0.726310246277 1.57896726211 1.59697241765 1.19744366604 1.20474153579 1.11947877918 
0.973230126416 1.55307574039 1.57078564867 1.17780827005 1.18498641776 1.10112037058 
0.973230126416 1.55307574039 1.57078564867 1.17780827005 1.18498641776 1.10112037058 
0.973230126416 1.55307574039 1.57078564867 1.17780827005 1.18498641776 1.10112037058 
0.973230126416 1.55307574039 1.57078564867 1.17780827005 1.18498641776 1.10112037058 
0.973230126416 1.55307574039 1.57078564867 1.17780827005 1.18498641776 1.10112037058 
0.973230126416 1.55307574039 1.57078564867 1.17780827005 1.18498641776 1.10112037058 
0.973230126416 1.55307574039 1.57078564867 1.17780827005 1.18498641776 1.10112037058 
0.973230126416 1.55307574039 1.57078564867 1.17780827005 1.18498641776 1.10112037058 
0.973230126416 1.55307574039 1.57078564867 1.17780827005 1.18498641776 1.10112037058 
0.973230126416 1.55307574039 1.57078564867 1.17780827005 1.18498641776 1.10112037058 
1.01247528513 0.920277914674 0.930771876859 0.69791234024 0.702164439402 0.652434458106 
0.973230126416 1.55307574039 1.57078564867 1.17780827005 1.18498641776 1.10112037058 
0.973230126416 1.55307574039 1.57078564867 1.17780827005 1.18498641776 1.10112037058 
0.973230126416 1.55307574039 1.57078564867 1.17780827005 1.18498641776 1.10112037058 
0.973230126416 1.55307574039 1.57078564867 1.17780827005 1.18498641776 1.10112037058 
