0.610323918167 0.55262680669 0.948407808474 1.11222667724 1.09273149408 0.961728803865 
0.610323918167 0.55262680669 0.948407808474 1.11222667724 1.09273149408 0.961728803865 
0.610323918167 0.55262680669 0.948407808474 1.11222667724 1.09273149408 0.961728803865 
0.610323918167 0.55262680669 0.948407808474 1.11222667724 1.09273149408 0.961728803865 
0.610323918167 0.55262680669 0.948407808474 1.11222667724 1.09273149408 0.961728803865 
0.610323918167 0.55262680669 0.948407808474 1.11222667724 1.09273149408 0.961728803865 
0.610323918167 0.55262680669 0.948407808474 1.11222667724 1.09273149408 0.961728803865 
0.610323918167 0.55262680669 0.948407808474 1.11222667724 1.09273149408 0.961728803865 
0.610323918167 0.55262680669 0.948407808474 1.11222667724 1.09273149408 0.961728803865 
0.610323918167 0.55262680669 0.948407808474 1.11222667724 1.09273149408 0.961728803865 
0.610323918167 0.55262680669 0.948407808474 1.11222667724 1.09273149408 0.961728803865 
0.610323918167 0.55262680669 0.948407808474 1.11222667724 1.09273149408 0.961728803865 
0.610323918167 0.55262680669 0.948407808474 1.11222667724 1.09273149408 0.961728803865 
0.610323918167 0.55262680669 0.948407808474 1.11222667724 1.09273149408 0.961728803865 
0.610323918167 0.55262680669 0.948407808474 1.11222667724 1.09273149408 0.961728803865 
0.610323918167 0.55262680669 0.948407808474 1.11222667724 1.09273149408 0.961728803865 
0.610323918167 0.55262680669 0.948407808474 1.11222667724 1.09273149408 0.961728803865 
0.610323918167 0.55262680669 0.948407808474 1.11222667724 1.09273149408 0.961728803865 
0.610323918167 0.55262680669 0.948407808474 1.11222667724 1.09273149408 0.961728803865 
0.610323918167 0.55262680669 0.948407808474 1.11222667724 1.09273149408 0.961728803865 
0.610323918167 0.55262680669 0.948407808474 1.11222667724 1.09273149408 0.961728803865 
0.610323918167 0.55262680669 0.948407808474 1.11222667724 1.09273149408 0.961728803865 
0.610323918167 0.55262680669 0.948407808474 1.11222667724 1.09273149408 0.961728803865 
0.610323918167 0.55262680669 0.948407808474 1.11222667724 1.09273149408 0.961728803865 
0.610323918167 0.55262680669 0.948407808474 1.11222667724 1.09273149408 0.961728803865 
0.610323918167 0.55262680669 0.948407808474 1.11222667724 1.09273149408 0.961728803865 
0.610323918167 0.55262680669 0.948407808474 1.11222667724 1.09273149408 0.961728803865 
0.610323918167 0.55262680669 0.948407808474 1.11222667724 1.09273149408 0.961728803865 
0.610323918167 0.55262680669 0.948407808474 1.11222667724 1.09273149408 0.961728803865 
0.610323918167 0.55262680669 0.948407808474 1.11222667724 1.09273149408 0.961728803865 
0.610323918167 0.55262680669 0.948407808474 1.11222667724 1.09273149408 0.961728803865 
0.610323918167 0.55262680669 0.948407808474 1.11222667724 1.09273149408 0.961728803865 
0.610323918167 0.55262680669 0.948407808474 1.11222667724 1.09273149408 0.961728803865 
0.610323918167 0.55262680669 0.948407808474 1.11222667724 1.09273149408 0.961728803865 
0.610323918167 0.55262680669 0.948407808474 1.11222667724 1.09273149408 0.961728803865 
1.11325809071 1.00801601438 0.935700084909 1.09732392639 1.07808987621 0.961728803865 
0.610323918167 0.55262680669 0.948407808474 1.11222667724 1.09273149408 0.961728803865 
0.610323918167 0.55262680669 0.948407808474 1.11222667724 1.09273149408 0.961728803865 
0.610323918167 0.55262680669 0.948407808474 1.11222667724 1.09273149408 0.961728803865 
0.610323918167 0.55262680669 0.948407808474 1.11222667724 1.09273149408 0.961728803865 
0.610323918167 0.55262680669 0.948407808474 1.11222667724 1.09273149408 0.961728803865 
0.610323918167 0.55262680669 0.948407808474 1.11222667724 1.09273149408 0.961728803865 
0.610323918167 0.55262680669 0.948407808474 1.11222667724 1.09273149408 0.961728803865 
0.610323918167 0.55262680669 0.948407808474 1.11222667724 1.09273149408 0.961728803865 
0.610323918167 0.55262680669 0.948407808474 1.11222667724 1.09273149408 0.961728803865 
1.02294839984 0.926243765009 0.948306585522 1.11210796987 1.09261486676 0.974687136073 
0.610323918167 0.55262680669 0.948407808474 1.11222667724 1.09273149408 0.961728803865 
0.610323918167 0.55262680669 0.948407808474 1.11222667724 1.09273149408 0.961728803865 
0.610323918167 0.55262680669 0.948407808474 1.11222667724 1.09273149408 0.961728803865 
0.610323918167 0.55262680669 0.948407808474 1.11222667724 1.09273149408 0.961728803865 
0.610323918167 0.55262680669 0.948407808474 1.11222667724 1.09273149408 0.961728803865 
0.610323918167 0.55262680669 0.948407808474 1.11222667724 1.09273149408 0.961728803865 
0.610323918167 0.55262680669 0.948407808474 1.11222667724 1.09273149408 0.961728803865 
0.610323918167 0.55262680669 0.948407808474 1.11222667724 1.09273149408 0.961728803865 
0.610323918167 0.55262680669 0.948407808474 1.11222667724 1.09273149408 0.961728803865 
0.610323918167 0.55262680669 0.948407808474 1.11222667724 1.09273149408 0.961728803865 
0.610323918167 0.55262680669 0.948407808474 1.11222667724 1.09273149408 0.961728803865 
0.610323918167 0.55262680669 0.948407808474 1.11222667724 1.09273149408 0.961728803865 
0.610323918167 0.55262680669 0.948407808474 1.11222667724 1.09273149408 0.961728803865 
0.610323918167 0.55262680669 0.948407808474 1.11222667724 1.09273149408 0.961728803865 
0.610323918167 0.55262680669 0.948407808474 1.11222667724 1.09273149408 0.961728803865 
0.610323918167 0.55262680669 0.948407808474 1.11222667724 1.09273149408 0.961728803865 
0.610323918167 0.55262680669 0.948407808474 1.11222667724 1.09273149408 0.961728803865 
0.610323918167 0.55262680669 0.948407808474 1.11222667724 1.09273149408 0.961728803865 
0.610323918167 0.55262680669 0.948407808474 1.11222667724 1.09273149408 0.961728803865 
0.610323918167 0.55262680669 0.948407808474 1.11222667724 1.09273149408 0.961728803865 
0.610323918167 0.55262680669 0.948407808474 1.11222667724 1.09273149408 0.961728803865 
0.610323918167 0.55262680669 0.948407808474 1.11222667724 1.09273149408 0.961728803865 
0.610323918167 0.55262680669 0.948407808474 1.11222667724 1.09273149408 0.961728803865 
1.02294839984 0.926243765009 0.948306585522 1.11210796987 1.09261486676 0.974687136073 
0.610323918167 0.55262680669 0.948407808474 1.11222667724 1.09273149408 0.961728803865 
0.610323918167 0.55262680669 0.948407808474 1.11222667724 1.09273149408 0.961728803865 
0.610323918167 0.55262680669 0.948407808474 1.11222667724 1.09273149408 0.961728803865 
0.610323918167 0.55262680669 0.948407808474 1.11222667724 1.09273149408 0.961728803865 
0.610323918167 0.55262680669 0.948407808474 1.11222667724 1.09273149408 0.961728803865 
0.610323918167 0.55262680669 0.948407808474 1.11222667724 1.09273149408 0.961728803865 
0.610323918167 0.55262680669 0.948407808474 1.11222667724 1.09273149408 0.961728803865 
0.610323918167 0.55262680669 0.948407808474 1.11222667724 1.09273149408 0.961728803865 
0.610323918167 0.55262680669 0.948407808474 1.11222667724 1.09273149408 0.961728803865 
0.610323918167 0.55262680669 0.948407808474 1.11222667724 1.09273149408 0.961728803865 
0.610323918167 0.55262680669 0.948407808474 1.11222667724 1.09273149408 0.961728803865 
0.610323918167 0.55262680669 0.948407808474 1.11222667724 1.09273149408 0.961728803865 
0.610323918167 0.55262680669 0.948407808474 1.11222667724 1.09273149408 0.961728803865 
0.610323918167 0.55262680669 0.948407808474 1.11222667724 1.09273149408 0.961728803865 
0.610323918167 0.55262680669 0.948407808474 1.11222667724 1.09273149408 0.961728803865 
0.610323918167 0.55262680669 0.948407808474 1.11222667724 1.09273149408 0.961728803865 
1.02294839984 0.926243765009 0.948306585522 1.11210796987 1.09261486676 0.974687136073 
0.610323918167 0.55262680669 0.948407808474 1.11222667724 1.09273149408 0.961728803865 
0.610323918167 0.55262680669 0.948407808474 1.11222667724 1.09273149408 0.961728803865 
0.610323918167 0.55262680669 0.948407808474 1.11222667724 1.09273149408 0.961728803865 
0.610323918167 0.55262680669 0.948407808474 1.11222667724 1.09273149408 0.961728803865 
0.610323918167 0.55262680669 0.948407808474 1.11222667724 1.09273149408 0.961728803865 
0.610323918167 0.55262680669 0.948407808474 1.11222667724 1.09273149408 0.961728803865 
0.610323918167 0.55262680669 0.948407808474 1.11222667724 1.09273149408 0.961728803865 
1.11325809071 1.00801601438 0.935700084909 1.09732392639 1.07808987621 0.961728803865 
0.610323918167 0.55262680669 0.948407808474 1.11222667724 1.09273149408 0.961728803865 
1.02294839984 0.926243765009 0.948306585522 1.11210796987 1.09261486676 0.974687136073 
0.610323918167 0.55262680669 0.948407808474 1.11222667724 1.09273149408 0.961728803865 
0.610323918167 0.55262680669 0.948407808474 1.11222667724 1.09273149408 0.961728803865 
0.610323918167 0.55262680669 0.948407808474 1.11222667724 1.09273149408 0.961728803865 
