1.4597746036 1.79004521118 1.56486852139 1.36570539225 1.28617008754 1.17994705095 
1.4597746036 1.79004521118 1.56486852139 1.36570539225 1.28617008754 1.17994705095 
0.0490658029667 1.60912134935 1.41698568047 1.4447077016 1.28617008754 1.17994705095 
1.4597746036 1.79004521118 1.56486852139 1.36570539225 1.28617008754 1.17994705095 
1.4597746036 1.79004521118 1.56486852139 1.36570539225 1.28617008754 1.17994705095 
1.4597746036 1.79004521118 1.56486852139 1.36570539225 1.28617008754 1.17994705095 
1.4597746036 1.79004521118 1.56486852139 1.36570539225 1.28617008754 1.17994705095 
1.4597746036 1.79004521118 1.56486852139 1.36570539225 1.28617008754 1.17994705095 
1.4597746036 1.79004521118 1.56486852139 1.36570539225 1.28617008754 1.17994705095 
1.4597746036 1.79004521118 1.56486852139 1.36570539225 1.28617008754 1.17994705095 
1.4597746036 1.79004521118 1.56486852139 1.36570539225 1.28617008754 1.17994705095 
1.4597746036 1.79004521118 1.56486852139 1.36570539225 1.28617008754 1.17994705095 
1.4597746036 1.79004521118 1.56486852139 1.36570539225 1.28617008754 1.17994705095 
1.4597746036 1.79004521118 1.56486852139 1.36570539225 1.28617008754 1.17994705095 
1.4597746036 1.79004521118 1.56486852139 1.36570539225 1.28617008754 1.17994705095 
1.4597746036 1.79004521118 1.56486852139 1.36570539225 1.28617008754 1.17994705095 
1.4597746036 1.79004521118 1.56486852139 1.36570539225 1.28617008754 1.17994705095 
1.4597746036 1.79004521118 1.56486852139 1.36570539225 1.28617008754 1.17994705095 
1.4597746036 1.79004521118 1.56486852139 1.36570539225 1.28617008754 1.17994705095 
1.4597746036 1.79004521118 1.56486852139 1.36570539225 1.28617008754 1.17994705095 
1.4597746036 1.79004521118 1.56486852139 1.36570539225 1.28617008754 1.17994705095 
1.4597746036 1.79004521118 1.56486852139 1.36570539225 1.28617008754 1.17994705095 
1.4597746036 1.79004521118 1.56486852139 1.36570539225 1.28617008754 1.17994705095 
1.4597746036 1.79004521118 1.56486852139 1.36570539225 1.28617008754 1.17994705095 
1.4597746036 1.79004521118 1.56486852139 1.36570539225 1.28617008754 1.17994705095 
1.4597746036 1.79004521118 1.56486852139 1.36570539225 1.28617008754 1.17994705095 
1.4597746036 1.79004521118 1.56486852139 1.36570539225 1.28617008754 1.17994705095 
0.0490658029667 1.60912134935 1.41698568047 1.4447077016 1.28617008754 1.17994705095 
1.4597746036 1.79004521118 1.56486852139 1.36570539225 1.28617008754 1.17994705095 
1.4597746036 1.79004521118 1.56486852139 1.36570539225 1.28617008754 1.17994705095 
1.4597746036 1.79004521118 1.56486852139 1.36570539225 1.28617008754 1.17994705095 
1.4597746036 1.79004521118 1.56486852139 1.36570539225 1.28617008754 1.17994705095 
1.4597746036 1.79004521118 1.56486852139 1.36570539225 1.28617008754 1.17994705095 
1.4597746036 1.79004521118 1.56486852139 1.36570539225 1.28617008754 1.17994705095 
1.4597746036 1.79004521118 1.56486852139 1.36570539225 1.28617008754 1.17994705095 
1.4597746036 1.79004521118 1.56486852139 1.36570539225 1.28617008754 1.17994705095 
1.4597746036 1.79004521118 1.56486852139 1.36570539225 1.28617008754 1.17994705095 
1.4597746036 1.79004521118 1.56486852139 1.36570539225 1.28617008754 1.17994705095 
1.4597746036 1.79004521118 1.56486852139 1.36570539225 1.28617008754 1.17994705095 
1.4597746036 1.79004521118 1.56486852139 1.36570539225 1.28617008754 1.17994705095 
1.4597746036 1.79004521118 1.56486852139 1.36570539225 1.28617008754 1.17994705095 
1.4597746036 1.79004521118 1.56486852139 1.36570539225 1.28617008754 1.17994705095 
1.4597746036 1.79004521118 1.56486852139 1.36570539225 1.28617008754 1.17994705095 
1.4597746036 1.79004521118 1.56486852139 1.36570539225 1.28617008754 1.17994705095 
1.4597746036 1.79004521118 1.56486852139 1.36570539225 1.28617008754 1.17994705095 
1.4597746036 1.79004521118 1.56486852139 1.36570539225 1.28617008754 1.17994705095 
1.4597746036 1.79004521118 1.56486852139 1.36570539225 1.28617008754 1.17994705095 
1.4597746036 1.79004521118 1.56486852139 1.36570539225 1.28617008754 1.17994705095 
1.4597746036 1.79004521118 1.56486852139 1.36570539225 1.28617008754 1.17994705095 
1.4597746036 1.79004521118 1.56486852139 1.36570539225 1.28617008754 1.17994705095 
1.4597746036 1.79004521118 1.56486852139 1.36570539225 1.28617008754 1.17994705095 
1.4597746036 1.79004521118 1.56486852139 1.36570539225 1.28617008754 1.17994705095 
1.4597746036 1.79004521118 1.56486852139 1.36570539225 1.28617008754 1.17994705095 
1.4597746036 1.79004521118 1.56486852139 1.36570539225 1.28617008754 1.17994705095 
1.4597746036 1.79004521118 1.56486852139 1.36570539225 1.28617008754 1.17994705095 
1.4597746036 1.79004521118 1.56486852139 1.36570539225 1.28617008754 1.17994705095 
1.4597746036 1.79004521118 1.56486852139 1.36570539225 1.28617008754 1.17994705095 
1.4597746036 1.79004521118 1.56486852139 1.36570539225 1.28617008754 1.17994705095 
1.4597746036 1.79004521118 1.56486852139 1.36570539225 1.28617008754 1.17994705095 
0.0490658029667 1.60912134935 1.41698568047 1.4447077016 1.28617008754 1.17994705095 
1.4597746036 1.79004521118 1.56486852139 1.36570539225 1.28617008754 1.17994705095 
1.4597746036 1.79004521118 1.56486852139 1.36570539225 1.28617008754 1.17994705095 
1.4597746036 1.79004521118 1.56486852139 1.36570539225 1.28617008754 1.17994705095 
1.00300646097 1.22993434647 1.07521612362 1.4447077016 1.28617008754 1.17994705095 
1.4597746036 1.79004521118 1.56486852139 1.36570539225 1.28617008754 1.17994705095 
1.4597746036 1.79004521118 1.56486852139 1.36570539225 1.28617008754 1.17994705095 
1.4597746036 1.79004521118 1.56486852139 1.36570539225 1.28617008754 1.17994705095 
1.4597746036 1.79004521118 1.56486852139 1.36570539225 1.28617008754 1.17994705095 
1.4597746036 1.79004521118 1.56486852139 1.36570539225 1.28617008754 1.17994705095 
1.4597746036 1.79004521118 1.56486852139 1.36570539225 1.28617008754 1.17994705095 
1.4597746036 1.79004521118 1.56486852139 1.36570539225 1.28617008754 1.17994705095 
1.4597746036 1.79004521118 1.56486852139 1.36570539225 1.28617008754 1.17994705095 
1.4597746036 1.79004521118 1.56486852139 1.36570539225 1.28617008754 1.17994705095 
1.4597746036 1.79004521118 1.56486852139 1.36570539225 1.28617008754 1.17994705095 
1.4597746036 1.79004521118 1.56486852139 1.36570539225 1.28617008754 1.17994705095 
1.4597746036 1.79004521118 1.56486852139 1.36570539225 1.28617008754 1.17994705095 
1.4597746036 1.79004521118 1.56486852139 1.36570539225 1.28617008754 1.17994705095 
1.4597746036 1.79004521118 1.56486852139 1.36570539225 1.28617008754 1.17994705095 
1.4597746036 1.79004521118 1.56486852139 1.36570539225 1.28617008754 1.17994705095 
1.4597746036 1.79004521118 1.56486852139 1.36570539225 1.28617008754 1.17994705095 
0.0490658029667 1.60912134935 1.41698568047 1.4447077016 1.28617008754 1.17994705095 
1.4597746036 1.79004521118 1.56486852139 1.36570539225 1.28617008754 1.17994705095 
0.0490658029667 1.60912134935 1.41698568047 1.4447077016 1.28617008754 1.17994705095 
1.4597746036 1.79004521118 1.56486852139 1.36570539225 1.28617008754 1.17994705095 
1.00300646097 1.22993434647 1.07521612362 1.4447077016 1.28617008754 1.17994705095 
1.4597746036 1.79004521118 1.56486852139 1.36570539225 1.28617008754 1.17994705095 
1.4597746036 1.79004521118 1.56486852139 1.36570539225 1.28617008754 1.17994705095 
1.4597746036 1.79004521118 1.56486852139 1.36570539225 1.28617008754 1.17994705095 
1.4597746036 1.79004521118 1.56486852139 1.36570539225 1.28617008754 1.17994705095 
1.4597746036 1.79004521118 1.56486852139 1.36570539225 1.28617008754 1.17994705095 
1.4597746036 1.79004521118 1.56486852139 1.36570539225 1.28617008754 1.17994705095 
1.4597746036 1.79004521118 1.56486852139 1.36570539225 1.28617008754 1.17994705095 
1.4597746036 1.79004521118 1.56486852139 1.36570539225 1.28617008754 1.17994705095 
0.0490658029667 1.60912134935 1.41698568047 1.4447077016 1.28617008754 1.17994705095 
1.4597746036 1.79004521118 1.56486852139 1.36570539225 1.28617008754 1.17994705095 
1.4597746036 1.79004521118 1.56486852139 1.36570539225 1.28617008754 1.17994705095 
1.4597746036 1.79004521118 1.56486852139 1.36570539225 1.28617008754 1.17994705095 
1.4597746036 1.79004521118 1.56486852139 1.36570539225 1.28617008754 1.17994705095 
1.4597746036 1.79004521118 1.56486852139 1.36570539225 1.28617008754 1.17994705095 
1.00300646097 1.22993434647 1.07521612362 1.4447077016 1.28617008754 1.17994705095 
