1.51195306427 1.62168311798 1.37190293178 1.08629710218 1.14828073354 1.08441208544 
1.51195306427 1.62168311798 1.37190293178 1.08629710218 1.14828073354 1.08441208544 
1.51195306427 1.62168311798 1.37190293178 1.08629710218 1.14828073354 1.08441208544 
1.51195306427 1.62168311798 1.37190293178 1.08629710218 1.14828073354 1.08441208544 
1.51195306427 1.62168311798 1.37190293178 1.08629710218 1.14828073354 1.08441208544 
1.51195306427 1.62168311798 1.37190293178 1.08629710218 1.14828073354 1.08441208544 
1.51195306427 1.62168311798 1.37190293178 1.08629710218 1.14828073354 1.08441208544 
1.51195306427 1.62168311798 1.37190293178 1.08629710218 1.14828073354 1.08441208544 
1.51195306427 1.62168311798 1.37190293178 1.08629710218 1.14828073354 1.08441208544 
1.60304684914 0.630022391801 0.53298301836 0.422025220332 0.446400144714 0.421528137022 
1.51195306427 1.62168311798 1.37190293178 1.08629710218 1.14828073354 1.08441208544 
1.51195306427 1.62168311798 1.37190293178 1.08629710218 1.14828073354 1.08441208544 
1.51195306427 1.62168311798 1.37190293178 1.08629710218 1.14828073354 1.08441208544 
1.51195306427 1.62168311798 1.37190293178 1.08629710218 1.14828073354 1.08441208544 
1.51195306427 1.62168311798 1.37190293178 1.08629710218 1.14828073354 1.08441208544 
1.51195306427 1.62168311798 1.37190293178 1.08629710218 1.14828073354 1.08441208544 
1.51195306427 1.62168311798 1.37190293178 1.08629710218 1.14828073354 1.08441208544 
1.51195306427 1.62168311798 1.37190293178 1.08629710218 1.14828073354 1.08441208544 
1.51195306427 1.62168311798 1.37190293178 1.08629710218 1.14828073354 1.08441208544 
1.51195306427 1.62168311798 1.37190293178 1.08629710218 1.14828073354 1.08441208544 
1.51195306427 1.62168311798 1.37190293178 1.08629710218 1.14828073354 1.08441208544 
1.51195306427 1.62168311798 1.37190293178 1.08629710218 1.14828073354 1.08441208544 
1.51195306427 1.62168311798 1.37190293178 1.08629710218 1.14828073354 1.08441208544 
1.51195306427 1.62168311798 1.37190293178 1.08629710218 1.14828073354 1.08441208544 
1.51195306427 1.62168311798 1.37190293178 1.08629710218 1.14828073354 1.08441208544 
1.51195306427 1.62168311798 1.37190293178 1.08629710218 1.14828073354 1.08441208544 
1.51195306427 1.62168311798 1.37190293178 1.08629710218 1.14828073354 1.08441208544 
1.51195306427 1.62168311798 1.37190293178 1.08629710218 1.14828073354 1.08441208544 
1.51195306427 1.62168311798 1.37190293178 1.08629710218 1.14828073354 1.08441208544 
1.51195306427 1.62168311798 1.37190293178 1.08629710218 1.14828073354 1.08441208544 
1.51195306427 1.62168311798 1.37190293178 1.08629710218 1.14828073354 1.08441208544 
1.51195306427 1.62168311798 1.37190293178 1.08629710218 1.14828073354 1.08441208544 
1.51195306427 1.62168311798 1.37190293178 1.08629710218 1.14828073354 1.08441208544 
1.51195306427 1.62168311798 1.37190293178 1.08629710218 1.14828073354 1.08441208544 
1.51195306427 1.62168311798 1.37190293178 1.08629710218 1.14828073354 1.08441208544 
1.51195306427 1.62168311798 1.37190293178 1.08629710218 1.14828073354 1.08441208544 
1.51195306427 1.62168311798 1.37190293178 1.08629710218 1.14828073354 1.08441208544 
1.51195306427 1.62168311798 1.37190293178 1.08629710218 1.14828073354 1.08441208544 
1.51195306427 1.62168311798 1.37190293178 1.08629710218 1.14828073354 1.08441208544 
1.51195306427 1.62168311798 1.37190293178 1.08629710218 1.14828073354 1.08441208544 
1.51195306427 1.62168311798 1.37190293178 1.08629710218 1.14828073354 1.08441208544 
1.51195306427 1.62168311798 1.37190293178 1.08629710218 1.14828073354 1.08441208544 
1.51195306427 1.62168311798 1.37190293178 1.08629710218 1.14828073354 1.08441208544 
1.51195306427 1.62168311798 1.37190293178 1.08629710218 1.14828073354 1.08441208544 
1.51195306427 1.62168311798 1.37190293178 1.08629710218 1.14828073354 1.08441208544 
1.51195306427 1.62168311798 1.37190293178 1.08629710218 1.14828073354 1.08441208544 
1.51195306427 1.62168311798 1.37190293178 1.08629710218 1.14828073354 1.08441208544 
1.51195306427 1.62168311798 1.37190293178 1.08629710218 1.14828073354 1.08441208544 
1.51195306427 1.62168311798 1.37190293178 1.08629710218 1.14828073354 1.08441208544 
1.60304684914 0.630022391801 0.53298301836 0.422025220332 0.446400144714 0.421528137022 
1.51195306427 1.62168311798 1.37190293178 1.08629710218 1.14828073354 1.08441208544 
1.51195306427 1.62168311798 1.37190293178 1.08629710218 1.14828073354 1.08441208544 
1.51195306427 1.62168311798 1.37190293178 1.08629710218 1.14828073354 1.08441208544 
1.51195306427 1.62168311798 1.37190293178 1.08629710218 1.14828073354 1.08441208544 
1.51195306427 1.62168311798 1.37190293178 1.08629710218 1.14828073354 1.08441208544 
1.51195306427 1.62168311798 1.37190293178 1.08629710218 1.14828073354 1.08441208544 
1.51195306427 1.62168311798 1.37190293178 1.08629710218 1.14828073354 1.08441208544 
1.51195306427 1.62168311798 1.37190293178 1.08629710218 1.14828073354 1.08441208544 
1.51195306427 1.62168311798 1.37190293178 1.08629710218 1.14828073354 1.08441208544 
1.51195306427 1.62168311798 1.37190293178 1.08629710218 1.14828073354 1.08441208544 
1.51195306427 1.62168311798 1.37190293178 1.08629710218 1.14828073354 1.08441208544 
1.51195306427 1.62168311798 1.37190293178 1.08629710218 1.14828073354 1.08441208544 
1.51195306427 1.62168311798 1.37190293178 1.08629710218 1.14828073354 1.08441208544 
1.51195306427 1.62168311798 1.37190293178 1.08629710218 1.14828073354 1.08441208544 
1.51195306427 1.62168311798 1.37190293178 1.08629710218 1.14828073354 1.08441208544 
1.51195306427 1.62168311798 1.37190293178 1.08629710218 1.14828073354 1.08441208544 
1.51195306427 1.62168311798 1.37190293178 1.08629710218 1.14828073354 1.08441208544 
1.51195306427 1.62168311798 1.37190293178 1.08629710218 1.14828073354 1.08441208544 
1.51195306427 1.62168311798 1.37190293178 1.08629710218 1.14828073354 1.08441208544 
1.51195306427 1.62168311798 1.37190293178 1.08629710218 1.14828073354 1.08441208544 
1.51195306427 1.62168311798 1.37190293178 1.08629710218 1.14828073354 1.08441208544 
1.51195306427 1.62168311798 1.37190293178 1.08629710218 1.14828073354 1.08441208544 
1.51195306427 1.62168311798 1.37190293178 1.08629710218 1.14828073354 1.08441208544 
1.51195306427 1.62168311798 1.37190293178 1.08629710218 1.14828073354 1.08441208544 
1.51195306427 1.62168311798 1.37190293178 1.08629710218 1.14828073354 1.08441208544 
1.51195306427 1.62168311798 1.37190293178 1.08629710218 1.14828073354 1.08441208544 
1.51195306427 1.62168311798 1.37190293178 1.08629710218 1.14828073354 1.08441208544 
1.51195306427 1.62168311798 1.37190293178 1.08629710218 1.14828073354 1.08441208544 
1.51195306427 1.62168311798 1.37190293178 1.08629710218 1.14828073354 1.08441208544 
1.51195306427 1.62168311798 1.37190293178 1.08629710218 1.14828073354 1.08441208544 
1.51195306427 1.62168311798 1.37190293178 1.08629710218 1.14828073354 1.08441208544 
1.51195306427 1.62168311798 1.37190293178 1.08629710218 1.14828073354 1.08441208544 
1.51195306427 1.62168311798 1.37190293178 1.08629710218 1.14828073354 1.08441208544 
1.51195306427 1.62168311798 1.37190293178 1.08629710218 1.14828073354 1.08441208544 
1.51195306427 1.62168311798 1.37190293178 1.08629710218 1.14828073354 1.08441208544 
1.51195306427 1.62168311798 1.37190293178 1.08629710218 1.14828073354 1.08441208544 
1.51195306427 1.62168311798 1.37190293178 1.08629710218 1.14828073354 1.08441208544 
1.51195306427 1.62168311798 1.37190293178 1.08629710218 1.14828073354 1.08441208544 
1.51195306427 1.62168311798 1.37190293178 1.08629710218 1.14828073354 1.08441208544 
1.51195306427 1.62168311798 1.37190293178 1.08629710218 1.14828073354 1.08441208544 
1.51195306427 1.62168311798 1.37190293178 1.08629710218 1.14828073354 1.08441208544 
1.51195306427 1.62168311798 1.37190293178 1.08629710218 1.14828073354 1.08441208544 
1.51195306427 1.62168311798 1.37190293178 1.08629710218 1.14828073354 1.08441208544 
1.51195306427 1.62168311798 1.37190293178 1.08629710218 1.14828073354 1.08441208544 
1.51195306427 1.62168311798 1.37190293178 1.08629710218 1.14828073354 1.08441208544 
1.51195306427 1.62168311798 1.37190293178 1.08629710218 1.14828073354 1.08441208544 
1.51195306427 1.62168311798 1.37190293178 1.08629710218 1.14828073354 1.08441208544 
1.51195306427 1.62168311798 1.37190293178 1.08629710218 1.14828073354 1.08441208544 
1.51195306427 1.62168311798 1.37190293178 1.08629710218 1.14828073354 1.08441208544 
1.51195306427 1.62168311798 1.37190293178 1.08629710218 1.14828073354 1.08441208544 
