0.395171264897 1.0400642101 
0.393806129727 1.08490287538 
0.395282999381 1.03639422545 
0.395641638159 1.02461452445 
0.395641638159 1.02461452445 
0.395641638159 1.02461452445 
0.395171264897 1.0400642101 
0.395137821269 1.04116268567 
0.39512340914 1.04163606052 
1.0083360675 0.526650307551 
0.395821327045 1.01871253762 
0.393572517 1.0925760224 
0.441194070844 1.01498826686 
0.394374242452 1.06624287975 
0.393806129727 1.08490287538 
0.395268012354 1.03688648316 
0.395171264897 1.0400642101 
0.393806129727 1.08490287538 
0.394180287527 1.07261344299 
0.395641638159 1.02461452445 
0.395282999381 1.03639422545 
0.758628150805 0.854248029017 
0.394180287527 1.07261344299 
0.395171264897 1.0400642101 
0.395171264897 1.0400642101 
0.393853985484 1.08333102497 
0.395516612108 1.02872107843 
0.393806129727 1.08490287538 
0.39436232564 1.06663429442 
0.441194070844 1.01498826686 
0.395690998838 1.02299324402 
0.39512340914 1.04163606052 
0.395171264897 1.0400642101 
0.395282999381 1.03639422545 
0.393819787241 1.08445428633 
0.395641638159 1.02461452445 
0.395738385616 1.02143679751 
0.612884645712 0.996357620076 
0.758628150805 0.854248029017 
0.394512626069 1.06169758869 
0.393806129727 1.08490287538 
0.395171264897 1.0400642101 
1.04961937777 0.328292048654 
0.395282999381 1.03639422545 
0.39550162508 1.02921333615 
0.395360169676 1.03385952188 
0.395893782453 1.01633269727 
0.395364963951 1.03370205108 
0.976928644796 0.627967712039 
0.394422098209 1.06467102934 
0.395282999381 1.03639422545 
0.395137821269 1.04116268567 
1.04961937777 0.328292048654 
0.395932348397 1.01506597619 
0.394180287527 1.07261344299 
0.874075642383 0.818866645244 
0.395738385616 1.02143679751 
0.394706325123 1.05533542967 
0.394180287527 1.07261344299 
0.395893782453 1.01633269727 
0.395690998838 1.02299324402 
0.395282999381 1.03639422545 
0.395641638159 1.02461452445 
0.395510142063 1.02893359085 
0.393806129727 1.08490287538 
0.393806129727 1.08490287538 
0.395137821269 1.04116268567 
0.394512626069 1.06169758869 
0.395282999381 1.03639422545 
0.39436232564 1.06663429442 
0.393961600197 1.0797963566 
0.393806129727 1.08490287538 
0.39395073294 1.08015329803 
0.395641638159 1.02461452445 
0.394193945041 1.07216485394 
0.394203272293 1.07185849488 
0.395641638159 1.02461452445 
0.394366582465 1.06649447651 
0.394180287527 1.07261344299 
0.395821327045 1.01871253762 
0.612884645712 0.996357620076 
0.395137821269 1.04116268567 
0.394733782777 1.05443356692 
0.758628150805 0.854248029017 
0.395690998838 1.02299324402 
0.395137821269 1.04116268567 
0.395137821269 1.04116268567 
0.39512340914 1.04163606052 
0.393986588473 1.07897560202 
0.393288398098 1.10190807434 
0.395748604341 1.0211011575 
0.39436232564 1.06663429442 
0.394733782777 1.05443356692 
0.395137821269 1.04116268567 
0.395282999381 1.03639422545 
0.395137821269 1.04116268567 
0.39580073101 1.01938902649 
0.393572517 1.0925760224 
0.395282999381 1.03639422545 
0.393853985484 1.08333102497 
