0.771033510752 1.05074805691 
1.0046826597 0.703079801507 
1.0046826597 0.703079801507 
1.0470184672 0.595686727745 
1.10273688927 0.380945844604 
1.0046826597 0.703079801507 
0.771033510752 1.05074805691 
0.986797616514 0.746065788356 
1.0046826597 0.703079801507 
0.771033510752 1.05074805691 
1.0046826597 0.703079801507 
1.0470184672 0.595686727745 
0.771033510752 1.05074805691 
0.892306891393 0.922670081022 
1.10273688927 0.380945844604 
1.10273688927 0.380945844604 
0.986797616514 0.746065788356 
0.771033510752 1.05074805691 
1.0470184672 0.595686727745 
0.771033510752 1.05074805691 
0.771033510752 1.05074805691 
0.771033510752 1.05074805691 
1.0046826597 0.703079801507 
1.0046826597 0.703079801507 
0.986797616514 0.746065788356 
0.487959398949 1.19275729298 
0.771033510752 1.05074805691 
0.771033510752 1.05074805691 
0.940882785956 0.846482141239 
1.0470184672 0.595686727745 
1.0046826597 0.703079801507 
1.10273688927 0.380945844604 
1.0046826597 0.703079801507 
0.771033510752 1.05074805691 
0.771033510752 1.05074805691 
0.771033510752 1.05074805691 
1.0046826597 0.703079801507 
1.0046826597 0.703079801507 
1.0046826597 0.703079801507 
0.771033510752 1.05074805691 
0.771033510752 1.05074805691 
0.771033510752 1.05074805691 
0.771033510752 1.05074805691 
1.0046826597 0.703079801507 
0.771033510752 1.05074805691 
1.10273688927 0.380945844604 
0.771033510752 1.05074805691 
0.771033510752 1.05074805691 
1.0470184672 0.595686727745 
0.771033510752 1.05074805691 
1.10273688927 0.380945844604 
1.0470184672 0.595686727745 
1.0046826597 0.703079801507 
0.771033510752 1.05074805691 
0.487959398949 1.19275729298 
0.771033510752 1.05074805691 
0.771033510752 1.05074805691 
1.0470184672 0.595686727745 
1.10273688927 0.380945844604 
1.0046826597 0.703079801507 
0.771033510752 1.05074805691 
0.892306891393 0.922670081022 
1.0046826597 0.703079801507 
1.0046826597 0.703079801507 
0.771033510752 1.05074805691 
0.771033510752 1.05074805691 
0.771033510752 1.05074805691 
0.771033510752 1.05074805691 
1.0470184672 0.595686727745 
1.10273688927 0.380945844604 
0.892306891393 0.922670081022 
0.771033510752 1.05074805691 
1.0046826597 0.703079801507 
1.10273688927 0.380945844604 
0.771033510752 1.05074805691 
0.771033510752 1.05074805691 
0.771033510752 1.05074805691 
0.771033510752 1.05074805691 
1.0046826597 0.703079801507 
1.10273688927 0.380945844604 
1.0046826597 0.703079801507 
0.771033510752 1.05074805691 
1.0470184672 0.595686727745 
0.771033510752 1.05074805691 
1.10273688927 0.380945844604 
0.771033510752 1.05074805691 
1.0046826597 0.703079801507 
1.10273688927 0.380945844604 
1.0470184672 0.595686727745 
0.771033510752 1.05074805691 
1.10273688927 0.380945844604 
0.771033510752 1.05074805691 
1.10273688927 0.380945844604 
1.0046826597 0.703079801507 
1.0470184672 0.595686727745 
0.771033510752 1.05074805691 
0.771033510752 1.05074805691 
1.10273688927 0.380945844604 
1.10273688927 0.380945844604 
0.771033510752 1.05074805691 
