1.04042635999 0.2608867873 
0.986729394107 0.527171732967 
1.05377854714 0.113873706711 
1.04042635999 0.2608867873 
0.789782074371 0.941012615123 
0.986729394107 0.527171732967 
1.04042635999 0.2608867873 
0.87656826214 0.805714638749 
0.741994046845 0.997247324049 
0.87473041253 0.809131503119 
1.04042635999 0.2608867873 
0.87656826214 0.805714638749 
1.04042635999 0.2608867873 
0.87473041253 0.809131503119 
0.789782074371 0.941012615123 
1.04042635999 0.2608867873 
1.05377854714 0.113873706711 
1.04042635999 0.2608867873 
0.986729394107 0.527171732967 
0.93570079077 0.678084659267 
0.515549230214 1.14319328078 
0.87473041253 0.809131503119 
1.04042635999 0.2608867873 
0.87473041253 0.809131503119 
0.87473041253 0.809131503119 
0.93570079077 0.678084659267 
0.93570079077 0.678084659267 
0.789782074371 0.941012615123 
1.04042635999 0.2608867873 
0.87473041253 0.809131503119 
1.04042635999 0.2608867873 
0.986729394107 0.527171732967 
1.04042635999 0.2608867873 
0.87473041253 0.809131503119 
0.986729394107 0.527171732967 
1.04042635999 0.2608867873 
0.789782074371 0.941012615123 
0.87473041253 0.809131503119 
1.04042635999 0.2608867873 
1.05377854714 0.113873706711 
0.87473041253 0.809131503119 
0.741994046845 0.997247324049 
0.87473041253 0.809131503119 
1.04042635999 0.2608867873 
0.789782074371 0.941012615123 
1.05377854714 0.113873706711 
0.93570079077 0.678084659267 
0.741994046845 0.997247324049 
0.789782074371 0.941012615123 
1.04042635999 0.2608867873 
1.04042635999 0.2608867873 
1.05377854714 0.113873706711 
0.986729394107 0.527171732967 
0.87656826214 0.805714638749 
0.87656826214 0.805714638749 
0.741994046845 0.997247324049 
0.789782074371 0.941012615123 
1.04042635999 0.2608867873 
0.986729394107 0.527171732967 
1.05377854714 0.113873706711 
1.04042635999 0.2608867873 
1.05377854714 0.113873706711 
0.986729394107 0.527171732967 
0.87473041253 0.809131503119 
0.87473041253 0.809131503119 
0.986729394107 0.527171732967 
1.04042635999 0.2608867873 
1.04042635999 0.2608867873 
0.515549230214 1.14319328078 
1.04042635999 0.2608867873 
0.87473041253 0.809131503119 
0.87473041253 0.809131503119 
1.04042635999 0.2608867873 
0.87473041253 0.809131503119 
1.04042635999 0.2608867873 
1.04042635999 0.2608867873 
1.04042635999 0.2608867873 
1.04042635999 0.2608867873 
0.87473041253 0.809131503119 
1.04042635999 0.2608867873 
0.515549230214 1.14319328078 
1.04042635999 0.2608867873 
0.87473041253 0.809131503119 
0.986729394107 0.527171732967 
1.04042635999 0.2608867873 
1.04042635999 0.2608867873 
1.05377854714 0.113873706711 
1.04042635999 0.2608867873 
1.04042635999 0.2608867873 
1.04042635999 0.2608867873 
0.87473041253 0.809131503119 
1.04042635999 0.2608867873 
0.986729394107 0.527171732967 
0.93570079077 0.678084659267 
0.87473041253 0.809131503119 
0.986729394107 0.527171732967 
0.87473041253 0.809131503119 
1.04042635999 0.2608867873 
0.87473041253 0.809131503119 
0.87473041253 0.809131503119 
