0.382660188031 1.01615042914 
0.382660188031 1.01615042914 
0.382660188031 1.01615042914 
0.382660188031 1.01615042914 
0.38430929101 0.984223030575 
0.382660188031 1.01615042914 
0.382660188031 1.01615042914 
0.382660188031 1.01615042914 
0.377249215859 1.12090936016 
0.382660188031 1.01615042914 
0.382660188031 1.01615042914 
0.383938994405 0.991392144601 
0.899344781182 0.541276821341 
0.383695775887 0.996100967913 
0.382660188031 1.01615042914 
0.377249215859 1.12090936016 
0.585355827455 0.982133523667 
0.950652326074 0.510673923201 
0.38430929101 0.984223030575 
0.382660188031 1.01615042914 
0.382660188031 1.01615042914 
0.383156243691 1.00654656148 
0.382660188031 1.01615042914 
0.382660188031 1.01615042914 
0.383708953607 0.995845841155 
0.382660188031 1.01615042914 
0.382660188031 1.01615042914 
0.382660188031 1.01615042914 
0.382660188031 1.01615042914 
0.382660188031 1.01615042914 
0.382660188031 1.01615042914 
0.899344781182 0.541276821341 
0.382660188031 1.01615042914 
1.0091268751 0.457582223097 
0.382660188031 1.01615042914 
0.382660188031 1.01615042914 
0.382660188031 1.01615042914 
0.383850571676 0.993104049653 
0.950652326074 0.510673923201 
0.382660188031 1.01615042914 
0.383708953607 0.995845841155 
0.950652326074 0.510673923201 
0.38430929101 0.984223030575 
0.382660188031 1.01615042914 
0.382660188031 1.01615042914 
0.382660188031 1.01615042914 
0.382660188031 1.01615042914 
0.38430929101 0.984223030575 
0.383156243691 1.00654656148 
0.377249215859 1.12090936016 
0.382660188031 1.01615042914 
0.382660188031 1.01615042914 
0.899344781182 0.541276821341 
0.378777394638 1.09132311018 
0.383156243691 1.00654656148 
0.38430929101 0.984223030575 
0.383708953607 0.995845841155 
0.382660188031 1.01615042914 
0.38430929101 0.984223030575 
0.378777394638 1.09132311018 
0.38194137762 1.03006693212 
0.382660188031 1.01615042914 
0.382660188031 1.01615042914 
0.384105415763 0.988170149918 
0.899344781182 0.541276821341 
0.382186824971 1.02531495755 
0.38430929101 0.984223030575 
0.383542600236 0.999066519571 
0.382660188031 1.01615042914 
0.832416080273 0.779297227264 
0.382660188031 1.01615042914 
0.382660188031 1.01615042914 
0.384105415763 0.988170149918 
0.380192056536 1.06393459967 
0.382660188031 1.01615042914 
0.382660188031 1.01615042914 
0.382660188031 1.01615042914 
0.38430929101 0.984223030575 
0.382660188031 1.01615042914 
0.378777394638 1.09132311018 
0.379371681898 1.07981743318 
0.899344781182 0.541276821341 
0.382660188031 1.01615042914 
0.38430929101 0.984223030575 
0.382660188031 1.01615042914 
0.382660188031 1.01615042914 
0.752463101198 0.981101809023 
0.379717347354 1.07312518963 
0.382660188031 1.01615042914 
0.38430929101 0.984223030575 
0.899344781182 0.541276821341 
0.382660188031 1.01615042914 
0.380772163073 1.05270346806 
0.382660188031 1.01615042914 
0.382660188031 1.01615042914 
0.38430929101 0.984223030575 
0.379659806843 1.07423920061 
0.899344781182 0.541276821341 
0.382660188031 1.01615042914 
0.383708953607 0.995845841155 
