0.424389716223 0.941895805557 
0.424389716223 0.941895805557 
0.424301892537 0.966280689857 
0.931865484541 0.283850785707 
0.424389716223 0.941895805557 
0.424391653292 0.941357964399 
0.424342468526 0.955014471807 
0.42437878307 0.944931475067 
0.42437878307 0.944931475067 
0.42437878307 0.944931475067 
0.424379227081 0.944808192065 
0.424301892537 0.966280689857 
0.424339117254 0.955944976792 
0.42437878307 0.944931475067 
0.42439881026 0.939370780174 
0.712256880548 0.813753725396 
0.424301892537 0.966280689857 
0.424166713078 1.00381424873 
0.424389716223 0.941895805557 
0.424389716223 0.941895805557 
0.424301892537 0.966280689857 
0.42437878307 0.944931475067 
0.424389716223 0.941895805557 
0.424389716223 0.941895805557 
0.424389716223 0.941895805557 
0.424389716223 0.941895805557 
0.424074124281 1.02952220054 
0.424389716223 0.941895805557 
0.424431319107 0.930344462674 
0.42437878307 0.944931475067 
0.424389716223 0.941895805557 
0.821359464324 0.694130566193 
0.424219792005 0.989076498935 
0.42431224347 0.963406678228 
0.424389716223 0.941895805557 
0.424021588244 1.04410921294 
0.42437878307 0.944931475067 
0.42437878307 0.944931475067 
0.424099060997 1.02259834027 
0.42437878307 0.944931475067 
0.653821809624 0.847707880605 
0.42437878307 0.944931475067 
0.42429540817 0.968081121442 
0.867602901838 0.451394551754 
0.424389716223 0.941895805557 
0.424379227081 0.944808192065 
0.424389716223 0.941895805557 
0.424389716223 0.941895805557 
0.424301892537 0.966280689857 
0.424380700228 0.944399162133 
0.424060298896 1.03336091929 
0.424054079966 1.03508765023 
0.424389716223 0.941895805557 
0.52619165821 0.92975335255 
0.424391653292 0.941357964399 
0.424156317477 1.00670066267 
0.424042719263 1.0382420319 
0.996563244988 0.219520716677 
0.424389716223 0.941895805557 
0.424389716223 0.941895805557 
0.424290959384 0.969316359366 
0.424074124281 1.02952220054 
0.42437878307 0.944931475067 
0.424219792005 0.989076498935 
0.424333374489 0.957539497191 
0.424389716223 0.941895805557 
0.424086491163 1.02608844617 
0.42425555866 0.979145627573 
0.424418711073 0.933845174808 
0.424389716223 0.941895805557 
0.424389716223 0.941895805557 
0.424086491163 1.02608844617 
0.424389716223 0.941895805557 
0.42437878307 0.944931475067 
0.424061698071 1.03297242821 
0.424054079966 1.03508765023 
0.424389716223 0.941895805557 
0.42437878307 0.944931475067 
0.42437878307 0.944931475067 
0.424021588244 1.04410921294 
0.42436236934 0.949488866441 
0.424418711073 0.933845174808 
0.424060298896 1.03336091929 
0.42437878307 0.944931475067 
0.42437878307 0.944931475067 
0.42437878307 0.944931475067 
0.424063191128 1.03255787005 
0.424389716223 0.941895805557 
0.42437878307 0.944931475067 
0.653821809624 0.847707880605 
0.424389716223 0.941895805557 
0.424389716223 0.941895805557 
0.424389716223 0.941895805557 
0.423801508646 1.10521591197 
0.424099060997 1.02259834027 
0.424309833302 0.964075878834 
0.424418711073 0.933845174808 
0.424042719263 1.0382420319 
0.424389716223 0.941895805557 
0.424418711073 0.933845174808 
