0.73779844038 1.04097532316 
0.73779844038 1.04097532316 
0.73779844038 1.04097532316 
0.73779844038 1.04097532316 
0.73779844038 1.04097532316 
0.73779844038 1.04097532316 
1.07711696 0.437240504466 
0.73779844038 1.04097532316 
0.73779844038 1.04097532316 
0.795716707946 0.997450182063 
0.73779844038 1.04097532316 
0.61034012144 1.11505961537 
1.07711696 0.437240504466 
0.501659993903 1.16605270935 
0.73779844038 1.04097532316 
0.73779844038 1.04097532316 
0.795716707946 0.997450182063 
0.73779844038 1.04097532316 
0.795716707946 0.997450182063 
0.61034012144 1.11505961537 
0.73779844038 1.04097532316 
0.983269079947 0.713189908827 
1.07711696 0.437240504466 
0.73779844038 1.04097532316 
0.795716707946 0.997450182063 
0.73779844038 1.04097532316 
0.61034012144 1.11505961537 
0.73779844038 1.04097532316 
0.73779844038 1.04097532316 
0.73779844038 1.04097532316 
0.73779844038 1.04097532316 
0.73779844038 1.04097532316 
0.73779844038 1.04097532316 
0.73779844038 1.04097532316 
0.73779844038 1.04097532316 
0.73779844038 1.04097532316 
0.73779844038 1.04097532316 
0.917241134779 0.838068485419 
0.501659993903 1.16605270935 
0.73779844038 1.04097532316 
0.501659993903 1.16605270935 
0.73779844038 1.04097532316 
1.07711696 0.437240504466 
0.73779844038 1.04097532316 
0.73779844038 1.04097532316 
0.73779844038 1.04097532316 
0.73779844038 1.04097532316 
1.07711696 0.437240504466 
0.61034012144 1.11505961537 
0.73779844038 1.04097532316 
0.73779844038 1.04097532316 
0.73779844038 1.04097532316 
1.07711696 0.437240504466 
0.61034012144 1.11505961537 
1.07711696 0.437240504466 
0.73779844038 1.04097532316 
1.07711696 0.437240504466 
0.73779844038 1.04097532316 
0.73779844038 1.04097532316 
0.795716707946 0.997450182063 
0.73779844038 1.04097532316 
0.73779844038 1.04097532316 
0.73779844038 1.04097532316 
0.73779844038 1.04097532316 
0.853110995819 0.931168452247 
0.73779844038 1.04097532316 
1.07711696 0.437240504466 
0.73779844038 1.04097532316 
1.07711696 0.437240504466 
0.61034012144 1.11505961537 
0.73779844038 1.04097532316 
0.73779844038 1.04097532316 
0.795716707946 0.997450182063 
0.73779844038 1.04097532316 
0.73779844038 1.04097532316 
0.73779844038 1.04097532316 
0.73779844038 1.04097532316 
0.853110995819 0.931168452247 
0.73779844038 1.04097532316 
1.07711696 0.437240504466 
0.73779844038 1.04097532316 
1.07711696 0.437240504466 
0.73779844038 1.04097532316 
0.73779844038 1.04097532316 
0.73779844038 1.04097532316 
0.73779844038 1.04097532316 
0.61034012144 1.11505961537 
1.07711696 0.437240504466 
0.73779844038 1.04097532316 
1.07711696 0.437240504466 
0.795716707946 0.997450182063 
0.73779844038 1.04097532316 
1.07711696 0.437240504466 
0.73779844038 1.04097532316 
0.73779844038 1.04097532316 
0.73779844038 1.04097532316 
0.61034012144 1.11505961537 
0.73779844038 1.04097532316 
0.795716707946 0.997450182063 
0.73779844038 1.04097532316 
