0.970474536019 0.548464020815 
0.970474536019 0.548464020815 
0.970474536019 0.548464020815 
0.655953997989 0.970827365561 
0.970474536019 0.548464020815 
0.970474536019 0.548464020815 
0.970474536019 0.548464020815 
0.841620655431 0.791394947181 
0.970474536019 0.548464020815 
0.970474536019 0.548464020815 
0.970474536019 0.548464020815 
0.655953997989 0.970827365561 
0.655953997989 0.970827365561 
0.970474536019 0.548464020815 
0.655953997989 0.970827365561 
0.970474536019 0.548464020815 
0.655953997989 0.970827365561 
0.841620655431 0.791394947181 
0.655953997989 0.970827365561 
0.970474536019 0.548464020815 
0.970474536019 0.548464020815 
0.970474536019 0.548464020815 
0.970474536019 0.548464020815 
0.970474536019 0.548464020815 
0.970474536019 0.548464020815 
0.970474536019 0.548464020815 
0.655953997989 0.970827365561 
0.655953997989 0.970827365561 
0.655953997989 0.970827365561 
0.970474536019 0.548464020815 
0.970474536019 0.548464020815 
0.655953997989 0.970827365561 
1.06669284091 0.0334577374244 
0.970474536019 0.548464020815 
0.970474536019 0.548464020815 
0.970474536019 0.548464020815 
0.970474536019 0.548464020815 
0.970474536019 0.548464020815 
0.970474536019 0.548464020815 
0.970474536019 0.548464020815 
0.655953997989 0.970827365561 
0.655953997989 0.970827365561 
0.970474536019 0.548464020815 
0.970474536019 0.548464020815 
0.970474536019 0.548464020815 
1.06669284091 0.0334577374244 
0.655953997989 0.970827365561 
0.970474536019 0.548464020815 
0.655953997989 0.970827365561 
0.970474536019 0.548464020815 
0.970474536019 0.548464020815 
0.970474536019 0.548464020815 
0.970474536019 0.548464020815 
0.970474536019 0.548464020815 
0.970474536019 0.548464020815 
0.841620655431 0.791394947181 
0.970474536019 0.548464020815 
0.970474536019 0.548464020815 
0.655953997989 0.970827365561 
0.970474536019 0.548464020815 
0.970474536019 0.548464020815 
0.970474536019 0.548464020815 
0.970474536019 0.548464020815 
0.655953997989 0.970827365561 
0.970474536019 0.548464020815 
0.970474536019 0.548464020815 
0.970474536019 0.548464020815 
0.520542362212 1.07611993222 
0.970474536019 0.548464020815 
0.970474536019 0.548464020815 
0.655953997989 0.970827365561 
0.970474536019 0.548464020815 
0.655953997989 0.970827365561 
0.655953997989 0.970827365561 
0.970474536019 0.548464020815 
0.841620655431 0.791394947181 
0.970474536019 0.548464020815 
0.520542362212 1.07611993222 
0.970474536019 0.548464020815 
1.05166615072 0.226063234552 
0.970474536019 0.548464020815 
0.970474536019 0.548464020815 
0.970474536019 0.548464020815 
0.970474536019 0.548464020815 
0.970474536019 0.548464020815 
0.655953997989 0.970827365561 
0.970474536019 0.548464020815 
0.841620655431 0.791394947181 
0.655953997989 0.970827365561 
0.655953997989 0.970827365561 
0.970474536019 0.548464020815 
0.970474536019 0.548464020815 
0.970474536019 0.548464020815 
0.841620655431 0.791394947181 
0.970474536019 0.548464020815 
0.970474536019 0.548464020815 
0.841620655431 0.791394947181 
0.655953997989 0.970827365561 
0.970474536019 0.548464020815 
0.841620655431 0.791394947181 
