1.08865494513 0.0421246299066 
1.08865494513 0.0421246299066 
1.08865494513 0.0421246299066 
1.08865494513 0.0421246299066 
1.08865494513 0.0421246299066 
1.08865494513 0.0421246299066 
1.08865494513 0.0421246299066 
0.275669688631 0.966630108275 
1.08865494513 0.0421246299066 
0.275669688631 0.966630108275 
1.08865494513 0.0421246299066 
1.08865494513 0.0421246299066 
1.08865494513 0.0421246299066 
0.848260583376 0.800695026645 
1.08865494513 0.0421246299066 
0.894183152689 0.715743325918 
1.08865494513 0.0421246299066 
1.08865494513 0.0421246299066 
0.969043173185 0.571503568881 
0.935706537867 0.664151501811 
0.6228625977 0.955073733097 
1.08865494513 0.0421246299066 
1.08865494513 0.0421246299066 
1.08865494513 0.0421246299066 
1.08865494513 0.0421246299066 
1.08865494513 0.0421246299066 
0.275669688631 0.966630108275 
1.08865494513 0.0421246299066 
1.08865494513 0.0421246299066 
0.848260583376 0.800695026645 
0.848260583376 0.800695026645 
1.08865494513 0.0421246299066 
1.08865494513 0.0421246299066 
1.08865494513 0.0421246299066 
1.08865494513 0.0421246299066 
1.08865494513 0.0421246299066 
1.08865494513 0.0421246299066 
0.268687823478 1.01266335292 
0.6228625977 0.955073733097 
1.08865494513 0.0421246299066 
1.08865494513 0.0421246299066 
1.08865494513 0.0421246299066 
1.08865494513 0.0421246299066 
1.08865494513 0.0421246299066 
1.08865494513 0.0421246299066 
0.275669688631 0.966630108275 
1.08865494513 0.0421246299066 
0.935706537867 0.664151501811 
1.0033219665 0.510799049511 
0.268687823478 1.01266335292 
1.08865494513 0.0421246299066 
1.07657251404 0.20151859552 
0.848260583376 0.800695026645 
1.0033219665 0.510799049511 
1.0033219665 0.510799049511 
1.08865494513 0.0421246299066 
0.268687823478 1.01266335292 
1.0033219665 0.510799049511 
1.08865494513 0.0421246299066 
0.6228625977 0.955073733097 
1.08865494513 0.0421246299066 
0.848260583376 0.800695026645 
1.08865494513 0.0421246299066 
1.08865494513 0.0421246299066 
1.08865494513 0.0421246299066 
1.08865494513 0.0421246299066 
0.848260583376 0.800695026645 
0.275669688631 0.966630108275 
0.275669688631 0.966630108275 
1.08865494513 0.0421246299066 
1.08865494513 0.0421246299066 
1.08865494513 0.0421246299066 
1.08865494513 0.0421246299066 
1.08865494513 0.0421246299066 
1.08865494513 0.0421246299066 
1.08865494513 0.0421246299066 
1.08865494513 0.0421246299066 
0.848260583376 0.800695026645 
1.08865494513 0.0421246299066 
1.08865494513 0.0421246299066 
1.08865494513 0.0421246299066 
1.08865494513 0.0421246299066 
1.0033219665 0.510799049511 
1.08865494513 0.0421246299066 
1.08865494513 0.0421246299066 
0.848260583376 0.800695026645 
1.08865494513 0.0421246299066 
1.08865494513 0.0421246299066 
0.848260583376 0.800695026645 
0.275669688631 0.966630108275 
1.0033219665 0.510799049511 
1.08865494513 0.0421246299066 
1.08865494513 0.0421246299066 
0.275669688631 0.966630108275 
1.08865494513 0.0421246299066 
0.848260583376 0.800695026645 
0.275669688631 0.966630108275 
1.08865494513 0.0421246299066 
1.08865494513 0.0421246299066 
0.848260583376 0.800695026645 
