1.06299307786 0.169820889947 
0.370411652513 1.11794366311 
0.94015785407 0.67050839828 
0.94015785407 0.67050839828 
0.370411652513 1.11794366311 
0.94015785407 0.67050839828 
0.94015785407 0.67050839828 
0.370411652513 1.11794366311 
0.370411652513 1.11794366311 
0.869945627227 0.806680672218 
0.370411652513 1.11794366311 
0.94015785407 0.67050839828 
1.02814705934 0.396339467846 
1.06299307786 0.169820889947 
0.370411652513 1.11794366311 
0.756100731761 0.95709742002 
0.370411652513 1.11794366311 
1.04920341087 0.283599280986 
1.02814705934 0.396339467846 
0.370411652513 1.11794366311 
0.370321885069 1.12036493374 
0.370411652513 1.11794366311 
0.869945627227 0.806680672218 
0.370411652513 1.11794366311 
1.06299307786 0.169820889947 
1.04920341087 0.283599280986 
1.06299307786 0.169820889947 
0.370321885069 1.12036493374 
0.370321885069 1.12036493374 
0.94015785407 0.67050839828 
0.370321885069 1.12036493374 
0.370321885069 1.12036493374 
0.94015785407 0.67050839828 
0.370411652513 1.11794366311 
0.370411652513 1.11794366311 
1.06299307786 0.169820889947 
0.601369383936 1.07513586221 
0.370411652513 1.11794366311 
0.869945627227 0.806680672218 
0.370934273443 1.10384716396 
0.370411652513 1.11794366311 
1.06299307786 0.169820889947 
0.370411652513 1.11794366311 
0.370411652513 1.11794366311 
0.370321885069 1.12036493374 
0.94015785407 0.67050839828 
0.94015785407 0.67050839828 
1.00128965667 0.501128961319 
1.01439700089 0.447565896307 
0.370321885069 1.12036493374 
0.370321885069 1.12036493374 
1.06299307786 0.169820889947 
0.370321885069 1.12036493374 
0.94015785407 0.67050839828 
1.06299307786 0.169820889947 
0.94015785407 0.67050839828 
0.370321885069 1.12036493374 
0.94015785407 0.67050839828 
1.06299307786 0.169820889947 
0.370321885069 1.12036493374 
1.06299307786 0.169820889947 
0.869945627227 0.806680672218 
1.06299307786 0.169820889947 
0.370411652513 1.11794366311 
1.06299307786 0.169820889947 
0.869945627227 0.806680672218 
0.94015785407 0.67050839828 
0.869945627227 0.806680672218 
0.370321885069 1.12036493374 
0.370411652513 1.11794366311 
0.94015785407 0.67050839828 
0.370321885069 1.12036493374 
1.06299307786 0.169820889947 
0.370321885069 1.12036493374 
0.370321885069 1.12036493374 
0.370321885069 1.12036493374 
0.94015785407 0.67050839828 
0.370411652513 1.11794366311 
0.370321885069 1.12036493374 
0.370411652513 1.11794366311 
0.370411652513 1.11794366311 
0.370411652513 1.11794366311 
0.370321885069 1.12036493374 
1.02814705934 0.396339467846 
1.06299307786 0.169820889947 
0.370321885069 1.12036493374 
0.94015785407 0.67050839828 
0.370321885069 1.12036493374 
1.06299307786 0.169820889947 
0.370411652513 1.11794366311 
0.370321885069 1.12036493374 
0.370411652513 1.11794366311 
0.370411652513 1.11794366311 
0.371413521903 1.09092053758 
0.370321885069 1.12036493374 
0.94015785407 0.67050839828 
0.370321885069 1.12036493374 
0.370321885069 1.12036493374 
0.370321885069 1.12036493374 
0.370411652513 1.11794366311 
