0.928587111055 0.726681139597 
0.928587111055 0.726681139597 
1.0089981771 0.527163429997 
0.928587111055 0.726681139597 
1.0598533835 0.347738688598 
0.928587111055 0.726681139597 
0.928587111055 0.726681139597 
1.0089981771 0.527163429997 
0.928587111055 0.726681139597 
1.0089981771 0.527163429997 
0.928587111055 0.726681139597 
1.0089981771 0.527163429997 
1.0089981771 0.527163429997 
0.928587111055 0.726681139597 
0.928587111055 0.726681139597 
0.928587111055 0.726681139597 
1.0089981771 0.527163429997 
0.558202209451 1.11025669436 
1.0089981771 0.527163429997 
0.422719837457 1.11635661638 
0.928587111055 0.726681139597 
0.928587111055 0.726681139597 
0.928587111055 0.726681139597 
0.928587111055 0.726681139597 
0.928587111055 0.726681139597 
0.928587111055 0.726681139597 
0.928587111055 0.726681139597 
0.928587111055 0.726681139597 
1.0089981771 0.527163429997 
0.928587111055 0.726681139597 
0.928587111055 0.726681139597 
0.928587111055 0.726681139597 
0.928587111055 0.726681139597 
0.928587111055 0.726681139597 
1.0598533835 0.347738688598 
1.0089981771 0.527163429997 
0.718222977284 1.00371520627 
0.928587111055 0.726681139597 
1.0089981771 0.527163429997 
1.0089981771 0.527163429997 
1.0089981771 0.527163429997 
1.0089981771 0.527163429997 
0.840886817011 0.871038715373 
0.928587111055 0.726681139597 
0.422719837457 1.11635661638 
1.0089981771 0.527163429997 
0.718222977284 1.00371520627 
0.928587111055 0.726681139597 
1.0089981771 0.527163429997 
0.928587111055 0.726681139597 
1.0089981771 0.527163429997 
0.928587111055 0.726681139597 
0.422719837457 1.11635661638 
0.928587111055 0.726681139597 
1.0598533835 0.347738688598 
0.928587111055 0.726681139597 
1.0089981771 0.527163429997 
0.928587111055 0.726681139597 
1.0089981771 0.527163429997 
0.718222977284 1.00371520627 
0.928587111055 0.726681139597 
0.928587111055 0.726681139597 
0.928587111055 0.726681139597 
0.928587111055 0.726681139597 
0.718222977284 1.00371520627 
0.422712812034 1.11936122032 
0.928587111055 0.726681139597 
0.928587111055 0.726681139597 
0.928587111055 0.726681139597 
0.928587111055 0.726681139597 
0.928587111055 0.726681139597 
0.422719837457 1.11635661638 
1.0089981771 0.527163429997 
1.0089981771 0.527163429997 
1.0089981771 0.527163429997 
0.928587111055 0.726681139597 
0.928587111055 0.726681139597 
1.0089981771 0.527163429997 
0.928587111055 0.726681139597 
1.0089981771 0.527163429997 
0.718222977284 1.00371520627 
1.0089981771 0.527163429997 
1.0089981771 0.527163429997 
0.718222977284 1.00371520627 
0.928587111055 0.726681139597 
0.928587111055 0.726681139597 
1.0089981771 0.527163429997 
0.928587111055 0.726681139597 
0.928587111055 0.726681139597 
0.718222977284 1.00371520627 
0.928587111055 0.726681139597 
0.928587111055 0.726681139597 
0.928587111055 0.726681139597 
0.928587111055 0.726681139597 
0.928587111055 0.726681139597 
0.928587111055 0.726681139597 
0.928587111055 0.726681139597 
0.928587111055 0.726681139597 
0.928587111055 0.726681139597 
1.0089981771 0.527163429997 
