1.04554545424 0.140870393138 
1.04554545424 0.140870393138 
1.04554545424 0.140870393138 
0.442084326538 1.13970795577 
0.77422786424 0.94202505728 
1.04554545424 0.140870393138 
0.626313304315 1.07662808026 
1.04554545424 0.140870393138 
1.04554545424 0.140870393138 
0.77422786424 0.94202505728 
0.77422786424 0.94202505728 
0.77422786424 0.94202505728 
0.77422786424 0.94202505728 
0.947590020057 0.625429518296 
1.04554545424 0.140870393138 
1.04554545424 0.140870393138 
0.77422786424 0.94202505728 
0.626313304315 1.07662808026 
1.04554545424 0.140870393138 
1.04554545424 0.140870393138 
1.04554545424 0.140870393138 
1.04554545424 0.140870393138 
1.04554545424 0.140870393138 
0.947590020057 0.625429518296 
0.77422786424 0.94202505728 
0.77422786424 0.94202505728 
0.77422786424 0.94202505728 
0.947590020057 0.625429518296 
1.04554545424 0.140870393138 
0.442084326538 1.13970795577 
1.04554545424 0.140870393138 
0.77422786424 0.94202505728 
0.442084326538 1.13970795577 
1.04554545424 0.140870393138 
0.947590020057 0.625429518296 
1.04554545424 0.140870393138 
0.442084326538 1.13970795577 
1.04554545424 0.140870393138 
0.77422786424 0.94202505728 
0.77422786424 0.94202505728 
0.77422786424 0.94202505728 
0.77422786424 0.94202505728 
1.04554545424 0.140870393138 
1.04554545424 0.140870393138 
0.77422786424 0.94202505728 
1.04554545424 0.140870393138 
1.04554545424 0.140870393138 
0.442084326538 1.13970795577 
0.626313304315 1.07662808026 
1.04554545424 0.140870393138 
0.947590020057 0.625429518296 
1.04554545424 0.140870393138 
1.04554545424 0.140870393138 
1.04554545424 0.140870393138 
0.77422786424 0.94202505728 
1.04554545424 0.140870393138 
0.947590020057 0.625429518296 
0.626313304315 1.07662808026 
1.04554545424 0.140870393138 
0.77422786424 0.94202505728 
1.04554545424 0.140870393138 
1.04554545424 0.140870393138 
0.442084326538 1.13970795577 
1.04554545424 0.140870393138 
1.04554545424 0.140870393138 
1.04554545424 0.140870393138 
1.04554545424 0.140870393138 
1.04554545424 0.140870393138 
1.04554545424 0.140870393138 
0.77422786424 0.94202505728 
0.947590020057 0.625429518296 
0.626313304315 1.07662808026 
1.04554545424 0.140870393138 
0.77422786424 0.94202505728 
0.77422786424 0.94202505728 
0.77422786424 0.94202505728 
0.77422786424 0.94202505728 
0.77422786424 0.94202505728 
1.04554545424 0.140870393138 
0.77422786424 0.94202505728 
1.04554545424 0.140870393138 
0.77422786424 0.94202505728 
1.04554545424 0.140870393138 
1.04554545424 0.140870393138 
1.04554545424 0.140870393138 
0.626313304315 1.07662808026 
1.04554545424 0.140870393138 
0.857396412317 0.819908959271 
1.04554545424 0.140870393138 
1.04554545424 0.140870393138 
1.04554545424 0.140870393138 
0.77422786424 0.94202505728 
0.77422786424 0.94202505728 
0.77422786424 0.94202505728 
0.442084326538 1.13970795577 
0.626313304315 1.07662808026 
0.626313304315 1.07662808026 
1.04554545424 0.140870393138 
0.947590020057 0.625429518296 
0.947590020057 0.625429518296 
