0.856979614236 0.836265790363 
1.0419287089 0.328653743999 
0.856979614236 0.836265790363 
0.489032741605 1.10109962003 
1.0419287089 0.328653743999 
0.959359533042 0.630790886088 
0.959359533042 0.630790886088 
0.959359533042 0.630790886088 
1.0419287089 0.328653743999 
0.856979614236 0.836265790363 
0.959359533042 0.630790886088 
0.856979614236 0.836265790363 
0.959359533042 0.630790886088 
0.856979614236 0.836265790363 
0.959359533042 0.630790886088 
1.0419287089 0.328653743999 
0.631170336345 1.06612442885 
1.0419287089 0.328653743999 
0.959359533042 0.630790886088 
0.959359533042 0.630790886088 
0.998522274608 0.515357306948 
0.998522274608 0.515357306948 
0.998522274608 0.515357306948 
0.998522274608 0.515357306948 
0.998522274608 0.515357306948 
1.0419287089 0.328653743999 
1.0419287089 0.328653743999 
1.0419287089 0.328653743999 
0.856979614236 0.836265790363 
1.0419287089 0.328653743999 
0.489032741605 1.10109962003 
0.856979614236 0.836265790363 
1.0419287089 0.328653743999 
0.711388578644 1.00854334811 
1.0419287089 0.328653743999 
0.998522274608 0.515357306948 
0.959359533042 0.630790886088 
0.959359533042 0.630790886088 
0.998522274608 0.515357306948 
0.959359533042 0.630790886088 
1.0419287089 0.328653743999 
0.856979614236 0.836265790363 
0.998522274608 0.515357306948 
0.856979614236 0.836265790363 
0.856979614236 0.836265790363 
0.711388578644 1.00854334811 
0.998522274608 0.515357306948 
0.919851874964 0.722387173707 
0.856979614236 0.836265790363 
0.959359533042 0.630790886088 
0.711388578644 1.00854334811 
0.998522274608 0.515357306948 
1.0419287089 0.328653743999 
0.998522274608 0.515357306948 
1.0419287089 0.328653743999 
0.856979614236 0.836265790363 
0.856979614236 0.836265790363 
0.631170336345 1.06612442885 
0.959359533042 0.630790886088 
0.976904737587 0.582910761448 
0.998522274608 0.515357306948 
0.631170336345 1.06612442885 
0.711388578644 1.00854334811 
1.0419287089 0.328653743999 
0.856979614236 0.836265790363 
0.856979614236 0.836265790363 
0.959359533042 0.630790886088 
0.959359533042 0.630790886088 
0.959359533042 0.630790886088 
1.0419287089 0.328653743999 
0.919851874964 0.722387173707 
1.0419287089 0.328653743999 
0.959359533042 0.630790886088 
1.0419287089 0.328653743999 
1.0419287089 0.328653743999 
0.711388578644 1.00854334811 
1.0419287089 0.328653743999 
1.0419287089 0.328653743999 
0.856979614236 0.836265790363 
0.856979614236 0.836265790363 
0.856979614236 0.836265790363 
1.0419287089 0.328653743999 
0.856979614236 0.836265790363 
0.959359533042 0.630790886088 
0.856979614236 0.836265790363 
1.0419287089 0.328653743999 
1.0419287089 0.328653743999 
1.0419287089 0.328653743999 
0.959359533042 0.630790886088 
0.959359533042 0.630790886088 
0.711388578644 1.00854334811 
1.0419287089 0.328653743999 
0.856979614236 0.836265790363 
0.856979614236 0.836265790363 
0.998522274608 0.515357306948 
0.959359533042 0.630790886088 
0.959359533042 0.630790886088 
0.976904737587 0.582910761448 
0.959359533042 0.630790886088 
0.959359533042 0.630790886088 
