0.413066080794 1.05066167705 
0.413066080794 1.05066167705 
0.413063501501 1.05089036028 
0.516737545275 1.03795901562 
0.413066080794 1.05066167705 
0.957676515388 0.34482346919 
0.413066080794 1.05066167705 
0.413066080794 1.05066167705 
0.413066080794 1.05066167705 
0.413066080794 1.05066167705 
0.867290706459 0.643092023782 
0.41292571618 1.06310657303 
0.413066080794 1.05066167705 
0.413066080794 1.05066167705 
0.953065190283 0.509869853705 
0.850239120998 0.7325376413 
0.413066080794 1.05066167705 
0.413066080794 1.05066167705 
0.413066080794 1.05066167705 
0.413066080794 1.05066167705 
0.413063501501 1.05089036028 
0.413066080794 1.05066167705 
0.413066080794 1.05066167705 
0.516737545275 1.03795901562 
0.413063501501 1.05089036028 
0.413066080794 1.05066167705 
0.413066080794 1.05066167705 
0.412812527441 1.07314202312 
0.413063501501 1.05089036028 
0.413066080794 1.05066167705 
0.413066080794 1.05066167705 
0.413066080794 1.05066167705 
0.413066080794 1.05066167705 
0.413066080794 1.05066167705 
0.413066080794 1.05066167705 
0.413066080794 1.05066167705 
0.701258937735 0.925882984055 
0.413066080794 1.05066167705 
1.01546974091 0.191410987479 
0.413066080794 1.05066167705 
0.413066080794 1.05066167705 
0.413066080794 1.05066167705 
0.412812527441 1.07314202312 
0.413066080794 1.05066167705 
0.413066080794 1.05066167705 
0.413066080794 1.05066167705 
0.413066080794 1.05066167705 
0.413066080794 1.05066167705 
0.413066080794 1.05066167705 
0.413066080794 1.05066167705 
0.413066080794 1.05066167705 
0.413066080794 1.05066167705 
0.516737545275 1.03795901562 
0.413066080794 1.05066167705 
0.413066080794 1.05066167705 
0.413066080794 1.05066167705 
0.850239120998 0.7325376413 
0.413066080794 1.05066167705 
0.413066080794 1.05066167705 
0.413066080794 1.05066167705 
0.413066080794 1.05066167705 
0.413066080794 1.05066167705 
0.413063501501 1.05089036028 
0.413063501501 1.05089036028 
0.413066080794 1.05066167705 
0.413066080794 1.05066167705 
0.413066080794 1.05066167705 
0.413066080794 1.05066167705 
0.516737545275 1.03795901562 
0.413066080794 1.05066167705 
0.412923136887 1.06333525626 
0.413066080794 1.05066167705 
0.413066080794 1.05066167705 
0.413066080794 1.05066167705 
0.413066080794 1.05066167705 
0.413066080794 1.05066167705 
0.413066080794 1.05066167705 
0.953065190283 0.509869853705 
0.413066080794 1.05066167705 
0.413066080794 1.05066167705 
0.413066080794 1.05066167705 
0.413063501501 1.05089036028 
0.413066080794 1.05066167705 
0.413066080794 1.05066167705 
0.413066080794 1.05066167705 
0.413066080794 1.05066167705 
0.413066080794 1.05066167705 
0.413066080794 1.05066167705 
0.413066080794 1.05066167705 
0.413066080794 1.05066167705 
0.413066080794 1.05066167705 
0.413066080794 1.05066167705 
0.413066080794 1.05066167705 
0.413066080794 1.05066167705 
0.867290706459 0.643092023782 
0.413066080794 1.05066167705 
0.413066080794 1.05066167705 
0.413066080794 1.05066167705 
0.413066080794 1.05066167705 
0.413066080794 1.05066167705 
