0.367959177098 0.902216162789 
0.367365534964 0.912645790974 
0.367959177098 0.902216162789 
0.367959177098 0.902216162789 
0.367959177098 0.902216162789 
0.367959177098 0.902216162789 
0.801744894724 0.513559544787 
0.726570747429 0.751220473624 
0.367365534964 0.912645790974 
0.367959177098 0.902216162789 
0.367365534964 0.912645790974 
0.367959177098 0.902216162789 
0.367959177098 0.902216162789 
0.367959177098 0.902216162789 
0.368710587288 0.889014726377 
0.367145213551 0.91651659171 
0.367365534964 0.912645790974 
0.367959177098 0.902216162789 
0.367959177098 0.902216162789 
0.367365534964 0.912645790974 
0.367365534964 0.912645790974 
0.367959177098 0.902216162789 
0.367959177098 0.902216162789 
0.367959177098 0.902216162789 
0.367365534964 0.912645790974 
0.367365534964 0.912645790974 
0.367145213551 0.91651659171 
0.367365534964 0.912645790974 
0.368650210665 0.890075476107 
0.367145213551 0.91651659171 
0.367959177098 0.902216162789 
0.367365534964 0.912645790974 
0.368650210665 0.890075476107 
0.367959177098 0.902216162789 
0.367959177098 0.902216162789 
0.367365534964 0.912645790974 
0.367959177098 0.902216162789 
0.367959177098 0.902216162789 
0.367365534964 0.912645790974 
0.367365534964 0.912645790974 
0.367959177098 0.902216162789 
0.367959177098 0.902216162789 
0.367959177098 0.902216162789 
0.3689309087 0.885143925641 
0.367365534964 0.912645790974 
0.367959177098 0.902216162789 
0.367959177098 0.902216162789 
0.367959177098 0.902216162789 
0.367365534964 0.912645790974 
0.367959177098 0.902216162789 
0.367959177098 0.902216162789 
0.367365534964 0.912645790974 
0.367365534964 0.912645790974 
0.367341173213 0.913073799673 
0.366747531079 0.923503427858 
0.367959177098 0.902216162789 
0.368650210665 0.890075476107 
0.368710587288 0.889014726377 
0.367959177098 0.902216162789 
0.943062514293 0.193570880769 
0.368116945153 0.899444354562 
0.368710587288 0.889014726377 
0.367365534964 0.912645790974 
0.367365534964 0.912645790974 
0.367959177098 0.902216162789 
0.368710587288 0.889014726377 
0.368710587288 0.889014726377 
0.367365534964 0.912645790974 
0.367959177098 0.902216162789 
0.368710587288 0.889014726377 
0.367959177098 0.902216162789 
0.367959177098 0.902216162789 
0.367365534964 0.912645790974 
0.367365534964 0.912645790974 
0.367959177098 0.902216162789 
0.367365534964 0.912645790974 
0.367959177098 0.902216162789 
0.367365534964 0.912645790974 
0.367365534964 0.912645790974 
0.367959177098 0.902216162789 
0.367365534964 0.912645790974 
0.367959177098 0.902216162789 
0.471262663274 0.86120467168 
0.916792877678 0.497646393936 
0.367365534964 0.912645790974 
0.367959177098 0.902216162789 
0.471262663274 0.86120467168 
0.367341173213 0.913073799673 
0.367959177098 0.902216162789 
0.367959177098 0.902216162789 
0.367365534964 0.912645790974 
0.367959177098 0.902216162789 
0.367365534964 0.912645790974 
0.3689309087 0.885143925641 
0.368116945153 0.899444354562 
0.368116945153 0.899444354562 
0.367365534964 0.912645790974 
0.368710587288 0.889014726377 
0.368179498511 0.898345362054 
0.368710587288 0.889014726377 
