0.345272687545 0.438709302012 0.591683665368 0.752558580204 
0.362795282761 0.537257241528 0.766988590073 0.18840298731 
0.341358846486 0.656561680305 0.580562506352 0.661656044225 
0.280924104734 0.629704693453 0.63803319127 0.557857400804 
0.292490481679 0.590884065405 0.638438711606 0.456734935412 
0.330591609963 0.452455397621 0.907615862483 0.0302335268853 
0.350677839673 0.420835611796 0.540636038581 0.756078995133 
0.153865816921 0.681827266173 0.582031109357 0.536556228228 
0.347504565649 0.458390127124 0.558792363546 0.772888203765 
0.476820686032 0.570834880621 0.150895751605 0.600897846398 
0.411355448602 0.576547860965 0.503563429745 0.722070685776 
0.576162198129 0.507299062825 0.500040322227 0.787545277323 
0.381667454899 0.334016874545 0.581520044995 0.641665950503 
0.138592736479 0.741683596744 0.71612467033 0.345339831946 
0.413255754408 0.490795500852 0.796030483431 0.523025268051 
0.488886410543 0.475071659177 0.84980610845 0.198247931102 
0.361067357994 0.435564387516 0.549058199378 0.730383633849 
0.274121399446 0.288450997706 0.969062044499 0.353422875376 
0.705436192465 0.623921860802 0.691968751331 0.245756441895 
0.392303606131 0.262192350567 0.824084567328 0.2961294592 
0.39347031667 0.0605498482123 0.862396358385 0.0536538918368 
0.398007969981 0.329283403982 0.320818374821 0.952547212456 
0.364192885085 0.358451736069 0.428452800312 0.834085377772 
0.371300068337 0.42551822869 0.834990754747 0.644328990857 
0.374194760768 0.413875361768 0.887923652572 0.254292079573 
0.301725838542 0.518173602841 0.868884409053 0.0290931464357 
0.486129582479 0.446382651626 0.630985267462 0.565234927994 
0.423514203738 0.649438990761 0.548354037055 0.700917556705 
0.362021040127 0.40472464687 0.607485718015 0.795224676883 
0.349217883649 0.494917117935 0.868837044086 0.202463002999 
0.348420663115 0.454661712373 0.552745245762 0.730484563633 
0.361992318815 0.404804065737 0.594325494241 0.730653022996 
0.328427423954 0.454499036296 0.948978759375 0.0329387381698 
0.393741526013 0.258835671436 0.829655779704 0.300830234413 
0.586526263575 0.660948862238 0.61946330456 0.410429912673 
0.128017044322 0.732121528336 0.60685300278 0.559362556169 
0.347816199937 0.457124117252 0.556738390919 0.758484858282 
0.446994313744 0.526768706508 0.75295700145 0.634142217998 
0.381667454899 0.334016874545 0.581520044995 0.641665950503 
0.34709159071 0.434271848721 0.575518936227 0.669343243108 
0.370984150761 0.369280519295 0.527206547031 0.711112913253 
0.138592736479 0.741683596744 0.71612467033 0.345339831946 
0.368268990594 0.648264065799 0.814281960703 0.118811422192 
0.373540561165 0.412940228613 0.919940701334 0.272658435106 
0.535015683013 0.518845544032 0.769112303732 0.484403504846 
0.576049877055 0.657608588106 0.781482745147 0.00230213287041 
0.362021239134 0.404723987601 0.607598607584 0.795778704028 
0.3649223948 0.356758802077 0.42797362877 0.870630330453 
0.676801181131 0.747615054037 0.686351121663 0.0985699024759 
0.304239644002 0.514924268068 0.855733232346 0.0281873890679 
0.152345070063 0.683166473575 0.582332942223 0.539202445736 
0.391269045139 0.336303424935 0.334577980958 0.845865682933 
0.303456177116 0.515936542001 0.859828120976 0.0284694140638 
0.362053206471 0.404543502496 0.640653314441 0.958071295973 
0.374536150659 0.42867339254 0.841009056697 0.391753930265 
0.345821431711 0.43736761904 0.58679160368 0.727374099639 
0.292568091712 0.530042141432 0.917067609176 0.0324117345586 
0.492735484758 0.44308011451 0.7262048872 0.524002436854 
0.446019451796 0.687535845522 0.599193216987 0.46181161795 
0.337984509624 0.677265178566 0.586656355608 0.708885440328 
0.363533911882 0.52707938231 0.74551393999 0.17567279225 
0.348726354776 0.453412705555 0.550720805641 0.716289751747 
0.13188734016 0.748630224863 0.720371177625 0.352288917428 
0.17232085811 0.706449483737 0.694693232957 0.310347646376 
0.372847142842 0.367271866248 0.531248549354 0.749267330122 
0.362053206471 0.404543502496 0.640653314441 0.958071295973 
0.346587021447 0.623885234442 0.570928881888 0.587462054641 
0.585960133614 0.758669363529 0.603436517054 0.209428642426 
0.308489438507 0.509440544875 0.833587094783 0.0266621498801 
0.345272687545 0.438709302012 0.591683665368 0.752558580204 
0.392558640305 0.0647986081096 0.859165773587 0.0531401513256 
0.306164090976 0.512439518756 0.845690522656 0.0274957277023 
0.362033925959 0.404676515279 0.615882060261 0.836436435691 
0.363288656797 0.403981190233 0.598290477471 0.750104274459 
0.284475295329 0.301115029589 0.92951593614 0.32592037621 
0.374374565335 0.414148619272 0.878747057157 0.24902963128 
0.38576309968 0.327892779484 0.589651431691 0.685289754719 
0.271640882186 0.557307397402 1.02835833845 0.0400771529176 
0.348601032323 0.434270435513 0.589003605099 0.733936662725 
0.138937992885 0.741325456563 0.715905910727 0.344981973713 
0.34593050236 0.464753810164 0.569125385386 0.845354090183 
0.366644586809 0.317423015838 0.596419125418 0.721740304457 
0.55070171426 0.67114489696 0.626812188183 0.534064056087 
0.138667054052 0.695170478556 0.585041099307 0.563017133845 
0.376383477622 0.442481536966 0.480339707992 0.803059014785 
0.328090968015 0.454826978754 0.955588381806 0.033371096739 
0.283391567458 0.625023949748 0.635194097405 0.547660859889 
0.338619068118 0.673390213477 0.585516243099 0.700034637579 
0.348823223709 0.453016356553 0.550078537106 0.711786454827 
0.359972749936 0.397172100509 0.800500847558 0.691231391594 
0.376290394445 0.363661048657 0.538593117505 0.818800503092 
0.155423482767 0.680454534413 0.581721784079 0.533846085621 
0.373770463145 0.413259557052 0.908904281486 0.266326529602 
0.179461822232 0.796908067973 0.664124505776 0.0297789629974 
0.367868559923 0.657729686464 0.825996775973 0.122779770229 
0.121072602828 0.759800066706 0.727212180085 0.36349290348 
0.390928999543 0.0724300171702 0.853361915586 0.0522182092013 
0.287491530401 0.498536601819 0.851060752388 0.100751726295 
0.328427423954 0.454499036296 0.948978759375 0.0329387381698 
0.425183936098 0.565785101119 0.74425294508 0.480063018059 
