0.51804018515 0.809463971321 0.79193286304 0.00973185613002 
0.149097282001 0.763145426644 0.758982271802 0.0142171192129 
0.345945757125 0.501370073687 0.706055429536 0.539452959102 
0.453193926684 0.450090026646 0.350980628133 0.769153395713 
0.409823444099 0.420334439953 0.484828341777 0.764878313122 
0.421237332731 0.748653171054 0.752565689541 0.386245412238 
0.406102133078 0.44953241943 0.438941720189 0.828205544077 
0.367462693886 0.500334176514 0.894114910174 0.123025643136 
0.40987738429 0.393940033024 0.487301480727 0.694698365989 
0.418844443189 0.429890381473 0.792538924273 0.471835630471 
0.641955598992 0.505583782546 0.542275498936 0.632983002295 
0.350295734071 0.80938983605 0.742444453171 0.355871003537 
0.473445511646 0.468121082522 0.468675413206 0.749333530191 
0.484259285594 0.310389857792 0.618874318924 0.663513660722 
0.40145688422 0.356782370567 0.854178200549 0.241718627084 
0.521778267081 0.568361478348 0.861740547103 0.176903712747 
0.504093147849 0.586130171589 0.741281010259 0.53429117196 
0.406294355434 0.602470377687 0.787618179477 0.245408477569 
0.337988400747 0.506898431385 0.731496642069 0.587863301455 
0.458097117075 0.474940976082 0.598685383489 0.688809000512 
0.330103359967 0.639242516081 0.674907337558 0.594398293641 
0.126856139723 0.781509578441 0.774959917794 0.0150258617304 
0.409842535268 0.420394294039 0.484257967563 0.757762954249 
0.515641279888 0.569730593279 0.77346174897 0.23573936962 
0.484259285594 0.310389857792 0.618874318924 0.663513660722 
0.450166622837 0.457070367211 0.747559544491 0.49034885392 
0.418844443189 0.429890381473 0.792538924273 0.471835630471 
0.149097282001 0.763145426644 0.758982271802 0.0142171192129 
0.474598815621 0.320379479499 0.60715888918 0.617089464255 
0.409474272205 0.419115020978 0.442144659247 0.825908618231 
0.81295114512 0.77170652354 0.596453591376 0.346110235177 
0.16644132336 0.704124585494 0.848071899441 0.127212051502 
0.479826048715 0.3149424304 0.613522032015 0.642271461655 
0.41904457865 0.426620373214 0.776653251594 0.578525358207 
0.409883753184 0.420523213793 0.483029068274 0.742434681339 
0.330649083981 0.638299114004 0.673966399333 0.591985860078 
0.418774363957 0.429809040322 0.794009228044 0.473711366809 
0.479906411332 0.314859448784 0.613619397108 0.642657409319 
0.477212336066 0.317651095474 0.610347930555 0.629699727072 
0.776237621019 0.775720879304 0.593914356916 0.334240276632 
0.409868314279 0.420474974438 0.48348896007 0.748170644887 
0.405896544055 0.45034285999 0.43921673713 0.849328783634 
0.126856139723 0.781509578441 0.774959917794 0.0150258617304 
0.480964734216 0.313768251646 0.614900412432 0.647736935024 
0.482564230371 0.312124635175 0.616832290265 0.655403075243 
0.508031652207 0.760009233714 0.846199530618 0.126616588039 
0.667628487623 0.634148167153 0.819466613453 0.184646437929 
0.409933935189 0.420679580434 0.48153781372 0.723838108889 
0.409923352291 0.420646660066 0.481851841474 0.727753778078 
0.418151699271 0.429094743589 0.806973690882 0.490253280303 
0.489618109511 0.304949676641 0.62529726324 0.689070796755 
0.406096005996 0.612597864667 0.64143939136 0.508661218141 
0.746783399871 0.654951833052 0.736204914232 0.341420586166 
0.323393109664 0.651089001868 0.686846963554 0.621200540231 
0.556114719684 0.543007353923 0.826348771079 0.0240893691593 
0.695912873253 0.576913206307 0.529177049355 0.646681862532 
0.331594451404 0.63693875937 0.672723124518 0.585193659888 
0.4200498334 0.431324598225 0.766832913952 0.439051798035 
0.487584329668 0.307006753274 0.622865224657 0.679385642142 
0.409816021823 0.420311146341 0.485050287894 0.767647230734 
0.419458923097 0.430612732376 0.779538845472 0.455253552267 
0.406011859476 0.449888587522 0.439062584747 0.837485875394 
0.490074579479 0.304489191629 0.625842229172 0.691242307016 
0.48738345806 0.307210415885 0.622624657355 0.678428143659 
0.361760682502 0.505840257005 0.94871227473 0.137207706042 
0.401407713631 0.356251272293 0.855857832372 0.242680620626 
0.479454724911 0.63811424697 0.545559948984 0.659329268576 
0.555015160285 0.522198342568 0.629248310724 0.579016940972 
0.413788294403 0.425926882969 0.84046794912 0.512949297077 
0.340657317342 0.505044350553 0.722944525657 0.571590002979 
0.412832368502 0.430681306869 0.816130986109 0.501940044099 
0.331950986515 0.636321584651 0.672107875306 0.5836256452 
0.641014477824 0.916188861885 0.561485011211 0.263826427675 
0.48953181085 0.305036783594 0.625194197776 0.688660166802 
0.405761776781 0.450872819279 0.439396568787 0.863153534273 
0.413165782894 0.43177475616 0.799663542399 0.480925399798 
0.576777320566 0.733085827517 0.603784240337 0.640769367383 
0.401307416621 0.355161931752 0.859302589955 0.244653824167 
0.328819018013 0.513268325037 0.761004418618 0.644012241941 
0.421707728892 0.739795360803 0.745404297133 0.376955502933 
0.413040017702 0.43136398543 0.805852241019 0.488822200831 
0.475022864886 0.319935377824 0.60767740197 0.619138333225 
0.413410309464 0.425388215946 0.848537415436 0.522869663261 
0.41915979173 0.430258978177 0.785892335998 0.463357034281 
0.406132677745 0.44941179534 0.438900786138 0.82506357858 
0.409821098561 0.420327080271 0.484898467965 0.765753171734 
0.629146264445 0.506424952234 0.540019016224 0.470381035087 
0.40158500787 0.64359551641 0.669592742462 0.580773724579 
0.41654041272 0.427306044785 0.83982202638 0.532183954264 
0.333572930862 0.509965758443 0.745683097386 0.614857958625 
0.497005265214 0.297548261827 0.634079674147 0.724119515668 
0.484259285594 0.310389857792 0.618874318924 0.663513660722 
0.491455283834 0.30309896715 0.627488692181 0.697805698383 
0.497387999945 0.297167569981 0.634532688526 0.725930358397 
0.409730424017 0.420041603416 0.487617463588 0.799680654182 
0.733287128981 0.623019057557 0.604541368833 0.440727016278 
0.621985385972 0.641666787958 0.561682709399 0.627185318274 
0.545349711921 0.489071636428 0.836949802087 0.341292767196 
0.399707030616 0.336705103926 0.9176082226 0.278096591561 
0.406445699357 0.44817214205 0.438480084065 0.792805081664 
