0.35333681427 0.511395262035 0.862837183595 0.257124432507 
0.401861325153 0.393957008774 0.556868411699 0.808193488819 
0.409994687706 0.481997964203 0.538058279448 0.703276890142 
0.431098910798 0.342649416149 0.398343443747 0.82938868769 
0.384150466634 0.424596935489 0.820927914502 0.323654842669 
0.527235752134 0.480118624578 0.221932419549 0.588568681678 
0.245460207262 0.656308260452 0.577953012144 0.369388107001 
0.569422749407 0.611232000338 0.887677588231 0.123390471448 
0.291242359573 0.679059773441 0.548149112068 0.494883056094 
0.442018634561 0.50008777889 0.617047119332 0.581541535082 
0.417775183327 0.291633621497 0.621005698138 0.721861100639 
0.403210993653 0.395646085295 0.903139833767 0.436386238794 
0.501815422457 0.481975054554 0.273737198276 0.647341555998 
0.344907752687 0.527179186923 0.841872016678 0.181204188056 
0.227925633659 0.711406733163 0.639978066147 0.158344179979 
0.461243097183 0.414701524651 0.830130354187 0.329107992447 
0.556471089493 0.479439923763 0.65960246923 0.520014321403 
0.398323688553 0.434875383549 0.231332049066 0.732562244199 
0.290165832643 0.683836206937 0.737122146814 0.0945440106529 
0.38498164558 0.409280746698 0.389071768786 0.967695893786 
0.395832015054 0.398215435205 0.814769516813 0.350538234678 
0.459204691505 0.46955227379 0.645489951885 0.628774699544 
0.548717569671 0.214462550836 0.187149214207 0.618913897927 
0.320308132017 0.541951989705 0.756371527293 0.406408340404 
0.655809328602 0.520204485468 0.712775905853 0.317103492659 
0.413599236519 0.621042113641 0.77330174824 0.254436301991 
0.374005407873 0.467663698088 0.738039674926 0.389554827887 
0.345824237912 0.476040850222 0.790649415757 0.569465842262 
0.413267878225 0.629735398259 0.783892412396 0.263042560205 
0.385978698567 0.408430821005 0.391173984876 0.929080014158 
0.342508055383 0.530512884189 0.852808798192 0.186183343443 
0.402360989259 0.394433585963 0.547488177169 0.740857050139 
0.590999313255 0.522144110882 0.81150245805 0.311903375795 
0.344907752687 0.527179186923 0.841872016678 0.181204188056 
0.254823642248 0.647279995595 0.576096378158 0.356674700979 
0.347203639401 0.474766518928 0.783836917504 0.558323897715 
0.277046050575 0.700989395595 0.550011048646 0.53153069622 
0.42151805101 0.422544505497 0.391753170131 0.731891859028 
0.313261634182 0.549790214361 0.77317211788 0.428683379143 
0.666769312727 0.713039245696 0.720191918596 0.127639643418 
0.265115948606 0.719273941947 0.551547508445 0.562327828193 
0.494145071061 0.468895682078 0.889627528777 0.174762989533 
0.352299464733 0.470073932699 0.758795297185 0.517369170703 
0.29067033536 0.683052761863 0.736495105 0.0943084986266 
0.412652903205 0.645447738581 0.803039139305 0.27860555221 
0.717631604237 0.61423375131 0.697022932146 0.043664851354 
0.397448608158 0.395675820232 0.84498528793 0.379115291451 
0.332769758007 0.544041021574 0.89731814899 0.206447044245 
0.417216479029 0.415455694089 0.546891366409 0.765247378208 
0.719496685646 0.571234553032 0.605597749752 0.0418418643959 
0.43332115351 0.409836399484 0.725155543376 0.68932882809 
0.401706094133 0.394091930385 0.928672240565 0.460673545826 
0.463090023878 0.414614816532 0.848489393093 0.344649493954 
0.538345466231 0.486035186618 0.211644831795 0.620709105751 
0.296563305624 0.673876663861 0.729158539399 0.0915540633264 
0.474470798626 0.418044078089 0.878254888405 0.216894404184 
0.41246995063 0.650032699991 0.808627400343 0.28314868463 
0.369978892837 0.473289624101 0.76654633499 0.427061916681 
0.387709552487 0.457463277897 0.236606821364 0.713297229642 
0.401861325153 0.393957008774 0.556868411699 0.808193488819 
0.484886168117 0.686261944139 0.528964575876 0.567800416028 
0.149311996431 0.745971979261 0.596462820543 0.500210790072 
0.422744588711 0.424097443447 0.390120933112 0.758929773712 
0.502322941975 0.482344597236 0.273293377929 0.649412839465 
0.386715294316 0.407796817743 0.392734181467 0.900444113112 
0.652091766982 0.467730015951 0.799916967577 0.167357575461 
0.400536030477 0.392904530747 0.948317877547 0.479366315765 
0.348689258545 0.47339593267 0.77651524932 0.546349348399 
0.413766818667 0.616573331525 0.76785846048 0.250013597959 
0.402172706907 0.394570341144 0.92078981163 0.453174651678 
0.409994687706 0.481997964203 0.538058279448 0.703276890142 
0.538345466231 0.486035186618 0.211644831795 0.620709105751 
0.403210993653 0.395646085295 0.903139833767 0.436386238794 
0.569422749407 0.611232000338 0.887677588231 0.123390471448 
0.412891201889 0.63941759802 0.795690210302 0.272631591982 
0.281981893301 0.69650191531 0.747272811917 0.0983584737162 
0.386510000004 0.461581802893 0.228590984388 0.742209770201 
0.331171885104 0.499871450756 0.887095151188 0.298936359015 
0.451576569757 0.435686991052 0.606479249969 0.707707588566 
0.402371248221 0.394443679533 0.547292256537 0.739451098003 
0.444101331291 0.636800715121 0.558759943066 0.697707582112 
0.37294985188 0.469132018214 0.745469826534 0.399330483531 
0.340780046646 0.532913398818 0.860692509352 0.189772540891 
0.350077574341 0.472116950434 0.769688382977 0.535184194201 
0.398271170282 0.435394993473 0.22988279079 0.737669907023 
0.357720598512 0.504998729411 0.836455958667 0.240994458998 
0.487701604726 0.471607763855 0.286148482283 0.589702495154 
0.268710410668 0.716887611925 0.763659526001 0.104523334992 
0.5663297983 0.765900969514 0.709486917372 0.104497243209 
0.698204032113 0.680713407526 0.854015142031 0.00879292131729 
0.200292244386 0.698978084672 0.586743899783 0.430758930891 
0.263553219312 0.724764771446 0.770006093239 0.106913027841 
0.200292244386 0.698978084672 0.586743899783 0.430758930891 
0.545750536181 0.489938554553 0.20481358775 0.642120400046 
0.266066059152 0.717821893572 0.551425943086 0.559874919128 
0.339412623555 0.481984058435 0.822476004572 0.621520284178 
0.415885406181 0.437775477405 0.581658509841 0.653098251927 
0.1852341655 0.712959467107 0.58963122446 0.451249579947 
0.414074725694 0.60821687994 0.757681358503 0.241745946196 
0.384006120243 0.424556726867 0.826923069468 0.328776221346 
