0.338342378964 0.632250563917 0.531281570346 0.751428503934 
0.234802840539 0.792690374716 0.617073900225 0.331620854611 
0.49942172089 0.478235762756 0.756494667623 0.517172309974 
0.657285590989 0.668004728339 0.691140731248 0.430624962989 
0.421057728729 0.542382272099 0.48035538057 0.706549358692 
0.553707979075 0.561005072896 0.141413801327 0.52898679321 
0.200963497964 0.319698779956 0.90150843613 0.0736772460535 
0.507399850541 0.793430672399 0.595673961557 0.572635064258 
0.550750297364 0.524019778159 0.22114853421 0.718038948992 
0.405390897339 0.406787028311 0.649146633059 0.809225190307 
0.413880393662 0.448695690968 0.756789111946 0.265855760417 
0.388824286912 0.632896944547 0.7425739189 0.111226785255 
0.140215543161 0.935683153012 0.568365083189 0.383796599636 
0.300465333611 0.589126408372 0.488895315517 0.767780394622 
0.368479897604 0.620920460397 0.826172163098 0.331497753295 
0.341504983816 0.380553848025 0.784980230757 0.560348769549 
0.301816683058 0.64650220219 0.692315688194 0.449505306075 
0.405193532047 0.471333411938 0.75114702509 0.53441024462 
0.36087496235 0.509764346824 0.744535013986 0.463088488611 
0.408282240752 0.452098444923 0.614005970022 0.735887690565 
0.625369455312 0.748752904004 0.569773107883 0.33720923378 
0.710620076743 0.553325790743 0.616252591513 0.627644803345 
0.364823106475 0.488030397961 0.521239793279 0.847703450115 
0.340225595721 0.380212100291 0.788429212938 0.566088626458 
0.561050959267 0.887705178895 0.691209511003 0.144285087944 
0.364658453811 0.572490332641 0.499594387435 0.696992828745 
0.813597118168 0.63849878476 0.657903680523 0.202815252474 
0.54478273391 0.520144307109 0.226206890743 0.698102666851 
0.494489726964 0.257692828004 0.377258275532 0.8272747963 
0.390924912202 0.459514859262 0.500877051462 0.798074689265 
0.592737376026 0.471316694355 0.712464795745 0.521622048502 
0.41022114011 0.477276492027 0.76237928394 0.523419103589 
0.746852145158 0.625443811806 0.695406178879 0.0515955384077 
0.436690124755 0.580184255202 0.696048522159 0.619120958704 
0.552322876357 0.912502658066 0.640435678475 0.0894031081326 
0.348811243018 0.610053033634 0.526572099961 0.681452967731 
0.358984722171 0.650598331239 0.877402105497 0.376113387093 
0.259325918953 0.650858433581 0.823809782281 0.229615814401 
0.398751120121 0.395233742614 0.70823351382 0.637172621431 
0.399774817531 0.396894027992 0.697795433567 0.612221590528 
0.39869338465 0.395140484656 0.708820346136 0.638575743209 
0.527498446124 0.547673246331 0.748410438055 0.298139248843 
0.338342378964 0.632250563917 0.531281570346 0.751428503934 
0.361602093273 0.508163071719 0.737515506902 0.486221338965 
0.375448825738 0.598982554326 0.788401811773 0.298606452331 
0.413629273443 0.450500179089 0.848149989607 0.342064771908 
0.271573370898 0.657024215657 0.860888762014 0.0108171596009 
0.360621695536 0.510088833236 0.745675175887 0.46481823532 
0.404907622921 0.47316359469 0.763970129349 0.556291859681 
0.252525085662 0.714676445759 0.755124260076 0.574114807469 
0.364320935301 0.633944916681 0.848638694996 0.351063215851 
0.353497303044 0.600022251489 0.524442895221 0.650045609865 
0.413620473278 0.450611469447 0.853883721091 0.346851396546 
0.352113977205 0.602990493782 0.525073058505 0.659323925016 
0.213996691696 0.860929486185 0.589859205244 0.264707011572 
0.512272635897 0.516250647854 0.890998059989 0.180731758574 
0.374609886667 0.695224210367 0.812867273147 0.138647108228 
0.404480259891 0.408628119615 0.629322311779 0.732379881816 
0.533104500453 0.515694394046 0.606363328035 0.707442784158 
0.364817306154 0.63239270146 0.845959766464 0.348730176976 
0.413848221202 0.448854893422 0.764694279905 0.272444150636 
0.533104500453 0.515694394046 0.606363328035 0.707442784158 
0.338168415762 0.632617360652 0.531359375953 0.752589601185 
0.413599041598 0.45092285045 0.869970891593 0.360283041703 
0.404328296535 0.408959269747 0.625804154617 0.718749163299 
0.350194291563 0.607099522112 0.52594526381 0.672189996631 
0.342461026923 0.380811182529 0.782401408733 0.556057784179 
0.405460702063 0.406653834729 0.650597087961 0.814849855001 
0.261389698682 0.66912166571 0.881530058669 0.011390426932 
0.213996691696 0.860929486185 0.589859205244 0.264707011572 
0.536114853592 0.488754321796 0.682086378946 0.672427495938 
0.408298475602 0.451660411166 0.611981434645 0.727369205006 
0.362296214089 0.507943908827 0.738143127027 0.453391347054 
0.363931702583 0.635161698594 0.850738963902 0.352892315157 
0.345743139682 0.616586003446 0.527958394505 0.701984287571 
0.40507148701 0.472109590881 0.756584311177 0.543688267972 
0.418831906215 0.565298526879 0.499618244731 0.737246081382 
0.651888702734 0.545273948342 0.823913137486 0.180021866519 
0.200622903454 0.880611742565 0.591850488388 0.276145623916 
0.790993931755 0.653751792959 0.627183544893 0.0781880744755 
0.562659051009 0.793231078377 0.801814890109 0.0793059607104 
0.444352616565 0.427959763579 0.502313954421 0.87293284731 
0.365120613772 0.631443934323 0.844322496648 0.347304307754 
0.559605553214 0.451662401821 0.57763916 0.797105649145 
0.359601945642 0.648675005203 0.874078276075 0.373218602801 
0.369790723056 0.616805834976 0.819080706741 0.325322160037 
0.284925999063 0.670085759667 0.713923702503 0.492332459303 
0.413634379229 0.450439015018 0.845002597012 0.33943742088 
0.474575225517 0.308189667887 0.658996408993 0.771585537877 
0.451642430574 0.562575772479 0.709356082423 0.507232105765 
0.405316765754 0.470557502609 0.745713184765 0.525138531063 
0.494728897629 0.257431811721 0.377196385963 0.828783910827 
0.374321473929 0.696468586074 0.814273820319 0.139196106465 
0.413848221202 0.448854893422 0.764694279905 0.272444150636 
0.413868448898 0.448753453402 0.759652889593 0.268242354029 
0.399280492723 0.396090670427 0.702843817759 0.624287596008 
0.573703241989 0.512878498907 0.689968289642 0.577149905494 
0.261494485808 0.668997428984 0.88131772455 0.0113845295432 
0.190465141683 0.895500181038 0.593352630368 0.284836857313 
0.413703957367 0.449769752738 0.810761287906 0.310861451726 
