0.480634654552 0.438104745089 0.178953224561 0.909837960321 
0.749434657946 0.821759778606 0.642854501493 0.272800003598 
0.408307137836 0.634955346522 0.444621885314 0.653536000238 
0.394279159297 0.454141787885 0.33474780171 0.802567852337 
0.30630085107 0.694342578467 0.470572771451 0.734772804298 
0.318449451005 0.796687918795 0.583003553434 0.589788687494 
0.442956155586 0.468390941035 0.57985496425 0.750716983796 
0.445439177311 0.879336779618 0.563211955965 0.442546691661 
0.476378110791 0.305761917375 0.326689602273 0.700659730151 
0.510828555512 0.575485091097 0.489411740656 0.605356845685 
0.397396350752 0.435291808683 0.436422642283 0.781801043976 
0.32169632899 0.519917141963 0.858613971495 0.0429715467707 
0.396297485834 0.470936516733 0.634945508542 0.590146263238 
0.475740937632 0.57990066996 0.154448678523 0.673392994633 
0.390659038353 0.53299069531 0.557271944378 0.74417571411 
0.541745067568 0.474497177783 0.713833768684 0.420302928364 
0.390022649282 0.496949250308 0.266252373798 0.760457051223 
0.464900411209 0.310524178871 0.319960844999 0.788863348311 
0.4240773969 0.427015168582 0.344830756036 0.870631329936 
0.638151756614 0.569996944947 0.606365770652 0.686702078722 
0.404449799992 0.436086271859 0.623769915461 0.607027301539 
0.398007746787 0.711586566489 0.510329614882 0.540069678266 
0.374542269118 0.602368606208 0.708044218343 0.510934618524 
0.483262815912 0.438645603848 0.174234919707 0.931484849602 
0.41934654018 0.539427351538 0.453527522211 0.721874041451 
0.406233217409 0.651061780979 0.445065183354 0.697319253546 
0.393936115281 0.475211347169 0.662325427314 0.654072206168 
0.388020771485 0.541273359419 0.568315414648 0.793125791883 
0.735197742135 0.60752009347 0.700675763177 0.412832733912 
0.396550988328 0.436062553441 0.438698400074 0.816070715984 
0.395088502521 0.437393161815 0.44264282065 0.875468151171 
0.398007746787 0.711586566489 0.510329614882 0.540069678266 
0.39585110114 0.471736229333 0.640064498523 0.602096894182 
0.535476979531 0.465769579869 0.906867734906 0.236631487073 
0.397396350752 0.435291808683 0.436422642283 0.781801043976 
0.502038054541 0.796060487082 0.786804161662 0.0526506861985 
0.52055477784 0.849211404427 0.630266930588 0.396019890861 
0.413737648083 0.409762070209 0.397445890159 0.814336400073 
0.61676752175 0.710207842452 0.779202041208 0.281907185774 
0.39292469363 0.741514667644 0.51616696907 0.588751353553 
0.405561421334 0.656229751331 0.445203816654 0.711416723647 
0.398065122319 0.410862874118 0.442352091215 0.960240637519 
0.733880710266 0.745762334523 0.481759553258 0.624185415858 
0.324243361104 0.663469983773 0.467382138306 0.656155745964 
0.391117091863 0.53154777559 0.555349479677 0.735655220881 
0.421912961036 0.421255850035 0.55021430396 0.810671863632 
0.404449799992 0.436086271859 0.623769915461 0.607027301539 
0.402238730756 0.686172802347 0.505352277755 0.498966561736 
0.408022180795 0.637183583875 0.444684327956 0.659578440042 
0.402348300237 0.609816381612 0.493622395757 0.64096863669 
0.463515788618 0.312237743284 0.320718894593 0.776261253604 
0.564047602482 0.516541550856 0.760924950145 0.375469092891 
0.462109825932 0.619837300452 0.444328035543 0.625683414581 
0.453852633772 0.495601076115 0.763139303129 0.366747268193 
0.312936432806 0.682968014494 0.469400632427 0.70570506473 
0.372899253665 0.607012408378 0.715621345926 0.523087226611 
0.406922998176 0.645731904282 0.444920471457 0.682804125478 
0.397947626428 0.434788439561 0.434940449908 0.759481357519 
0.404192332219 0.435830299444 0.641722955922 0.652285450458 
0.396180188676 0.436400227589 0.439697632436 0.8311177435 
0.474345937521 0.576352507587 0.157442175726 0.663020319607 
0.310445999972 0.687242336039 0.469841508507 0.716615157582 
0.395978298555 0.471507927879 0.638602963269 0.598684786357 
0.472415785807 0.436361380167 0.193732250536 0.842097385628 
0.470203766792 0.435876908149 0.197717283813 0.823850331516 
0.404209924533 0.43584927506 0.640374736895 0.648885989074 
0.404078232797 0.667568461732 0.44550275911 0.742421594809 
0.405545371176 0.656352960644 0.445207102617 0.711753090218 
0.397160143673 0.435507300419 0.43705818502 0.791371409036 
0.567437648464 0.562905582154 0.705283610135 0.587492746899 
0.482066523894 0.300062413369 0.324904923983 0.737599353238 
0.399120213269 0.70495556412 0.509033017615 0.529322093789 
0.402743316825 0.424381898375 0.54998582399 0.80955944756 
0.326378979896 0.776521770933 0.575968077953 0.560884220545 
0.414518254438 0.408823167313 0.398976797632 0.91781522557 
0.37030116114 0.61434100054 0.727586682759 0.542278452479 
0.406835916111 0.646406170961 0.444938880695 0.684638997793 
0.464900411209 0.310524178871 0.319960844999 0.788863348311 
0.371981070131 0.609604351184 0.719852172326 0.529872980013 
0.404084582631 0.435708363662 0.650452453554 0.674298925291 
0.397511146445 0.435187040805 0.436113869492 0.777151368228 
0.733880710266 0.745762334523 0.481759553258 0.624185415858 
0.405466565976 0.656957739206 0.445223219326 0.713404339318 
0.404139686084 0.667100444447 0.445490551389 0.741139917507 
0.389235175805 0.537466482931 0.563237971008 0.770619127498 
0.404078232797 0.667568461732 0.44550275911 0.742421594809 
0.414199523123 0.409202508293 0.39835609087 0.875805303044 
0.404028359445 0.43564041172 0.655366487232 0.686692627728 
0.414297803558 0.409085005255 0.398548060965 0.888790720286 
0.374417260066 0.602722198791 0.708621025439 0.511859722594 
0.39466495959 0.43777794898 0.443786707269 0.892693493541 
0.395575246639 0.472232483212 0.643241846914 0.609514892962 
0.397303495045 0.435376533918 0.436672449158 0.785562778051 
0.390332806878 0.460488694438 0.329746397501 0.90228471943 
0.394373580095 0.438042536205 0.444574027985 0.904549452863 
0.404490249886 0.43612275984 0.621251882002 0.600681312921 
0.405600706463 0.655928128388 0.445195768761 0.710593332509 
0.758395634565 0.545464678991 0.553536459046 0.574227671385 
0.407634544369 0.640206444061 0.444768434667 0.667783560074 
0.396021854864 0.436544348812 0.440124490816 0.83754562947 
