0.436073614177 0.39018615038 0.306720526826 0.951024557378 
0.377238104314 0.48489785785 0.889330800928 0.357383454951 
0.410771728458 0.248737762033 0.824911979288 0.403787141492 
0.355622632675 0.54218065353 0.770116518626 0.430925940307 
0.384069466558 0.500721644249 0.49162439207 0.840588926134 
0.387497182132 0.589714079296 0.464322717313 0.850802313924 
0.495825856821 0.428292581692 0.31895887347 0.720524867587 
0.405408302985 0.6770926856 0.563332963476 0.534722137454 
0.49231325341 0.202274961049 0.836007300227 0.492895096563 
0.755059328386 0.482504440045 0.627486727183 0.502491549256 
0.583188431131 0.516071765823 0.839723645194 0.170181738519 
0.504933929696 0.476308240263 0.466022198942 0.681093918111 
0.439375559858 0.395715541807 0.752621187141 0.602484450689 
0.343838763477 0.527029675043 0.507070765248 0.713517149044 
0.444267723849 0.381816061725 0.708529829344 0.722097532361 
0.478910142865 0.23528797749 0.788857643093 0.432513851156 
0.488592002247 0.603142104453 0.627986917445 0.709168759404 
0.438478053988 0.395402167521 0.761781910316 0.61889015521 
0.409351685688 0.661729819671 0.559277079611 0.508719323982 
0.492115738044 0.202751862348 0.83532505393 0.492018962908 
0.555908167048 0.568469114616 0.750459451711 0.67911258287 
0.467390815977 0.408704440433 0.561827019175 0.720897944347 
0.495696358891 0.428240425795 0.319070980648 0.719529562479 
0.405361295532 0.450964994951 0.653512008955 0.68989536575 
0.667465604305 0.765070503979 0.76611339577 0.098728696705 
0.436064345243 0.390153479328 0.307975872513 0.940156824838 
0.454191214039 0.413564172068 0.589515302913 0.860593183785 
0.37694790396 0.485144854282 0.89122085743 0.358801501436 
0.491031628819 0.426342391146 0.323119714967 0.68367366684 
0.421042714377 0.357988541647 0.523302214255 0.899314487597 
0.489870972963 0.208189405377 0.827548429274 0.482036830577 
0.380225810521 0.482363250459 0.869940827679 0.34283621952 
0.771401380311 0.47997768948 0.558534334113 0.611430191122 
0.679708796472 0.651234133525 0.836827011944 0.338517624306 
0.373673444565 0.511504665564 0.780887167927 0.477537033791 
0.445206698599 0.426635540768 0.446431851116 0.84805381825 
0.435506463159 0.394445755025 0.791797649638 0.672668764781 
0.962828785127 0.568450668996 0.694482582801 0.114342822466 
0.491790294452 0.203538179605 0.834200230921 0.490574614338 
0.735632842356 0.625448376918 0.733810188963 0.165339838247 
0.583188431131 0.516071765823 0.839723645194 0.170181738519 
0.482817270295 0.225511356164 0.802803545557 0.450334681966 
0.237270559322 0.772876395803 0.526896382465 0.47199083342 
0.502651136991 0.431005586453 0.313068971996 0.772983017221 
0.596074387897 0.623325463469 0.52467484391 0.450265464492 
0.649644868242 0.629284922603 0.519893480953 0.437469246189 
0.6820172429 0.597864787192 0.790686832007 0.054801839962 
0.496754480901 0.428665796553 0.318155379476 0.727662090336 
0.462146885299 0.576795700542 0.824036784419 0.422125891543 
0.339987252502 0.530357880911 0.508666951229 0.732371864614 
0.468484772303 0.44646125069 0.447297422276 0.752704281711 
0.385724684283 0.594008970606 0.464380622292 0.869025184479 
0.43292052925 0.393696073556 0.817614766832 0.718949669426 
0.383763007889 0.598754639024 0.464443336799 0.889194247017 
0.497637248831 0.429019319575 0.317392230172 0.73444680058 
0.402784627879 0.453563480953 0.667871841654 0.73138378652 
0.380209351751 0.505792167667 0.4943217613 0.879982229426 
0.402042606517 0.690091815753 0.566760375872 0.556797294788 
0.407561988962 0.668721572943 0.561123723685 0.520541081349 
0.388578079522 0.587091528734 0.464286782944 0.839690015206 
0.767378419431 0.563808278452 0.630343083915 0.249233803987 
0.490940144501 0.20559544007 0.831257733568 0.486797069194 
0.220814445175 0.8262314501 0.723490384131 0.113118498608 
0.328654580564 0.540077662176 0.513351415466 0.787868187859 
0.380509104626 0.771600959238 0.588195068841 0.696372412306 
0.516057132039 0.436167957469 0.301582746826 0.8760618086 
0.595050642605 0.677286198553 0.800975726044 0.263898846672 
0.495349662913 0.428100657006 0.31937118986 0.716864885646 
0.384066363457 0.500725729895 0.491626563163 0.840620608994 
0.508449873664 0.433262217413 0.308089331615 0.817559431961 
0.387497182132 0.589714079296 0.464322717313 0.850802313924 
0.460220558505 0.418649002496 0.440036846236 0.759758312492 
0.37551275497 0.486368345058 0.900584341678 0.365826711623 
0.754202281194 0.520084581505 0.802095018348 0.056605078874 
0.500551089375 0.430177943023 0.314877548605 0.756841868126 
0.19068303783 0.860976957525 0.552682437459 0.0589564016628 
0.896683810138 0.509932996795 0.617839442641 0.466698485001 
0.377603724263 0.509202550497 0.496139069218 0.906554592498 
0.573803199119 0.48373705261 0.597330580518 0.656915674812 
0.468484772303 0.44646125069 0.447297422276 0.752704281711 
0.481243904515 0.229430912824 0.797210659587 0.443183454779 
0.413707491513 0.644558128659 0.554735174186 0.479781028888 
0.492115738044 0.202751862348 0.83532505393 0.492018962908 
0.521547933769 0.438233144282 0.296900994158 0.918308751092 
0.394186344202 0.573436004748 0.464091604044 0.782030618924 
0.492998940963 0.427147602633 0.321409610065 0.698796627639 
0.496539240289 0.826668763555 0.663811591156 0.310136814752 
0.436068024735 0.390166415689 0.307478724708 0.944460647077 
0.386146690138 0.59298703437 0.464366946646 0.864686506808 
0.470117731614 0.257914709449 0.756641953961 0.39150263168 
0.488769939389 0.210868752787 0.823718029869 0.477123262594 
0.454191214039 0.413564172068 0.589515302913 0.860593183785 
0.865842853683 0.677720975108 0.551009343736 0.15851882356 
0.37231491719 0.489105964154 0.921541339949 0.381550835627 
0.505796255212 0.432234484655 0.310365690662 0.797158846167 
0.374087457644 0.5110538875 0.779268676512 0.475419818532 
0.56459410961 0.687116309226 0.747306416949 0.451989037752 
0.735632842356 0.625448376918 0.733810188963 0.165339838247 
0.37231491719 0.489105964154 0.921541339949 0.381550835627 
0.436055159291 0.39012137475 0.309210147575 0.929472062954 
