0.403578589804 0.495831863318 0.535694595053 0.816057747531 
0.429384088112 0.460006875584 0.606004354548 0.670920231155 
0.355077846527 0.65987936355 0.805690445929 0.386374230053 
0.438228743535 0.422152390076 0.865581453066 0.493974516343 
0.4389865168 0.476633055195 0.87764774795 0.0995619330641 
0.532280719147 0.650743412642 0.65806514336 0.629903689624 
0.45413655774 0.693460820351 0.744412658833 0.0119970532452 
0.467404978606 0.519696749967 0.519008552369 0.696718643091 
0.299520276275 0.760066188684 0.74873216798 0.0998519114746 
0.448907133486 0.549035505414 0.682708794044 0.570779333025 
0.735567100864 0.520381491191 0.5359241496 0.542417309821 
0.492860258406 0.455268736794 0.463138238386 0.837237641531 
0.469217697573 0.315085166192 0.803417425194 0.515434153693 
0.377468201291 0.564727052946 0.661900949115 0.59931634865 
0.395261927098 0.476283429849 0.509113592791 0.823072745151 
0.410437519532 0.341563785728 0.678699096073 0.703356029032 
0.626217983894 0.475377252258 0.528777213004 0.755290335441 
0.435436299706 0.50997173532 0.509819793735 0.710394069526 
0.289834882764 0.782125494439 0.702234339693 0.265987179493 
0.436931515838 0.416043933327 0.623242834136 0.759602769671 
0.441556405764 0.657515961211 0.599929635275 0.685600461853 
0.607889108464 0.525965593057 0.578930820663 0.630535172841 
0.321036471006 0.75975587478 0.690867609585 0.195840472835 
0.519224541126 0.56296713123 0.825645112813 0.436503574902 
0.450789282843 0.423634834412 0.880602428568 0.442466208137 
0.471131707945 0.480153495907 0.337293893594 0.664430298341 
0.444198118065 0.416949134566 0.423942416856 0.999527378493 
0.466890327654 0.425777727287 0.604222024582 0.722388486033 
0.438707840989 0.478046168925 0.900353300892 0.104647753262 
0.438580349547 0.424870306179 0.830788068312 0.454009953095 
0.438031079965 0.41395191546 0.626386286105 0.688535396115 
0.429396360494 0.459976358417 0.605861449075 0.670360672523 
0.42856069487 0.462063280306 0.615639847214 0.708650142944 
0.252859529041 0.716032732027 0.679000829695 0.366298479783 
0.377544109699 0.564612346202 0.661739029353 0.598868751837 
0.439253333719 0.411550103184 0.646734173952 0.762237778227 
0.274570837984 0.798622819917 0.777247843911 0.110453766716 
0.388991908728 0.482038033944 0.515693632161 0.904241938745 
0.591749509459 0.606266928196 0.649045126949 0.456391074822 
0.44002639978 0.410137668033 0.658857170362 0.806181321049 
0.629012458247 0.464129088183 0.747005187786 0.657729894673 
0.267638591841 0.727234825305 0.572182956485 0.600259313008 
0.45959525634 0.424971981678 0.757716250765 0.629522935009 
0.37293962598 0.571553754364 0.671550720076 0.625993928584 
0.438228743535 0.422152390076 0.865581453066 0.493974516343 
0.433994108637 0.456814931837 0.893570183 0.258303962937 
0.319841823366 0.761845989868 0.691978928626 0.196938747231 
0.444059708098 0.457052198624 0.513950619911 0.837078730272 
0.47148163161 0.310008490431 0.814606543787 0.531778697221 
0.435004267491 0.513260490647 0.511656530781 0.731946196503 
0.548722514485 0.478303262609 0.747866668293 0.59268638911 
0.434105908385 0.456744931366 0.884295806652 0.253094934885 
0.296494624516 0.764767660424 0.752200894113 0.101140378545 
0.533434782976 0.640063558546 0.787823593002 0.437645920195 
0.546245719772 0.669401350314 0.834591944504 0.24201069498 
0.537818133332 0.965381716311 0.627483331002 0.300447024135 
0.43779659077 0.414643192845 0.638975039067 0.823441287118 
0.387400865504 0.483489103498 0.517361519507 0.924827923365 
0.399399732044 0.528232936479 0.606833992033 0.765036446235 
0.438501952858 0.47914403836 0.918013914781 0.10860423371 
0.466445946183 0.425788774175 0.600681357143 0.707306593518 
0.309894547676 0.640958185203 0.695760313605 0.437261443326 
0.326225158429 0.718174781023 0.717948522443 0.0884351081931 
0.473196596672 0.604163510156 0.867562310516 0.411572996733 
0.299520276275 0.760066188684 0.74873216798 0.0998519114746 
0.364009336943 0.584932857563 0.690530046293 0.678476972974 
0.315724322834 0.713233235108 0.722802462388 0.313363267495 
0.289834882764 0.782125494439 0.702234339693 0.265987179493 
0.422894182063 0.507250524034 0.796758463049 0.482091434978 
0.468384843102 0.316968433271 0.799271032955 0.509380705688 
0.537818133332 0.965381716311 0.627483331002 0.300447024135 
0.353889807442 0.662092660488 0.808807736708 0.389744098788 
0.444861724063 0.376202068931 0.584831481383 0.741295179366 
0.522087922921 0.476688184374 0.477800109676 0.8167232155 
0.451054594419 0.423841337595 0.875049266647 0.436950481703 
0.447641142212 0.42135471827 0.944733155527 0.506191798605 
0.370389159949 0.575385235114 0.67697737338 0.640998451099 
0.43898734787 0.41205265148 0.642447567267 0.746705034564 
0.760917104329 0.499303371235 0.840533121308 0.10170961118 
0.436274816616 0.417206917316 0.610442440233 0.707694807447 
0.436753732664 0.416348512886 0.619866400732 0.745907462176 
0.204300246628 0.764129498521 0.710296354097 0.426175267207 
0.438589717284 0.478670370986 0.910392404549 0.106896730672 
0.374508433276 0.569192382698 0.668209976521 0.616757608743 
0.437733411784 0.48366154722 0.990820308983 0.124919931825 
0.470504352402 0.42732147923 0.623485807012 0.685732744859 
0.429310939241 0.460188855587 0.606856583978 0.674257220983 
0.438983350179 0.4120602785 0.642382624088 0.746469732907 
0.498153511535 0.795233919048 0.564508299443 0.576383910397 
0.735567100864 0.520381491191 0.5359241496 0.542417309821 
0.821771628189 0.531329071468 0.910964398599 0.0876215483727 
0.749640143644 0.52201837551 0.83631507797 0.10780368614 
0.438212458295 0.422019000702 0.867287150088 0.495934325548 
0.437967793868 0.482212627418 0.967449024064 0.11968172943 
0.450789282843 0.423634834412 0.880602428568 0.442466208137 
0.433484903028 0.524647752709 0.518017690337 0.806724669448 
0.481156061067 0.56771340907 0.557120914171 0.657948720143 
0.410115850498 0.340683444242 0.680413722003 0.708569983384 
0.519224541126 0.56296713123 0.825645112813 0.436503574902 
0.438825309937 0.412363655525 0.639802205328 0.737120961427 
