0.231658827167 0.914933024339 0.6240751909 0.426553519133 
0.43999646979 0.663805199427 0.673772035229 0.567123690053 
0.466704394945 0.430520103688 0.349798253374 0.868158422955 
0.399350985947 0.884274797252 0.713603318892 0.103249378456 
0.323473686187 0.378576178989 0.812871054651 0.541787274629 
0.914054320255 0.546832203394 0.637016604733 0.565542345633 
0.264945705891 0.867888005976 0.613519615495 0.386174221813 
0.437154401846 0.675581129815 0.683799045174 0.592043218514 
0.682980372881 0.505012372419 0.614311628186 0.724929741598 
0.229119473942 0.918504784424 0.624877284099 0.429633801483 
0.582753130278 0.471962579624 0.865483554138 0.138639572362 
1.01898595588 0.72676157982 0.676995923252 0.150888106042 
0.474525820956 0.787020426752 0.522254668794 0.650921982324 
0.450192944046 0.493046142999 0.590087716387 0.818246908865 
0.473543078295 0.436267691899 0.72108875556 0.691143151978 
0.474525820956 0.787020426752 0.522254668794 0.650921982324 
0.703763951236 0.607965191241 0.753181884445 0.422554896597 
0.463900395578 0.91715459243 0.612244664705 0.00915349596393 
0.467073270027 0.42428697285 0.779719490312 0.673736589734 
0.466590607151 0.633695440169 0.739257191264 0.630299561015 
0.521066813236 0.575598486655 0.660456630962 0.519337548277 
0.399350985947 0.884274797252 0.713603318892 0.103249378456 
0.439198463264 0.667118956284 0.676592937903 0.574133122266 
0.617624492891 0.810051509691 0.651063669155 0.577561130106 
0.465489606631 0.645863201558 0.755632891539 0.663971448135 
0.437954980657 0.672271105186 0.680979918908 0.585035846885 
0.470811416854 0.560182995233 0.181631170642 0.874146736413 
0.810542707596 0.901924556909 0.594746207839 0.172801020538 
0.475714146474 0.768505877009 0.521207451621 0.620375252807 
0.247483747469 0.892622874713 0.619067288312 0.407357687398 
0.456810990496 0.413511303148 0.41118553873 0.89233302355 
0.751034755258 0.723887787058 0.588050489613 0.686527124893 
0.607024919593 0.599218909453 0.509128241973 0.855628221414 
0.280333950009 0.845969112545 0.60860754283 0.36750149311 
0.389229730289 0.920379792258 0.72939973004 0.110559588651 
0.472908919879 0.434797931519 0.757708414212 0.776337606332 
0.282748330478 0.842518291365 0.607834548742 0.364571096048 
0.47520688895 0.77644315163 0.521657759238 0.633458867976 
0.578749534854 0.558400060696 1.00150730884 0.245024079006 
0.451190841858 1.03057573221 0.62937570269 0.0110532131472 
0.564673756765 0.469460181243 0.898443203328 0.496592014492 
0.241209342721 0.901479647413 0.621054891174 0.414968664808 
0.473400736879 0.435934968373 0.729372764277 0.710410802954 
0.399350985947 0.884274797252 0.713603318892 0.103249378456 
0.456078708491 0.987478556804 0.622886985353 0.0103290325299 
0.38699649578 0.928305839387 0.732868803668 0.112167153087 
0.470811416854 0.560182995233 0.181631170642 0.874146736413 
0.794398614478 0.836224152116 0.6221832525 0.490249135588 
0.231658827167 0.914933024339 0.6240751909 0.426553519133 
0.540993360615 0.828942934413 0.726866415299 0.299634144257 
0.796226400868 0.863270224762 0.657363835592 0.197686766857 
0.76934689302 0.507820323276 0.823453421624 0.388120255008 
0.441834009051 0.656151271644 0.667258718647 0.550943102576 
0.470780858091 0.561233018086 0.180380635519 0.879036066192 
0.473811116069 0.796529892906 0.785945332809 0.454263009599 
0.259633302977 0.875427344021 0.615210071716 0.392619230397 
0.266381944512 0.865847398097 0.613062151198 0.384431687239 
0.829454273699 0.692641828057 0.729321627257 0.0944359109637 
0.827959843028 0.572017801537 0.718034805463 0.120990661987 
0.679804017379 0.497213799658 0.638315047498 0.772786280988 
0.475545337771 0.771153287135 0.521357887064 0.624737119273 
0.474559585926 0.786498046685 0.522225269383 0.650058816648 
0.449075925385 0.495776742017 0.596642776564 0.850750027764 
0.433868532917 0.68911396709 0.695330115993 0.620714127346 
0.475357846737 0.774086622137 0.521524288001 0.629572498028 
0.450485465693 0.492330785565 0.588371342383 0.809736309014 
0.474001397812 0.437353274233 0.694088275233 0.628367315629 
0.470904409991 0.556935403128 0.185499272858 0.859028848886 
0.450892109931 1.0331934011 0.62976919226 0.011097276462 
0.628467323488 0.779584068287 0.796956370317 0.469298759272 
0.472861611944 0.812541004354 0.523681920651 0.693174783343 
0.472725440409 0.814611449304 0.5237970006 0.696609414297 
0.565818029621 0.982425277961 0.59837113186 0.358363789268 
0.399350985947 0.884274797252 0.713603318892 0.103249378456 
0.227806267159 0.920351056311 0.625291929794 0.431226755004 
0.727609805051 0.750559736032 0.852121687486 0.255164807196 
0.429530948017 0.706864912815 0.710466911791 0.658369065046 
0.466679541863 0.430702028322 0.34902516102 0.877185072822 
0.794398614478 0.836224152116 0.6221832525 0.490249135588 
0.269200619493 0.861839668439 0.612163792245 0.381011765117 
0.255713279708 0.86320984643 0.571328821167 0.48179453554 
0.268823455968 0.862376168291 0.612284044878 0.381469391333 
0.435729036744 0.681461515709 0.688808602217 0.604497350926 
0.471368821705 0.626057693693 0.729027466021 0.609266911144 
0.457230212275 0.803735754947 0.553075410748 0.699150990112 
0.541443145741 0.55095710469 0.536599096779 0.706190933089 
0.471960134855 0.826204257187 0.524439612114 0.715857655091 
0.385332416464 0.934203368526 0.735450330701 0.113363887142 
0.475275603538 0.775371050583 0.521597059369 0.631690569261 
0.435461564996 0.682563221407 0.689747331284 0.606831390633 
0.385474544979 0.933699938218 0.735229954295 0.113261711057 
0.280333950009 0.845969112545 0.60860754283 0.36750149311 
0.437489253387 0.674197323256 0.68262040215 0.589113413414 
0.239357028855 0.904091472346 0.621641141745 0.417215536736 
0.470867587712 0.55823112975 0.183955909576 0.865059821448 
0.43683418536 0.67690359753 0.684925528285 0.594843508318 
0.809470039266 0.74950755973 0.751888156611 0.329330483073 
0.437489253387 0.674197323256 0.68262040215 0.589113413414 
0.389958086921 0.917791825581 0.728267128486 0.110034899991 
0.473622759867 0.800921050842 0.523034165643 0.673916761507 
