0.301540911963 0.554810494409 0.834011060823 0.381539198233 
0.296206285737 0.727810113182 0.650114603349 0.31793462629 
0.395754202537 0.784918259422 0.613604167847 0.303683060048 
0.716434830553 0.836841075668 0.549270628689 0.413439254164 
0.542630005684 0.488463372111 0.81283680731 0.378773829631 
0.423232133891 0.416456590671 0.864363762919 0.397146482327 
0.514598294378 0.447616564103 0.901677168218 0.15114467577 
0.668468478156 0.486838602978 0.83023945497 0.195127282959 
0.427513479547 0.463701306435 0.445523429753 0.850132063927 
0.335466828945 0.606082539608 0.570435101195 0.694437639087 
0.669756896162 0.790003563991 0.577341341084 0.29747626671 
0.415384098054 0.417355212179 0.467303212197 0.795687635042 
0.482829322571 0.583014390489 0.110474317733 0.653643983065 
0.657057995002 0.595666224166 0.804689911785 0.26195475582 
0.428043909789 0.410348350948 0.66914295871 0.807610556846 
0.393573122497 0.502450744513 0.669949368972 0.569607183625 
0.836848911258 0.516140695166 0.519231184435 0.661620839006 
0.441062088673 0.433195537557 0.448469330518 0.860094818915 
0.428419258982 0.410734547212 0.656249333685 0.767447326354 
0.395526163107 0.768654275266 0.609219641852 0.463965952348 
0.335466828945 0.606082539608 0.570435101195 0.694437639087 
0.427513479547 0.463701306435 0.445523429753 0.850132063927 
0.509760054361 0.230691239149 0.653629578325 0.605550427307 
0.317816394129 0.541830662356 0.792131509478 0.343681270921 
0.418620056269 0.682873899121 0.733270178289 0.201798207487 
0.482829322571 0.583014390489 0.110474317733 0.653643983065 
0.390878497692 0.508076647726 0.685212465024 0.603134607066 
0.530779138945 0.621457661748 0.698275336863 0.567554300687 
0.369905243513 0.62699453104 0.559533183422 0.538192683398 
0.51490997401 0.489822176681 0.890896007888 0.0380425153493 
0.431840534816 0.481698626673 0.511828090914 0.751121489183 
0.450406639997 0.425675683153 0.702213730111 0.645991051958 
0.36378710143 0.698808093692 0.750162351855 0.398670194151 
0.845463831739 0.739659637173 0.635739235932 0.180028366984 
0.427513479547 0.463701306435 0.445523429753 0.850132063927 
0.520370575616 0.614517683079 0.712634652818 0.415349924502 
0.339567771448 0.807602342753 0.585019936978 0.434400322027 
0.684591182011 0.707213811926 0.698061157414 0.484842518792 
0.377402571449 0.620829203826 0.53187444033 0.687227015542 
0.423437000978 0.417044660736 0.85431247764 0.388369732416 
0.428043909789 0.410348350948 0.66914295871 0.807610556846 
0.422954148857 0.415655184042 0.87805310848 0.409102073559 
0.329045067997 0.51854485258 0.759768667825 0.452533099062 
0.549619877442 0.533421805435 0.715519172041 0.546129070132 
0.530924014868 0.525476575195 0.476544097349 0.726729071355 
0.472733975526 0.513725861487 0.491932438186 0.787080717566 
0.320511078895 0.539674026327 0.785213059316 0.337427218634 
0.514598294378 0.447616564103 0.901677168218 0.15114467577 
0.423863138715 0.418260363042 0.833515355957 0.370214327599 
0.420692213653 0.344242435459 0.826778386738 0.530881287732 
0.333030211718 0.529618369988 0.753137909221 0.308432473827 
0.415003812504 0.418195324955 0.471342549665 0.851970522162 
0.395724892863 0.376596680255 0.702605672386 0.679823544465 
0.346974376431 0.588140046919 0.559574074298 0.636709469342 
0.478742844214 0.571220388348 0.122872083162 0.622895638362 
0.307545915445 0.550029761149 0.818541705261 0.367555305357 
0.455532585706 0.480375391157 0.625593873595 0.697395135047 
0.32677613207 0.619514123446 0.578591509501 0.737882351192 
0.427235925506 0.409574737517 0.695839923091 0.89080209715 
0.427478013225 0.409799629919 0.687966483473 0.86626344187 
0.390557966251 0.811757086111 0.621362116638 0.32263284435 
0.621642953613 0.674738808412 0.760628177307 0.283250634412 
0.605860283503 0.465847485908 0.810577873318 0.360356224333 
0.423935742267 0.418466407115 0.829987852226 0.36713556011 
0.397955830902 0.755429390348 0.604933587793 0.448937402021 
0.386108080536 0.518026279765 0.712264128583 0.662557189768 
0.427921127847 0.410226203139 0.673283615105 0.820510839456 
0.326125887582 0.669576279105 0.633670567583 0.579675435731 
0.420594981436 0.345322745444 0.822883968526 0.525837753805 
0.431745196435 0.492854764044 0.643785946302 0.756395989852 
0.423886489698 0.418326667435 0.832380305681 0.369223645861 
0.423518559992 0.417278142869 0.850320270911 0.384884135033 
0.477817279833 0.568551138956 0.125680020519 0.615943755806 
0.303210499929 0.553482167699 0.829708161857 0.377649486464 
0.313707279836 0.879655282629 0.599969214883 0.506192786472 
0.477734140948 0.568311412329 0.125932242628 0.615319539677 
0.389169589546 0.818873417018 0.623417642664 0.327668244571 
0.423772112614 0.418001577739 0.837944642281 0.374080443244 
0.273535713774 0.763237118169 0.668528243765 0.350231969966 
0.516610860587 0.221863513162 0.661348837651 0.629489379822 
0.427706629538 0.410017096812 0.680438832846 0.842805407212 
0.42305467436 0.415945433197 0.873096226163 0.404772711629 
0.857455872355 0.539592019503 0.648310169206 0.362795792905 
0.495210086413 0.437649861734 0.80628067659 0.583086659354 
0.307461007503 0.550097421066 0.818760299328 0.367752908418 
0.337866080314 0.602357828004 0.568176967205 0.68242278635 
0.475882294428 0.562973430173 0.131550240422 0.601426117208 
0.473705451412 0.556703069798 0.138154171358 0.585121159109 
0.326539481176 0.619878664325 0.57881315311 0.739063869512 
0.423248322096 0.416503139515 0.863568345344 0.396451877213 
0.307202176483 0.703230067087 0.65569506755 0.647951325231 
0.478639544584 0.570922441991 0.123185470308 0.622119520392 
0.42360156494 0.417515381517 0.846262896727 0.381341873217 
0.863611723534 0.590916101716 0.602906592771 0.372008847147 
0.478639544584 0.570922441991 0.123185470308 0.622119520392 
0.423434237314 0.417036742658 0.854447849645 0.388487929689 
0.306792455093 0.550630099998 0.820481615339 0.369308931306 
0.714409459885 0.798916038777 0.629335757544 0.171410091993 
0.342543653744 0.595072579237 0.563765352217 0.658968171314 
0.47421579941 0.558172670112 0.136605915218 0.588941066702 
