0.44155131697 0.563303564326 0.47056244874 0.652679665589 
0.469981378376 0.53775119468 0.665722724091 0.386482588127 
0.35082459778 0.556883961984 0.679884247742 0.553634698461 
0.663671220868 0.554169810053 0.507291032769 0.525365835051 
0.479087721799 0.488371478085 0.53224755202 0.710386779996 
0.3534964371 0.520758628977 0.542642795348 0.719846389267 
0.392489412901 0.398354197029 0.484088007473 0.828628719873 
0.413763421835 0.588065617546 0.716719738908 0.313829181085 
0.402934119995 0.425841240628 0.731322796878 0.573500551485 
0.603691985615 0.466184226685 0.818438047638 0.230961668498 
0.533523486982 0.88893361487 0.561874272707 0.436733423019 
0.378411172912 0.567983466076 0.885738947993 0.0180218556234 
0.243580392053 0.217050338147 0.908603006612 0.370571831871 
0.411562193466 0.38336217287 0.881362404058 0.0799159518854 
0.465243475022 0.614356850169 0.865408294327 0.183565235822 
0.283490580675 0.67561154727 0.692137516228 0.528380697476 
0.392489412901 0.398354197029 0.484088007473 0.828628719873 
0.309640687279 0.636186149329 0.657972880924 0.454688529295 
0.402934119995 0.425841240628 0.731322796878 0.573500551485 
0.402636465336 0.424738278349 0.773308958922 0.650014414934 
0.413763421835 0.588065617546 0.716719738908 0.313829181085 
0.344774832969 0.489449401595 0.88606867567 0.310820969234 
0.486538295394 0.557394124555 0.874981998947 0.0249388062673 
0.377527549726 0.629646764794 0.776789744759 0.255187473268 
0.391955478567 0.435928858298 0.7281130999 0.54743070816 
0.380131154474 0.619108036727 0.761750249599 0.244136836345 
0.444893208473 0.618272032419 0.487292716726 0.637092273021 
0.376767422358 0.573560642485 0.902786503084 0.0186767095702 
0.41323590545 0.60614524612 0.742355561265 0.341709063639 
0.216147112119 0.691908939759 0.610818317493 0.322444820818 
0.422341521239 0.424475386651 0.347593574767 0.799817205095 
0.518583209584 0.506865163395 0.845645359171 0.188239621874 
0.264073912982 0.651603910662 0.732418201725 0.287731293967 
0.654819904899 0.515107707768 0.551183616806 0.637235542785 
0.245172162802 0.218784455019 0.905516993417 0.368053029365 
0.423595925458 0.4253361671 0.34524860974 0.828145106632 
0.376657441131 0.573933977044 0.903928031774 0.0187205596093 
0.331343221404 0.589364862745 0.781942771282 0.283036956353 
0.260215757395 0.655769164354 0.737286743746 0.292602099621 
0.345984130764 0.565686119549 0.694390100851 0.585085480652 
0.412890381147 0.617438637751 0.758376182729 0.359136132022 
0.417159183282 0.610512600108 0.641007646539 0.595723264516 
0.302248068849 0.633766750354 0.86937790287 0.352201294195 
0.483914998715 0.43984194451 0.652107632273 0.654562412157 
0.599721501024 0.474160076981 0.719862594508 0.393819069692 
0.821494938526 0.695725482807 0.677714932201 0.161341616804 
0.417827633027 0.903460861917 0.585126416785 0.22693786559 
0.35082459778 0.556883961984 0.679884247742 0.553634698461 
0.419795337637 0.865583858981 0.581248482607 0.211203255698 
0.414179924694 0.378950663772 0.907590666016 0.0844676344433 
0.376767422358 0.573560642485 0.902786503084 0.0186767095702 
0.371073531625 0.655522565944 0.813770849133 0.282366858185 
0.462790971877 0.472782975712 0.767235572208 0.473050001523 
0.4202193621 0.857239408668 0.580388610834 0.207747667523 
0.460142490889 0.519214719293 0.630735462321 0.439591004695 
0.420306213753 0.855520934318 0.580211247291 0.2070365416 
0.76677059048 0.671093590862 0.680756490476 0.309871493586 
0.232918499727 0.205459731779 0.929242648376 0.387431613728 
0.413006006779 0.380906069573 0.895937281921 0.0824448609176 
0.307671132398 0.625538327013 0.853108197745 0.339330264502 
0.376423581097 0.574727891495 0.906355696966 0.0188138146028 
0.383077145604 0.437206252661 0.87606638244 0.407658873253 
0.741419262377 0.5397909162 0.50991955599 0.620654008864 
0.615989719326 0.612696306863 0.594223227834 0.502917017062 
0.391667286259 0.436073933317 0.74132614684 0.570599990057 
0.35082459778 0.556883961984 0.679884247742 0.553634698461 
0.413763421835 0.588065617546 0.716719738908 0.313829181085 
0.663023999985 0.528021198425 0.870585795717 0.126701362304 
0.603691985615 0.466184226685 0.818438047638 0.230961668498 
0.292953574141 0.661429274344 0.679814211298 0.501778433449 
0.353752814119 0.551538061757 0.671091518618 0.534572721517 
0.392466799528 0.398333007455 0.484186907454 0.829888357247 
0.371923185137 0.590022949934 0.95316106939 0.0206117782465 
0.418711074164 0.371684093545 0.951251429388 0.0920515318611 
0.413319748987 0.603347033847 0.738386877091 0.337392418649 
0.302248068849 0.633766750354 0.86937790287 0.352201294195 
0.489030476411 0.458275973573 0.516997968994 0.797885263806 
0.597054962439 0.848204346159 0.623788835458 0.213561015525 
0.392489412901 0.398354197029 0.484088007473 0.828628719873 
0.336759835541 0.582362056345 0.721953585784 0.644856130429 
0.297464110292 0.64101164174 0.883722788904 0.363549918262 
0.515941382612 0.584138153072 0.871979115725 0.35046333034 
0.421089141949 0.368013062996 0.973502263409 0.0959193049983 
0.465493687429 0.508297265502 0.670125010332 0.665400692461 
0.24164928351 0.214947876444 0.91234522799 0.37362697316 
0.41844360662 0.891737675855 0.583930216948 0.222059799546 
0.416812924789 0.374679665197 0.933187955222 0.088912948154 
0.775027905791 0.753380209124 0.700220654174 0.096871046673 
0.35375396207 0.55153596256 0.671088068719 0.534565242707 
0.28717184991 0.670104249322 0.687348101735 0.518039317806 
0.392817351499 0.39866209729 0.482652187623 0.810344482753 
0.206029075887 0.700858909819 0.61475827158 0.332886113601 
0.420664897408 0.36866191517 0.969560683842 0.0952340340777 
0.615989719326 0.612696306863 0.594223227834 0.502917017062 
0.200156314764 0.706026104298 0.617040064067 0.338945984721 
0.292249029217 0.662488129639 0.680733084675 0.503761256755 
0.371565958397 0.468103466028 0.90990554072 0.311109177952 
0.311015725496 0.620454400145 0.843069047716 0.331388467745 
0.422766219109 0.365471476102 0.988976235315 0.0986100365007 
0.179402540878 0.724143843237 0.625078608377 0.360361422821 
