0.525989249216 0.313443693836 0.8043611336 0.408674628548 
0.455707231881 0.477348124045 0.946890404627 0.0710419050544 
0.465714431638 0.844456523308 0.647848624839 0.228274862836 
0.426346259745 0.587138223494 0.545157735344 0.718025899058 
0.226809956289 0.772610124752 0.658737008647 0.263508163049 
0.429085186794 0.551047441047 0.510028756683 0.683245633224 
0.468391203556 0.764809535369 0.749923708214 0.075828750051 
0.432127475481 0.414497836234 0.781683949911 0.695662418287 
0.367071393012 0.610870541917 0.525693171326 0.586104664645 
0.577942160699 0.554023749461 0.578397302867 0.661651599075 
0.350852565209 0.634090913754 0.531595822926 0.655138850263 
0.468666808474 0.516370079738 0.919383785057 0.341489597185 
0.515937520509 0.582006822904 0.751399170856 0.621744852062 
0.46551226671 0.85040518025 0.649584789223 0.23116366454 
0.431373069331 0.413668956751 0.789576418457 0.711146246254 
0.706550406704 0.690044732432 0.706977408413 0.0063870189454 
0.424398030948 0.595789310558 0.549559787617 0.752147150224 
0.54360056121 0.297453618506 0.840257112869 0.450203292255 
0.767660788058 0.63085120733 0.652281509113 0.37644614111 
0.564047671797 0.279495322109 0.88117701475 0.497701400934 
0.321847531147 0.606545377432 0.704715281873 0.56841898813 
0.43006261703 0.570414859234 0.536650215252 0.65226324051 
0.362408621628 0.617588336069 0.52740079565 0.605978184019 
0.325580020004 0.553390680813 0.557250190116 0.788539300578 
0.482646778594 0.520029080387 0.868819098491 0.200400562319 
0.466233668748 0.828901630344 0.643305937884 0.220729005272 
0.634743675462 0.678321775462 0.80073692503 0.157371533907 
0.42729008672 0.558373883486 0.513062833031 0.71828498768 
0.428356750365 0.578131786495 0.54057566331 0.682573973666 
0.424912893098 0.593509651928 0.548399721636 0.743149818546 
0.981812214422 0.612267707488 0.719054059798 0.21119176565 
0.43534998803 0.41808596296 0.747662261838 0.628952051736 
0.459038282531 0.442549419269 0.473604133523 0.934631136395 
0.659742890871 0.660844075904 0.720252286212 0.475912636798 
0.467402138842 0.792014620885 0.632513512688 0.202886342136 
0.334659382888 0.656943926056 0.537407557416 0.723883085861 
0.471615385378 0.444680961901 0.586510451673 0.740729070596 
0.549466825819 0.292243958452 0.852067356947 0.463896960925 
0.431842238401 0.414184003244 0.784670882068 0.7015220038 
0.481141238444 0.574258462793 0.879955660292 0.305138067538 
0.325215011593 0.603291024665 0.69994489686 0.558114709425 
0.571638082681 0.516885230546 0.624908923846 0.555971079618 
0.430760516729 0.419347409613 0.638987642449 0.664040998469 
0.32380100138 0.554646392158 0.558405559179 0.796795242668 
0.422653277921 0.603482931399 0.553475303115 0.782541568809 
0.532312844851 0.62571700811 0.809573698956 0.0801484915143 
0.433996487141 0.416568635842 0.762018676758 0.657094878733 
0.5791844897 0.531764494277 0.766791718703 0.54511691941 
0.688696957639 0.742250241329 0.726407789651 0.00695161416883 
0.628566568636 0.521960750701 0.864007242631 0.367015506987 
0.318621425811 0.558292581665 0.561767988769 0.820832801644 
0.431842238401 0.414184003244 0.784670882068 0.7015220038 
0.797008265979 0.6434844338 0.590976727743 0.0607198068584 
0.427842361897 0.580444569612 0.541752230208 0.691670315309 
0.433731346594 0.551009963164 0.579565439637 0.663955282021 
0.736351339231 0.601308382985 0.719376310215 0.390231954308 
0.432127475481 0.414497836234 0.781683949911 0.695662418287 
0.534004618765 0.306094473025 0.820789468853 0.427662275953 
0.465628496864 0.846991982809 0.648588689694 0.229505940471 
0.425073522644 0.592797499708 0.548037334928 0.740339960011 
0.567823935657 0.276234211549 0.888667051862 0.506410189917 
0.426346259745 0.587138223494 0.545157735344 0.718025899058 
0.54360056121 0.297453618506 0.840257112869 0.450203292255 
0.544603310774 0.296559447474 0.842280431285 0.452548317189 
0.441231444289 0.62144409533 0.822313599371 0.360697228153 
0.422867277443 0.625541060543 0.699481433423 0.557113673638 
0.736936985441 0.692968090666 0.702403544016 0.305137590899 
0.212788531483 0.786828537169 0.665153835762 0.274236150653 
0.623640907075 0.502391974774 0.566708174512 0.89482643527 
0.467446329908 0.790553819722 0.632085431484 0.202181402073 
0.52384462337 0.31543326353 0.799935609597 0.403565634489 
0.981812214422 0.612267707488 0.719054059798 0.21119176565 
0.424448135937 0.595567656747 0.549446990667 0.751272148528 
0.795698067867 0.530074416757 0.79651553189 0.155017722237 
0.464703849484 0.87368610945 0.656374405532 0.242484264256 
0.569312118576 0.274953166214 0.891613880009 0.509837615051 
0.424912893098 0.593509651928 0.548399721636 0.743149818546 
0.327156169556 0.552276646915 0.556226348098 0.781224849472 
0.307131005875 0.620691796327 0.725533625701 0.613401485049 
0.4298712165 0.57128456284 0.537092592477 0.655676017022 
0.427673024701 0.581204612424 0.542138892577 0.694660773763 
0.54985091001 0.540840542998 0.630094683475 0.579193163017 
0.343696145307 0.644224185943 0.534172347091 0.685535123314 
0.43314702717 0.415624222349 0.770977528576 0.674662604233 
0.350852565209 0.634090913754 0.531595822926 0.655138850263 
0.431118948055 0.413390568263 0.792229702063 0.71635219099 
0.738153879988 0.498021793721 0.668026303546 0.582086014057 
0.616683181596 0.711731228748 0.728619477841 0.42964941599 
0.432836117542 0.4152799423 0.774247555887 0.681075927219 
0.284725545345 0.61577343944 0.731542106732 0.626387811395 
0.422191232024 0.605512770155 0.554508454965 0.790567780296 
0.796715231593 0.635536501009 0.595867552339 0.471041325844 
0.429065305132 0.574935595645 0.538949764668 0.670012122531 
0.351457897512 0.633231013405 0.531377208836 0.652566333103 
0.467371589925 0.852158748197 0.812824074943 0.0929510492217 
0.65599331611 0.511209664878 0.526675138335 0.582933405012 
0.82698920649 0.798361046179 0.574999941455 0.382237420827 
0.432915172532 0.415367414742 0.773416525028 0.67944602291 
0.465988806047 0.83628953249 0.64546405642 0.224311488485 
0.316227942443 0.559972847025 0.563321126934 0.831941011832 
