0.46935860739 0.244026570645 0.94434192452 0.00499270379386 
0.388178004768 0.38568435788 0.744609129148 0.622190541105 
0.377513215446 0.499861890081 0.453692982169 0.82852308163 
0.442610247191 0.770627773619 0.660854681954 0.243038302293 
0.436756131181 0.53897161313 0.82925997015 0.592025751147 
0.387671613713 0.399816105467 0.508782432203 0.888485643381 
0.625573699717 0.711372510977 0.823033836356 0.147707432583 
0.801674039688 0.741773266761 0.563112273373 0.575419420133 
0.376982105781 0.501414984523 0.453826192231 0.841476745095 
0.380739981048 0.64382732319 0.622649959362 0.464594112651 
0.424779712906 0.753284906525 0.506640507566 0.645549625439 
0.388178004768 0.38568435788 0.744609129148 0.622190541105 
0.376974324186 0.582159273798 0.764764874601 0.409069882026 
0.37390217668 0.713689826015 0.563804886481 0.525833234273 
0.465196078721 0.250876246123 0.929825824171 0.0048383114697 
0.38565381141 0.380116114481 0.777476231159 0.686773805037 
0.377116278581 0.501022820406 0.453792574797 0.838204632812 
0.388325581584 0.400132980111 0.505892739785 0.857242903469 
0.388178004768 0.38568435788 0.744609129148 0.622190541105 
0.376804193899 0.663413609735 0.634143427296 0.497894870744 
0.551062562413 0.530222413268 0.484339343861 0.684205147889 
0.387671613713 0.399816105467 0.508782432203 0.888485643381 
0.785811878198 0.719125422668 0.618357787795 0.469680327364 
0.376783471684 0.501995328524 0.453875918363 0.846320496383 
0.372212230813 0.525847413745 0.525631618155 0.808731744497 
0.468898129149 0.524127306548 0.567452120183 0.814016780338 
0.406520527595 0.383627492889 0.326180396131 0.932758514476 
0.471205552353 0.241006747178 0.950750883585 0.00506090689752 
0.405626122104 0.384909003317 0.333602416337 0.863584099042 
0.376982105781 0.501414984523 0.453826192231 0.841476745095 
0.386859065788 0.382771927827 0.761799973429 0.655962365374 
0.373861422888 0.594397673537 0.786700774618 0.435952042225 
0.718326475317 0.672909837732 0.771915293151 0.380435952988 
0.421825560231 0.490824970895 0.499076543195 0.82750267888 
0.388040848441 0.399994503928 0.507151983654 0.870856140525 
0.377254592948 0.500618418081 0.453757895119 0.834831284717 
0.809938794427 0.607315151256 0.533024434039 0.481854481792 
0.388433664414 0.386249722928 0.741272008522 0.615636919077 
0.436756131181 0.53897161313 0.82925997015 0.592025751147 
0.372501043736 0.684533962944 0.646544440721 0.533900864453 
0.37216593465 0.686167932854 0.647504139184 0.536690147413 
0.497877314949 0.476437754791 0.521618820573 0.771236957786 
0.43307020967 0.805375275858 0.752659211873 0.45956538947 
0.384970629955 0.378612787197 0.786349917799 0.704220527644 
0.359254357419 0.786991719636 0.579403130062 0.639233034963 
0.914530196612 0.523710378846 0.731059175945 0.232679402053 
0.462356184141 0.318823643265 0.603643548053 0.676340861229 
0.773505622447 0.586055938954 0.701627315023 0.221114925025 
0.466874169232 0.480086305157 0.852449277876 0.532965869042 
0.386139451664 0.381185646952 0.771163161143 0.674363969756 
0.715190126548 0.61195417162 0.673400303847 0.43123650749 
0.388090266692 0.400018479899 0.506933553604 0.868494607956 
0.387924216665 0.385123409229 0.747920174889 0.628693703577 
0.385657603021 0.380124461859 0.777426959387 0.686676941736 
0.375948569337 0.504431770196 0.454084400389 0.866675030492 
0.377741733459 0.499193013798 0.453635549351 0.822948426355 
0.472794406066 0.238417861201 0.956249595165 0.00511944080587 
0.636453568915 0.898273816613 0.569484621021 0.502497384055 
0.362403281294 0.733242351708 0.675169251255 0.617236369833 
0.376103802768 0.503979102404 0.454045699689 0.862891064685 
0.38810047647 0.400023436311 0.506888419701 0.868006656136 
0.516988760267 0.509445996206 0.855436446156 0.464475836103 
0.386696685278 0.382413825312 0.763913705516 0.66011608276 
0.38854633512 0.386498974161 0.73980077664 0.612747879047 
0.46935860739 0.244026570645 0.94434192452 0.00499270379386 
0.368953735111 0.701762390436 0.656665432546 0.563334669425 
0.477137769447 0.231380370145 0.971216444695 0.00527884098231 
0.405679339908 0.384833025125 0.333162548579 0.867683610594 
0.355448369211 0.805754826043 0.583384560212 0.668430556718 
0.468120840576 0.313654294044 0.611091981899 0.708731444547 
0.38565381141 0.380116114481 0.777476231159 0.686773805037 
0.436756131181 0.53897161313 0.82925997015 0.592025751147 
0.397735963282 0.396040661528 0.505371518938 0.851608849275 
0.464961543549 0.251264093539 0.929004779731 0.00482958260382 
0.68558055941 0.567445367651 0.677189691573 0.646869592129 
0.375156817697 0.506738275179 0.454281372473 0.885971225252 
0.406061026141 0.38428705344 0.330001039288 0.897148961785 
0.377042011202 0.501239906827 0.453811185607 0.840015840893 
0.388880707105 0.387239015053 0.735432592731 0.604171044857 
0.370905732618 0.529718597783 0.528185980576 0.832614925629 
0.369186533983 0.737522891818 0.568886296756 0.562567359897 
0.588837348622 0.464833140371 0.852999823656 0.500385217851 
0.374299232728 0.675740813665 0.641380578325 0.518899209693 
0.460207832548 0.465299639411 0.461315367073 0.861803642946 
0.368112063875 0.537962618598 0.533629424745 0.88354638922 
0.374310721966 0.509199137001 0.454491143568 0.906586113864 
0.674138728079 0.637099975323 0.89966952709 0.340901600792 
0.387867795547 0.384998738142 0.748656055651 0.630139131954 
0.362524308703 0.732664035625 0.67482920518 0.616244918946 
0.622561444515 0.476195820861 0.928914581952 0.187190796813 
0.3754871926 0.50577629108 0.454199264526 0.877920170935 
0.386369199468 0.381691895962 0.768174966636 0.668490701197 
0.397886004119 0.395085137881 0.50951043923 0.896358495382 
0.409597037112 0.446779472813 0.702624974033 0.837464119809 
0.366673231527 0.542192881254 0.536424401323 0.909714158563 
0.371568806073 0.527755260146 0.526890343819 0.820499342068 
0.472951196279 0.238162821745 0.956791503308 0.00512521028435 
0.384970629955 0.378612787197 0.786349917799 0.704220527644 
0.375222625556 0.506546706623 0.454265026471 0.884367598452 
0.387645223247 0.384507057898 0.751558235097 0.635839980741 
