0.410301754506 0.297806229172 0.66651906541 0.716442957591 
0.41915908571 0.757195653139 0.689307384549 0.0980129144625 
0.397180198412 0.500391218986 0.735356648779 0.530390739384 
0.372852269681 0.517326222442 0.870900622327 0.319391094963 
0.209645425042 0.797906631152 0.771296678889 0.0244202732659 
0.448498859586 0.507099832235 0.29215729588 0.522881996234 
0.505195771142 0.311094623568 0.262243522493 0.629227836062 
0.421218772548 0.495642911998 0.496366477775 0.75705742433 
0.554742647665 0.463900954674 0.727386900049 0.564778886854 
0.292221901525 0.678514885345 0.878913329776 0.312782040118 
0.383124430251 0.542148665918 0.639944733032 0.657959906723 
0.54011672905 0.704532089408 0.555581939952 0.472131877616 
0.424342830761 0.412336006391 0.594097002344 0.726173731917 
0.421159651352 0.426422948975 0.665637324528 0.772310750539 
0.633061397764 0.136405618327 0.268737903701 0.61233990467 
0.31998864489 0.393330505097 0.337596083337 0.869282352641 
0.435182537045 0.37887711186 0.729999812216 0.6386913558 
0.720312130186 0.740327916241 0.759726735783 0.0799528625667 
0.440807718544 0.456475932097 0.561374552198 0.620018170496 
0.420460679943 0.345817830885 0.813945226232 0.633722763096 
0.429351055808 0.296342615259 0.604060032485 0.701199409729 
0.270207681898 0.391994904304 0.95879597822 0.268039473818 
0.304955453577 0.661903147848 0.850848593127 0.292109505747 
0.439610683076 0.56091759363 0.906965422587 0.125690331677 
0.424342830761 0.412336006391 0.594097002344 0.726173731917 
0.431053863393 0.286592887785 0.611010257691 0.739250370097 
0.497348767797 0.451905221277 0.48680544402 0.85646420711 
0.339364477047 0.561385587511 0.546914883641 0.501092629872 
0.393015948492 0.523549534647 0.610529761662 0.556705088712 
0.603736144947 0.56750164776 0.843877463638 0.238438560606 
0.33257854396 0.625502078229 0.789766371296 0.247128017288 
0.435580511736 0.377977564614 0.732855598656 0.645202293895 
0.424342830761 0.412336006391 0.594097002344 0.726173731917 
0.801179276816 0.539024821569 0.588767063544 0.381083519655 
0.631059406011 0.138156701435 0.269489014904 0.608477124229 
0.600051152396 0.165480120487 0.281155506053 0.548661705644 
0.43095348426 0.287161264377 0.610605320569 0.737028449261 
0.662181288506 0.696183134167 0.785103672954 0.310548844117 
0.435580511736 0.377977564614 0.732855598656 0.645202293895 
0.438451169185 0.371609343295 0.753115266847 0.691426086936 
0.467368271323 0.496156905012 0.541277700788 0.747159280743 
0.427060258348 0.406227724433 0.62125915441 0.859035916995 
0.38285421774 0.542652506542 0.640744533553 0.660713628125 
0.602425584555 0.603351675185 0.850720315127 0.414446263179 
0.581873784168 0.925976790235 0.658376456847 0.0624570329438 
0.539161243357 0.606515054032 0.895202183782 0.0944639439369 
0.422996552818 0.426907148916 0.647837623149 0.710352254788 
0.339364477047 0.561385587511 0.546914883641 0.501092629872 
0.478848765981 0.47150066679 0.495558226344 0.742890986976 
0.26525729045 0.391518631693 0.968735360833 0.273380679016 
0.270207681898 0.391994904304 0.95879597822 0.268039473818 
0.373350007506 0.516799515328 0.86739649147 0.316789612606 
0.42044394726 0.505597723012 0.501818823891 0.852800587218 
0.429442668083 0.295811816449 0.604438659842 0.703267419411 
0.70114509676 0.788113291454 0.779063912832 0.0677762396663 
0.662780869849 0.821298522459 0.675938576488 0.334309183401 
0.434623391448 0.380148794269 0.725965301187 0.629495216417 
0.472468610201 0.440273727152 0.580686812451 0.735693324223 
0.429669631797 0.493256247155 0.674526826449 0.684157671391 
0.770115663385 0.524205108224 0.632592493295 0.450687480925 
0.43059970169 0.289170487165 0.609173638009 0.729177452479 
0.366555806832 0.524047627062 0.915649490732 0.352615489402 
0.729346658307 0.560597135317 0.806515646317 0.502874601759 
0.432099328643 0.280715113732 0.615196338962 0.762252992644 
0.410237361361 0.292965738509 0.671732845495 0.735295452791 
0.397632918509 0.499640374877 0.731620890449 0.523646006418 
0.659448546174 0.113444027939 0.258855837178 0.663269299556 
0.426521739959 0.407396630466 0.616040336766 0.833486730085 
0.447694772276 0.375597473244 0.868054020177 0.620424095603 
0.374634270645 0.557901130895 0.665007313239 0.74426147396 
0.636221287922 0.133644550204 0.267552803723 0.618437129931 
0.481011938941 0.47678101922 0.334552759333 0.554616323368 
0.573445683249 0.75718171552 0.696472193947 0.391728681234 
0.299537311492 0.668981934176 0.862795685586 0.300909413245 
0.430416098058 0.29021700969 0.608427791583 0.725090405797 
0.578865802833 0.735079978982 0.65579711665 0.387918423481 
0.318667559149 0.64390697631 0.820568959891 0.26980897436 
0.461568567399 0.3248644536 0.857326169234 0.402891287892 
0.326905589216 0.638469761746 0.812262528466 0.0812128578957 
0.436087563285 0.463692962105 0.54218306109 0.684361558539 
0.426441997487 0.40757115996 0.615261895177 0.829676572439 
0.422996552818 0.426907148916 0.647837623149 0.710352254788 
0.706629954641 0.491529775772 0.919023630772 0.283882489835 
0.432099328643 0.280715113732 0.615196338962 0.762252992644 
0.430738409438 0.288381600369 0.609735805387 0.732259348712 
0.400643007531 0.890091574182 0.752742082132 0.131785415983 
0.379634627742 0.548642157351 0.650262393345 0.693485597651 
0.431496984149 0.284092456685 0.612791363087 0.749030288971 
0.374612149095 0.557941989098 0.665072457041 0.744485818828 
0.308140330115 0.657734169513 0.843821627334 0.286933889555 
0.321140801378 0.6406468124 0.815099517131 0.265781261601 
0.312930334106 0.641936033091 0.578325612399 0.730969616581 
0.662780869849 0.821298522459 0.675938576488 0.334309183401 
0.324041948597 0.636816339588 0.80868021242 0.261054267263 
0.459556903265 0.539689111797 0.262029399544 0.64839734499 
0.732566069125 0.739922658441 0.638568515614 0.18113675322 
0.431868562196 0.282006184586 0.614277079482 0.757196574519 
0.282063930389 0.393200029447 0.934974224175 0.255246573254 
0.429002358876 0.298370116516 0.602613501521 0.693304183968 
0.381583231124 0.545019947416 0.644504393392 0.67365920216 
