0.819547115572 0.554529321513 0.576334989338 0.503647290098 
0.520761850359 0.301700855742 0.832997426077 0.355293974515 
0.453704215318 0.725643975129 0.613357086109 0.526622380081 
0.646169355245 0.722837671253 0.722887252593 0.146076926256 
0.441822212939 0.386114430246 0.800418105189 0.371489963844 
0.433621472801 0.417419848118 0.502449686392 0.864759957867 
0.489597809862 0.297941094576 0.645327489727 0.627738617868 
0.569287764686 0.618529621344 0.148850863044 0.777832783257 
0.435746948015 0.436970380151 0.8708475103 0.349871123725 
0.392779983948 0.80861868339 0.603450266624 0.263260750037 
0.445487092204 0.233083554006 0.674930113454 0.708849523151 
0.4735519038 0.455814696995 0.657173278741 0.646255462279 
0.462186458681 0.475440907755 0.302629959289 0.838576245219 
0.440617243058 0.414240885032 0.742999385064 0.559775162204 
0.39813530916 0.756078212521 0.714016962424 0.224110247304 
0.436304913215 0.431727514205 0.439362467955 0.924963586157 
0.429269836165 0.666854702339 0.679996102045 0.377069005735 
0.599868674832 0.579152214403 0.749966430922 0.516325729359 
0.345190310722 0.368527625587 0.709068758721 0.766692584429 
0.145575221387 0.821611282145 0.692602406029 0.107195954079 
0.469086355143 0.440793123273 0.368511639422 0.904584660338 
0.387064988261 0.533586488855 0.621119338134 0.624746538769 
0.748626765104 0.635271026039 0.603874431576 0.313855445207 
0.350382740972 0.960918451302 0.63140919948 0.358377782592 
0.531524797162 0.290502393061 0.856683546742 0.377593987823 
0.459401703749 0.509700445148 0.243871434429 0.827727219949 
0.511361564621 0.311722651779 0.812008819772 0.335582549524 
0.352926082712 0.372455258929 0.695084217998 0.726339529274 
0.429598949957 0.664836243524 0.678400331893 0.374333453801 
0.374828191422 0.673053769282 0.814527209424 0.210337913428 
0.358206024387 0.37516995457 0.685506952323 0.698744266145 
0.565302261962 0.622559125384 0.710384719625 0.619259880892 
0.454401624093 0.703120772925 0.604793936352 0.491858923072 
0.440543143459 0.444479871726 0.441607254438 0.891312789527 
0.436465294709 0.416256831051 0.854479125458 0.357106766983 
0.326084101189 0.265953890336 0.663183506817 0.829295636894 
0.460477328347 0.514004244061 0.237802010011 0.857395840098 
0.12915956583 0.835622851781 0.699436788821 0.111242030638 
0.412901021095 0.491492426972 0.918258517278 0.0319523809317 
0.434990502614 0.416161821468 0.583828266757 0.812379894684 
0.492333183992 0.332948602788 0.768307838097 0.294728686768 
0.460217348388 0.51296303901 0.239270045759 0.850216226299 
0.434368732436 0.46736199888 0.592640370523 0.743470184293 
0.167926215482 0.802413240012 0.683278441864 0.101689032883 
0.684875132818 0.712368049647 0.67677022878 0.296763271525 
0.698372877025 0.649171065038 0.830183537788 0.282474107277 
0.788706016582 0.530856536367 0.82256606422 0.173195505812 
0.145575221387 0.821611282145 0.692602406029 0.107195954079 
0.550880820945 0.593965078099 0.172263351647 0.69970708479 
0.412322758983 0.761201000718 0.902597234826 0.0427257380753 
0.492333183992 0.332948602788 0.768307838097 0.294728686768 
0.598760518511 0.75620098628 0.587258054835 0.462096545718 
0.45405777969 0.714410636163 0.609087615483 0.509271082184 
0.760973685534 0.705958055923 0.698514569881 0.283467163133 
0.400862651275 0.529455200187 0.940190806786 0.323876587707 
0.420798277862 0.717621965254 0.720171915423 0.446071318294 
0.543883733997 0.277934660559 0.883526676412 0.402925415063 
0.352926082712 0.372455258929 0.695084217998 0.726339529274 
0.717451122358 0.665402035348 0.631932454573 0.602464181507 
0.587351961817 0.81836274316 0.700016509129 0.0429469586013 
0.646667975468 0.555294332634 0.575242204866 0.82327172204 
0.485738566228 0.684945460635 0.659863597269 0.485154889611 
0.433727077049 0.417717202708 0.501279315977 0.850926359226 
0.501525778704 0.480258562289 0.964505601069 0.177701474459 
0.390852552942 0.7833348972 0.731254316751 0.24048413844 
0.352322310831 0.954070638282 0.630158826925 0.354062394671 
0.530625792647 0.291427947475 0.854717191657 0.375740708523 
0.57898511711 0.649859528799 0.507131936419 0.697317938547 
0.492333183992 0.332948602788 0.768307838097 0.294728686768 
0.353584781827 0.94960912028 0.629343958382 0.351252322976 
0.676009611552 0.50449348565 0.671080308654 0.612720802608 
0.423299860383 0.697624231598 0.822561424973 0.0351897521265 
0.462373083699 0.52161374518 0.227078609201 0.909902489965 
0.433808991224 0.41794778008 0.50037165022 0.840200209046 
0.436347405789 0.431565159826 0.439002669919 0.895019349145 
0.459738824909 0.511048180558 0.241970408194 0.837015609229 
0.432448539696 0.530171572245 0.9150762814 0.308088025495 
0.355722210645 0.373889182126 0.690015915051 0.711731674057 
0.401023038693 0.529191452063 0.938452254706 0.322783591021 
0.422420197837 0.70804944413 0.712591145838 0.433034672064 
0.40162318319 0.528205777425 0.931955455907 0.318699212837 
0.534392798427 0.287560614149 0.862943303748 0.383496007115 
0.504216014192 0.274344790967 0.669416012188 0.711104655291 
0.362891235108 0.377605318724 0.676982682246 0.674214379521 
0.866314503092 0.683540308162 0.657514445899 0.259677551356 
0.382295015701 0.539603599803 0.631702012049 0.660132461993 
0.422875799802 0.700115006074 0.825693472298 0.035484529992 
0.436333404871 0.431618675764 0.439121250175 0.904888188249 
0.835692879832 0.545796430943 0.567339748305 0.667537859411 
0.366623733692 0.691525797859 0.840716014694 0.225181739476 
0.349714226797 0.370817802058 0.700896858881 0.743104179166 
0.342487485182 0.988718082924 0.636481457148 0.37592375175 
0.339278384557 0.365560637826 0.719724008921 0.797480054768 
0.144118947906 0.822857120914 0.693209126253 0.107554835161 
0.445814664911 0.230485287505 0.67693316476 0.715906312674 
0.532694958009 0.28930014898 0.859239973149 0.380003911773 
0.508727539502 0.314578470542 0.806067064031 0.330011881889 
0.516413991551 0.306305082364 0.823328985125 0.346207651952 
0.435642063477 0.438483809393 0.851098630727 0.334283538072 
0.430043991766 0.416733793343 0.509943709031 0.953408616343 
