0.422370615876 0.680573539102 0.760893607094 0.458797926138 
0.482239849944 0.475622338831 0.471477062661 0.780485551966 
0.376532554196 0.324226846433 0.879428907217 0.237202553614 
0.428170201461 0.386055178075 0.539210188698 0.739852260443 
0.412498307614 0.259765649247 0.817887112217 0.342159488562 
0.393179569496 0.919566673554 0.674056948953 0.15551432687 
0.357497069886 0.387753836369 0.777403019225 0.441248561978 
0.992532440886 0.575220460675 0.575866776401 0.0430807658225 
0.307872506299 0.826029680387 0.731586960226 0.206205918223 
0.562991218304 0.462899776706 0.735042201937 0.676332334829 
0.436605096574 0.341849405263 0.521586536444 0.809718462778 
0.437694313901 0.502536045518 0.649385097564 0.646908329789 
0.60706513811 0.86608378357 0.795374396397 0.0698026554208 
0.492276022638 0.352243442386 0.845556449618 0.321485176963 
0.376532554196 0.324226846433 0.879428907217 0.237202553614 
0.337297561231 0.384051004469 0.812648531512 0.486333865935 
0.583491414534 0.459509258441 0.859669861706 0.174629205379 
0.435325623978 0.338251505186 0.524334044077 0.835124593254 
0.438394955385 0.501488203004 0.645656215203 0.636669305417 
0.432275206014 0.510655840215 0.678351503664 0.726447549713 
0.398009292116 0.902295405497 0.668344692422 0.150554352823 
0.438531539603 0.347265431988 0.517445507891 0.771544110633 
0.535333887723 0.57665299945 0.735071537179 0.471462265357 
0.642807241158 0.778096059643 0.732542423628 0.16048871105 
0.532479466753 0.467176916205 0.815595228414 0.425852243117 
0.412757478732 0.848995621615 0.650715410134 0.135309253359 
0.430683328502 0.519930255549 0.795737176088 0.377135675711 
0.410892410436 0.855790338229 0.65296304445 0.137246937762 
0.417137099085 0.832966146191 0.645412476291 0.130745616689 
0.544996893757 0.457929210588 0.48512204412 0.860900682447 
0.439735220208 0.350648678695 0.514855119254 0.747744558297 
0.489818617176 0.764274858181 0.542883396136 0.47743170109 
0.365154670964 0.312886306655 0.910784537142 0.253886934804 
0.432835985403 0.509814435541 0.675344746465 0.718191165938 
0.607850064222 0.492268800289 0.705790213178 0.659106854007 
0.396286281676 0.908465915901 0.670385506523 0.152325395044 
0.383135701213 0.955258283916 0.685862001546 0.16579006402 
0.43699722819 0.342951967528 0.520744056213 0.801940077503 
0.329285780095 0.791552754611 0.710001958254 0.18936239667 
0.426821249254 0.797087638563 0.633538793767 0.120574003158 
0.422116888317 0.512357493918 0.576517075075 0.732882012878 
0.431502738299 0.511815263244 0.682496393456 0.737829211063 
0.399596797499 0.8966008938 0.666461306101 0.148920965058 
0.475850316994 0.342998759034 0.290258804067 0.868799742853 
0.435805790354 0.505362790969 0.659455742473 0.674561203861 
0.598942768253 0.786604368117 0.841244429776 0.213505011385 
0.438394955385 0.501488203004 0.645656215203 0.636669305417 
0.428170201461 0.386055178075 0.539210188698 0.739852260443 
0.438059217266 0.345937677769 0.51846131334 0.78089440066 
0.304839235654 0.705041107751 0.68427341154 0.375202253922 
0.619509030787 0.489802128795 0.51312097637 0.733872814029 
0.369581861802 0.317285142734 0.89860634028 0.247403500231 
0.96987636035 0.587029781366 0.588124382312 0.0672993647736 
0.428380895091 0.378903079475 0.618899645229 0.779987557899 
0.402760617815 0.885223973861 0.662698504216 0.14566075666 
0.396744844217 0.210109712559 0.888938203848 0.407616755318 
0.436402991423 0.341281120845 0.522020670975 0.813728963044 
0.320468651318 0.805796154387 0.718907454713 0.196306781853 
0.399596797499 0.8966008938 0.666461306101 0.148920965058 
0.39985960832 0.895657285337 0.666149219109 0.148650402749 
0.436329175921 0.387829177931 0.595088344528 0.685571145001 
0.395825530595 0.91011425417 0.670930672863 0.152798689245 
0.39946442168 0.897076085897 0.666618470001 0.149057228268 
0.360926587509 0.388424646428 0.771401656886 0.433586394361 
0.290175029535 0.854265740862 0.749331148769 0.22007914182 
0.400881774449 0.89198480328 0.664934587674 0.147597656381 
0.38083395388 0.328546781489 0.867521649525 0.230874703203 
0.487466657779 0.570900004021 0.688869387476 0.626611627709 
0.412171798753 0.851131266329 0.651421875225 0.135918087101 
0.351345856182 0.386583488621 0.788153068423 0.454984934313 
0.435857394022 0.505285506302 0.659180199297 0.673804589236 
0.405704766162 0.874601120555 0.659185022386 0.142620544561 
0.322909635864 0.801860004224 0.716444673572 0.194385609819 
0.430476719614 0.381241213636 0.612648258527 0.755169062932 
0.786416800441 0.82997749643 0.682969881364 0.083287362508 
0.835616551043 0.698775171461 0.716637358959 0.287954227178 
0.412171798753 0.851131266329 0.651421875225 0.135918087101 
0.560916160535 0.49017861854 0.757340799727 0.602221681975 
0.345146602373 0.741897364946 0.667679387588 0.448598632698 
0.406314292945 0.240299799605 0.845764739746 0.367789924709 
0.389590409042 0.339004176255 0.812328327501 0.458694581186 
0.355542005859 0.387377418697 0.780821615897 0.445615290623 
0.334672704549 0.758721868285 0.678222601007 0.471215691581 
0.435648889586 0.50559778951 0.660293651245 0.676862020629 
0.839393704311 0.625762081185 0.776073986803 0.387913515094 
0.378656044062 0.971092450174 0.691099566958 0.170358729554 
0.562991218304 0.462899776706 0.735042201937 0.676332334829 
0.438613267199 0.347495168331 0.517269703248 0.769926832539 
0.677371576723 0.662306646218 0.865271918081 0.126012256432 
0.386790899974 0.942301523434 0.681576415196 0.162056006871 
0.509949196821 0.546616140997 0.915681972756 0.19645108806 
0.436393437836 0.504482839809 0.656319116743 0.665948347939 
0.576098818582 0.627058898697 0.562139696628 0.716236001815 
0.283940608034 0.726693147664 0.702323784484 0.404650024658 
0.54140474871 0.533152996409 0.920129346083 0.198183876167 
0.332354030159 0.762432835992 0.680551602113 0.476215691236 
0.435325623978 0.338251505186 0.524334044077 0.835124593254 
0.322933092736 0.801822153917 0.716420997662 0.194367143292 
0.583789579829 0.459496974497 0.860922006843 0.17511699502 
0.397479486095 0.21242986063 0.885622446342 0.404553145838 
