0.456823077994 0.588147378699 0.893446205256 0.0417149956176 
0.335331540079 0.810821899404 0.586241340341 0.400468392725 
0.306984532591 0.584724259855 0.570469094671 0.741311164012 
0.418961549583 0.546823499436 0.502651520277 0.701940504356 
0.401843676658 0.686376983293 0.651470048349 0.449750836512 
0.388869045962 0.717611760154 0.723981231019 0.464296491402 
0.268641458031 0.21551988115 0.858660662439 0.365593114055 
0.325086754546 0.752664184476 0.564020238483 0.580112494062 
0.5709981129 0.600012784937 0.612289190853 0.575900013733 
0.853459160902 0.683674947659 0.739916091664 0.13456987598 
0.343507130999 0.331967994851 0.872233290748 0.270652663029 
0.491747898216 0.591539978825 0.852951891782 0.217448909701 
0.607647540473 0.779662387834 0.828784735523 0.127098286703 
0.328823720677 0.828664052273 0.58894479118 0.417335101601 
0.337656529224 0.325529635623 0.89136547846 0.282866751556 
0.474307188447 0.48376846341 0.714116905577 0.695762941594 
0.34082910562 0.780440855889 0.706450232992 0.411363885935 
0.482772775861 0.247560307378 0.838846009607 0.329665371494 
0.306560428999 0.633793124826 0.639842140703 0.624901231526 
0.351612994882 0.749300458841 0.688891957772 0.379245522864 
0.281819061055 0.870728465905 0.591348977702 0.580456062466 
0.6951715531 0.560913486753 0.746267227681 0.592737381265 
0.392730619647 0.740469545443 0.683015111056 0.52918919828 
0.446654244737 0.484119347433 0.787525412503 0.508417411642 
0.719613854121 0.601900365122 0.821631739218 0.441880806638 
0.269846916941 0.217056400642 0.856536153963 0.363558883886 
0.323266280467 0.843832020228 0.59123832628 0.43171557828 
0.391595024601 0.703783798033 0.713218856102 0.445100436102 
0.631386244595 0.655422303153 0.736270477031 0.446163371077 
0.611468286984 0.769486027255 0.669440276878 0.407894254656 
0.312728425091 0.872446974859 0.595555440562 0.458937312852 
0.31034448192 0.5609657445 0.602802728972 0.791143594975 
0.660243963293 0.722476315592 0.721605001708 0.436332975257 
0.508997095064 0.819550966572 0.67108826996 0.269603846292 
0.306984532591 0.584724259855 0.570469094671 0.741311164012 
0.38828538494 0.552976457641 0.575810720742 0.653962112941 
0.298193760337 0.911662257621 0.601455730495 0.496410781106 
0.400151487067 0.69656326447 0.657408236413 0.464676479082 
0.328823720677 0.828664052273 0.58894479118 0.417335101601 
0.606957710768 0.49582627515 0.571857774416 0.867955150311 
0.73741499671 0.704186557394 0.530055890037 0.541082067157 
0.434795099662 0.469615972074 0.917651303444 0.182055584915 
0.476023712632 0.853545271369 0.864992089659 0.179591319083 
0.343138955763 0.789282323941 0.582968074581 0.380185608104 
0.35429459988 0.741500681705 0.684498078745 0.371220563499 
0.445749474889 0.544406905517 0.775474158431 0.498983047136 
0.356193017866 0.34608372372 0.830430982015 0.244018428419 
0.295120749093 0.91992247942 0.602696668699 0.504325520027 
0.487484494572 0.721303635376 0.808449463678 0.198635196675 
0.719613854121 0.601900365122 0.821631739218 0.441880806638 
0.280343287657 0.66802003664 0.667528129165 0.721035873848 
0.353731819931 0.743139679794 0.685421241008 0.372906162587 
0.322641630703 0.309163809923 0.940149173437 0.314063835139 
0.329298391035 0.813414756344 0.725066581893 0.445490119193 
0.337605549516 0.325473703657 0.89153184573 0.282973018561 
0.329512459677 0.826780073351 0.588659629076 0.41555152699 
0.501669893553 0.573498454676 0.504707171234 0.66719611643 
0.299490975562 0.908172393654 0.600931268966 0.493068975319 
0.344997097609 0.784131239751 0.582183488213 0.375349175043 
0.596866338613 0.507696923247 0.641457751014 0.638179667144 
0.482772775861 0.247560307378 0.838846009607 0.329665371494 
0.283706329549 0.866477654572 0.590665838257 0.5752232056 
0.331638081364 0.820959410826 0.587778172651 0.410044858427 
0.392730619647 0.740469545443 0.683015111056 0.52918919828 
0.395144011449 0.726307611161 0.674753692586 0.508352356471 
0.321915078903 0.759920001339 0.565270300421 0.591970373002 
0.340848439132 0.795618316231 0.583932137368 0.386142274147 
0.295120749093 0.91992247942 0.602696668699 0.504325520027 
0.346586532524 0.558532056333 0.614212010402 0.608635682138 
0.310482072685 0.85477500358 0.580697585897 0.625785951105 
0.804655629837 0.673749513548 0.69500172085 0.311203650547 
0.287141971209 0.659187457859 0.660364668484 0.696142290231 
0.486920740416 0.240436094744 0.849707701553 0.339279697874 
0.576875887953 0.645011278349 0.730316411117 0.560329488651 
0.336467905069 0.324226264689 0.895242987284 0.285343751894 
0.622393062138 0.788924079624 0.682494115661 0.344090719135 
0.305671798364 0.891518415645 0.598426913078 0.477139587909 
0.69987094322 0.739201835812 0.704592009073 0.17853447848 
0.355300531366 0.345082535217 0.83338863177 0.245900165875 
0.268542186305 0.215393374066 0.858835584896 0.365760626921 
0.273318783912 0.677119892686 0.674920062734 0.746735457498 
0.349217184932 0.707859564528 0.833822149934 0.371641091931 
0.353096475098 0.744988661488 0.686462766832 0.374808178695 
0.839802754067 0.586131665039 0.67885862608 0.313582520047 
0.325086754546 0.752664184476 0.564020238483 0.580112494062 
0.33411448977 0.574701134754 0.632925101303 0.676482322504 
0.386656144599 0.557689343109 0.579863482411 0.674538806248 
0.316099797221 0.839664554635 0.578426930072 0.60515461315 
0.493700197501 0.228924707644 0.8672949372 0.354871529568 
0.340945797151 0.32914447859 0.880619041217 0.276004522367 
0.744393224798 0.82533208146 0.56659679983 0.00863277247681 
0.497408191397 0.696524378088 0.825243754865 0.3633429054 
0.33108510786 0.822474559088 0.588007684313 0.411477714284 
0.343366963447 0.773141806146 0.702332575133 0.403825103233 
0.297804966447 0.912707871086 0.60161284581 0.49741227962 
0.481089424786 0.782843687431 0.569980313041 0.354394231627 
0.298740337507 0.832506510518 0.585200768998 0.533511943156 
0.320589414337 0.762948345037 0.565791810197 0.596924693976 
0.315650737629 0.86452896681 0.594361992982 0.451393562278 
0.343231600944 0.773531542546 0.702552407793 0.404227486772 
