0.374079184499 0.116697148792 0.248521868674 0.169027700412 0.84183077813 0.856977250545 0.201964063595 40.7893614111 
0.645038478824 0.984634989292 0.947206808843 0.919536603522 0.216829241055 0.28769644311 0.0808306805568 39.9773394674 
0.445142893311 0.473610941952 0.257291072497 0.890338315923 0.778320700581 0.202577380863 0.558361090557 43.6149477081 
0.551830395571 0.922060906932 0.372473437531 0.771562469412 0.382725999687 0.215982947063 0.517641666398 42.4277146027 
0.87819792379 0.169033644867 0.0661135203957 0.302330794963 0.520498800533 0.181330900944 0.966783599718 41.3943608561 
0.952787091524 0.132591821195 0.481687116227 0.85706920605 0.961915261279 0.176807487298 0.364532489749 42.9211347346 
0.968722879012 0.140698034019 0.554737833843 0.456309831119 0.286232317718 0.211050072485 0.538231147563 41.4197197653 
0.487577353901 0.682711677997 0.410081840747 0.757209771249 0.672389614194 0.250266739887 0.795061866081 41.8045379686 
0.391814673561 0.607658215587 0.0113584857921 0.38646936202 0.817947760432 0.522154320149 0.0778700495159 38.6928694679 
0.523215103504 0.869380194017 0.349536751876 0.4402862127 0.59069771462 0.372073287352 0.415645972482 43.6687108296 
0.192976715907 0.215608050483 0.239829352681 0.54180062618 0.907991638681 0.113911664663 0.0996838909416 37.0162590757 
0.440082540941 0.724702688162 0.188703006241 0.422189900729 0.781592032674 0.0233450923058 0.991553303282 40.7848573538 
0.599457159569 0.203373720272 0.632152783843 0.770109166009 0.862728063323 0.261578703859 0.650050864808 39.826789574 
0.325531975364 0.458893814224 0.288515968699 0.862278088883 0.995403099112 0.100305322887 0.652489806139 42.3932931761 
0.736082062504 0.429919876185 0.894821000031 0.467366028026 0.526804641765 0.35463403746 0.629501785858 40.4788029153 
0.806855354974 0.449855864307 0.976310657406 0.596563751687 0.828709508579 0.331456819059 0.678562156742 43.8355418339 
0.395027004312 0.994341420973 0.881936395763 0.439087322211 0.779880826727 0.420602468383 0.33121706638 42.0828755605 
0.235789498266 0.0898061905531 0.263982083125 0.955472810914 0.890491369028 0.708858235392 0.292776610732 37.6125802194 
0.0601572697114 0.452628830872 0.0208769770332 0.867479300307 0.675690335048 0.514157977913 0.767713032769 42.3502851198 
0.106730475373 0.217852453315 0.911974075447 0.598672222998 0.701467415999 0.302093169228 0.951642552713 42.3316269743 
0.151768424776 0.844839453493 0.923986072942 0.243559279281 0.91459354108 0.92842741093 0.841877216768 38.403834894 
0.75485906271 0.0635785699019 0.714671163723 0.558338515839 0.472922709139 0.162025260802 0.836267556284 38.1577716232 
0.334512790298 0.91413613844 0.817483140075 0.567163857349 0.666575389265 0.428239438018 0.570278901349 42.34383982 
0.970514225156 0.277895885511 0.803545793311 0.348324723703 0.624202663195 0.507421359352 0.938615468982 46.3713413488 
0.00046996364386 0.845189547972 0.667964286396 0.921415114473 0.265151947749 0.562654481655 0.599128130709 39.4222454827 
0.927190281905 0.876262405533 0.486425289414 0.128879807578 0.538730574818 0.798058337167 0.38609304017 42.2928703887 
0.744692456804 0.799019778404 0.201046176368 0.00243323920629 0.827104157363 0.478411718417 0.301742686669 32.6319065051 
0.409159816392 0.93585815596 0.465426839372 0.200497619577 0.0760029112695 0.545624788263 0.880346082548 42.9684789552 
0.325413066279 0.872300867619 0.822454755484 0.0610701566541 0.197019610635 0.747594488123 0.498148859361 42.5346515332 
0.199202813005 0.623252063844 0.690381823842 0.467367179705 0.630010759667 0.622714678427 0.0180787716955 37.2097934893 
0.452156830916 0.706259569313 0.138808955599 0.0895179649346 0.755921637179 0.65738616588 0.942789783863 37.8221526007 
0.92328890871 0.410888625348 0.955043435762 0.519503838759 0.530015151379 0.807479565005 0.208225533639 41.1389263168 
0.615629391966 0.333018457513 0.995972247559 0.513322688242 0.327869575005 0.807441023246 0.99415872669 44.0128300234 
0.947207322449 0.234934506651 0.74468235056 0.487512997537 0.847711950789 0.324562070902 0.561916735111 40.4637116297 
0.151410417657 0.465119924562 0.887917906487 0.338895399573 0.393408585233 0.603128007028 0.526275756581 41.6069910289 
0.560818155071 0.270981161094 0.445970183047 0.473386303423 0.70990255187 0.412218247294 0.00771721015576 45.0414199942 
0.188374211114 0.617064846135 0.310620249932 0.246592545245 0.860261712293 0.706045855434 0.455864771114 40.9021666635 
0.0696308399105 0.0659146461454 0.816142343657 0.775200018057 0.577881380263 0.322536790388 0.758319816521 40.3145076387 
0.512797403754 0.7565910969 0.0281207437141 0.898220907722 0.385339038135 0.424503069534 0.171848217369 39.7781453589 
0.465497029767 0.517377149444 0.386988646662 0.464091857293 0.946790205421 0.684553990579 0.650873778566 42.6719182372 
0.085752904376 0.271701181923 0.622962210652 0.667206851193 0.688657292595 0.719963827497 0.348399840435 42.2735656695 
0.632077856693 0.683983902521 0.341538839226 0.564723394633 0.589017227283 0.692439737094 0.200632816662 45.3581402354 
0.674499048264 0.521970200147 0.962334031378 0.158398969419 0.376796607113 0.772749909536 0.266784624152 40.7918288498 
0.6371720969 0.846636991486 0.576228788865 0.30734028628 0.0818315277868 0.984854436313 0.27837167478 42.2598273679 
0.0985039593554 0.867506230357 0.135203356125 0.728821400279 0.766421328856 0.230201313716 0.621724859642 38.5596045023 
0.136388050702 0.68884024601 0.882842846345 0.191239018128 0.641737873865 0.108976508007 0.8398943667 41.4032724838 
0.706939471545 0.420551891523 0.793596184306 0.997640975438 0.564379343014 0.157827532716 0.949002138728 42.4479866249 
0.194735433657 0.504475291127 0.361398997742 0.795804619679 0.250296326994 0.0379744771536 0.377738798263 36.802668476 
0.978290266156 0.468998325235 0.903951604991 0.670990241521 0.226016966094 0.214732694417 0.866694148498 37.5007446772 
0.952073563433 0.487951676863 0.174795679668 0.825550591747 0.313241696158 0.603359699668 0.165395777285 41.2836105422 
0.653115968236 0.593865198925 0.710213605926 0.851305267084 0.215809704096 0.579554176017 0.0742335265572 39.4397002458 
0.26007070863 0.583445256142 0.434267172148 0.638627198582 0.510011045749 0.757035523528 0.834990414372 47.6231284361 
0.900556337129 0.45768877919 0.0400540750376 0.0695159747576 0.723489842153 0.69685509287 0.328079266547 41.5065972768 
0.0174441878942 0.968808659188 0.444286233369 0.834096219124 0.85075996808 0.901384234963 0.00174071944546 36.3728321587 
0.450233551735 0.665334769427 0.141266045198 0.136971108282 0.898571245245 0.483541921085 0.8392692614 40.5211543555 
0.641162754002 0.76733732754 0.279008069318 0.880776849474 0.552876229729 0.704822516407 0.472214691823 39.7066206324 
0.349397097274 0.486982069744 0.534173874918 0.743517311362 0.839175403629 0.298917711584 0.618106116754 39.7162465442 
0.467081462054 0.730639184896 0.962482547647 0.127485297553 0.0309096977929 0.599409379885 0.187345450289 39.8023555256 
0.194735433657 0.504475291127 0.989607095135 0.492730401172 0.0624747230422 0.996190914977 0.467809927748 40.0970634494 
0.632077856693 0.683983902521 0.341538839226 0.564723394633 0.589017227283 0.692439737094 0.200632816662 45.3581402354 
0.476422621584 0.56146953741 0.990688575036 0.0248143237875 0.309470972683 0.648094500041 0.248234865802 40.0253074937 
0.374079184499 0.116697148792 0.248521868674 0.169027700412 0.84183077813 0.856977250545 0.201964063595 40.7893614111 
0.0174441878942 0.968808659188 0.444286233369 0.834096219124 0.85075996808 0.901384234963 0.00174071944546 36.3728321587 
0.501875920088 0.96718069333 0.8560888423 0.479737416142 0.968615057652 0.463934511358 0.65775528355 44.6744004421 
0.570353443739 0.853437061335 0.625184878787 0.836398044151 0.300466831532 0.0964463068802 0.329799024224 40.3011004562 
0.383935156035 0.90178283447 0.118762699784 0.773506995857 0.186993084599 0.583420826964 0.783724387472 42.3460788771 
0.234518499179 0.152449069796 0.989607095135 0.169027700412 0.84183077813 0.856977250545 0.201964063595 42.1522483205 
0.267299777932 0.9093000214 0.920326641415 0.20577968552 0.990667683399 0.660548106389 0.786607827978 46.4289890405 
0.75485906271 0.0635785699019 0.714671163723 0.558338515839 0.472922709139 0.162025260802 0.836267556284 38.1577716232 
0.922183900385 0.254345405622 0.947206808843 0.919536603522 0.216829241055 0.28769644311 0.0808306805568 38.0210331348 
0.739770421718 0.594795771919 0.869537793932 0.412529296774 0.37040224841 0.751741998466 0.53005959043 41.6882857519 
0.487577353901 0.682711677997 0.410081840747 0.757209771249 0.672389614194 0.250266739887 0.795061866081 41.8045379686 
0.501875920088 0.669403861675 0.65002593347 0.703456132911 0.893894225413 0.35505241861 0.903353260882 44.7094189365 
0.614151099722 0.552846439224 0.479837813687 0.14683853767 0.00487340686659 0.447879939202 0.965921429983 37.5808604409 
0.699546282609 0.433765513955 0.602993147544 0.316515657614 0.550590431506 0.948857785831 0.0132057043844 44.7993193107 
0.967214266967 0.260357774123 0.931999033686 0.918017949623 0.539147770097 0.614583988361 0.611183648303 45.8903437035 
0.831771118097 0.942125661732 0.772449071679 0.228553579743 0.530281669475 0.224516789758 0.181239924572 40.6301662563 
0.842855694755 0.329220682024 0.894368244079 0.937574055907 0.751252635625 0.790319401041 0.455934933067 40.3908836973 
0.864990949971 0.414959677524 0.80276114714 0.625197407233 0.197632188415 0.481579712345 0.332601077869 41.3211535118 
0.501875920088 0.96718069333 0.8560888423 0.243559279281 0.91459354108 0.92842741093 0.841877216768 40.4234937796 
0.103224679333 0.676306023373 0.791449126786 0.26446072107 0.00228286156323 0.844612434998 0.83490127815 39.2720153476 
0.968722879012 0.140698034019 0.554737833843 0.937574055907 0.751252635625 0.790319401041 0.455934933067 41.0121847549 
0.0601572697114 0.452628830872 0.0208769770332 0.867479300307 0.675690335048 0.157827532716 0.949002138728 38.5342016542 
0.557893357577 0.599842029824 0.976250947745 0.675150948312 0.458311830074 0.0220317196585 0.933142861899 40.5725585749 
0.653115968236 0.593865198925 0.352873360584 0.911008767052 0.436413233953 0.316873373062 0.789000974885 40.1374905129 
0.234518499179 0.152449069796 0.989607095135 0.492730401172 0.0624747230422 0.996190914977 0.467809927748 39.5475090187 
0.559591190149 0.496164439768 0.903265767666 0.865498703689 0.714947643938 0.666223096343 0.00875771219837 43.959006407 
0.38482557415 0.407030300674 0.804699562852 0.996239794712 0.128989193278 0.0213793012023 0.814085146884 35.577768772 
0.039083982278 0.806188517551 0.588194905021 0.000967794360445 0.268524149242 0.891050980699 0.915662986504 34.8947393832 
0.523215103504 0.593865198925 0.352873360584 0.911008767052 0.436413233953 0.316873373062 0.789000974885 40.2273051195 
0.325531975364 0.458893814224 0.288515968699 0.862278088883 0.755921637179 0.65738616588 0.942789783863 40.6830671237 
0.642642683891 0.850558856952 0.669957800201 0.398344654544 0.317365323206 0.141706607981 0.881374635187 37.6209634393 
0.968722879012 0.17637844624 0.503888109097 0.740442321047 0.606062665447 0.248861181951 0.465134575951 42.5638258337 
0.644097118372 0.832848507383 0.583637134805 0.126490609455 0.0952255856844 0.987223346991 0.538106227842 44.7401153028 
0.627334467109 0.510114029651 0.216270297988 0.481129017956 0.450130260025 0.431847481542 0.353008562424 42.8815148088 
0.600717570566 0.374997407853 0.67332989829 0.7700851924 0.701108941739 0.416236486356 0.379760275119 41.3348732063 
0.455084720252 0.900968082924 0.962774283372 0.215996996328 0.516083974511 0.77807882721 0.474471023992 44.6283928613 
0.922183900385 0.254345405622 0.836741710959 0.814310094796 0.209072959084 0.831919840455 0.884374189227 42.1228715849 
0.512797403754 0.7565910969 0.714671163723 0.558338515839 0.472922709139 0.162025260802 0.836267556284 39.865644835 
0.103224679333 0.676306023373 0.791449126786 0.26446072107 0.00228286156323 0.844612434998 0.83490127815 39.2720153476 
