0.742999575755 0.934273097501 0.713454378162 0.682422054271 0.145230056927 0.266493487012 0.297643334853 38.6531665867 
0.708873443087 0.621599772956 0.633539734906 0.779920834267 0.152635151033 0.781636485138 0.827059672331 46.7441104822 
0.442795688766 0.309326220875 0.21112423317 0.0315147307477 0.999601049836 0.663381206334 0.523027729011 39.6920359394 
0.62910675456 0.114112571577 0.791757147624 0.837947356553 0.217026570875 0.993551374873 0.826536724925 38.0538262299 
0.680971904088 0.834776669258 0.033220713984 0.161755896456 0.114597611198 0.955319684282 0.840573058512 35.7312133112 
0.506491900974 0.167539993854 0.362809929862 0.959822437917 0.903352069721 0.399362142159 0.482360096653 43.3379548881 
0.294591444767 0.800994552938 0.413490016839 0.538484356305 0.881570878206 0.426273763874 0.587794253105 40.5733626091 
0.882256900842 0.00356100686048 0.0310650161626 0.301688494712 0.660816851807 0.703242396763 0.0965847669891 39.3254956642 
0.979127592284 0.56049907436 0.200265693884 0.686101188404 0.374563539342 0.714739699782 0.384972722431 43.0657069497 
0.762248857545 0.931977512798 0.558005901869 0.529320375393 0.0627497985566 0.657874295139 0.230116281817 39.8079124 
0.584666238539 0.772914280919 0.92234057644 0.416269427819 0.88953379394 0.0256727033998 0.6913297279 37.9821574295 
0.633438851392 0.27363987486 0.418145049191 0.755195098687 0.262038729903 0.747396878403 0.441432607882 41.7164852775 
0.0588850559709 0.792114855989 0.663182161731 0.0580558867067 0.245229512488 0.118850586463 0.775715022907 39.3218614693 
0.783149776193 0.474856441181 0.589388917449 0.704894588613 0.604540083812 0.752215750828 0.579250534275 49.9062449095 
0.381429569089 0.0960341487188 0.218888715999 0.414146504268 0.386698876197 0.960896382382 0.512636709194 40.5981823188 
0.0161788199205 0.757822828783 0.259287005522 0.270270335776 0.960408309878 0.444436582611 0.216108701916 35.6608842539 
0.692901714822 0.670569537013 0.475214902648 0.168574117738 0.125809342081 0.482221972579 0.964992496189 41.0220949942 
0.949758512627 0.355366926707 0.189201566871 0.113231277775 0.951116405261 0.30496172767 0.844947683388 39.9703501601 
0.349962534118 0.137142530542 0.880209551216 0.624358938563 0.466523425527 0.00566377445213 0.387912209652 44.1555527842 
0.80192034622 0.762288320112 0.80687568883 0.474276504792 0.998505094897 0.130279733662 0.552126092511 44.9858100039 
0.20169042614 0.778453606023 0.971369393556 0.942294338398 0.620352819663 0.277489993493 0.791559765831 38.5032899633 
0.144574883606 0.927133691266 0.409647434914 0.903821471631 0.173293298066 0.0908852616483 0.592491355231 37.1256930707 
0.897999210708 0.197592013597 0.377676242068 0.51693131809 0.996574700504 0.575359508123 0.493553525666 43.5614364695 
0.096217352797 0.658853292746 0.805363655978 0.797021546191 0.609366501696 0.619086012052 0.613561384432 38.3865574019 
0.613819688964 0.960836317368 0.468847308263 0.359481051975 0.667143750683 0.537045903853 0.944345110076 48.2076903715 
0.732412963978 0.419328496017 0.964367351067 0.216708263271 0.837464454569 0.184992736086 0.0527863563216 39.6781656458 
0.270140578302 0.984259011216 0.691834563804 0.799296404274 0.189730924689 0.163398719449 0.418837832344 39.4635508538 
0.0924824281559 0.803004282914 0.965668749089 0.603137734934 0.650863693677 0.741828720164 0.738649671692 41.702684254 
0.89686227706 0.643183105117 0.336535845253 0.788574129158 0.218102293573 0.0878983307034 0.401280495498 42.1572278005 
0.832141966899 0.517646441262 0.736955656532 0.610086506837 0.933472314359 0.752748010632 0.188519452596 41.9977797629 
0.928934827483 0.677987445535 0.860335815654 0.201853127286 0.17610238159 0.593597410131 0.246605387247 39.3113044093 
0.991002640963 0.613502320839 0.555807646218 0.0975083811237 0.716237328548 0.681180646055 0.83345606186 39.4747950182 
0.694024603808 0.850388678776 0.00713776422058 0.792611722799 0.557960072207 0.508135568745 0.0323258965737 41.9476719575 
0.0773220398024 0.548642952959 0.808979801997 0.491239168581 0.452883230522 0.827208058438 0.395525415485 35.0553383535 
0.215868060954 0.135707090967 0.8902848814 0.171996323533 0.129285703551 0.734882645808 0.30414484557 40.5256201513 
0.376816543648 0.567269696823 0.499030896666 0.402320938477 0.0691157043805 0.554585784391 0.893458087048 41.1352425699 
0.559358330585 0.135822249233 0.818860951223 0.539881776672 0.218668154392 0.603897979093 0.827513338934 39.8146414598 
0.406509850974 0.426386541051 0.338670277419 0.892861072699 0.998832180466 0.856896784261 0.830643250536 41.3282382696 
0.00233279600857 0.367209546915 0.625363124798 0.247554853221 0.798246062418 0.693897395574 0.8808502069 38.7865629421 
0.0650594366301 0.0640726580144 0.699409967772 0.682185103729 0.490736112499 0.564347766126 0.695408230957 42.4884922013 
0.356792106386 0.230637986463 0.92123502567 0.630048882004 0.371640024152 0.223975282884 0.654591388114 40.9610679755 
0.501244135238 0.380172249689 0.189820502315 0.984823938957 0.545718587527 0.428120284388 0.647926507565 41.8033550606 
0.475909414413 0.659653702747 0.787565869237 0.548711733023 0.75615167787 0.676127809949 0.0622529528909 43.6406404952 
0.733332877023 0.506389453336 0.993059391716 0.265111339718 0.373900390672 0.513692888687 0.43725128197 43.1061079436 
0.89724196214 0.397731888484 0.639781303948 0.953345153027 0.689855909048 0.46800799813 0.636416677268 44.3028125227 
0.180223336527 0.798937165264 0.579541473555 0.812624966067 0.836141719116 0.920684384756 0.312125279318 41.2337801213 
0.308272618939 0.137527579197 0.736754086974 0.861074197656 0.778654229264 0.178815586803 0.913470446929 37.2990790536 
0.162140873087 0.606783560365 0.802478425244 0.230828978169 0.00675319240113 0.669280731935 0.893139806161 40.3594524072 
0.933639348307 0.865274085193 0.118937336604 0.74978397921 0.0228461256478 0.0395304490426 0.894735706396 44.0042723293 
0.207025153884 0.996143038532 0.319406183858 0.0068347740614 0.666764184207 0.791907098275 0.966648193922 40.4738393123 
0.945987883637 0.963455598617 0.0196313425365 0.673304939134 0.243401540523 0.874084725372 0.6916345491 40.1104747208 
0.756626358718 0.00708951200661 0.361235701911 0.323331306512 0.00573556242933 0.896135610895 0.0860675492399 38.4820483024 
0.717129241388 0.601012638604 0.272202914763 0.469335075895 0.977901302596 0.168633389511 0.143170986129 38.5856119383 
0.948288180161 0.133019784714 0.710987925947 0.307379680645 0.262054014223 0.636053045534 0.443535180009 36.6540306432 
0.271179958215 0.271803036821 0.8736197691 0.566487530454 0.586899105548 0.268858288555 0.576072706753 38.766553532 
0.484434953004 0.557435855162 0.760777619028 0.722664564474 0.878896602138 0.437703460847 0.0405561135247 37.3103958045 
0.941106757365 0.654979042704 0.754467205333 0.605733840801 0.353232634144 0.876292989205 0.478305233874 42.4062368488 
0.87610526782 0.2673451461 0.563008239582 0.599837494083 0.906460872462 0.446017475286 0.645494695095 43.48044299 
0.693717179574 0.664577506563 0.525681916965 0.0860894336682 0.113333017309 0.548882702161 0.288326626886 40.471043778 
0.43176008408 0.564346854807 0.689312855999 0.353492555588 0.195705782492 0.0852325479745 0.730366441785 37.0259744803 
0.698829332894 0.783618630901 0.704131647246 0.0570483541544 0.35497065596 0.67344818037 0.00436011634383 38.6030085686 
0.991917235636 0.89348820125 0.0618068375549 0.998124250767 0.352164726992 0.234577999325 0.442561134889 41.8251851023 
0.249595050997 0.52441334349 0.626351422621 0.261007163328 0.411060052691 0.532234995792 0.785718757465 46.392650541 
0.512181206099 0.695741886007 0.604006062598 0.767460283639 0.241261264087 0.879140432944 0.0688244230914 40.028105071 
0.121073202606 0.537107281965 0.353561626896 0.903791218387 0.840640390879 0.711257820893 0.602466047057 38.9149220549 
0.462996933818 0.949929121129 0.0921352648159 0.32326584559 0.345155314431 0.91977946881 0.665127336317 40.6117952289 
0.0148346166301 0.77820876089 0.594306341625 0.721572637602 0.795198226687 0.426278957964 0.347557605465 44.6909105838 
0.946038941106 0.183084875009 0.472597189572 0.391110928918 0.233681003473 0.331216853106 0.754514833021 36.9400172546 
0.3411319137 0.719205696069 0.772002914649 0.422832720606 0.675098361471 0.0932793678894 0.663264914932 38.137486296 
0.534791402978 0.681244131552 0.980810197301 0.109515386702 0.717413702585 0.364910323109 0.738517598354 40.4004814428 
0.589957760845 0.0278774521352 0.983939912046 0.00803935602426 0.497853768989 0.572555121159 0.619082546657 43.3621589766 
0.19625159778 0.304138082692 0.729418752491 0.659928993295 0.974731615627 0.861030805961 0.874816489262 38.4729267411 
0.0210905976719 0.948576052111 0.786253435561 0.696775773126 0.517975507345 0.737189963129 0.637994074644 44.6723088912 
0.928934827483 0.677987445535 0.860335815654 0.201853127286 0.195705782492 0.0852325479745 0.730366441785 36.2621604666 
0.666296843801 0.140603214389 0.839418995744 0.401090411194 0.187773603467 0.98248530443 0.750676456391 38.9277561369 
0.096217352797 0.658853292746 0.805363655978 0.797021546191 0.609366501696 0.619086012052 0.613561384432 38.3865574019 
0.692901714822 0.670569537013 0.475214902648 0.168574117738 0.241261264087 0.879140432944 0.0688244230914 38.6074674357 
0.991002640963 0.613502320839 0.555807646218 0.0975083811237 0.716237328548 0.681180646055 0.83345606186 39.4747950182 
0.370563221482 0.949717050499 0.805748077602 0.997714308703 0.791266313391 0.944742608867 0.555368580307 46.9293349434 
0.294591444767 0.800994552938 0.413490016839 0.538484356305 0.881570878206 0.426273763874 0.587794253105 40.5733626091 
0.783149776193 0.474856441181 0.589388917449 0.704894588613 0.604540083812 0.752215750828 0.579250534275 49.9062449095 
0.455824961886 0.868609625954 0.753523062363 0.675376333791 0.481184700343 0.767706051699 0.653367868142 40.9534936819 
0.743093385716 0.171938226092 0.48682452588 0.656928307732 0.608759944741 0.406295246444 0.865835932975 47.9424845713 
0.963589033798 0.0335410046506 0.461659749371 0.174183783816 0.748893657434 0.65514056386 0.599003186185 38.6158612079 
0.948288180161 0.786493465662 0.50513071361 0.830965513308 0.951334161198 0.597777736319 0.321289814068 41.3152478385 
0.454288246976 0.281575569288 0.285422058641 0.114375391808 0.731767985209 0.779687476133 0.0407184678156 36.2841592754 
0.207025153884 0.996143038532 0.319406183858 0.0068347740614 0.666764184207 0.791907098275 0.966648193922 40.4738393123 
0.512181206099 0.695741886007 0.604006062598 0.0580558867067 0.245229512488 0.118850586463 0.775715022907 41.4952109333 
0.0148346166301 0.77820876089 0.594306341625 0.721572637602 0.795198226687 0.163398719449 0.418837832344 39.3816502249 
0.298315538456 0.667617931488 0.340353526944 0.716606230784 0.510149369048 0.817292063919 0.865005141406 43.3005183305 
0.559358330585 0.135822249233 0.818860951223 0.539881776672 0.218668154392 0.603897979093 0.827513338934 39.8146414598 
0.349962534118 0.137142530542 0.880209551216 0.624358938563 0.466523425527 0.0256727033998 0.6913297279 36.1971118393 
0.541594164853 0.644044670823 0.8547873525 0.40133101354 0.450671262738 0.0168750430494 0.620858268145 38.1659520769 
0.928934827483 0.677987445535 0.860335815654 0.461179162523 0.164616300792 0.408665673991 0.852790920681 44.1262233033 
0.277457696705 0.995127994811 0.409056110239 0.308188794166 0.718448782731 0.975367491245 0.278211253106 42.9051209701 
0.692901714822 0.670569537013 0.475214902648 0.168574117738 0.125809342081 0.482221972579 0.964992496189 41.0220949942 
0.933639348307 0.865274085193 0.118937336604 0.74978397921 0.0228461256478 0.0395304490426 0.894735706396 44.0042723293 
0.566500624935 0.919282612828 0.0237054037675 0.20889418883 0.086386528941 0.872168119675 0.446799570223 44.9601981762 
0.368524991036 0.883180766807 0.564790999292 0.126993775794 0.225942007509 0.827627855576 0.611815218838 37.5926040359 
0.948288180161 0.133019784714 0.413490016839 0.538484356305 0.881570878206 0.426273763874 0.587794253105 40.8350322081 
