0.650497753875 0.668873764623 0.451435532723 0.133333199317 0.904631081279 0.854847070145 0.669977218375 42.3877936514 
0.576021045309 0.422394818745 0.749604698372 0.342768341664 0.187854417561 0.931369756581 0.429356820517 41.4174774145 
0.62438429947 0.986556892974 0.736430683136 0.573401950254 0.92206785313 0.528758245894 0.980783158031 46.4139711988 
0.632759956771 0.0352262552179 0.31859019514 0.0753967954234 0.565323525355 0.945799012881 0.662038660436 40.8489824659 
0.447578414478 0.602137914702 0.37212604469 0.971001844048 0.895827456685 0.807772425946 0.885080995139 39.3410816286 
0.340915876219 0.473546024296 0.816619896307 0.361933077744 0.222054972123 0.775713895969 0.632456646461 42.1586686118 
0.938955139488 0.888382681364 0.260536782601 0.0047309880988 0.505355064721 0.472463919468 0.070308002006 39.3341638778 
0.652725041101 0.920652205751 0.902068646631 0.13865042929 0.918039555937 0.357160524307 0.782126573705 42.4785550199 
0.812518457428 0.714317553298 0.734741376497 0.900698759474 0.28370899651 0.257554413162 0.0364520327251 38.9197559818 
0.742645944471 0.873801780387 0.0758740563367 0.888085257836 0.967055933186 0.653594050261 0.788277563466 44.5638740461 
0.186629106558 0.993846395465 0.675199020282 0.39168634619 0.821504997401 0.259567729704 0.791324873544 41.2147285689 
0.576854688719 0.851543115322 0.68102229803 0.915294858384 0.950094118013 0.138828919154 0.025837417776 37.1269923255 
0.300209654694 0.713349073941 0.058766762872 0.860244454341 0.10853242633 0.60584574211 0.977260594859 41.42976034 
0.892670178588 0.228319014472 0.110050740832 0.928661276844 0.351884716811 0.485582199869 0.421321532637 41.1614084366 
0.844719448022 0.968253055979 0.968157986274 0.387563380793 0.0887863261169 0.100675847297 0.361866620716 43.5734413372 
0.457428104942 0.0885015731924 0.893874360619 0.359377987486 0.000676046075674 0.514804820825 0.636074457747 42.8465916032 
0.948030121577 0.085971223759 0.452731625777 0.0498242455656 0.790994827662 0.196172997841 0.171572126813 41.3821234268 
0.226038128703 0.835484012901 0.902548259617 0.0606664398345 0.903781204583 0.397247235993 0.40147537234 37.2585207259 
0.401556567314 0.782240874106 0.761106077095 0.0540883422647 0.618915315937 0.456750799059 0.0958297043161 43.806810938 
0.921219459399 0.75249145896 0.62705986388 0.0128621813338 0.91859668202 0.704267047649 0.881095474877 39.8407580005 
0.274416009478 0.46315613367 0.58077849281 0.897217352034 0.473029611108 0.843746946615 0.209880146949 39.3355977168 
0.565102097306 0.741193781746 0.939799124901 0.781985944407 0.991470835691 0.763740916898 0.896476028272 41.1205472377 
0.0643718373042 0.875419391433 0.899012425495 0.482492361356 0.352473745073 0.343568598924 0.59023373561 41.2047181412 
0.653434438234 0.421866657219 0.593303483898 0.109780748115 0.341921904085 0.816283504567 0.706823407423 39.9884536981 
0.191308883619 0.806537451856 0.283575415544 0.909209023207 0.101855667326 0.762514190372 0.66111826283 42.3433390899 
0.471748156749 0.667894389622 0.927022628685 0.279531457937 0.768127729782 0.508163262937 0.880141480592 45.4171024096 
0.995439449059 0.207211786598 0.9219403745 0.326701206814 0.0098241545336 0.105828420127 0.590171497166 39.7656697407 
0.953331489265 0.0813441891204 0.103248479355 0.253748235605 0.899657122814 0.188215420017 0.896615067945 40.5795657919 
0.815265457058 0.526130781035 0.327946264954 0.207526111589 0.812689142274 0.131154295637 0.378509918545 40.4047975984 
0.58055919964 0.531512167091 0.589117267752 0.813096594544 0.955126198031 0.395013761328 0.632042418512 43.0677331911 
0.399536446892 0.445929081044 0.13530125766 0.971864777709 0.125411273746 0.00249476704081 0.495855608968 37.6247501247 
0.379541439108 0.894872595183 0.0236252521261 0.782264995995 0.586041651637 0.590830307192 0.310152974058 35.8572967204 
0.184983918173 0.700620791766 0.540824807016 0.985975776452 0.252218436 0.108034390855 0.401226457245 40.1015154239 
0.960869643262 0.211827885139 0.441197156392 0.211074159371 0.608687186957 0.0245730644725 0.887670840433 40.8064406267 
0.891545127423 0.0866963501778 0.733831836198 0.504008007728 0.985083579575 0.46359690003 0.797059879986 41.699583868 
0.529700417841 0.871582318789 0.962975797592 0.844951664559 0.546652133601 0.577154782199 0.287234870567 46.6530794594 
0.687653181603 0.514872626022 0.831649727291 0.216139220883 0.349581977244 0.267838860498 0.841169300634 39.4586147114 
0.428355709177 0.604005003837 0.165880057456 0.651741496457 0.126433271938 0.867263453033 0.775863676592 42.7315447445 
0.758690864467 0.417106987407 0.652894271625 0.811436755463 0.999495690237 0.856813154101 0.0386027835361 45.2236325986 
0.726679629329 0.182268596426 0.653794826656 0.502234656345 0.569005854298 0.377188445313 0.869263464742 40.6141970308 
0.480145094507 0.88965196067 0.266263291197 0.276311444241 0.723440642301 0.90625053699 0.168546194259 37.2283934802 
0.986660144404 0.272466466598 0.915388717231 0.259383392079 0.125739638189 0.801701983844 0.177994056576 42.2347576018 
0.336917983199 0.309259045554 0.448168979632 0.405602083711 0.179132388582 0.936724807286 0.54514452728 37.6157610498 
0.645299501903 0.704359037316 0.861808254133 0.48255318218 0.917421448153 0.393254984377 0.126298999403 45.9805346203 
0.104421051432 0.0500417969787 0.834639162417 0.858792722474 0.495760623329 0.72046285198 0.810382085179 39.0992715443 
0.491689782222 0.670957972099 0.508876293989 0.329960498504 0.531459403244 0.918383623168 0.0584277920121 43.2062386331 
0.0755741189964 0.937502225639 0.682568376228 0.741171893719 0.630465223483 0.762502842067 0.606759271143 46.5641551097 
0.653434438234 0.421866657219 0.593303483898 0.109780748115 0.546652133601 0.577154782199 0.287234870567 45.0863283103 
0.66418056348 0.228678172851 0.0892302789074 0.638933327853 0.649680352966 0.91233965791 0.693715842883 43.5679104968 
0.447578414478 0.602137914702 0.37212604469 0.971001844048 0.895827456685 0.841823704018 0.0654342804384 40.6921350962 
0.17484435678 0.558712826677 0.980864266442 0.435416662771 0.601442028434 0.792286648006 0.314470972693 37.1357998093 
0.986660144404 0.272466466598 0.915388717231 0.259383392079 0.000676046075674 0.514804820825 0.636074457747 43.7131344302 
0.630149669929 0.608256130036 0.845103709925 0.399789773217 0.534334785095 0.449185213127 0.964192649317 47.9112646084 
0.891545127423 0.0866963501778 0.733831836198 0.888085257836 0.967055933186 0.653594050261 0.788277563466 44.7054556509 
0.408178057003 0.864303946795 0.456493191243 0.852794615361 0.739001395782 0.810159253526 0.537722673015 43.5912049257 
0.471748156749 0.667894389622 0.927022628685 0.279531457937 0.17402244914 0.737329154027 0.897100033505 41.723286736 
0.628151994625 0.932755907624 0.882216255228 0.242574692684 0.147918152856 0.456230072683 0.546875984802 39.5795143246 
0.17484435678 0.558712826677 0.980864266442 0.563457973124 0.892821469449 0.576379726678 0.349716475089 44.2475042801 
0.815265457058 0.526130781035 0.327946264954 0.207526111589 0.812689142274 0.131154295637 0.378509918545 40.4047975984 
0.869823107949 0.00264032016178 0.379498470499 0.941666024093 0.797169255366 0.640282926712 0.641664859155 40.5964802151 
0.995439449059 0.207211786598 0.9219403745 0.435416662771 0.601442028434 0.792286648006 0.314470972693 37.2234196951 
0.841474319966 0.431711289859 0.843162295558 0.401142209236 0.392289102671 0.585872202222 0.767799271974 38.3176442864 
0.469613629415 0.425523153143 0.598988599229 0.234958478553 0.985344783731 0.841823704018 0.0654342804384 41.9725451645 
0.938955139488 0.630064870751 0.484284397752 0.250591885686 0.17402244914 0.737329154027 0.897100033505 41.8951052004 
0.961752237478 0.594231067748 0.913143261834 0.998531396621 0.738811958186 0.268647194782 0.318376649227 42.0643647261 
0.613633660078 0.425557235938 0.704909877445 0.578884290426 0.94618475723 0.884854645519 0.996479899812 47.2706405695 
0.844516422664 0.0484203695181 0.804763017353 0.420753325334 0.134961571564 0.769387428049 0.243527192099 41.2205145166 
0.413971214175 0.436444531087 0.0991004139319 0.373189811836 0.451836445158 0.933385711203 0.262974085766 41.6527075991 
0.865191904492 0.488225381084 0.70871284585 0.936725799554 0.880592859288 0.0509696481491 0.913034365607 44.0870342825 
0.835773498412 0.248752843492 0.785957423582 0.274700655223 0.806576567522 0.754764540405 0.484860890628 37.5456688333 
0.300209654694 0.713349073941 0.058766762872 0.860244454341 0.10853242633 0.60584574211 0.977260594859 41.42976034 
0.620743048803 0.945325785941 0.176242410183 0.808977196891 0.351223236588 0.530017676354 0.569553296836 47.0122744809 
0.98578662939 0.949904164437 0.259343921012 0.195909643515 0.431789060993 0.921368588629 0.939750765156 36.2340056308 
0.777876174033 0.540180352595 0.0903569634111 0.852794615361 0.739001395782 0.810159253526 0.537722673015 43.2808786025 
0.384617058034 0.73367701532 0.68184296117 0.00283399359371 0.987257936594 0.747411745486 0.924744685651 41.9801856565 
0.776789993075 0.45580412501 0.280606668722 0.894393096166 0.775583029444 0.375426660915 0.774797599341 39.6443164667 
0.653434438234 0.421866657219 0.861808254133 0.48255318218 0.917421448153 0.393254984377 0.126298999403 45.7769588623 
0.425040049439 0.967323963686 0.693978842116 0.514451586384 0.330107258335 0.532952032104 0.554037129008 42.9765761888 
0.742645944471 0.873801780387 0.0758740563367 0.888085257836 0.967055933186 0.653594050261 0.788277563466 44.5638740461 
0.491689782222 0.670957972099 0.508876293989 0.329960498504 0.531459403244 0.653594050261 0.788277563466 45.8102262935 
0.283831946299 0.89970778185 0.522002907296 0.565294422621 0.513494012845 0.767343635646 0.98279294002 45.707804246 
0.884482407438 0.477042909972 0.852002365038 0.832900295888 0.492898037384 0.327766828175 0.269480859366 43.6173569758 
0.413333411811 0.181673620752 0.899678425603 0.937274641012 0.706587513382 0.22861310735 0.84868810734 41.8989720844 
0.978511326807 0.342908141031 0.154739027402 0.847933762847 0.20310920346 0.560736793988 0.654814540176 40.0298859356 
0.408178057003 0.864303946795 0.456493191243 0.852794615361 0.0430621912339 0.925487142323 0.272621198225 42.266048532 
0.480145094507 0.315756972375 0.899951471294 0.798984975843 0.789058494188 0.303263025369 0.957153667773 43.3401453432 
0.726679629329 0.182268596426 0.653794826656 0.808977196891 0.351223236588 0.500976904608 0.569553296836 46.3522798994 
0.92906699419 0.975095766649 0.175041570511 0.630664931778 0.801428946238 0.816524431654 0.0929484779459 41.2314068399 
0.888956471647 0.931831985249 0.29002657098 0.570635756027 0.88048928638 0.233071570801 0.669977218375 41.933637587 
0.655711133675 0.558036618207 0.11685258943 0.178802304004 0.3705688551 0.549485910609 0.996479899812 44.1128119555 
0.986660144404 0.272466466598 0.915388717231 0.259383392079 0.000676046075674 0.514804820825 0.636074457747 43.7131344302 
0.395777600432 0.588889821092 0.859630520978 0.563457973124 0.892821469449 0.576379726678 0.349716475089 45.6811712012 
0.696015940465 0.0943705601258 0.794557982689 0.168114766049 0.408645511728 0.459680455553 0.926528719242 41.8837823081 
0.386165489275 0.583559702003 0.706829458425 0.0271134217517 0.661453103439 0.582553851752 0.415676826581 42.5942698586 
0.938955139488 0.888382681364 0.745071737384 0.81733573161 0.297092217946 0.198901317892 0.587607054247 37.9458896819 
0.583333829923 0.899864773394 0.870038456688 0.657043815243 0.651899431934 0.403336108494 0.484587204709 42.2789541308 
0.995193467293 0.575441276724 0.376499465319 0.0147109373307 0.667527078601 0.859172076181 0.263558080668 41.0855044085 
0.632759956771 0.0352262552179 0.31859019514 0.0753967954234 0.565323525355 0.945799012881 0.767799271974 36.4948817266 
0.862905251799 0.400214498876 0.976467395711 0.49814369417 0.60673767155 0.670476371307 0.588525698657 44.7991863826 
0.23271478326 0.146521542643 0.510388090688 0.809620984607 0.34058426886 0.536216601684 0.391977071536 41.229626029 
