0.670730758327 0.659034865926 0.650944149656 0.467143649226 
0.641379352605 0.759105140893 0.823048039181 0.0675193682625 
0.397085164666 0.673011672972 0.786735522001 0.264648149343 
0.396229395715 0.606786216233 0.812445149462 0.121416774506 
0.365047331328 0.652237684469 0.579583417832 0.650541303049 
0.48156233535 0.322294930404 0.954072991128 0.338479882763 
0.447973974729 0.908618604707 0.666533937435 0.352993221784 
0.641759800155 0.759674623423 0.82370269439 0.0459514437192 
0.388123500208 0.624360419064 0.843944680556 0.131782541364 
0.398883106351 0.654970358996 0.554108443688 0.6304453605 
0.472744968431 0.553924024794 0.576032549324 0.730441656944 
0.331416283037 0.671259416463 0.854624090842 0.0627092626741 
0.493339242101 0.474136621201 0.18995531756 0.734582415354 
0.641379352605 0.759105140893 0.823048039181 0.0675193682625 
0.39243608271 0.686448877885 0.800602215958 0.276164944399 
0.479752091259 0.324144638553 0.949508766703 0.335373136531 
0.469842819551 0.334559136739 0.924027939833 0.318062195408 
0.541678441732 0.617465182194 0.615529152142 0.707278617045 
0.39773328193 0.603483280336 0.806549459265 0.119476953226 
0.414799018422 0.419533159718 0.803095742639 0.490854047009 
0.547650040551 0.847327242309 0.677899557377 0.0285496963926 
0.289742069455 0.307200356117 0.90014089788 0.443541213162 
0.513308312153 0.542905822735 0.761872136549 0.522522726244 
0.331733272228 0.682085227636 0.609203561568 0.766245492618 
0.478162188024 0.325781746015 0.945478715944 0.332631426517 
0.455940840898 0.803182529235 0.652765412195 0.290342955682 
0.318221273248 0.688327295968 0.879607179897 0.0666481467135 
0.81517006473 0.599752476003 0.63563989264 0.490193669708 
0.387673121526 0.796462955678 0.72426276749 0.229300329219 
0.308865407822 0.700277968497 0.897208463473 0.0694244404049 
0.8411555567 0.877390823358 0.660889535585 0.0139289331801 
0.395960996402 0.663738250661 0.554823741128 0.649329499051 
0.438203553383 0.349609552204 0.878560466523 0.287336195989 
0.289742069455 0.307200356117 0.90014089788 0.443541213162 
0.491266649992 0.473026479221 0.192421077004 0.726326391301 
0.457132549082 0.784034660969 0.65013771494 0.279174345233 
0.661550220759 0.52973631042 0.575732874327 0.613225602033 
0.410761507392 0.480001230355 0.798313829146 0.432885079156 
0.541897240786 0.505782232437 0.795770804325 0.492576379962 
0.336502796248 0.664602516385 0.844934409571 0.0611821991257 
0.380687927404 0.640204940842 0.872507655001 0.141184021502 
0.331416283037 0.671259416463 0.854624090842 0.0627092626741 
0.4198983732 0.35460968068 0.864195392142 0.27768052675 
0.414176116854 0.406401735685 0.860965951387 0.567910041714 
0.48443665072 0.582656844452 0.858497853177 0.0580716017119 
0.442625030377 0.340995596499 0.89706675069 0.299814296149 
0.512630089281 0.531454599588 0.772984337291 0.645667224695 
0.331546800166 0.671089183882 0.854375905115 0.0626701446952 
0.453876188963 0.833390871434 0.656817644186 0.308107276757 
0.565625485935 0.656149302928 0.655223940995 0.602694394417 
0.378048203279 0.645778389734 0.88258690918 0.144501993808 
0.324935908832 0.679675777036 0.866919478771 0.0646475010114 
0.547650040551 0.847327242309 0.677899557377 0.0285496963926 
0.390844262553 0.618500949262 0.833419381263 0.128318616272 
0.375364435896 0.651420673953 0.892806044112 0.147866200089 
0.512666130756 0.484161395239 0.167281830177 0.810988397029 
0.388833603546 0.684581059847 0.55646226915 0.69468362409 
0.451892183513 0.860080073446 0.66031830319 0.323934320957 
0.456961915165 0.349014290854 0.889297596704 0.294570800489 
0.392601656313 0.673649006271 0.555612962174 0.670817469824 
0.507481775944 0.456931512212 0.760470411233 0.713007463726 
0.547650040551 0.847327242309 0.677899557377 0.0285496963926 
0.308865407822 0.700277968497 0.897208463473 0.0694244404049 
0.396229395715 0.606786216233 0.812445149462 0.121416774506 
0.414752172808 0.418909369769 0.805854339702 0.494517628877 
0.393362394085 0.671419177132 0.555437071372 0.665970187558 
0.396229395715 0.606786216233 0.812445149462 0.121416774506 
0.493274026434 0.59667656226 0.925187581922 0.00754577056215 
0.568908891181 0.661291440206 0.660057952311 0.592199029205 
0.385286052915 0.63043409918 0.854876940247 0.135380677779 
0.539922532725 0.788133249931 0.789360239382 0.129229569968 
0.395231518856 0.678397927398 0.792290362741 0.269260199416 
0.360325079572 0.660787326557 0.581597557654 0.670342022277 
0.547650040551 0.847327242309 0.677899557377 0.0285496963926 
0.329329596038 0.673977089341 0.858589000649 0.0633342271357 
0.308865407822 0.700277968497 0.897208463473 0.0694244404049 
0.489617292568 0.572178300229 0.535788977241 0.938515204597 
0.496820073428 0.850654949059 0.649521051537 0.579802867566 
0.379063709914 0.643637169552 0.878712801824 0.143226660725 
0.414752172808 0.418909369769 0.805854339702 0.494517628877 
0.3142291497 0.693441650078 0.887129809175 0.0677560016241 
0.476912629093 0.327076950958 0.942296744309 0.330467653795 
0.646347104389 0.750344139075 0.755716826533 0.220483458523 
0.482776795397 0.619951368441 0.626659752787 0.694700149327 
0.396859736909 0.605403621548 0.809976230432 0.120604428682 
0.396229395715 0.606786216233 0.812445149462 0.121416774506 
0.325600169347 0.67881620635 0.865661539122 0.0644491745607 
0.444190144671 0.952150322984 0.671980105003 0.379311701064 
0.370060084168 0.662507953313 0.912928799345 0.154491245663 
0.313458632533 0.694425070181 0.888577661575 0.0680629648755 
0.547650040551 0.847327242309 0.677899557377 0.0285496963926 
0.364213825556 0.653754949053 0.579941284507 0.654046072305 
0.521837713654 0.682651735452 0.782394612474 0.375761911555 
0.335572297681 0.66582384147 0.846709725616 0.0614619547671 
0.545090312442 0.582574470086 0.867943230571 0.136774886388 
0.464125285069 0.340827547005 0.908874345583 0.30779648791 
0.565037897621 0.498097651189 0.936237023087 0.0458966436855 
0.414689352579 0.418028421598 0.809748160201 0.499690700982 
0.376490540377 0.649056020949 0.888521427727 0.146455654179 
0.438203553383 0.349609552204 0.878560466523 0.287336195989 
