0.301370577532 0.582039947985 0.709105283845 0.569925426795 
0.409492520396 0.309391880646 0.815466074067 0.55900994145 
0.375014954044 0.522129901415 0.642658168413 0.655315537751 
0.418419913757 0.363871052183 0.822275015996 0.430193280558 
0.644655304233 0.717119991524 0.719980766993 0.104539241619 
0.586551644636 0.645826839793 0.630841068659 0.502657250917 
0.412825201457 0.739568600472 0.801547237219 0.106921437654 
0.44014717695 0.440487427689 0.576744171712 0.724237251219 
0.334184168627 0.361787285461 0.997059253271 0.0854795592808 
0.419415885316 0.700838026616 0.773610321348 0.0972602125198 
0.313652664691 0.572089374302 0.695601507093 0.5398502508 
0.409492520396 0.309391880646 0.815466074067 0.55900994145 
0.415654301578 0.35238851023 0.692901780727 0.660025763117 
0.418419913757 0.363871052183 0.822275015996 0.430193280558 
0.744207471201 0.554916048878 0.781045218118 0.0998260657945 
0.547577775228 0.590106920643 0.557745860703 0.728077067041 
0.646760228493 0.554898858309 0.804178763154 0.329863018167 
0.421163636214 0.362824843947 0.949122140741 0.150151057763 
0.388239818441 0.899991053099 0.647480636286 0.215799552741 
0.28542163593 0.594656725157 0.726524570438 0.608774767708 
0.542495418204 0.564335890263 0.943744115556 0.307897407423 
0.775517280985 0.615506690877 0.639091885342 0.168438890591 
0.297350812916 0.585249716368 0.713506625981 0.57973620189 
0.439843938152 0.699683635266 0.608421071708 0.430031336289 
0.344765485415 0.365517314723 0.970743239615 0.0814289873342 
0.412848453335 0.535893012111 0.521474216674 0.738168461676 
0.412825201457 0.739568600472 0.801547237219 0.106921437654 
0.463654313563 0.436081798924 0.627111617909 0.769405566595 
0.390349981779 0.891174329685 0.646995185439 0.212619364775 
0.312616232959 0.572938086133 0.696744650168 0.542394640767 
0.568441132529 0.518816922667 0.656742222918 0.646169832222 
0.608553235978 0.602597449781 0.653076622658 0.497264816651 
0.41750266881 0.712344497228 0.781907718736 0.100123988765 
0.35160433212 0.368053539267 0.953559776886 0.0787891502914 
0.439843938152 0.699683635266 0.608421071708 0.430031336289 
0.293790768681 0.588074931872 0.717398074333 0.588413498972 
0.346280639624 0.366239863175 0.957885513933 0.204036233522 
0.417703414471 0.711148540673 0.781045218118 0.0998260657945 
0.472162054452 0.617620939612 0.573369401131 0.678296783485 
0.372182461148 0.526416904744 0.648975746631 0.675513523091 
0.401901368591 0.415087668068 0.705644186469 0.808062825414 
0.40713541048 0.886786903393 0.654838101102 0.192903269723 
0.411715011335 0.543282675564 0.523619101357 0.769211787954 
0.389890147999 0.893100960104 0.647101861438 0.21331359358 
0.436432738009 0.743276079949 0.613581272004 0.477101312434 
0.36932011511 0.530713917941 0.655330328327 0.695835666333 
0.546270572762 0.496435014175 0.931223234664 0.114180842937 
0.426586261789 0.351818900067 0.989338981402 0.161894935122 
0.429030932768 0.823200519663 0.622412854332 0.565311649993 
0.37962664571 0.935395348094 0.649365278127 0.228648903417 
0.414869356561 0.727812581335 0.793064965513 0.103982560332 
0.375166129324 0.52190004759 0.642320098343 0.654234864971 
0.588901214839 0.555249522322 0.669549808783 0.534662955241 
0.744592426891 0.568808734169 0.715405994769 0.411607797006 
0.306795012315 0.577673173322 0.703152355387 0.556662355695 
0.329930103427 0.360569448776 0.998424469319 0.219999111889 
0.419014427195 0.420520763477 0.471327454401 0.958933623792 
0.410621444237 0.550228648348 0.525628011528 0.798520267347 
0.384470480591 0.915593047851 0.648323334292 0.221446887385 
0.352765259897 0.368494939294 0.950627170434 0.0783390569319 
0.663690638548 0.545713722949 0.739312220407 0.611946047916 
0.409492520396 0.309391880646 0.815466074067 0.55900994145 
0.499851757336 0.570047802654 0.735697223848 0.501952691884 
0.366098530001 0.84801916979 0.654889470255 0.256551836418 
0.422454555103 0.426117373554 0.611426728194 0.831266049758 
0.375889291624 0.520798975164 0.640701589603 0.64906140455 
0.414745771423 0.728529168563 0.793581936777 0.10416154839 
0.421826658343 0.364045148602 0.560958993983 0.860430883475 
0.294112506318 0.587820254949 0.717046626184 0.587629710993 
0.408204636775 0.765480151459 0.820251368109 0.113416482671 
0.763799768677 0.872888425534 0.650242394692 0.234895942909 
0.408011624045 0.882150888412 0.654486352516 0.191390095341 
0.411138060717 0.749128066327 0.808446347677 0.109314947334 
0.414745771423 0.728529168563 0.793581936777 0.10416154839 
0.406139534372 0.386120941131 0.751933322021 0.419857750568 
0.439864241893 0.699399237423 0.608386309399 0.429727187296 
0.420754170455 0.69263293478 0.767694653914 0.0952217433775 
0.961937641124 0.617870369306 0.633574351658 0.328594277311 
0.435850666948 0.750109836086 0.614363910947 0.484554855042 
0.412825201457 0.739568600472 0.801547237219 0.106921437654 
0.307669243891 0.576965393379 0.702191380406 0.554522017166 
0.548468485636 0.903646214181 0.731684487542 0.123705419789 
0.527834599971 0.556119225495 0.568891848999 0.664955827125 
0.547746277364 0.9011475129 0.729969541911 0.158686750479 
0.4060857586 0.45741560823 0.633438116467 0.793365035742 
0.411627281173 0.746368548983 0.806454631491 0.108623682719 
0.476413917432 0.675685814224 0.920166154173 0.184204894827 
0.399097297766 0.658698804831 0.54313878732 0.71180279053 
0.368980013183 0.531222308809 0.656083560424 0.698244890309 
0.387298474042 0.903904538931 0.647693926621 0.217213759032 
0.441480529868 0.653346987388 0.90613578796 0.230085013825 
0.388224843835 0.900053400285 0.64748404465 0.215822070525 
0.422201390253 0.683594474591 0.7611790653 0.09297994166 
0.476413917432 0.675685814224 0.920166154173 0.184204894827 
0.472162054452 0.617620939612 0.573369401131 0.678296783485 
0.396890054828 0.826136319452 0.864081186307 0.128699874305 
0.672359770124 0.600006644611 0.7718612289 0.0813055275873 
0.329930103427 0.360569448776 0.998424469319 0.219999111889 
0.619849335874 0.580570776985 0.58473945445 0.480494938316 
0.298307926193 0.58448740437 0.712459390288 0.577401526356 
