0.340502989401 0.444878925734 0.446163963293 0.792239224752 
0.362331343309 0.409556531355 0.432429217553 0.894709293398 
0.328389513926 0.81318185402 0.698776808112 0.169546400696 
0.363156539775 0.410578108785 0.424158182834 0.903245315998 
0.506057294677 0.0875609648072 0.28583790019 0.688890415612 
0.360179381777 0.39639939831 0.45153475088 0.770205135899 
0.339103155299 0.777395710874 0.630758248264 0.20993834267 
0.314674985228 0.854097849196 0.711675803598 0.183179814333 
0.345072177539 0.760815960249 0.682188335778 0.152345896676 
0.482789811035 0.604571480043 0.563200241159 0.767408753104 
0.346151848104 0.605814408544 0.553162535831 0.688839879447 
0.491895760926 0.103625052204 0.287010729069 0.656434028431 
0.360179381777 0.39639939831 0.45153475088 0.770205135899 
0.362322101478 0.40954549187 0.432959490792 0.934157014698 
0.339371888365 0.445797390415 0.446523970878 0.811660164357 
0.365873588247 0.416117247407 0.932473279146 0.131410943765 
0.338480020626 0.446514981344 0.44680646797 0.826955638536 
0.599432839368 0.705814159058 0.819435309502 0.0156596172733 
0.338996319615 0.780300900121 0.688374240667 0.158710136303 
0.339103155299 0.777395710874 0.630758248264 0.20993834267 
0.322043686444 0.56190537804 0.691584362719 0.625552354589 
0.345624470142 0.607525020305 0.553719096069 0.693644514677 
0.519485127238 0.072557944371 0.28476911192 0.71961857645 
0.904707165563 0.644112126047 0.726872978233 0.130931759012 
0.365873588247 0.416117247407 0.932473279146 0.131410943765 
0.362358979453 0.409583707454 0.431093048571 0.795412331333 
0.277631985948 0.553067372828 0.723676907364 0.659978105815 
0.343693463404 0.399388574319 0.617692521946 0.690441089423 
0.340502989401 0.444878925734 0.446163963293 0.792239224752 
0.344847732571 0.76154575372 0.682420368518 0.152583440975 
0.49231313124 0.103147622092 0.286975402396 0.657391590842 
0.335127864715 0.395306726395 0.708828147676 0.600930935746 
0.332634001996 0.451099229412 0.448634723481 0.926963971032 
0.494936172934 0.620851408353 0.793648574399 0.382525863233 
0.320629622139 0.836519566724 0.706139161277 0.177303911461 
0.279940027306 0.65916242225 0.656061794471 0.602214196275 
0.333133176441 0.798633650089 0.694179055994 0.164737694853 
0.247997159687 0.599492307723 0.71751154171 0.614689576397 
0.491779800765 0.737969170891 0.912815265782 0.591891277829 
0.445977406487 0.474673289331 0.914918497767 0.155860653751 
0.366817348642 0.418171437156 0.920269039626 0.128278621564 
0.314435827488 0.854798524743 0.711896361932 0.183414581832 
0.503867745273 0.0900273744337 0.286015946161 0.683876244852 
0.366656653576 0.417821301864 0.922349602058 0.128812468103 
0.337984483113 0.446911325708 0.446962948707 0.835448198731 
0.867157396244 0.682866139683 0.632449428178 0.409318912336 
0.362355179339 0.409580413409 0.431258014593 0.807662575271 
0.338480020626 0.446514981344 0.44680646797 0.826955638536 
0.36629849947 0.417041474266 0.926982930397 0.130001542963 
0.33158910798 0.451900411777 0.448958110343 0.944811828261 
0.343188425066 0.399201392491 0.618874288268 0.694658466878 
0.322277183034 0.831607908989 0.70459087588 0.175667005057 
0.340502989401 0.444878925734 0.446163963293 0.792239224752 
0.341528416487 0.772246452885 0.685819415284 0.156073906659 
0.261941711264 0.68453728295 0.672581011753 0.655486620664 
0.504913834112 0.0888482671345 0.285930741254 0.686271990974 
0.340722062412 0.623182070972 0.558807410788 0.737816483284 
0.307500464171 0.864617607501 0.640197741354 0.248171503507 
0.362143822101 0.408044083016 0.980395906786 0.14372884449 
0.311348961745 0.8544274801 0.639138168047 0.243628290392 
0.338940948139 0.446144821148 0.446660613119 0.819052554805 
0.316254417062 0.849460520827 0.71021582101 0.181627085352 
0.344847732571 0.76154575372 0.682420368518 0.152583440975 
0.342859901789 0.399080669411 0.619641685225 0.697397889138 
0.298065793381 0.901933390344 0.726714863309 0.199296602431 
0.338480020626 0.446514981344 0.44680646797 0.826955638536 
0.696450434417 0.635797285385 0.568064730333 0.612839692164 
0.770081467134 0.617535376294 0.696736326651 0.167408712145 
0.309110611031 0.870302825434 0.716774481694 0.188619781941 
0.344847732571 0.76154575372 0.682420368518 0.152583440975 
0.530218401469 0.560917132013 0.830361381558 0.206076823958 
0.362314480651 0.409535471518 0.433436377042 0.969649437759 
0.713076761959 0.930611369938 0.671155773324 0.19767407065 
0.309528725551 0.869091969663 0.716393660941 0.188212567418 
0.384388344649 0.443729765735 0.445914913044 0.77885348923 
0.367185784384 0.418974803202 0.915494717921 0.127053826664 
0.365857472249 0.413953982654 0.430457139868 0.845639339318 
0.338480020626 0.446514981344 0.44680646797 0.826955638536 
0.322277183034 0.831607908989 0.70459087588 0.175667005057 
0.302494408468 0.88932869786 0.7227552722 0.195033075411 
0.362342243926 0.409568195743 0.431861993368 0.852536620127 
0.362347714907 0.409573562267 0.431598106916 0.832926285704 
0.362334018521 0.409559521895 0.43228453784 0.883949994454 
0.340502989401 0.444878925734 0.446163963293 0.792239224752 
0.60910525598 0.614717002027 0.701132111094 0.548430628713 
0.336408683688 0.39685908999 0.63452613807 0.750647981958 
0.340586087064 0.623610666462 0.558946569943 0.739030348407 
0.309682255005 0.868647082464 0.716253735393 0.188062979659 
0.360013040426 0.394835142929 0.453194251718 0.817190848185 
0.278528650671 0.956517270213 0.743843775598 0.217880391294 
0.365873588247 0.416117247407 0.932473279146 0.131410943765 
0.305336381517 0.881186269781 0.720196345088 0.192285044245 
0.439234655506 0.630992631118 0.672265327021 0.647128673997 
0.338859828058 0.446210073819 0.446686304369 0.820443713313 
0.362354654532 0.409579948521 0.431281216442 0.809385754099 
0.366889909113 0.418329588411 0.919329228192 0.128037497989 
0.345624470142 0.607525020305 0.553719096069 0.693644514677 
0.338126201294 0.446798142548 0.446918230565 0.833019819611 
0.341847708288 0.443773657767 0.445733140792 0.769110667948 
0.341650246212 0.443936923342 0.445796611432 0.772509990844 
