0.439116007074 0.398734396403 0.615740603985 0.749886325563 
0.441118296437 0.457266366412 0.722015216448 0.583093022596 
0.288356057503 0.750529386381 0.67993015202 0.604249116783 
0.411985037951 0.462649115243 0.489046225015 0.802346508031 
0.420433579526 0.400068886425 0.31366421269 0.877560601923 
0.721145971777 0.600662315885 0.846173484146 0.516382743586 
0.7983944439 0.59150884531 0.685766246544 0.0945477907973 
0.341070430509 0.685488821052 0.646480903624 0.499260090625 
0.641143584173 0.62176177891 0.595788677 0.648844196766 
0.374652775224 0.817972742577 0.589605198841 0.403995606766 
0.356740107186 0.34460701684 0.68878760314 0.701428129819 
0.301719360056 0.73443167596 0.671582552386 0.577874851965 
0.254052863226 0.842410785494 0.64350644148 0.101874903515 
0.843281775254 0.70642607618 0.69102834972 0.0882893685355 
0.440901552299 0.457233992133 0.731102465552 0.60017780355 
0.721145971777 0.600662315885 0.846173484146 0.516382743586 
0.441193127269 0.457276622796 0.718996302069 0.57741888183 
0.347658590645 0.676998102903 0.642173962761 0.485901418604 
0.332095434422 0.696897748591 0.652291583252 0.517350155052 
0.898186847701 0.745425590711 0.67886852633 0.169205398853 
0.374652775224 0.817972742577 0.589605198841 0.403995606766 
0.782654571424 0.764633154105 0.718580251921 0.115651140312 
0.698282428718 0.683570243542 0.642476349309 0.194588260594 
0.540852223861 0.516901242493 0.584033902312 0.793653043002 
0.724830852912 0.528096417002 0.596398317703 0.644266943933 
0.354886110955 0.341213823099 0.69320836012 0.714006855266 
0.709739915867 0.690871658483 0.630787964319 0.510758676753 
0.43938483251 0.397650923528 0.619073357917 0.762605680363 
0.520779455652 0.471032208351 0.995534556663 0.151843792844 
0.339169403878 0.687919907859 0.647716858322 0.503101664045 
0.321705730039 0.641164510419 0.756811562959 0.487279589171 
0.50443921071 0.706835789896 0.822066724472 0.289571011879 
0.415254503985 0.539282807933 0.576515558474 0.754737786436 
0.420034848455 0.399909258247 0.309925948548 0.909098730249 
0.30094011362 0.735376404152 0.672071298645 0.579416314904 
0.44086818858 0.457228644353 0.732548632582 0.602897383883 
0.364182259627 0.841613659416 0.590242601874 0.42390427104 
0.721145971777 0.600662315885 0.846173484146 0.516382743586 
0.440084421357 0.394972920809 0.627319575649 0.79411612302 
0.321705730039 0.641164510419 0.756811562959 0.487279589171 
0.50443921071 0.706835789896 0.822066724472 0.289571011879 
0.540852223861 0.516901242493 0.584033902312 0.793653043002 
0.441192172173 0.45727649478 0.719034465463 0.57749060569 
0.347234674485 0.677547641426 0.642452254555 0.486763223094 
0.633530666672 0.497262792545 0.872102162252 0.113827311138 
0.441193127269 0.457276622796 0.718996302069 0.57741888183 
0.457762039587 0.62182360998 0.6263378851 0.653178310281 
0.301719360056 0.73443167596 0.671582552386 0.577874851965 
0.42121696762 0.408155259198 0.610860808851 0.731280453117 
0.652504836823 0.6641514844 0.544650637209 0.691845727263 
0.338106784612 0.625257231513 0.735239342576 0.454119676182 
0.417742335399 0.403639074349 0.37035081415 0.888801951664 
0.317566594223 0.715035410243 0.661581709587 0.546415649513 
0.311605059026 0.722375091148 0.665358392031 0.558276582623 
0.309343712327 0.725145160496 0.666786225352 0.562767027433 
0.344889803084 0.884063586298 0.591222585119 0.460202161344 
0.420123878436 0.399945279305 0.310764523909 0.902023422108 
0.717630679198 0.743703634162 0.591874765462 0.502668370178 
0.282876689034 0.757070936712 0.683333798814 0.615029736072 
0.441195305054 0.45727691442 0.718909318144 0.577255405729 
0.441193127269 0.457276622796 0.718996302069 0.57741888183 
0.770055310834 0.669287160666 0.687729223433 0.628972754273 
0.323497084226 0.707677124753 0.657805285424 0.534580722661 
0.435086546526 0.400365862131 0.610501526632 0.729911435828 
0.420360367944 0.400039908312 0.312981232 0.883322083735 
0.709739915867 0.690871658483 0.630787964319 0.510758676753 
0.418815841578 0.400310110227 0.629444974116 0.802246132155 
0.34355028718 0.682305053381 0.644864146502 0.49424025036 
0.782654571424 0.764633154105 0.718580251921 0.115651140312 
0.441712049768 0.457335746066 0.699565234824 0.540919649731 
0.498819207525 0.463129266663 0.485278317024 0.861999502217 
0.420094996232 0.399933617159 0.310492721234 0.904316664202 
0.440799346039 0.457217291868 0.735574370062 0.608587983246 
0.43938483251 0.397650923528 0.619073357917 0.762605680363 
0.464190254016 0.679903028022 0.63283319352 0.593851025466 
0.317996311446 0.714504197491 0.661308746428 0.545559346555 
0.872500298594 0.792524686992 0.592066991912 0.498711932693 
0.441195305054 0.45727691442 0.718909318144 0.577255405729 
0.42121696762 0.408155259198 0.610860808851 0.731280453117 
0.420147494789 0.39995479836 0.310986598958 0.900149766735 
0.34991481922 0.674065487622 0.640689957315 0.48130909504 
0.330802996782 0.698526957896 0.653123485291 0.519945987602 
0.341575515922 0.684841524806 0.646152027154 0.498238473167 
0.440885019335 0.457231354564 0.731817464753 0.601522368623 
0.540852223861 0.516901242493 0.584033902312 0.793653043002 
0.419342746585 0.399622226536 0.303335958887 0.964711568604 
0.333356443483 0.695304957719 0.651478784254 0.514815319844 
0.605570154274 0.751302398034 0.744573959374 0.340847335062 
0.460845054515 0.652799639607 0.773417138855 0.424580782642 
0.443637212841 0.383222623608 0.6636570092 0.93350427378 
0.317996311446 0.714504197491 0.661308746428 0.545559346555 
0.411502449474 0.463111420293 0.489678357635 0.80984421656 
0.483699560127 0.627340997328 0.828151175778 0.346849296861 
0.43938483251 0.397650923528 0.619073357917 0.762605680363 
0.336607555456 0.691183437877 0.649377931078 0.50826999951 
0.645453476891 0.577602445519 0.646217204888 0.727749420129 
0.464190254016 0.679903028022 0.63283319352 0.593851025466 
0.616827999374 0.531165726006 0.888948462306 0.118030935077 
0.44055384179 0.457173181845 0.746845538578 0.62979247244 
0.461492900708 0.635996160998 0.753413733385 0.3993726396 
