0.379928811834 0.41867683802 0.249215558093 0.783782975019 
0.422698533856 0.367740783961 0.83469600432 0.326430340009 
0.237868298796 0.894326914762 0.638786187079 0.191291276083 
0.360854435283 0.723860010334 0.555098576137 0.639534577386 
0.409305811944 0.472071575191 0.843241741283 0.353321622059 
0.314536058134 0.791316555022 0.583081753854 0.460786588704 
0.944933830221 0.676986048389 0.619352892596 0.320677523903 
0.481690646397 0.253266662889 0.774106528926 0.487444769046 
0.663122467996 0.616949199775 0.693515266636 0.522227666841 
0.43074899699 0.758014197985 0.717472246381 0.0863973045531 
0.580072168075 0.656277491297 0.694516432957 0.645963369792 
0.428931705905 0.798789967885 0.737057503746 0.0944541227955 
0.586655178163 0.631953322956 0.697035488839 0.271681893775 
0.437454382027 0.583370866013 0.811273399155 0.487107009804 
0.379928811834 0.41867683802 0.249215558093 0.783782975019 
0.299319788291 0.817907788201 0.584315493454 0.490282105214 
0.715493408749 0.666698584191 0.595303325752 0.479008255749 
0.422698533856 0.367740783961 0.83469600432 0.326430340009 
0.408477580419 0.469936309563 0.864551181596 0.371396128774 
0.423501218537 0.366334753026 0.837443894156 0.32874401081 
0.944933830221 0.676986048389 0.619352892596 0.320677523903 
0.408152550741 0.46910148043 0.872875523879 0.378461893075 
0.299319788291 0.817907788201 0.584315493454 0.490282105214 
0.482728599708 0.251914960567 0.77530129389 0.489519909891 
0.406909261067 0.46592211987 0.904548463201 0.405369114039 
0.406328117097 0.464442696324 0.919273271452 0.417889379177 
0.426770459834 0.839625233845 0.756622159761 0.102574237182 
0.406202327366 0.464217971431 0.789151944443 0.530480120133 
0.282444584239 0.768684782939 0.719493133094 0.176023249383 
0.470453337572 0.597551678813 0.57834173317 0.704755361325 
0.319256137844 0.387185911512 0.805370750787 0.547505545431 
0.379928811834 0.41867683802 0.249215558093 0.783782975019 
0.497146509915 0.482673092857 0.772448837611 0.729712026061 
0.267429060074 0.75865469219 0.74435861667 0.332353018077 
0.353792643121 0.409483229077 0.931783062275 0.119191413689 
0.418508434126 0.733655804001 0.670795286014 0.481446740575 
0.430486691982 0.764500041928 0.720591754232 0.0876749747566 
0.745306197815 0.593997956822 0.562649913982 0.775020833991 
0.47861811838 0.490917778033 0.58645549391 0.753242574587 
0.409207809983 0.471818275229 0.845771104987 0.355465961282 
0.474019251838 0.588043918083 0.769990557858 0.567346351053 
0.429109642944 0.795139100938 0.735306253628 0.0937305130359 
0.406328117097 0.464442696324 0.919273271452 0.417889379177 
0.356527626189 0.798062923251 0.69928441335 0.314962164032 
0.586655178163 0.631953322956 0.697035488839 0.271681893775 
0.429459666827 0.356264988869 0.857245338122 0.345454596875 
0.395982684987 0.437578513597 0.996008017391 0.0435019301229 
0.760024850076 0.682560622365 0.823599944962 0.137923611065 
0.360765382548 0.414359865149 0.600985933177 0.758128108457 
0.632121284414 0.749250841077 0.639148514787 0.27344349106 
0.476227605411 0.639316720671 0.858140037287 0.322253118536 
0.408928519534 0.4710973818 0.852967405177 0.361568412185 
0.425406279807 0.36304793645 0.843883807473 0.334171509072 
0.409907826517 0.473631732258 0.827652461533 0.340112160554 
0.232388174425 0.799099415707 0.774107059729 0.370838278386 
0.64988118924 0.554453232575 0.896586422306 0.0979257511975 
0.413021078776 0.663274527255 0.658718120214 0.545452705714 
0.407565510263 0.467597679645 0.887861826763 0.391188944464 
0.46940061226 0.738509916944 0.799915791221 0.311592215717 
0.497828484061 0.639934388229 0.731529882268 0.428747450392 
0.431064430452 0.749814645267 0.713525748709 0.0847842982846 
0.422253969624 0.913107395315 0.791755561906 0.117289198784 
0.299319788291 0.817907788201 0.584315493454 0.490282105214 
0.429303639689 0.791092117247 0.733364523122 0.0929288808145 
0.582462326618 0.543908032983 0.743397783046 0.432251881324 
0.408477580419 0.469936309563 0.864551181596 0.371396128774 
0.497146509915 0.482673092857 0.772448837611 0.729712026061 
0.407095108701 0.466396077214 0.899829504734 0.401358061209 
0.429109642944 0.795139100938 0.735306253628 0.0937305130359 
0.843457596143 0.638121271648 0.602714819244 0.458776132914 
0.422020509215 0.368938819599 0.832357917551 0.324462792618 
0.416025987843 0.46152968491 0.90137258618 0.402669582617 
0.442498977538 0.732148622459 0.68526623497 0.441038598849 
0.408368176454 0.46965512361 0.867355380898 0.373776050097 
0.40880416459 0.470776849379 0.856166074212 0.364281609277 
0.407245383576 0.466779630241 0.896010034394 0.398112083623 
0.408152550741 0.46910148043 0.872875523879 0.378461893075 
0.249112478899 0.779995039296 0.759977366684 0.352533219532 
0.241342715864 0.788911420452 0.766555517221 0.361049929153 
0.40830590607 0.469495163316 0.868950439465 0.375129913868 
0.429276039273 0.791672332915 0.733642940026 0.0930437788438 
0.408669802573 0.470419416825 0.870921199968 0.352937772122 
0.379928811834 0.41867683802 0.249215558093 0.783782975019 
0.429459666827 0.356264988869 0.857245338122 0.345454596875 
0.416025987843 0.46152968491 0.90137258618 0.402669582617 
0.510362600485 0.217445244649 0.806060430006 0.543501001214 
0.408180790506 0.469173948451 0.872153064396 0.37784855727 
0.407173339949 0.466595714497 0.897841562072 0.399668548658 
0.413242715584 0.659453946223 0.65610701072 0.538147628067 
0.377147448118 0.581251948642 0.82383542217 0.372324068379 
0.423501218537 0.366334753026 0.837443894156 0.32874401081 
0.413021078776 0.663274527255 0.658718120214 0.545452705714 
0.407763017053 0.468103076977 0.882826384575 0.386911712765 
0.426164197588 0.361758813442 0.846415815255 0.33630740844 
0.420882594178 0.93361583765 0.801550721664 0.121415442708 
0.303183337878 0.811227272084 0.584014879707 0.4828181346 
0.437435886613 0.343598438419 0.882449727717 0.36681165635 
0.426770459834 0.839625233845 0.756622159761 0.102574237182 
0.431330239024 0.742486548157 0.709995873617 0.0833449287738 
0.430292553603 0.769136577575 0.72282070291 0.0885892791389 
