0.387702569114 0.299767547866 0.8692998155 0.377205310358 
0.359349849188 0.466885973717 0.859065987715 0.496244414207 
0.495654050795 0.721621513325 0.781745603702 0.550458053379 
0.56959953708 0.666517042613 0.895790603342 0.105811347099 
0.366620179144 0.532086796883 0.890578278474 0.263687549737 
0.361419734026 0.541089467444 0.82726066704 0.232652518921 
0.391658408115 0.462171102309 0.616556640098 0.789445629395 
0.380285572196 0.577989934333 0.515536518517 0.869556664251 
0.388452400399 0.387048789071 0.709753986742 0.802814498924 
0.348980488188 0.566966215977 0.59049932508 0.853804601175 
0.360304260431 0.470158185515 0.82830190626 0.461973931495 
0.360066981339 0.469364151034 0.835783504707 0.470303621558 
0.559981666763 0.579901278061 0.515634062249 0.654710622191 
0.382695558567 0.393410298135 0.694292685324 0.758778775719 
0.392756490685 0.462040758569 0.625867239208 0.825702322742 
0.382063210951 0.586578601762 0.747379750947 0.803705495279 
0.388452400399 0.387048789071 0.709753986742 0.802814498924 
0.478369026548 0.553270467479 0.55242081462 0.895048672216 
0.366647601236 0.531904046961 0.888307526456 0.262441501103 
0.506222005346 0.622989931298 0.559732164884 0.768708515575 
0.385659341402 0.390092172871 0.702322868721 0.781631816147 
0.372773764814 0.412167904697 0.605104464483 0.956772106854 
0.394343659941 0.283630483992 0.892477902898 0.398145784162 
0.391658408115 0.462171102309 0.616556640098 0.789445629395 
0.390493035713 0.46232977128 0.606959001863 0.752086511876 
0.37068130007 0.346125114459 0.803015731244 0.317966174302 
0.350336696476 0.560443231858 0.583112557713 0.815422307017 
0.360304260431 0.470158185515 0.82830190626 0.461973931495 
0.397099666532 0.277137507197 0.90182070336 0.406612941421 
0.388452400399 0.387048789071 0.709753986742 0.802814498924 
0.350691332934 0.558721392252 0.581164280595 0.805301777539 
0.7010583536 0.722417772792 0.699001925016 0.387260869664 
0.385840995921 0.389891891358 0.702809983774 0.783019369867 
0.366647601236 0.531904046961 0.888307526456 0.262441501103 
0.349146196638 0.566174097059 0.58960183049 0.849140262897 
0.39100266907 0.384332470372 0.716438378967 0.82189487266 
0.634934617627 0.693444753751 0.722025641421 0.606187225897 
0.36007896439 0.469404563106 0.835403003713 0.469879912204 
0.392228332251 0.462101148316 0.621357881449 0.808140587261 
0.392003272166 0.462128176362 0.619453733175 0.800725812728 
0.351828886588 0.434569293266 0.63491506137 0.924772438168 
0.360587465592 0.471088791622 0.819518432373 0.452198955718 
0.385916003728 0.389809291121 0.703010959399 0.783591892876 
0.396118800701 0.279436161361 0.898512044199 0.403612760506 
0.350691332934 0.558721392252 0.581164280595 0.805301777539 
0.358492353945 0.463772053093 0.888199139747 0.528739524738 
0.375877481736 0.330912978491 0.824723867987 0.337244259808 
0.387874432579 0.387672414727 0.708226210108 0.798456933129 
0.390493035713 0.46232977128 0.606959001863 0.752086511876 
0.420120159342 0.290748523166 0.782947164991 0.354644428548 
0.350330824522 0.560471681686 0.58314475466 0.815589568044 
0.394343659941 0.283630483992 0.892477902898 0.398145784162 
0.388452400399 0.387048789071 0.709753986742 0.802814498924 
0.255472817419 0.8385882459 0.74238827924 0.262402669274 
0.348701765834 0.568295705062 0.592005963165 0.861635214261 
0.366590240176 0.532288489084 0.893085345348 0.265063330712 
0.388452400399 0.387048789071 0.709753986742 0.802814498924 
0.278447787342 0.555639525468 0.596564677514 0.885332490674 
0.388269662033 0.387245630001 0.709271481006 0.801438142125 
0.394652778793 0.380536281031 0.725859824082 0.848827091626 
0.366797270099 0.530938595894 0.876325480861 0.255867339893 
0.391658408115 0.462171102309 0.616556640098 0.789445629395 
0.391352473458 0.462210718634 0.61400793158 0.779523091273 
0.388452400399 0.387048789071 0.709753986742 0.802814498924 
0.357718458799 0.460826366803 0.915657811216 0.559397517087 
0.351377270745 0.432122937672 0.646107567828 0.972433712889 
0.37068130007 0.346125114459 0.803015731244 0.317966174302 
0.391083487037 0.462246747335 0.611783953089 0.770865707177 
0.358733225282 0.464662982594 0.87987603918 0.519452272868 
0.453921073843 0.260787474654 0.783581078479 0.419915444054 
0.395496449903 0.28090152683 0.896403444913 0.40170167381 
0.350336696476 0.560443231858 0.583112557713 0.815422307017 
0.480218915977 0.51596930371 0.567206322997 0.983053490877 
0.358559661119 0.47785184742 0.608559284481 0.822655629268 
0.394687777146 0.380500362097 0.725949402894 0.849083369929 
0.389654065832 0.462457048508 0.600242404876 0.72595245887 
0.350326039107 0.560494865778 0.58317099246 0.815725871944 
0.382844869178 0.312113000524 0.85160690442 0.361290434513 
0.395427515898 0.461798792573 0.649480505179 0.917709484453 
0.358582757703 0.477697050775 0.606635482971 0.814520043039 
0.351868278118 0.434733299041 0.614656234808 0.951912384862 
0.864849122845 0.694622463548 0.689983303739 0.274535787505 
0.315164159896 0.595706523546 0.543392741746 0.797302492348 
0.559981666763 0.579901278061 0.515634062249 0.654710622191 
0.390649243979 0.292513988744 0.879710984217 0.386599314505 
0.358468000791 0.478501188105 0.616644274466 0.856853419601 
0.402073826067 0.829542278361 0.611111095192 0.599630287039 
0.394085530041 0.461907357743 0.637455565162 0.870846501812 
0.411262742571 0.540549416887 0.576217068873 0.880800631925 
0.392319841618 0.462090380552 0.622135109134 0.81116728523 
0.390723981596 0.462296653011 0.608836776273 0.75939447844 
0.384872469211 0.306895749747 0.85907998403 0.368004560801 
0.473127093847 0.69927830229 0.864715453281 0.214441572264 
0.40763529485 0.253174459494 0.936384647251 0.438051504829 
0.497184545142 1.01555455504 0.661455893752 0.29599968729 
0.495654050795 0.721621513325 0.781745603702 0.550458053379 
0.522603107796 0.838865242067 0.735799946569 0.490684002649 
0.382697733497 0.312495495628 0.851059253764 0.360798878965 
0.388452400399 0.387048789071 0.709753986742 0.802814498924 
0.389063416492 0.462553180033 0.595615624916 0.707955421924 
