0.44067281572 0.301854496699 0.78547306719 0.516729167675 
0.472330581047 0.618513563303 0.911603211076 0.21432057057 
0.58240655726 0.162203499177 0.886580380921 0.346342602089 
0.50904694104 0.447167167241 0.507775809513 0.788794486683 
0.263915059489 0.918848007776 0.668667340116 0.296115484732 
0.252119360088 0.803786034013 0.659930162379 0.48345950831 
0.28301718929 0.89525358576 0.665650527968 0.283512590889 
0.787191710416 0.524243170338 0.831633795434 0.487103411642 
0.500600285629 0.4319852493 0.941384287152 0.0500251219092 
0.44067281572 0.301854496699 0.78547306719 0.516729167675 
0.564780379682 0.186725039478 0.864774555442 0.32603762852 
0.65349225046 0.729296830883 0.786785036147 0.455772613366 
0.234465620502 0.954585792493 0.673186532738 0.315478703725 
0.635670028467 0.57723639835 0.564529986925 0.738402628061 
0.222740338218 0.968633429288 0.67494899434 0.323172274089 
0.536534918186 0.256431992734 0.97517048678 0.23552683159 
0.635670028467 0.57723639835 0.564529986925 0.738402628061 
0.274171592778 0.783668867219 0.654678853162 0.459736366917 
0.772851153426 0.697118924714 0.846620983243 0.219859727504 
0.427525602402 0.348069277928 0.922196446063 0.255724887856 
0.310382240461 0.860740151358 0.66117799859 0.265368624135 
0.71025685093 0.541407663954 0.632718498008 0.706003855851 
0.319416512164 0.682386218562 0.588278114837 0.664123498152 
0.257524945124 0.926663478868 0.669660429744 0.300322924047 
0.263915059489 0.918848007776 0.668667340116 0.296115484732 
0.44067281572 0.301854496699 0.78547306719 0.516729167675 
0.588974593257 0.153331569338 0.894498625575 0.353772906622 
0.784375063136 0.707906352625 0.862454472122 0.0532789287816 
0.527416558173 0.762690478575 0.747835721249 0.28356564192 
0.536534918186 0.256431992734 0.97517048678 0.23552683159 
0.44067281572 0.301854496699 0.78547306719 0.516729167675 
0.257524945124 0.926663478868 0.669660429744 0.300322924047 
0.293523919817 0.882111024837 0.663956511252 0.276560789315 
0.222740338218 0.968633429288 0.67494899434 0.323172274089 
0.714720367976 0.713019482589 0.628354987692 0.294572898409 
0.268224577861 0.913556269499 0.6679932574 0.293275753419 
0.751386894799 0.711191265176 0.71528751635 0.21775129409 
0.44067281572 0.301854496699 0.78547306719 0.516729167675 
0.263915059489 0.918848007776 0.668667340116 0.296115484732 
0.475601817043 0.817674269745 0.775394988863 0.316190246388 
0.472049522934 0.620008410853 0.915042558531 0.215851785915 
0.472218521633 0.611691116999 0.895612591096 0.28707672036 
0.234465620502 0.954585792493 0.673186532738 0.315478703725 
0.269970234629 0.911407763375 0.667719171397 0.292124919067 
0.973376664051 0.587933171151 0.798695088679 0.34396572394 
0.536534918186 0.256431992734 0.97517048678 0.23552683159 
0.635815202007 0.577379722848 0.930493302187 0.222730540803 
0.464308333428 0.816409570929 0.825777253557 0.303206253527 
0.920238966551 0.630834008534 0.605685025582 0.573276859758 
0.261468966054 0.795306727851 0.657714263171 0.473410066273 
0.632048256375 0.733953732773 0.643937786862 0.254399836579 
0.442981405555 0.312530080238 0.771670464982 0.494777488791 
0.584063290148 0.159953318776 0.888587215242 0.348223056066 
0.916140188148 0.625302711421 0.619594764053 0.379276005967 
0.492938636812 0.4301403091 0.99068683153 0.0548132617439 
0.22642877997 0.973160837352 0.681553575104 0.23552683159 
0.614735740918 0.78346960528 0.593810405479 0.605350534845 
0.238325222461 0.94994072073 0.672602144738 0.31294452988 
0.547599163481 0.602356788514 0.648025604024 0.54557202281 
0.617192417921 0.787198982408 0.713869264366 0.2863488997 
0.287853487038 0.889219641615 0.664874075325 0.280314626885 
0.237578161429 0.950840661956 0.672715429529 0.313435113415 
0.228370688149 0.961899587662 0.674105028553 0.319478813091 
0.49121350975 0.534600399347 0.731912984679 0.741177882185 
0.541359962889 0.249104463674 0.98750186838 0.241248642857 
0.704349351998 0.488896279515 0.718960273819 0.75718079674 
0.554044182476 0.2022751463 0.851005552567 0.313348208733 
0.492938636812 0.4301403091 0.99068683153 0.0548132617439 
0.470684395437 0.627260049867 0.931736608074 0.223284067573 
0.472218521633 0.611691116999 0.895612591096 0.28707672036 
0.486923626585 0.821057173829 0.656595650367 0.0870954120659 
0.644619323611 0.576354211518 0.668920339709 0.676202793733 
0.252119360088 0.803786034013 0.659930162379 0.48345950831 
0.250812298401 0.804965958886 0.6602388022 0.484863536252 
0.275717217667 0.904313515851 0.666812452553 0.288333821271 
0.557068142013 0.197841169981 0.854927157497 0.316951118308 
0.295152347767 0.814324370494 0.889487819074 0.0570807703255 
0.237998023517 0.950334928802 0.672651771606 0.313159400706 
0.866244463648 0.693023318958 0.597077034333 0.657875009613 
0.582667391791 0.504535056253 0.505281528273 0.905910179513 
0.58315431117 0.161186839854 0.887486970441 0.347191867096 
0.630285452227 0.571920404217 0.913876686538 0.298340367188 
0.234465620502 0.954585792493 0.673186532738 0.315478703725 
0.44067281572 0.301854496699 0.78547306719 0.516729167675 
0.262452179011 0.920640413692 0.668895352579 0.297079023897 
0.228370688149 0.961899587662 0.674105028553 0.319478813091 
0.220709219683 0.971057520505 0.675252427321 0.324504293058 
0.29375787875 0.881816912201 0.663918479931 0.276405802213 
0.293720238365 0.881864234832 0.66392459953 0.276430737832 
0.223589223899 0.967619512446 0.674822019033 0.322615512567 
0.252493336537 0.932792467808 0.670437249604 0.303633350512 
0.497630143342 0.429560916626 0.969140043057 0.0527194820759 
0.248952944045 0.937092385808 0.67098125222 0.305961437701 
0.568286333761 0.181755623487 0.869184270609 0.330124081725 
0.475390581537 0.594767383249 0.856728683658 0.263096676192 
0.280649297229 0.898198514609 0.666028715691 0.285077190803 
0.541359962889 0.249104463674 0.98750186838 0.241248642857 
0.460736255836 0.959129265503 0.668069760717 0.109571263815 
0.201429773583 0.993941250275 0.678107587966 0.337139444874 
0.234465620502 0.954585792493 0.673186532738 0.315478703725 
