0.549278966456 0.61739120961 0.776327524399 0.256818245422 
0.41685556941 0.370607568383 0.862865459831 0.0667197409489 
0.43669193927 0.643033631128 0.56744343799 0.716738204494 
0.393210675474 0.596404525702 0.627795879509 0.490445719071 
0.415595157274 0.306619278888 0.773464576963 0.484860241424 
0.498723669402 0.220227602096 0.828177860669 0.205098304504 
0.779511339076 0.694540436416 0.736701304317 0.251154968322 
0.652364530913 0.540115076033 0.724954515465 0.28656744474 
0.418667991949 0.395524692357 0.807410644068 0.396458529323 
0.513554171785 0.700744692823 0.532931540682 0.564018629477 
0.28152614405 0.831193921607 0.622082849686 0.0836372675923 
0.502271141816 0.812936886664 0.727981131323 0.404372744405 
0.488670681174 0.494144420762 0.696976945344 0.715422581049 
0.445396291963 0.333838778024 0.810783126486 0.279085569842 
0.420435094317 0.424583038668 0.652006876726 0.749547645856 
0.704317699299 0.602279475857 0.573897994149 0.712519075493 
0.452858836443 0.474510382042 0.510274611172 0.762440951783 
0.480492979646 0.444728679088 0.803371917892 0.471800709069 
0.416585937842 0.412749289505 0.415946760879 0.877396942695 
0.416575098642 0.412371538071 0.416626674023 0.916958217915 
0.41952941111 0.422401334877 0.666279608375 0.791880924874 
0.41710841186 0.659403049492 0.792234401849 0.268141911707 
0.557795901981 0.644114705162 0.682661902245 0.447443398007 
0.418719122339 0.420452215488 0.679015481321 0.829700263814 
0.371817044011 0.504914572275 0.592328222989 0.737519739079 
0.502271141816 0.812936886664 0.727981131323 0.404372744405 
0.53873301175 0.620403198204 0.511501001205 0.609005328336 
0.493531811385 0.227846186401 0.820819504536 0.200898684645 
0.393210675474 0.596404525702 0.627795879509 0.490445719071 
0.419788788734 0.423025792324 0.662196410658 0.779764350113 
0.420435094317 0.424583038668 0.652006876726 0.749547645856 
0.365783069524 0.342061245108 0.807340054588 0.420806046493 
0.386126185586 0.611456924109 0.64128897677 0.523490203843 
0.457640858003 0.311974724489 0.84833994996 0.306235082341 
0.513554171785 0.700744692823 0.532931540682 0.564018629477 
0.412602538108 0.384335412221 0.838623498553 0.27114324518 
0.416585937842 0.412749289505 0.415946760879 0.877396942695 
0.627466240656 0.776115169545 0.691740499303 0.378991212956 
0.513470328795 0.199333180482 0.848456243204 0.216757631179 
0.593479488231 0.783010563352 0.691038768504 0.0978161435342 
0.419082223329 0.392468364575 0.816786275537 0.405684304999 
0.577245751522 0.795078765126 0.590414988809 0.259001809042 
0.418403337647 0.419693238241 0.683971456736 0.844427176184 
0.455002113513 0.312243634182 0.758442997343 0.490213596145 
0.416859716938 0.37053263102 0.86304748165 0.066746691277 
0.355940472499 0.717709856018 0.602458662851 0.546060472091 
0.531301333192 0.559375236286 0.802028811354 0.228709642545 
0.49458355116 0.22629042848 0.822320595974 0.201753966984 
0.419348377794 0.390619306032 0.822458608197 0.411270836023 
0.278404128692 0.835142923848 0.622534743829 0.0843161414933 
0.333567639787 0.760435751032 0.616127888513 0.610014303263 
0.677636723952 0.555414197574 0.657419806201 0.458935154403 
0.410465984789 0.360198372101 0.904348951825 0.312572137649 
0.413920776773 0.395881380164 0.806971561827 0.251308176526 
0.41685556941 0.370607568383 0.862865459831 0.0667197409489 
0.41952941111 0.422401334877 0.666279608375 0.791880924874 
0.515533752452 0.664576753651 0.513561887816 0.67689816305 
0.419728186474 0.422879866394 0.663150726019 0.78259581465 
0.410198329938 0.356521224648 0.914324629043 0.318882811044 
0.416331330812 0.38277571381 0.833266847988 0.0623468428927 
0.416573425195 0.412302495031 0.416750803589 0.924192963008 
0.423418200946 0.460159296009 0.825260896892 0.237053759267 
0.412602538108 0.384335412221 0.838623498553 0.27114324518 
0.434207957873 0.691034046679 0.587056502519 0.837795947669 
0.418667991949 0.395524692357 0.807410644068 0.396458529323 
0.387696283774 0.608160089979 0.638325979399 0.516227350747 
0.444674323592 0.335213472719 0.808439534199 0.277400001637 
0.364828492036 0.700128354874 0.596836523503 0.520156075165 
0.419728186474 0.422879866394 0.663150726019 0.78259581465 
0.382762974118 0.381543273158 0.852305450687 0.0964840692055 
0.418403337647 0.419693238241 0.683971456736 0.844427176184 
0.393210675474 0.596404525702 0.627795879509 0.490445719071 
0.380632524555 0.622841971594 0.651552118896 0.548672314613 
0.704317699299 0.602279475857 0.573897994149 0.712519075493 
0.445526724415 0.333591648825 0.811204656956 0.279388861242 
0.514197745989 0.198327612551 0.849435803737 0.217323824704 
0.423807625376 0.46131161476 0.812258894742 0.229888910294 
0.440430647412 0.36968923412 0.875433683329 0.0685821390505 
0.562217498051 0.791208677827 0.779977198171 0.166151363802 
0.53873301175 0.620403198204 0.511501001205 0.609005328336 
0.371817044011 0.504914572275 0.592328222989 0.737519739079 
0.41710841186 0.659403049492 0.792234401849 0.268141911707 
0.43635019557 0.375948572395 0.858092406713 0.0660132797087 
0.416557192438 0.411131679377 0.418850673275 1.04706249488 
0.444674323592 0.335213472719 0.808439534199 0.277400001637 
0.369681019351 0.506731812445 0.596740721091 0.754661271078 
0.491536835338 0.487286039129 0.453481533928 0.790835815012 
0.423309693989 0.627633508812 0.749523873198 0.237745011292 
0.82308973757 0.67023994289 0.568022035047 0.600654304429 
0.452917386735 0.829052571007 0.704564229423 0.310504108524 
0.501656196658 0.215989260792 0.832279615267 0.207446770599 
0.455595510892 0.310626803568 0.764022434073 0.477306114789 
0.485027812899 0.579651877731 0.747664611219 0.722884089852 
0.428155583721 0.389910267667 0.820118635709 0.0604109748005 
0.420173703129 0.423953003695 0.656130659836 0.761773015681 
0.436679986536 0.375428803595 0.8595249758 0.0662252654953 
0.373284437706 0.69300179681 0.594373837338 0.508896010333 
0.255497083095 0.86358789867 0.625742297337 0.0892709710322 
0.456808095684 0.31338951662 0.845893636346 0.304459414837 
0.500756871518 0.217284295684 0.831025690692 0.206728279568 
