0.351035255901 0.794323603266 0.728708841953 0.555237768181 
0.485954135583 0.460082102213 0.879199304618 0.101792467989 
0.47415302653 0.676941110578 0.756201820494 0.0505938867546 
0.736356242127 0.581350273855 0.692904948791 0.574285745907 
0.293434045477 0.821814694179 0.833590828267 0.090982449208 
0.565505048509 0.535115991246 0.814972677933 0.724049561194 
0.531610649538 0.557960885021 0.881880751391 0.0979978567603 
0.48815152585 0.459812006123 0.945366489781 0.1167910068 
0.34959736576 0.797457722981 0.730212959785 0.559036016821 
0.669485450584 0.642926394178 0.872427520599 0.071279035447 
0.638935662002 0.742829230446 0.605264353335 0.675961024159 
0.338796513361 0.820824800229 0.741439094337 0.587436326897 
0.416971598082 0.352937619175 0.610405947112 0.881962897917 
0.391249610916 0.267400566146 0.876186135279 0.381110687545 
0.351035255901 0.794323603266 0.728708841953 0.555237768181 
0.351035255901 0.794323603266 0.728708841953 0.555237768181 
0.505624599531 0.60162481975 0.858021593582 0.379239937371 
0.335812436973 0.827230788237 0.744520219439 0.595245933352 
0.374588661798 0.810655035765 0.685732603311 0.456051420707 
0.416806821375 0.545741736502 0.529473614487 0.739481184331 
0.485561066733 0.460145013953 0.868677844012 0.0994101853854 
0.853260333927 0.636146296596 0.737431101545 0.29482792107 
0.474219294156 0.667822536436 0.749358142093 0.0493260303713 
0.473952918093 0.6954066087 0.770057733666 0.0531655931302 
0.41692282673 0.545432234292 0.529381096609 0.738209713496 
0.47415302653 0.676941110578 0.756201820494 0.0505938867546 
0.331878183659 0.835646684175 0.74857027001 0.60552040872 
0.471156813111 0.815092293197 0.859845244098 0.069939562986 
0.461760140099 0.478231795627 0.598229105365 0.958595815828 
0.505624599531 0.60162481975 0.858021593582 0.379239937371 
0.351035255901 0.794323603266 0.728708841953 0.555237768181 
0.362719906712 0.768619751432 0.716388136297 0.524194283743 
0.371785271965 0.713640190675 0.615669141417 0.631761408212 
0.815647183472 0.792736401309 0.712476114876 0.539995314934 
0.407828398523 0.329144919479 0.870292373576 0.183749200533 
0.461760140099 0.478231795627 0.598229105365 0.958595815828 
0.398592872742 0.30395800593 0.918237178471 0.204992336216 
0.363534603522 0.766810506588 0.715521944725 0.522016782727 
0.473329761427 0.732327501717 0.797755787163 0.058322631438 
0.853260333927 0.636146296596 0.737431101545 0.29482792107 
0.620448495227 0.855585168016 0.719940407029 0.181486430157 
0.469939807619 0.852158691739 0.88765870064 0.0751613672765 
0.474082889018 0.684346839058 0.761759229568 0.0516246290461 
0.474219294156 0.667822536436 0.749358142093 0.0493260303713 
0.416049882554 0.472426776486 0.882913589893 0.102633660877 
0.301544463888 0.809472110924 0.824894682762 0.0886127414555 
0.671613159275 0.536824856591 0.72789871884 0.335294211597 
0.881797412322 0.59392716142 0.778418576225 0.202011858064 
0.393288897707 0.970176024656 0.708301560078 0.11587762029 
0.351035255901 0.794323603266 0.728708841953 0.555237768181 
0.473964597429 0.694504546104 0.769380923625 0.0530398369108 
0.815647183472 0.792736401309 0.712476114876 0.539995314934 
0.365769633102 0.761834462888 0.713140347549 0.516033359841 
0.365821467337 0.761718836259 0.713085019937 0.515894421323 
0.348298873225 0.761460570999 0.627634489593 0.713600959675 
0.473294804427 0.734032256457 0.79903460375 0.0585611813364 
0.344995488445 0.80745010646 0.735011027473 0.571163513399 
0.337176212409 0.824305634287 0.743113108605 0.591678635747 
0.337998913318 0.822539005648 0.742263441089 0.589525172237 
0.63878174921 0.5460497816 0.868458474561 0.391165465822 
0.332286755312 0.834774219389 0.748150291978 0.604454516645 
0.472408391742 0.771644613765 0.82724950738 0.0638327836135 
0.342742745065 0.812321460972 0.737351499207 0.577085221069 
0.349885779335 0.666035571822 0.865865616942 0.396510694376 
0.474069269179 0.685634959407 0.762725803152 0.0518040038995 
0.398592872742 0.30395800593 0.918237178471 0.204992336216 
0.472358265597 0.77354623192 0.828676051971 0.0640997040076 
0.355233259773 0.78513877965 0.724303140883 0.544122525459 
0.736356242127 0.581350273855 0.692904948791 0.574285745907 
0.4736209546 0.716996444693 0.786255017707 0.0561789710803 
0.611953887241 0.495166687421 0.534025206769 0.96407944981 
0.351035255901 0.794323603266 0.728708841953 0.555237768181 
0.319138667391 0.712417944405 0.935395769171 0.462930226817 
0.486534442958 0.459996715697 0.895431708128 0.105469426208 
0.473807527596 0.705654776198 0.777746479643 0.0545951393953 
0.334605648489 0.829815799007 0.74576396126 0.59840008798 
0.340650606865 0.843291991374 0.76500921616 0.400720336522 
0.466592628998 0.809364909433 0.844942563481 0.430612073814 
0.519629220067 0.509818733071 0.48795400206 0.920842929114 
0.611953887241 0.495166687421 0.534025206769 0.96407944981 
0.611953887241 0.495166687421 0.534025206769 0.96407944981 
0.329283342205 0.841179749592 0.75123432703 0.612284116508 
0.342705279214 0.812402369789 0.737390379856 0.577183626382 
0.491005389019 0.45971769298 1.0522641061 0.141065799396 
0.472911356021 0.751412388629 0.812072184367 0.0609951797935 
0.412266789939 0.557678701179 0.533038057101 0.788768116718 
0.622933257622 0.610046965856 0.849321888259 0.380713153823 
0.468549864294 0.890966380264 0.916784723537 0.080638149767 
0.304686898649 0.893031875138 0.776247699881 0.675970939692 
0.501653820696 0.666416837312 0.769126258009 0.491781981731 
0.47279383755 0.756353959436 0.81577908475 0.061687844904 
0.394219688305 0.291962009811 0.940981354106 0.215125368687 
0.349467030664 0.797741521627 0.730349178689 0.559380086305 
0.471676841072 0.797914418951 0.84695721976 0.0675231543644 
0.471254511282 0.811939776853 0.857479933893 0.0694959186038 
0.617844173095 0.63703933892 0.7911296206 0.52446126008 
0.347705575636 0.801572402207 0.73218824878 0.564026673792 
0.471760371002 0.795054870214 0.844811882567 0.0671211428572 
0.319138667391 0.712417944405 0.935395769171 0.462930226817 
0.318319511452 0.864416937844 0.762433622346 0.640760601068 
