0.445663892067 0.464565168516 0.821951878228 0.320127733491 
0.468301086755 0.495699097477 0.678140818191 0.758216319507 
0.397066431376 0.409473359184 0.514813963281 0.854589742954 
0.459862260309 0.455549342878 0.300358694482 0.829443814608 
0.489187233849 0.623095129028 0.735149589904 0.467453330955 
0.349370697227 0.610123755015 0.618880569919 0.771772475863 
0.429760583115 0.835003809735 0.69380036562 0.587965632309 
0.412646583682 0.399900476632 0.547079720473 0.848694337317 
0.429729849802 0.835763603514 0.694074372332 0.588855259146 
0.687613873195 0.589886076564 0.691010028792 0.601574297301 
0.48984984288 0.763081977204 0.873754603945 0.0611036625466 
0.437195947013 0.772175600258 0.625293091533 0.433293407369 
0.609055529327 0.623973412095 0.603676138507 0.644677808987 
0.649291924468 0.552446896034 0.79102345905 0.558773429583 
0.436013738124 0.498209991465 0.805020145681 0.78691568551 
0.461673792027 0.509703528718 0.701286712683 0.704216151815 
0.429530080528 0.840667049413 0.695842416476 0.59459863259 
0.484049076567 0.839603793504 0.680949776954 0.224295498769 
0.468301086755 0.495699097477 0.678140818191 0.758216319507 
0.464262275839 0.457125333626 0.296508327672 0.858256392161 
0.594905650533 0.751107533625 0.719680718129 0.310624495038 
0.48984984288 0.763081977204 0.873754603945 0.0611036625466 
0.55617561025 0.76363161859 0.747069188277 0.31378511631 
0.43730928592 0.768320618262 0.624627094343 0.429665852071 
0.431582316353 0.786549994984 0.67629584677 0.531423187995 
0.409905304005 0.484054240493 0.482220581099 0.819187087647 
0.398720333075 0.418513009155 0.435566271063 1.01548117463 
0.431002956724 0.802827154524 0.682183549675 0.550373211701 
0.446062446441 0.269461679083 0.857582625738 0.203028021344 
0.413021172625 0.399410038876 0.548155839042 0.856852852401 
0.435366566987 0.91599283022 0.745428796289 0.346953450404 
0.430990121181 0.803176866213 0.6823099558 0.550780868734 
0.428448988472 0.86627885921 0.705069582793 0.624651891823 
0.464663919298 0.457266469392 0.296158214717 0.860883634139 
0.649291924468 0.552446896034 0.79102345905 0.558773429583 
0.649291924468 0.552446896034 0.79102345905 0.558773429583 
0.468301086755 0.495699097477 0.678140818191 0.758216319507 
0.484049076567 0.839603793504 0.680949776954 0.224295498769 
0.642789809322 0.56118433198 0.882311308021 0.182680278717 
0.46834733082 0.458541014431 0.29295698914 0.884958967732 
0.435261403203 0.918588021367 0.746364667882 0.348453442937 
0.430490537954 0.816479617499 0.687115778699 0.566303224499 
0.413021172625 0.399410038876 0.548155839042 0.856852852401 
0.415229345898 0.396609350173 0.554359835882 0.903983746891 
0.529224261462 0.901985983705 0.643003418795 0.0648808931412 
0.431141371674 0.799028108216 0.680810118893 0.545946061508 
0.432153299235 0.769338698702 0.670060311178 0.511440253176 
0.80066046779 0.632274657539 0.779416278847 0.354710511103 
0.413021172625 0.399410038876 0.548155839042 0.856852852401 
0.493365230521 0.691963469295 0.825904427141 0.315264617652 
0.429864594003 0.848375390964 0.690523971033 0.596590485773 
0.435366566987 0.91599283022 0.745428796289 0.346953450404 
0.48984984288 0.763081977204 0.873754603945 0.0611036625466 
0.413021172625 0.399410038876 0.548155839042 0.856852852401 
0.570445862192 0.665529754056 0.628288853447 0.624790998837 
0.468713575636 0.458665862965 0.292639589338 0.887351112968 
0.718432737726 0.862352574636 0.766664679029 0.0251868311381 
0.435960394475 0.901050527354 0.740037848726 0.338325089473 
0.883197815034 0.666382515243 0.642137340245 0.333220833516 
0.458402017584 0.45501355473 0.30164300662 0.819867506002 
0.429573898288 0.839596644018 0.695456502283 0.59334457623 
0.478489085945 0.751550638946 0.78796611902 0.292792129052 
0.434843005356 0.837740645938 0.63641146932 0.49561615821 
0.429787293915 0.834342250369 0.693561775123 0.587191095573 
0.43722322401 0.498032384687 0.928948079516 0.418634763845 
0.548159722897 0.761101103717 0.676592214366 0.532375245312 
0.4297600284 0.835017536652 0.693805316112 0.587981704117 
0.462210476231 0.456397372412 0.298300328934 0.844828040387 
0.400141414261 0.408967694748 0.514686920006 0.853269209161 
0.431446324821 0.790464099736 0.677712419214 0.535975608007 
0.369620380745 0.349168386753 0.593122783498 0.854111314887 
0.69659659157 0.714510138162 0.680218414347 0.500234700385 
0.429729849802 0.835763603514 0.694074372332 0.588855259146 
0.545284156643 0.732450298348 0.673438448349 0.769699463651 
0.445371091033 0.446384400417 0.511945806887 0.904434403657 
0.510382133746 0.620524227418 0.776759698123 0.622823581703 
0.446016187405 0.463133599916 0.853953952404 0.345893159821 
0.430471895583 0.81696524271 0.687291127694 0.566870432433 
0.431677844768 0.783761895444 0.67528647283 0.528182166144 
0.430998495917 0.802948740321 0.682227498255 0.550514941202 
0.462762818168 0.456594503621 0.297817344954 0.848444141618 
0.427697233415 0.883334625169 0.71120797496 0.644712236701 
0.413021172625 0.399410038876 0.548155839042 0.856852852401 
0.430257136589 0.822509183664 0.689292501299 0.573348408912 
0.438942718306 0.930214913675 0.761094922611 0.0243453575478 
0.429713556234 0.836165816181 0.694219418373 0.589326236066 
0.412037822603 0.400708325054 0.545313964118 0.835318847688 
0.430243947907 0.822846718586 0.689414327237 0.57374296871 
0.635526830151 0.573169027617 0.770817068296 0.465113817148 
0.460381353578 0.454928514417 0.613383444374 0.83304461582 
0.427147854178 0.895483706084 0.715577820256 0.659022469956 
0.429659182809 0.837505072764 0.694702356079 0.59089462958 
0.436760369309 0.93762879445 0.758959096044 0.237827937646 
0.429729849802 0.835763603514 0.694074372332 0.588855259146 
0.445913874796 0.463622069074 0.842694513907 0.336824020129 
0.435615216754 0.81830656538 0.633151995044 0.477028944712 
0.464206726174 0.690280261875 0.721971084644 0.528854792969 
0.429530080528 0.840667049413 0.695842416476 0.59459863259 
0.437017849765 0.872969547663 0.729893781491 0.322149832563 
0.42834207337 0.868738147986 0.705954969833 0.627542204773 
