0.40449727248 0.633317831391 0.701332821971 0.379652584486 
0.457238394845 0.571471299302 0.708328174092 0.47779846775 
0.541083964725 0.601498612612 0.891521855301 0.0358695398661 
0.346077388378 0.918546315065 0.658343712929 0.460761346374 
0.433223363671 0.469690041737 0.701224792947 0.522789864309 
0.606108056308 0.565259042173 0.65851743518 0.524611278743 
0.428123587696 0.761867127649 0.615205836181 0.181675667097 
0.785603232887 0.616956030686 0.713104956731 0.381043628106 
0.642722082079 0.647723700923 0.783224709636 0.352505395043 
0.83160995561 0.712780031258 0.643036604441 0.0252679488087 
0.428123587696 0.761867127649 0.615205836181 0.181675667097 
0.420250241653 0.793423634601 0.622677987092 0.195114552662 
0.352625592686 0.901641772166 0.653440711922 0.446342815304 
0.321383574501 0.760443887892 0.727817126491 0.0800331331753 
0.300669894269 0.787081204195 0.748363934128 0.0859483766559 
0.27772221556 0.283117072331 0.828159848891 0.275813280741 
0.437723456685 0.581499418847 0.876318658708 0.119909367531 
0.389042507102 0.904951292747 0.648338539247 0.243882841939 
0.433223363671 0.469690041737 0.701224792947 0.522789864309 
0.454639420212 0.704367726454 0.683269373945 0.533782127664 
0.432193375268 0.468316254798 0.712850929963 0.542058210368 
0.328303935833 0.758137702279 0.671658195981 0.358192306417 
0.377407981568 0.914901503986 0.623643771914 0.23874275061 
0.308830437242 0.776676208285 0.740314950545 0.083628379914 
0.411867162435 0.860897140549 0.623583812942 0.256619085095 
0.300035508156 0.78788564792 0.748987403746 0.0861282203618 
0.321297456342 0.760556272605 0.727903397502 0.0800579191305 
0.661983600189 0.613116505033 0.673485127559 0.513758899119 
0.327232373795 0.752775008164 0.721939006151 0.078345434003 
0.401365991639 0.641012731738 0.712511685122 0.393818056828 
0.432009278983 0.745349855617 0.611237903415 0.174720076355 
0.292832578045 0.796977618049 0.756045331797 0.0881654368167 
0.457238394845 0.571471299302 0.708328174092 0.47779846775 
0.433785536623 0.470458915074 0.694750900428 0.51206914285 
0.373572439604 0.846306981849 0.637351200239 0.399536020408 
0.482965839655 0.725950183833 0.529302985743 0.556030185115 
0.298819549746 0.789425855419 0.750181575399 0.086472740239 
0.438514220594 0.5721942377 0.82877644227 0.108380930969 
0.320345357597 0.761797771038 0.728856666392 0.0803318269825 
0.421014004877 0.454811716374 0.526036549849 0.739695603435 
0.321383574501 0.760443887892 0.727817126491 0.0800331331753 
0.716185338538 0.802974871675 0.698554378494 0.111533165197 
0.506474316606 0.697249876052 0.59604431991 0.577643828208 
0.300035508156 0.78788564792 0.748987403746 0.0861282203618 
0.318111371569 0.764703735919 0.731089719206 0.0809736781348 
0.438514220594 0.5721942377 0.82877644227 0.108380930969 
0.575472954964 0.626238063519 0.556005592519 0.591758488569 
0.429927210966 0.465422397882 0.73756972367 0.583083909139 
0.401476095234 0.640743621478 0.712120283362 0.393322022873 
0.431804447521 0.467807970554 0.717170822031 0.549222451199 
0.432496475842 0.468716185976 0.709458794095 0.53643434955 
0.401247614928 0.641301949605 0.712932367155 0.394351203371 
0.806487376093 0.696875463282 0.684114201478 0.103713852488 
0.302339938787 0.784960510776 0.746721127569 0.0854745918654 
0.432581121181 0.46882849557 0.708507311757 0.534857161539 
0.433382874623 0.739316991933 0.609777221827 0.172194060726 
0.451466421855 0.570185926344 0.826282795429 0.107776375266 
0.401949900066 0.639584399344 0.710434640169 0.391185812746 
0.287950947672 0.803098008803 0.760807929703 0.0895414322977 
0.398364893231 0.873140332463 0.641106064114 0.229800424247 
0.526312627987 0.542089578916 0.896949790814 0.107073968289 
0.433785536623 0.470458915074 0.694750900428 0.51206914285 
0.36891909599 0.36979768375 0.660936173261 0.629595090777 
0.363116744506 0.702829352148 0.555067101977 0.612285723515 
0.552735304999 0.633489496624 0.513307377436 0.563210424543 
0.297353377232 0.791280054357 0.751619993534 0.0868878180035 
0.389042507102 0.904951292747 0.648338539247 0.243882841939 
0.543417445624 0.578804681471 0.522326173283 0.788193564678 
0.690255166367 0.898866010722 0.639252141862 0.0905431604704 
0.269509978572 0.825949989144 0.778666779257 0.0947096890399 
0.466870667402 0.373831952533 0.64610917957 0.703968158512 
0.407827329493 0.83973868544 0.633446935345 0.215151978923 
0.320352747005 0.761788142548 0.728849271553 0.0803297019696 
0.437396543303 0.58572550567 0.89795738981 0.125157799651 
0.436850846377 0.593312352735 0.936861238338 0.134595490241 
0.889166991354 0.701843618369 0.806096125046 0.102670088132 
0.32221163436 0.759362495176 0.726987194906 0.079794714533 
0.420478941858 0.792536007469 0.622469504378 0.194734018586 
0.43857455775 0.571534452396 0.825411843347 0.107565226317 
0.429719170614 0.465164133136 0.739789801736 0.58677204587 
0.416095380846 0.809302592746 0.626393130267 0.201945090527 
0.457747827518 0.514622495047 0.806409670895 0.489686194201 
0.429300528143 0.464647703274 0.744235604903 0.594159277715 
0.558304164117 0.573351417511 0.631245578925 0.66966809776 
0.429927210966 0.465422397882 0.73756972367 0.583083909139 
0.427579570664 0.462566402644 0.762236999382 0.62409086418 
0.432496475842 0.468716185976 0.709458794095 0.53643434955 
0.417996955772 0.802091055118 0.62470917405 0.198837608979 
0.683916653599 0.888949279631 0.635631606887 0.142221236693 
0.372414217898 0.95977220976 0.660697654548 0.268406781647 
0.427654559216 0.763812515447 0.615670376983 0.182498588878 
0.325726070957 0.754757016931 0.723456515257 0.0787809224124 
0.381038848788 0.825980209226 0.631419410343 0.382515581993 
0.325726070957 0.754757016931 0.723456515257 0.0787809224124 
0.432193375268 0.468316254798 0.712850929963 0.542058210368 
0.461585679227 0.720356138331 0.588666366438 0.209441856788 
0.396818484524 0.902820177477 0.631232381901 0.135408165488 
0.373572439604 0.846306981849 0.637351200239 0.399536020408 
0.422820249575 0.783358261345 0.620308471477 0.190807737044 
0.341988307308 0.73307544328 0.706922647392 0.0740446941071 
