0.439890835185 0.481911324655 0.355312721946 0.919001290116 
0.490071010207 0.523618752485 0.691926242046 0.745331595842 
0.365797852086 0.565774376366 0.592091602977 0.761663485902 
0.325963859117 0.911689928315 0.699738821706 0.0567933317039 
0.43614728684 0.538719408256 0.623872408744 0.745456977429 
0.313229473226 0.896252381297 0.698427352441 0.286468431507 
0.317267546354 0.711011596613 0.798072803841 0.365555575877 
0.695474319042 0.647683269761 0.768685920629 0.453911345703 
0.646278969292 0.780449175512 0.7747324284 0.507541626345 
0.322531034387 0.885116755719 0.643796540426 0.236385457111 
0.800314340105 0.656918050128 0.937311290608 0.0757240753061 
0.302674295508 0.953045968472 0.709368866525 0.0611694041944 
0.344963304424 0.582322268819 0.618159177397 0.889940966683 
0.583889388895 0.729836995999 0.542258253958 0.812602795048 
0.307642610049 0.90558764939 0.70101344578 0.291696953513 
0.292177614312 0.971310285122 0.713607701043 0.0631228416478 
0.441028279491 0.483223757288 0.352877547479 0.952334270909 
0.552357378593 0.811087413518 0.712979720652 0.545011480885 
0.32695864927 0.873010873331 0.691984556877 0.273538345376 
0.281952544703 0.948414041383 0.649453047063 0.266353904866 
0.365797852086 0.565774376366 0.592091602977 0.761663485902 
0.304173969048 0.950419252094 0.708758625829 0.0608894654152 
0.275661901824 0.999665089485 0.720175507507 0.0661781346606 
0.436168489998 0.537397543045 0.620331632624 0.732070897908 
0.28081067175 0.949612847064 0.713202059223 0.316598385601 
0.282189132003 0.947379794557 0.712583994204 0.315326301628 
0.632746923891 0.553992092737 0.527146310363 0.756475432923 
0.281255308395 0.949474435274 0.649544601036 0.266864398289 
0.296834750515 0.732173502865 0.82610162727 0.395328198044 
0.253497078909 1.03710702751 0.728829971505 0.0702506511341 
0.311633641256 0.897243236154 0.671864001476 0.440377877678 
0.365797852086 0.565774376366 0.592091602977 0.761663485902 
0.677483641777 0.820826111223 0.877819335275 0.23337360076 
0.260457056983 0.982284008471 0.722244534591 0.335309347584 
0.326088155199 0.879388727159 0.643263061506 0.233726682804 
0.364448224518 0.566869275081 0.593787571898 0.770003158339 
0.488590986372 0.87410600092 0.691102189364 0.271778884699 
0.361657516862 0.569121682671 0.597290472402 0.787231197714 
0.32695864927 0.873010873331 0.691984556877 0.273538345376 
0.435909008095 0.554397846492 0.665934497973 0.904476846561 
0.666380594129 0.561472589861 0.902015320923 0.220242709498 
0.507208985298 0.711688470558 0.863579698513 0.272002674213 
0.458746074411 0.537382217953 1.02117723626 0.351988351774 
0.736503683645 0.637617530879 0.71957793288 0.731887273488 
0.31370099899 0.933622041056 0.704852088677 0.0591055452743 
0.35870352629 0.571489915504 0.600993035343 0.805445447483 
0.584606924005 0.645205580596 0.924228870458 0.27698553331 
0.438238321039 0.479985584843 0.358880926771 0.870323497503 
0.28453511616 0.984485323217 0.716661176305 0.064539187768 
0.284585954915 0.943490301436 0.711507436952 0.31311279443 
0.334167061093 0.750685275483 0.542344336497 0.815462469126 
0.307086673869 0.914553062925 0.681619705509 0.390137256563 
0.436155782652 0.538188202927 0.622449384493 0.740077159808 
0.302674295508 0.953045968472 0.709368866525 0.0611694041944 
0.362408748616 0.568516845125 0.59634802652 0.782595646903 
0.320427011284 0.921639195514 0.702060320614 0.0578397633382 
0.298905870376 0.959626875611 0.710897031636 0.0618718739959 
0.583889388895 0.729836995999 0.542258253958 0.812602795048 
0.717580725141 0.874732734534 0.667060203687 0.108479784657 
0.280258109874 0.991817149462 0.718359067606 0.0653298753027 
0.313229473226 0.896252381297 0.698427352441 0.286468431507 
0.351161661738 0.82687539603 0.655469340139 0.379752352907 
0.800314340105 0.656918050128 0.937311290608 0.0757240753061 
0.364493166765 0.566832875537 0.593731117434 0.769725536121 
0.453851263362 0.660815649919 0.873246897798 0.2484183025 
0.251307030533 0.994365131138 0.653343576899 0.288698966135 
0.365289750814 0.566187021492 0.592730246929 0.764803805087 
0.333169195718 0.591428116532 0.632842044509 0.962265540946 
0.409608823638 0.572022242869 0.752565914233 0.72488904105 
0.298272914522 0.960729542385 0.711152987178 0.0619897310262 
0.568791877342 0.679388125049 0.707478614996 0.663622577064 
0.302822711227 0.952786215655 0.709308527985 0.0611417099412 
0.299676354707 0.958283593593 0.710585186582 0.0617283586204 
0.28453511616 0.984485323217 0.716661176305 0.064539187768 
0.594412595672 0.566490488874 0.938867849116 0.444806573431 
0.304173969048 0.950419252094 0.708758625829 0.0608894654152 
0.280801220087 0.990887702011 0.718143877799 0.06522954416 
0.485307789164 0.852710949297 0.67736230172 0.351697876145 
0.337465471629 0.890747859172 0.694840376055 0.054604899004 
0.247083253751 1.04783049723 0.73130570897 0.0714242940658 
0.319711212228 0.885336047034 0.695402108813 0.280379380087 
0.316575506945 0.928514182921 0.703662593578 0.0585652726067 
0.322531034387 0.885116755719 0.643796540426 0.236385457111 
0.364448224518 0.566869275081 0.593787571898 0.770003158339 
0.29378800115 0.930290035043 0.64787344674 0.257669356756 
0.717580725141 0.874732734534 0.667060203687 0.108479784657 
0.295069471213 0.925644852675 0.678441512289 0.465342463941 
0.436123901327 0.540192180382 0.627818612705 0.760375834666 
0.321685794534 0.881991001321 0.694474802376 0.278519107603 
0.364493166765 0.566832875537 0.593731117434 0.769725536121 
0.490071010207 0.523618752485 0.691926242046 0.745331595842 
0.323725551493 0.915721661789 0.700679967393 0.0572168691713 
0.507208985298 0.711688470558 0.863579698513 0.272002674213 
0.31370099899 0.933622041056 0.704852088677 0.0591055452743 
0.322531034387 0.885116755719 0.643796540426 0.236385457111 
0.317223035255 0.927360862786 0.703393905417 0.0584434286732 
0.292177614312 0.971310285122 0.713607701043 0.0631228416478 
0.436120119947 0.540431766288 0.628460683917 0.762803226426 
0.323725551493 0.915721661789 0.700679967393 0.0572168691713 
0.312198910665 0.901568811386 0.645306842509 0.244073808264 
