0.315511746263 0.753091815906 0.767750763292 0.219119855049 
0.252977495712 0.379954847987 0.735842485908 0.63633123126 
0.555014546741 0.583290471812 0.785851035267 0.413023563799 
0.289623334397 0.689944364374 0.572594803206 0.539322216991 
0.652469771021 0.524334534312 0.926887796851 0.0753761791643 
0.571268592161 0.660307375957 0.852227260929 0.0581357801065 
0.328357949001 0.338212655488 0.931280331641 0.237973671492 
0.78254471536 0.589956468776 0.751850758142 0.317681931852 
0.31431151164 0.753691266191 0.743048971356 0.47646619806 
0.405660509627 0.477546002862 0.698073268071 0.6946729719 
0.463762118883 0.667612054839 0.818437615853 0.402630226899 
0.630043281473 0.593356192096 0.639758710872 0.625092665334 
0.355699133628 0.427845448402 0.417953777672 0.794301339554 
0.323079381569 0.617171090973 0.875574677258 0.296706641141 
0.406248403219 0.477616318244 0.679455366574 0.645499024081 
0.523565641357 0.729036530357 0.686771023818 0.237077913187 
0.405660509627 0.477546002862 0.698073268071 0.6946729719 
0.252977495712 0.379954847987 0.735842485908 0.63633123126 
0.431129509377 0.334982083482 0.723244181552 0.648897518766 
0.368139275411 0.517788980853 0.927090121361 0.278017993006 
0.460611157589 0.579505238859 0.764822603776 0.479383744017 
0.475023377543 0.605086229918 0.723534371141 0.562599610358 
0.555014546741 0.583290471812 0.785851035267 0.413023563799 
0.435302350665 0.344391874027 0.883194111598 0.320223045039 
0.291714892516 0.785877522767 0.790809947878 0.238871073927 
0.468760091969 0.599117590106 0.813661221258 0.372695607377 
0.292592135146 0.784686027426 0.789969237 0.238149017204 
0.61098257621 0.578061359834 0.675593305813 0.48320377865 
0.404832845809 0.477413542014 0.729890100544 0.778805764569 
0.355699133628 0.427845448402 0.417953777672 0.794301339554 
0.409020460456 0.461036697773 0.788953305325 0.444602496054 
0.313732129467 0.755580521404 0.769495507699 0.220610113348 
0.555014546741 0.583290471812 0.785851035267 0.413023563799 
0.289462178057 0.690092690325 0.572606022675 0.53961665172 
0.3283674153 0.734901219755 0.755028224004 0.208276809495 
0.352330774052 0.427204418193 0.417640753019 0.832070743053 
0.502961848948 0.833731187919 0.740563793651 0.46261364607 
0.400238480973 0.441093168141 0.372784125898 0.801550880491 
0.807013822293 0.610176435274 0.600094252228 0.591738447524 
0.549363800592 0.538749135716 0.910575752486 0.313013358638 
0.414516810773 0.419165609253 0.603316578944 0.728509804291 
0.589718847953 0.612608356046 0.860921590103 0.219018857947 
0.508095152229 0.604340397155 0.763535532074 0.635365419524 
0.355699133628 0.427845448402 0.417953777672 0.794301339554 
0.405325078613 0.477497501245 0.710069531761 0.726381645584 
0.294757513413 0.781739871536 0.787891285536 0.236364925186 
0.289623334397 0.689944364374 0.572594803206 0.539322216991 
0.630043281473 0.593356192096 0.639758710872 0.625092665334 
0.731133564658 0.658796457324 0.730678889762 0.433110909383 
1.03782482884 0.658022791601 0.715947159524 0.0965942229873 
0.78254471536 0.589956468776 0.751850758142 0.317681931852 
0.528319320372 0.497331528034 0.487115581481 0.775468688951 
0.285832461375 0.803225415409 0.808927099287 0.0029134477052 
0.407658658919 0.455597029103 0.824581774539 0.489563795202 
0.407450489046 0.454685630369 0.830527502505 0.497079504591 
0.281325365204 0.809329709248 0.813237131261 0.00295666064138 
0.289623334397 0.689944364374 0.572594803206 0.539322216991 
0.298031383861 0.786551583066 0.797179227794 0.00279586716943 
0.630043281473 0.593356192096 0.639758710872 0.625092665334 
0.408149599025 0.404031442504 0.41714977068 0.892586839256 
0.284951331972 0.694228490657 0.572916433558 0.547851369626 
0.400218192118 0.441083259447 0.371972707025 0.811340599957 
0.418487368007 0.42643741236 0.631421830352 0.703653361178 
0.300528027764 0.773851919963 0.782333806321 0.231597607789 
0.414377711427 0.419467660803 0.602658597852 0.725461118941 
0.317491707095 0.750315006184 0.765805189707 0.217458949518 
0.29130424669 0.786434871897 0.791203275922 0.239208935813 
0.252977495712 0.379954847987 0.735842485908 0.63633123126 
0.355699133628 0.427845448402 0.417953777672 0.794301339554 
0.404778493371 0.477403239108 0.732263558798 0.785085935888 
0.805737419733 0.633691232112 0.733413645626 0.119351382477 
0.620521631971 0.735978114113 0.655432429391 0.138800580427 
0.545917586036 0.531620834937 0.972206845085 0.00311259722387 
0.266736441916 0.710646442417 0.574105922992 0.58099595732 
0.549567845262 0.640835615334 0.658544211672 0.66112522386 
0.430138686839 0.337350377888 0.72049893194 0.641646309158 
0.220246764525 0.750995831595 0.576796199837 0.665168585273 
0.405676159292 0.477548108621 0.69753990298 0.693263580401 
0.283535080527 0.796933200395 0.79861982832 0.245584991382 
0.400141392662 0.441044356751 0.36882570584 0.849320380972 
0.282711959833 0.798040504261 0.799402926702 0.246258802841 
0.3309559102 0.341893334054 0.91481808202 0.308349946126 
0.709670429033 0.569939300619 0.907763084004 0.0867837184358 
0.400244905429 0.441096273394 0.373039304478 0.798472431164 
0.292396193466 0.794282825323 0.802621783714 0.00285030118937 
0.351617523356 0.427070689629 0.417574964069 0.840093535767 
0.319731042342 0.747164047812 0.76359895607 0.215576683575 
0.331556666692 0.667955482339 0.667536300762 0.609030579136 
0.78254471536 0.589956468776 0.751850758142 0.317681931852 
0.292170938634 0.785258254614 0.790372972384 0.238495754277 
0.405636912214 0.477542802044 0.698881746295 0.69680940519 
0.556910093331 0.548597612811 0.714878538611 0.537294141289 
0.676774012733 0.74361890449 0.631648097247 0.416460053892 
0.630043281473 0.593356192096 0.639758710872 0.625092665334 
0.556910093331 0.548597612811 0.714878538611 0.537294141289 
0.3283674153 0.734901219755 0.755028224004 0.208276809495 
0.273085728687 0.810924826423 0.808526253987 0.25411654486 
0.74885373269 0.71094815042 0.789969237 0.238149017204 
0.491241411973 0.641974879042 0.790674086241 0.434509292078 
1.03782482884 0.658022791601 0.715947159524 0.0965942229873 
