0.435506039704 0.359678131427 0.769785016293 0.461011725077 
0.436130038297 0.388971452757 0.754987976486 0.536605501564 
0.420626343509 0.433433226098 0.845513450843 0.403210651055 
0.411159632452 0.736527682113 0.739676640789 0.343618566216 
0.530686499064 0.49124036652 0.886640467705 0.219591932404 
0.431733011489 0.432175795769 0.645844571713 0.600903145793 
0.362369254622 0.795131911317 0.686692857644 0.246209890173 
0.413925164708 0.455763283833 0.796373827512 0.538335105003 
0.457097630354 0.772860226706 0.705346908224 0.177896574986 
0.694022968332 0.548084007082 0.767736185261 0.443258802929 
0.348263180738 0.674308515442 0.906399159382 0.19382028533 
0.641122544083 0.908591308497 0.671944463627 0.185618935065 
0.411489265766 0.776582677092 0.757273584947 0.202190394746 
0.430072108913 0.419265320501 0.77215579833 0.48705248456 
0.291866422281 0.349358197916 0.718658984825 0.604356252521 
0.439765439567 0.821064326164 0.659793401434 0.600238758686 
0.431145919359 0.429729268178 0.665756613815 0.658224522478 
0.564914692839 0.753351034958 0.760226522036 0.238167830627 
0.389445975256 0.858210881007 0.799823259704 0.238047729466 
0.412202269318 0.77383089445 0.755841380031 0.200991678125 
0.411489265766 0.776582677092 0.757273584947 0.202190394746 
0.348088656786 0.674573996584 0.906849287651 0.194011948381 
0.438605633515 0.636836729728 0.901755233599 0.12069197926 
0.345290437812 0.829717185091 0.695602055758 0.263993840893 
0.668562146273 0.523792081609 0.62892619686 0.660083436912 
0.441591494293 0.612903116718 0.855671620385 0.108536737174 
0.568624077663 0.574113845639 0.769455413264 0.519614957078 
0.330965890243 0.857888909444 0.702840539034 0.278682555758 
0.411979512398 0.774691570319 0.756289316732 0.201366520998 
0.447521965735 0.497251338953 0.608947317347 0.696469282172 
0.448291130351 0.596249146837 0.517999197965 0.679984935601 
0.349703811033 0.672115349206 0.90268241849 0.192237728163 
0.413925164708 0.455763283833 0.796373827512 0.538335105003 
0.348263180738 0.674308515442 0.906399159382 0.19382028533 
0.442625378701 0.795082141373 0.653578738303 0.568922401105 
0.441472610767 0.805670592262 0.656114954309 0.581664090256 
0.411000058726 0.778465614857 0.75825366493 0.203011056702 
0.458987068293 0.440685990123 0.617556844003 0.821928684548 
0.465828505648 0.494968062035 0.809487544083 0.394831040714 
0.430079473621 0.419325846175 0.771893493367 0.486669424906 
0.438791451982 0.388804841425 0.835331755556 0.343142395339 
0.445472682875 0.768108228227 0.647091943191 0.536602830469 
0.414565826306 0.456474481216 0.780786426276 0.515117825257 
0.413925164708 0.455763283833 0.796373827512 0.538335105003 
0.430081782717 0.419344791797 0.771811383729 0.486549517889 
0.365061004785 0.648522067687 0.86292137151 0.175310052295 
0.291866422281 0.349358197916 0.718658984825 0.604356252521 
0.447324370633 0.749774961128 0.642658150043 0.514762077508 
0.496643629587 0.481308018619 0.833145218288 0.419671227573 
0.57088418848 0.724479855781 0.585477270259 0.530725491519 
0.918358354989 0.601907063474 0.775041512674 0.429671067481 
0.388790848425 0.860557460901 0.801048344203 0.23908601645 
0.443629752916 0.785711398359 0.651329671448 0.55767107681 
0.447319194325 0.62078462396 0.518573246016 0.751633256595 
0.492949239248 0.862101073107 0.835601659372 0.0663043300814 
0.340782849889 0.68564925733 0.925668143078 0.202025356221 
0.331541957262 0.699561694319 0.949411919123 0.21213691418 
0.522277534213 0.516488946169 0.587142402527 0.830752359682 
0.43118851756 0.429927508716 0.664151204251 0.653597358353 
0.696749549935 0.71786811839 0.65531849644 0.577656822721 
0.396335999383 0.833296417139 0.786822652145 0.22704748188 
0.531702757329 0.664780799685 0.872116312449 0.102585128845 
0.428949399843 0.407568791685 0.822590573711 0.560911210357 
0.412202269318 0.77383089445 0.755841380031 0.200991678125 
0.428686376353 0.403690545513 0.839229360667 0.585352915912 
0.538970615448 0.647802813896 0.714678640915 0.533837781386 
0.447248662589 0.622390059081 0.518605679976 0.756365756545 
0.542385954377 0.530510178938 0.878283708909 0.313243874891 
0.348107327401 0.824094820295 0.694155722386 0.261083303897 
0.472597188929 0.510335719826 0.88150071097 0.109466881036 
0.44611510955 0.761829081707 0.645575868553 0.5291102579 
0.389025846615 0.859716144559 0.800609104086 0.238713718409 
0.457200109723 0.771680499075 0.704963718476 0.1774670493 
0.411979512398 0.774691570319 0.756289316732 0.201366520998 
0.684065093128 0.754220748844 0.669168798869 0.232961687253 
0.44313306462 0.910730503627 0.749658337582 0.228826736327 
0.391656093547 0.850267124366 0.795676828088 0.234535639573 
0.471122475465 0.567128395633 0.840929569428 0.138321857543 
0.439837315021 0.820422520971 0.659640230517 0.599463184982 
0.350466383763 0.670953174617 0.900714217081 0.19139969778 
0.468681523638 0.578237119368 0.587675415755 0.732667076573 
0.401080582723 0.815858047527 0.77773031538 0.219375547754 
0.294444521234 0.34994156871 0.71674125863 0.599369541674 
0.66769687374 0.5182873169 0.858815771369 0.173562415258 
0.461681456434 0.673484812262 0.582845411706 0.603025687558 
0.448430005876 0.862142819235 0.734125455783 0.21073199158 
0.447248662589 0.622390059081 0.518605679976 0.756365756545 
0.386943505186 0.86715524853 0.804493429505 0.242007277969 
0.599738056486 0.487741034444 0.73940376293 0.560553636873 
0.446989563712 0.628149927837 0.518717584616 0.773385502313 
0.353934721228 0.812366044508 0.69113624882 0.255035460396 
0.367508183012 0.644721141941 0.856557568422 0.172601185818 
0.348088656786 0.674573996584 0.906849287651 0.194011948381 
0.408081524115 0.789616717956 0.764059201384 0.207878103001 
0.370784453878 0.639611823443 0.848023402361 0.168968676721 
0.345515160568 0.678483646625 0.913483556974 0.196836851008 
0.348088656786 0.674573996584 0.906849287651 0.194011948381 
0.593537252021 0.75751975721 0.636792985332 0.187867347685 
0.414952838549 0.763127940446 0.750272129116 0.196336531064 
0.440514529358 0.814349026391 0.658189939872 0.592128691093 
