0.353215160898 0.599879750842 0.769270921876 0.268006872189 
0.434847652539 0.390530960734 0.511805001084 0.726163862781 
0.529719025464 0.452104274377 0.864417775509 0.286274574196 
0.468326041489 0.437935207288 0.537983550214 0.706116934912 
0.391527715349 0.472235166823 0.590989358709 0.690236704794 
0.378360061697 0.491468433788 0.220901131496 0.712673986896 
0.478920675154 0.170493722473 0.940241279261 0.192278895309 
0.463822849002 0.407173932938 0.243452414141 0.735311450184 
0.375149480194 0.345800455507 0.624016270665 0.670789932665 
0.469735722193 0.330589152696 0.352067844936 0.703914931697 
0.334500215704 0.708306054959 0.723182266852 0.397362471789 
0.580157332744 0.641670930736 0.832151819488 0.23424208655 
0.419892451492 0.466308933704 0.594763122648 0.669664828502 
0.197535474199 0.820908099671 0.662643450498 0.0522635310914 
0.587097223545 0.62585257279 0.694317160999 0.437412408949 
0.436107415219 0.393627943612 0.827731931179 0.375909725738 
0.438865308944 0.402658552916 0.83704805707 0.2947172618 
0.421144047817 0.437977093151 0.230057342241 0.747366062341 
0.438951194242 0.662290355102 0.719380729673 0.524982553094 
0.470503338679 0.699293982348 0.758949624705 0.0193252162003 
0.734601954616 0.653323442638 0.684388638467 0.172510232894 
0.342034713726 0.697918277087 0.715919232707 0.386061982162 
0.164463982999 0.846883094819 0.668080206432 0.0553128051239 
0.478920675154 0.170493722473 0.940241279261 0.192278895309 
0.422503297227 0.435382543572 0.234488437636 0.728186870101 
0.390330210956 0.47307219783 0.593339919598 0.699383172706 
0.322319688904 0.629400363539 0.818701853137 0.306660853056 
0.349416150752 0.687619372112 0.708745352469 0.374919237851 
0.434936966611 0.391326209027 0.509538820681 0.709405177385 
0.445275811547 0.401134457693 0.450446005543 0.823753663588 
0.435277337372 0.397855447233 0.811042285497 0.360786783054 
0.439886161004 0.657004558972 0.714903881447 0.516418901058 
0.44153934197 0.385263614911 0.479162301258 0.710251304413 
0.600830832351 0.477873107441 0.864290535893 0.187210811081 
0.375815641215 0.494025103314 0.218516430707 0.723607373304 
0.731009643796 0.50555561491 0.798205948866 0.543203832696 
0.60542978898 0.780084028096 0.678869824544 0.0132723395575 
0.71074546054 0.659987666725 0.718355860799 0.0170765773287 
0.387621473351 0.474957630234 0.598664137424 0.720100777145 
0.390815240427 0.472733441364 0.59238762264 0.695677605891 
0.474393102768 0.326647098272 0.349585368558 0.742902828409 
0.434766569552 0.38976119883 0.513995088331 0.742380492052 
0.419419545913 0.46698248103 0.596758831575 0.676957758428 
0.750588354524 0.73316360014 0.659023960677 0.430963071004 
0.438025170898 0.667482633005 0.723779755749 0.533400791242 
0.6648487541 0.66228495575 0.595284077923 0.615870494266 
0.115515860876 0.884045902362 0.67588645393 0.0598098442259 
0.463822849002 0.407173932938 0.243452414141 0.735311450184 
0.436614309238 0.391324800117 0.836839037187 0.384172564338 
0.83018702286 0.609880545438 0.759373946584 0.31500596254 
0.375149480194 0.345800455507 0.624016270665 0.670789932665 
0.526685092737 0.562973009523 0.653517490433 0.669264603969 
0.438748090998 0.398529841995 0.469500608795 0.770251251274 
0.611843226219 0.473555368981 0.0789236523312 0.622602144697 
0.47041340887 0.330008801883 0.351704628842 0.709606624208 
0.436079693652 0.393758981197 0.827214102897 0.375440119645 
0.432735453207 0.468446052662 0.453647041885 0.682143343811 
0.439886161004 0.657004558972 0.714903881447 0.516418901058 
0.458103156758 0.235249056457 0.866244054885 0.162400162255 
0.333869565094 0.57019316653 0.820946148004 0.299029798371 
0.438673285769 0.398457429051 0.47014385849 0.778890506338 
0.115515860876 0.884045902362 0.67588645393 0.0598098442259 
0.353215160898 0.599879750842 0.769270921876 0.268006872189 
0.45734697696 0.472299447846 0.232706236721 0.710562561199 
0.490253168596 0.420091469676 0.221254284956 0.785592607502 
0.475785447767 0.325488129237 0.348848882889 0.754506338871 
0.520377377296 0.646007641821 0.685227852512 0.551503187973 
0.450049664989 0.41951463828 0.435487676976 0.815756765699 
0.469462571945 0.330823768999 0.352214454027 0.701618833606 
0.470006922575 0.196867195922 0.910112289381 0.180041557877 
0.478834233581 0.170742408565 0.939957160194 0.192163101582 
0.541058211536 0.769919471987 0.577499487344 0.584907618915 
0.41645650771 0.471204927384 0.609318751766 0.722856197048 
0.435082893367 0.398962648126 0.806676449285 0.356835248706 
0.775273859129 0.648457749995 0.578567418729 0.507710438036 
0.327925960718 0.717277537349 0.72947600827 0.407169281793 
0.492227516177 0.658089056736 0.67927124613 0.549121201308 
0.381214447688 0.479378707836 0.611296074765 0.769254621385 
0.434926233174 0.391233342081 0.509803658975 0.711362521052 
0.535456771423 0.579048702905 0.783904867559 0.481399592217 
0.473931262931 0.327033395516 0.349830193305 0.739049110514 
0.109853770584 0.888262327858 0.676774525501 0.0603293311437 
0.436633714821 0.675210704916 0.730329632235 0.545941015822 
0.451826630797 0.453935316481 0.216985953338 0.750751903631 
0.323164806038 0.628607680026 0.817356329239 0.305608318353 
0.802631116478 0.567048998196 0.721310774823 0.488694645705 
0.435147162996 0.398590356832 0.808144215803 0.35816351299 
0.469809159162 0.330526144731 0.352028449636 0.704532044626 
0.468912339845 0.331297625101 0.352510159691 0.696990004813 
0.36828862271 0.501397090501 0.211597124204 0.755527301958 
0.351314392986 0.330369329737 0.652240146136 0.770488841981 
0.436314234911 0.452035873994 0.221411275585 0.732414357395 
0.361974603084 0.337135481912 0.639752780418 0.726172360067 
0.47359804566 0.598393592359 0.793374560953 0.493887033992 
0.775273859129 0.648457749995 0.578567418729 0.507710438036 
0.587039448834 0.653341522613 0.852039588937 0.0062872417381 
0.4641160713 0.215295090391 0.889056989033 0.171545317553 
0.378873493562 0.480982259587 0.615924236683 0.787264024486 
0.435693128268 0.395652164908 0.819736424701 0.368661503888 
0.451048881751 0.450735996045 0.221399667308 0.732462397262 
