0.289732436467 0.668118567194 0.751419197268 0.00959428595647 
0.268770842618 0.659790198152 0.875747696299 0.26940125348 
0.40889920812 0.613495418772 0.798007513141 0.457492360683 
0.741139164075 0.870942220015 0.690215716472 0.0789087672023 
0.433675237519 0.499242310234 0.57066173808 0.734050303508 
0.404771999726 0.667353824317 0.682025082424 0.37515327723 
0.339925666137 0.372878077959 0.52811183664 0.796047621728 
0.163582233854 0.806268451149 0.766497021722 0.292876678426 
0.437964597834 0.471140337902 0.48792754034 0.770088490507 
0.420064383883 0.441028741391 0.871036033743 0.303058681186 
0.366334894172 0.511478675907 0.725057124931 0.555515891154 
0.383825031591 0.349389108605 0.528171009521 0.775392546912 
0.38540739174 0.393723708408 0.603009345184 0.747025489725 
0.408234186677 0.646513742395 0.841943298086 0.5162558686 
0.384261871584 0.347094965711 0.530193883893 0.79722344068 
0.274505749671 0.653099596106 0.865681771333 0.262887440449 
0.385060752089 0.393337170066 0.605555521244 0.758929772284 
0.544065072467 0.524861757581 0.73552179913 0.521448026834 
0.40884267758 0.616620731839 0.802163852789 0.463050057784 
0.36500699399 0.546419876111 0.685856520291 0.625457594981 
0.401281947656 0.699391069076 0.696644642835 0.407353132164 
0.339925666137 0.372878077959 0.52811183664 0.796047621728 
0.386262518403 0.337480604117 0.538639043068 0.889371490312 
0.333643719932 0.371603389758 0.533039263614 0.849678663027 
0.365569463123 0.513094175398 0.728959493645 0.563212547765 
0.342287361149 0.373397028753 0.526242777895 0.775840590638 
0.654138862368 0.64437774519 0.65379787488 0.711745215488 
0.296023369042 0.660001494761 0.583385034841 0.610012355373 
0.386745614722 0.398721550622 0.476508538179 0.793971864995 
0.401277820023 0.419093460331 0.511521092893 0.772097507335 
0.473985198848 0.232974951788 0.930313616721 0.0749326338416 
0.239166346425 0.819245111929 0.624007816663 0.432057967301 
0.599360874224 0.520631875721 0.858196225658 0.0120030693699 
0.384324476741 0.346773430027 0.53047711499 0.80028825175 
0.555647991756 0.597218922483 0.660229389831 0.523764141655 
0.359973175337 0.379759175917 0.889852708485 0.329751378578 
0.296023369042 0.660001494761 0.583385034841 0.610012355373 
0.537777068918 0.64451410228 0.602978708317 0.64071393733 
0.397101900747 0.734554812502 0.712656546918 0.442942782637 
0.408776589461 0.62017517732 0.806891538407 0.469372114103 
0.409260952104 0.590715321581 0.767729892523 0.417016847083 
0.39606802641 0.742880171203 0.716443850366 0.451401976961 
0.259975880333 0.790282501643 0.622115484387 0.406509995009 
0.277206142488 0.555712212493 0.700748812332 0.767615165131 
0.284850091617 0.640935594801 0.847472475744 0.251106145652 
0.359841508564 0.563483629395 0.845084132328 0.234852571016 
0.336500254075 0.372165205849 0.530805830718 0.825308550468 
0.357740847939 0.573580583362 0.868646796773 0.101959545555 
0.409228837678 0.593016068952 0.770786372982 0.42110186294 
0.450917826662 0.432797766992 0.534902225623 0.749134491028 
0.398484378317 0.723215777261 0.707496278787 0.431440914791 
0.934678070123 0.832132721578 0.652848393072 0.15052711908 
0.360294841707 0.524209914331 0.755908338544 0.616363924629 
0.735551296613 0.665925369064 0.63374300344 0.544895633676 
0.330222675362 0.370965707636 0.53570071698 0.878839888861 
0.741139164075 0.870942220015 0.690215716472 0.0789087672023 
0.362436489527 0.380754298939 0.882430930032 0.324226539475 
0.158068066064 0.81163926948 0.769336538047 0.296418177361 
0.279043402184 0.554203406641 0.698422354328 0.760327043839 
0.433675237519 0.499242310234 0.57066173808 0.734050303508 
0.285873051469 0.638277258839 0.843202904971 0.273930851218 
0.408658066128 0.626319069667 0.815064945398 0.480302833492 
0.352663047483 0.376959198864 0.911622763149 0.345977859342 
0.702253454367 0.899056233139 0.729367629257 0.277964131407 
0.466470136912 0.540978226722 0.795217382661 0.532752702632 
0.385756405079 0.339804183097 0.536601943696 0.867009347966 
0.398685571581 0.721544004303 0.70673525733 0.42974710539 
0.599360874224 0.520631875721 0.858196225658 0.0120030693699 
0.283151667428 0.642941881183 0.8504673385 0.253043593224 
0.337628999776 0.372395181053 0.529920135249 0.81567168404 
0.394311388885 0.756761803778 0.722756397166 0.465532106386 
0.803570213718 0.644867963075 0.758353501651 0.42426668707 
0.40006484628 0.419864837307 0.511954274981 0.777079425997 
0.423321655612 0.445732277269 0.896568849675 0.0294981087344 
0.383622155383 0.350488083319 0.527200616048 0.764957872578 
0.491565253128 0.533623909988 0.864714149917 0.340602322616 
0.296314002687 0.53983311913 0.676498854273 0.69167327043 
0.363577275631 0.517295695096 0.739126421555 0.583264830574 
0.585599091125 0.58905527811 0.741340029833 0.474269819187 
0.398287749522 0.724844091242 0.708237461059 0.433091187749 
0.562203531624 0.510813750717 0.800698654475 0.297320778349 
0.391677630038 0.777046504385 0.73197631817 0.486232841373 
0.408234186677 0.646513742395 0.841943298086 0.5162558686 
0.401101634712 0.549685483114 0.671199245472 0.6750855652 
0.802624305725 0.760746287991 0.68087739304 0.138676688127 
0.342771398016 0.557623668127 0.686090288103 0.51722190109 
0.381154310086 0.389353496999 0.717974308745 0.573449808341 
0.218456509003 0.84738758986 0.625765234249 0.457326061806 
0.126789180431 0.84172594265 0.785343208353 0.316443349808 
0.389249275254 0.407242790968 0.451774044316 0.891297239479 
0.360028264367 0.795570230305 0.746757494978 0.268364168471 
0.326555465386 0.532557055174 0.673404994511 0.669555035533 
0.7874760815 0.865446452499 0.666831519345 0.114855213901 
0.400953501804 0.159875808199 0.871234050374 0.428189748164 
0.270057650993 0.658292009084 0.87349074544 0.267940675185 
0.628497235537 0.543235382763 0.767879293932 0.439270331849 
0.217863007624 0.84818559725 0.625814044781 0.45804845927 
0.433675237519 0.499242310234 0.57066173808 0.734050303508 
0.433675237519 0.499242310234 0.57066173808 0.734050303508 
0.285837042761 0.548593151364 0.689811100807 0.733354851977 
