0.397610580416 0.509298911753 0.797347349476 0.561664961923 
0.468891605044 0.494209314361 0.540514781166 0.62736582704 
0.416066565016 0.41768016832 0.897736246253 0.109505567227 
0.426266895667 0.404236631787 0.415048146656 0.944285323061 
0.474619746628 0.573965046735 0.716804358543 0.592310571176 
0.436344351415 0.369044420559 0.533600523411 0.744137152459 
0.401128815259 0.497172754582 0.799466467647 0.590370702759 
0.425995950775 0.519297968921 0.645559682451 0.65763534975 
0.816287060473 0.722795380269 0.612513329553 0.415098287245 
0.400478716538 0.553540283015 0.5924097772 0.636083515087 
0.432858970243 0.438469690691 0.848927219844 0.195022259264 
0.424793991128 0.864209852492 0.676781181998 0.396941714196 
0.811377529736 0.601276995184 0.775594588603 0.456113675365 
0.390223800358 0.536596628218 0.849506486393 0.221136111836 
0.425581863831 0.381053949607 0.55874422456 0.752072591505 
0.45167997362 0.223800829313 0.865427701667 0.165783593034 
0.403206786312 0.57588525485 0.557590145718 0.723695041192 
0.397350974518 0.365898170873 0.904338924327 0.188559345308 
0.511521672456 0.738103904303 0.688393667619 0.22878398583 
0.804858163941 0.600738092597 0.748078040376 0.538103644588 
0.387679005819 0.52126188632 0.882431552944 0.690009367675 
0.379987199993 0.584924871052 0.620749505496 0.762161010105 
0.468891605044 0.494209314361 0.540514781166 0.62736582704 
0.390223800358 0.536596628218 0.849506486393 0.221136111836 
0.804858163941 0.600738092597 0.748078040376 0.538103644588 
0.460240281826 0.720370210317 0.681630883982 0.447197318218 
0.430313718881 0.434563463651 0.872047531818 0.205718579943 
0.574700266108 0.199029438267 0.94716975438 0.149923767283 
0.397338306528 0.522565003634 0.731923221733 0.663213096379 
0.389972516043 0.348132606257 0.948341040615 0.206529520664 
0.557577680762 0.571195842618 0.871908702302 0.0482674068146 
0.402350216473 0.377898814058 0.874509181473 0.17643267093 
0.689440525674 0.701571882416 0.656133815406 0.332228369752 
0.404092672846 0.545631324077 0.585494121433 0.605428967573 
0.424571384626 0.576503419249 0.539437652484 0.727137642904 
0.429497264742 0.395708392285 0.865903952421 0.352500755648 
0.443838993589 0.248442742468 0.842649501667 0.155663579597 
0.604852794914 0.803481065174 0.604317370747 0.400065471465 
0.427332533071 0.375324513266 0.566269024875 0.800157947456 
0.390223800358 0.536596628218 0.849506486393 0.221136111836 
0.602077316234 0.85418032721 0.613415441692 0.430868007003 
0.43136047484 0.436153783039 0.862620512566 0.201354776963 
0.43704954106 0.36781152193 0.534654821858 0.753370521033 
0.426969217419 0.376477949038 0.564754162406 0.79045060372 
0.536225602193 0.520840707025 0.518843879207 0.876973284076 
0.450434667548 0.804618330431 0.746539007506 0.172480983839 
0.424571384626 0.576503419249 0.539437652484 0.727137642904 
0.401428147636 0.580851609558 0.560009943859 0.74226718216 
0.395216398947 0.792819132156 0.63858158644 0.468243041419 
0.404068863503 0.494275869746 0.769563007057 0.543263449785 
0.816287060473 0.722795380269 0.612513329553 0.415098287245 
0.418129749046 0.61652522122 0.553503852323 0.874607266796 
0.391564230798 0.516463437527 0.848213088894 0.638379823976 
0.39578330846 0.526714876169 0.563277435179 0.771985614697 
0.457612612032 0.206306165453 0.881565748382 0.173025902519 
0.432858970243 0.438469690691 0.848927219844 0.195022259264 
0.423025701194 0.586524789965 0.542968645572 0.763835972989 
0.43136047484 0.436153783039 0.862620512566 0.201354776963 
0.595437103197 0.805959490867 0.585166417023 0.582063418352 
0.41224559305 0.936229789233 0.692922402449 0.449401071668 
0.383592792716 0.585519725148 0.916337284432 0.118281662116 
0.430480206006 0.434815005152 0.870555195539 0.205027552255 
0.427795600966 0.39990334475 0.789143755977 0.538817749037 
0.392720026414 0.656391161566 0.6117899175 0.562079682417 
0.421909051207 0.593570361787 0.545446980178 0.789735705001 
0.38635718961 0.543909210199 0.580219664239 0.880009369007 
0.390223800358 0.536596628218 0.849506486393 0.221136111836 
0.428777642643 0.840183940104 0.671348344187 0.379610589885 
0.422792858927 0.588006128407 0.543489977467 0.769274935101 
0.393685773648 0.528409423914 0.752606953797 0.708257526628 
0.726659862791 0.573854396698 0.833821581145 0.166323332081 
0.400028405299 0.372329441799 0.888365380269 0.182059329837 
0.370815946578 0.622991825151 0.91959283508 0.0534865269241 
0.472323777838 0.520479749463 0.839396750035 0.417096991783 
0.384858391629 0.575892382571 0.61264686594 0.72605149299 
0.387095063855 0.539904716911 0.868641614206 0.231073440253 
0.6167464878 0.701086743967 0.690857134875 0.469894968238 
0.450028079572 0.809320550634 0.748730351573 0.174119581843 
0.395095594985 0.565028984453 0.602503610523 0.680913874901 
0.481891861244 0.701449235623 0.624275722036 0.404322689869 
0.431268272006 0.436020749933 0.859160035229 0.220564159151 
0.415022694603 0.9206698362 0.68945015265 0.438009563552 
0.420346956544 0.603205479957 0.548831683918 0.825274236509 
0.378959198559 0.660531251545 0.747294316448 0.531690577377 
0.395754003677 0.525095255374 0.740866922757 0.682690064125 
0.450996162825 0.798034148493 0.743469687919 0.170188551816 
0.425972396676 0.404610754286 0.415335900254 0.923185967126 
0.427746396321 0.374029947738 0.56796932372 0.811068704942 
0.400964626855 0.516803477313 0.711630466797 0.619023304942 
0.39217951898 0.534554681617 0.83774492708 0.21502908952 
0.458619850912 0.647207611174 0.593827244281 0.605241248986 
0.397954465533 0.521583030768 0.728457154909 0.655665099156 
0.447783008805 0.261786430376 0.764090354363 0.563934933301 
0.456148213414 0.730171690508 0.711748852978 0.146713448356 
0.423134355816 0.585831190013 0.542724494486 0.761290534981 
0.416322166218 0.913324495778 0.687808456119 0.432642314361 
0.5451680034 0.554734073072 0.827039227571 0.436367356572 
0.448225378281 0.829591588747 0.758171395868 0.181196346555 
0.391437755742 0.51661737818 0.849309396875 0.640033717537 
0.391773369963 0.571978341471 0.60863418413 0.708185569578 
