0.403235157825 0.457993483863 0.446961894879 0.481304416742 0.417286432909 0.824873151148 
0.41190401086 0.499346952731 0.539298139339 0.670016318535 0.622751412818 0.498936160126 
0.40312038021 0.455874449661 0.442938298401 0.476078721126 0.806158619025 0.327522590988 
0.403248979049 0.457946322116 0.446646761375 0.489528838351 0.440394207306 0.854915677995 
0.403198932582 0.472851421304 0.457282507904 0.508212045887 0.698790769327 0.586613492768 
0.408409197276 0.393810066798 0.764800592363 0.678869312279 0.745776394134 0.443656462827 
0.415209505961 0.471743579612 0.518777769654 0.551978481711 0.621248270467 0.611861288201 
0.402681678868 0.457713853943 0.444844643272 0.480157072711 0.634663239134 0.732597861724 
0.410008785547 0.576557359522 0.640572842291 0.719963455226 0.802910973764 0.215090481284 
0.417595917579 0.470266352154 0.459886053255 0.801177131159 0.724197856103 0.137199725066 
0.402294049016 0.463652866053 0.450720354857 0.488717103342 0.72549295434 0.628886335308 
0.415463884588 0.470093746678 0.649660458994 0.635961116279 0.768994368486 0.27726806972 
0.436950489562 0.492303595683 0.619113704066 0.647802060114 0.595956908126 0.773572307016 
0.491939033724 0.571222141724 0.552440900731 0.614959627893 0.675769144217 0.511622617178 
0.40356519039 0.458987910976 0.452958614814 0.48780319046 0.268914121011 0.818909840228 
0.711641518218 0.64685404046 0.603611511877 0.613926398964 0.874329957764 0.320862428628 
0.401947857642 0.457209997919 0.444657528316 0.6481455573 0.742277618044 0.373609506199 
0.403694704947 0.466627218648 0.458183000085 0.754504218047 0.669867164261 0.614534194137 
0.471764373321 0.53620152555 0.541197388444 0.752783022347 0.76931783735 0.323985730614 
0.408732632802 0.471957748236 0.457984358237 0.510566918452 0.791693427629 0.580069293127 
0.459097502948 0.497495290634 0.482306916879 0.713785911532 0.787142997924 0.0901580330138 
0.411538013562 0.545082192623 0.594298368715 0.681937059073 0.758594778285 0.188036357425 
0.401947857642 0.457209997919 0.444657528316 0.6481455573 0.742277618044 0.373609506199 
0.408409197276 0.393810066798 0.764800592363 0.678869312279 0.745776394134 0.443656462827 
0.408409197276 0.393810066798 0.764800592363 0.678869312279 0.745776394134 0.443656462827 
0.494325509343 0.574269987311 0.555280397332 0.618545194388 0.778414634072 0.25555170361 
0.422665459074 0.480340346715 0.563571180893 0.595780279164 0.751736913019 0.376455749255 
0.402105388774 0.432224903336 0.707237818689 0.665303852926 0.723332870581 0.406818340246 
0.405134836054 0.477786632071 0.525613069862 0.708898472879 0.622074950267 0.508008887779 
0.394051109801 0.4367034406 0.422983045552 0.673309034117 0.679920078385 0.6876989259 
0.403176807997 0.458190009755 0.459676130043 0.407293004673 0.837634067139 0.424735312407 
0.471821371632 0.63305673759 0.551114449865 0.645203203892 0.608018883054 0.775045723844 
0.402294049016 0.463652866053 0.450720354857 0.488717103342 0.72549295434 0.628886335308 
0.403462738185 0.457224558217 0.408055850693 0.432776363123 0.855734073587 0.370091751032 
0.452080330349 0.503978170406 0.578306583312 0.58712654848 0.587092151625 0.644744865688 
0.405127843638 0.463639215536 0.463753384019 0.51803050135 0.728778885441 0.434758446877 
0.403480659859 0.458676868986 0.450909673886 0.485802681992 0.271939183468 0.801311144798 
0.479439909258 0.533682555394 0.519767610655 0.73229711503 0.625517183773 0.533801134659 
0.419350364354 0.470527697325 0.461746322884 0.786368995743 0.721050762274 0.134141696531 
0.411260933565 0.467036366666 0.53373758635 0.553762313026 0.655235548262 0.707655166657 
0.462342794549 0.578815743022 0.563467536803 0.656445217807 0.602363036073 0.599709383332 
0.384317914502 0.522625049595 0.521587643849 0.553658175179 0.653303611976 0.702204605362 
0.407682875626 0.535756371432 0.573953098057 0.638001465153 0.701064808876 0.563830192153 
0.403171732188 0.45831353185 0.449569847652 0.491618244363 0.678986665508 0.684396255916 
0.40304744016 0.457731325561 0.44870367685 0.453253730071 0.79700233406 0.381793519153 
0.410008785547 0.576557359522 0.640572842291 0.719963455226 0.802910973764 0.215090481284 
0.403434352009 0.458065756964 0.447065302603 0.480895875811 0.417723738354 0.894930290669 
0.307585076874 0.386784552618 0.387731147964 0.936896841056 0.750776261588 0.166776304171 
0.405101946712 0.438818681628 0.410184806421 0.432776363123 0.855734073587 0.370091751032 
0.387502762592 0.448586932125 0.438597028006 0.520102532262 0.716656535421 0.721362474478 
0.403248979049 0.457946322116 0.446646761375 0.489528838351 0.440394207306 0.854915677995 
0.403694704947 0.466627218648 0.458183000085 0.754504218047 0.669867164261 0.614534194137 
0.403472821703 0.456953122262 0.452308308479 0.433377195539 0.81472848767 0.400259803665 
0.415463884588 0.470093746678 0.649660458994 0.635961116279 0.768994368486 0.27726806972 
0.407179955369 0.472605588344 0.623730304292 0.641297757231 0.690758684392 0.354310605311 
0.277898512269 0.366633822571 0.373571530379 0.961306061955 0.755295388096 0.172467061405 
0.410962171842 0.482715588661 0.483540402434 0.667977406513 0.635903946528 0.49707207807 
0.399250494509 0.453386490505 0.441413019373 0.465891154719 0.816632536854 0.33634073484 
0.694041741994 0.638226729576 0.882295274074 0.825066337101 0.742051905451 0.0868341381801 
0.403272108724 0.457868224099 0.442471055733 0.612152152109 0.887004711512 0.172467061405 
0.388130376487 0.519702848965 0.519415142934 0.553282130074 0.646269395802 0.682363915714 
0.417341643506 0.535222937551 0.579707104083 0.669456530192 0.744308051761 0.179361811812 
0.404044691867 0.455322747304 0.45798699308 0.412098494499 0.833437577709 0.420202115656 
0.40229452802 0.463648527222 0.45071730959 0.488711539126 0.725502603981 0.628905530262 
0.405127843638 0.463639215536 0.463753384019 0.51803050135 0.728778885441 0.434758446877 
0.408409197276 0.393810066798 0.764800592363 0.678869312279 0.745776394134 0.443656462827 
0.403707435611 0.45402301218 0.481887349308 0.719859691955 0.783362113568 0.372541834858 
0.434366408708 0.352877422212 0.373571530379 0.961306061955 0.755295388096 0.172467061405 
0.599083676246 0.564446474066 0.538327924947 0.624228450718 0.593698858678 0.701305818147 
0.408409197276 0.393810066798 0.764800592363 0.678869312279 0.745776394134 0.443656462827 
0.403495248328 0.457114786782 0.402186646584 0.742474195734 0.619824814885 0.707713166811 
0.407179955369 0.472605588344 0.623730304292 0.641297757231 0.690758684392 0.354310605311 
0.403303654727 0.45776170811 0.436775912186 0.779395112662 0.854851780158 0.10782682158 
0.401055328348 0.471060291625 0.455666590015 0.755272459029 0.670165432645 0.615604207039 
0.408732632802 0.471957748236 0.457984358237 0.510566918452 0.791693427629 0.580069293127 
0.392488158188 0.51616193279 0.516769820094 0.552843875757 0.637960254663 0.658937807804 
0.471764373321 0.53620152555 0.541197388444 0.752783022347 0.76931783735 0.323985730614 
0.387554507196 0.520153873977 0.519750979174 0.553339294296 0.647344493774 0.685395819783 
0.415418296936 0.370683104356 0.795113142995 0.685278992589 0.757726169067 0.463442331953 
0.411538013562 0.545082192623 0.594298368715 0.681937059073 0.758594778285 0.188036357425 
0.402105388774 0.432224903336 0.707237818689 0.665303852926 0.723332870581 0.406818340246 
0.471821371632 0.63305673759 0.551114449865 0.645203203892 0.608018883054 0.775045723844 
0.409721787641 0.519850804557 0.58904156993 0.774192991686 0.709349101018 0.305657166052 
0.392488158188 0.51616193279 0.516769820094 0.552843875757 0.637960254663 0.658937807804 
0.414290595892 0.46471560769 0.534829433096 0.851025330399 0.638703800829 0.662006810596 
0.403462738185 0.457224558217 0.408055850693 0.432776363123 0.855734073587 0.370091751032 
0.377258284266 0.527695977647 0.525344845246 0.554344343241 0.665904306599 0.737764566138 
0.277898512269 0.366633822571 0.373571530379 0.961306061955 0.755295388096 0.172467061405 
0.401947857642 0.457209997919 0.444657528316 0.6481455573 0.742277618044 0.373609506199 
0.403309975379 0.457762193566 0.394693695166 0.751663067705 0.622323103689 0.724049700432 
0.415074832824 0.514509906934 0.573138138921 0.73899358999 0.699985620086 0.287009769582 
0.402321430677 0.442653767628 0.625663257118 0.697127341772 0.720681785304 0.402498620747 
0.422665459074 0.480340346715 0.563571180893 0.595780279164 0.751736913019 0.376455749255 
0.447327962824 0.57384575506 0.575423456332 0.619250561719 0.615492718616 0.668052221967 
0.401947857642 0.457209997919 0.444657528316 0.6481455573 0.742277618044 0.373609506199 
0.436950489562 0.492303595683 0.619113704066 0.647802060114 0.595956908126 0.773572307016 
0.369838359472 0.657682949773 0.580276833599 0.727344879072 0.670170668877 0.615622996648 
0.405127843638 0.463639215536 0.463753384019 0.51803050135 0.728778885441 0.434758446877 
0.403303654727 0.45776170811 0.436775912186 0.779395112662 0.854851780158 0.10782682158 
0.402512096427 0.457513913176 0.446524761726 0.489509520902 0.441741281311 0.893854693791 
