0.51568872213 0.39477678671 0.447192947827 0.642560040998 0.797582294604 0.561769393856 
0.52507130049 0.412803587831 0.474685000108 0.53015037158 0.808764120203 0.303605453049 
0.509033848637 0.396041283905 0.391989623946 0.792536113889 0.842238022773 0.0324274526845 
0.542421346456 0.44605356829 0.690225559644 0.651266905201 0.85658441076 0.15968449042 
0.539652106418 0.424024720019 0.53585851751 0.501876359599 0.679351545537 0.459178894579 
0.577211655658 0.453545886444 0.533198078374 0.654342016819 0.725111689406 0.134015997817 
0.515361667191 0.398820940716 0.458453200537 0.393018154135 0.872412323863 0.177506765854 
0.577813383926 0.451074789641 0.557088640436 0.555604380316 0.655211914979 0.517794031145 
0.505451796959 0.390049268052 0.529617636616 0.505336940561 0.574147009325 0.800527430495 
0.532273768696 0.425421844517 0.48882934584 0.454987761634 0.686374735438 0.571472315226 
0.500119475858 0.384239751952 0.699913342892 0.645708445054 0.845821400782 0.277093848544 
0.508377949756 0.394681038396 0.432834740468 0.808345888342 0.767275363755 0.0727348354781 
0.535834064337 0.415440578326 0.477333748818 0.50546227709 0.820434691929 0.623673392003 
0.516028475178 0.399858750477 0.483988124957 0.476048756828 0.473767665506 0.707565167623 
0.526151592375 0.407195322147 0.7220582796 0.660749843623 0.716669242949 0.411628534905 
0.533967620043 0.415082904946 0.523484607947 0.585165748248 0.723870393208 0.191716137254 
0.515128502183 0.399145980719 0.458565679593 0.424246259331 0.473478073055 0.738867394822 
0.484432467507 0.369803054802 0.432640553001 0.767011077852 0.809477179295 0.0536790031644 
0.656019567516 0.505294435695 0.722355509847 0.691493575695 0.822577187278 0.0242631345938 
0.573912128772 0.488279674393 0.544301303038 0.548657641517 0.775641143245 0.0919248148579 
0.51528261288 0.414814635131 0.505989693772 0.582134829721 0.786184976048 0.587316750654 
0.509810767584 0.393423780207 0.64364060884 0.696845007789 0.823786983366 0.0483775519955 
0.519810429029 0.454021310181 0.577665596114 0.736913801385 0.657181636588 0.620672647964 
0.639782515187 0.538154288839 0.639097197636 0.634064253173 0.637383473329 0.579147821922 
0.547298258473 0.424251356054 0.709268341488 0.637899415518 0.67427281771 0.495085393147 
0.515903576157 0.401256137211 0.462816005778 0.420607640677 0.486414993998 0.712946734361 
0.50488249057 0.392431415465 0.449896223312 0.571437339038 0.793619952926 0.383973362806 
0.516799450676 0.400564860703 0.460767668247 0.419884292666 0.488124630565 0.731866211446 
0.52507130049 0.412803587831 0.474685000108 0.53015037158 0.808764120203 0.303605453049 
0.541323552528 0.421647394282 0.513507703845 0.651628368583 0.726239550623 0.428670674731 
0.656019567516 0.505294435695 0.722355509847 0.691493575695 0.822577187278 0.0242631345938 
0.568708750447 0.438034019777 0.520464444193 0.614195327331 0.659511730051 0.688198564216 
0.539348639425 0.42452442211 0.531605145347 0.503728821227 0.669080261573 0.441867393498 
0.519810429029 0.454021310181 0.577665596114 0.736913801385 0.657181636588 0.620672647964 
0.639782515187 0.538154288839 0.639097197636 0.634064253173 0.637383473329 0.579147821922 
0.533967620043 0.415082904946 0.523484607947 0.585165748248 0.723870393208 0.191716137254 
0.680905016155 0.584022363087 0.698653020724 0.706587596913 0.708018812061 0.421100719021 
0.515903576157 0.401256137211 0.462816005778 0.420607640677 0.486414993998 0.712946734361 
0.516240371552 0.400784194757 0.465172549052 0.421098143588 0.477129589198 0.791137870533 
0.515980101103 0.385282067204 0.309781506993 0.962209168752 0.806428542101 0.0894747627381 
0.539652106418 0.424024720019 0.53585851751 0.501876359599 0.679351545537 0.459178894579 
0.51603958226 0.392365497775 0.440790472217 0.653163842201 0.813373120242 0.585919173497 
0.527276739487 0.410806872717 0.486096395913 0.445507144638 0.461905657957 0.734992842281 
0.505451796959 0.390049268052 0.529617636616 0.505336940561 0.574147009325 0.800527430495 
0.523795213999 0.44832200845 0.562188965212 0.68881159713 0.647468415923 0.565630069252 
0.539652106418 0.424024720019 0.53585851751 0.501876359599 0.679351545537 0.459178894579 
0.526734217922 0.418368988638 0.505163765743 0.455688473426 0.469509226521 0.942285817395 
0.535570623371 0.427377156547 0.491784304608 0.657066111919 0.8000575827 0.243423901207 
0.515634013453 0.394126111617 0.491741204705 0.498563140359 0.477334856609 0.847701757421 
0.497131296667 0.381360897499 0.705671188314 0.648247156166 0.850895738334 0.280629012544 
0.580395828607 0.471914325672 0.553090196202 0.529330324471 0.535376089924 0.696052769359 
0.518027790678 0.414932850918 0.468806537616 0.456113403525 0.915576055699 0.145566951393 
0.505455747496 0.389584778198 0.449635793623 0.735983239151 0.792463754566 0.0506819787248 
0.484432467507 0.369803054802 0.432640553001 0.767011077852 0.809477179295 0.0536790031644 
0.542193446153 0.420284816947 0.66906490781 0.602061541732 0.634038503143 0.569527598593 
0.542421346456 0.44605356829 0.690225559644 0.651266905201 0.85658441076 0.15968449042 
0.455454719144 0.373729962953 0.342997202797 0.327494998915 0.934487072955 0.202944716026 
0.515497000035 0.399389085176 0.458988701682 0.409530170558 0.86107615374 0.243595603283 
0.500119475858 0.384239751952 0.699913342892 0.645708445054 0.845821400782 0.277093848544 
0.714276284225 0.890206940716 0.74533188826 0.789950636135 0.81398290831 0.0403371441452 
0.516194201857 0.390127458997 0.435087162441 0.72710408672 0.934241346077 0.0439305094458 
0.5367533668 0.417666657083 0.558484563381 0.489596244344 0.755455469086 0.588418659981 
0.497658569669 0.572476716607 0.71548995143 0.781523360916 0.756237942252 0.150129646067 
0.531456817914 0.417327709505 0.482214082289 0.479217675708 0.474307851427 0.726909170464 
0.515595778904 0.399785956967 0.459367524644 0.419317324685 0.850761288335 0.237840725731 
0.532284649941 0.425435806678 0.488855105908 0.455036124101 0.686270545531 0.571256707193 
0.537619295523 0.430220812727 0.495120793004 0.681830446339 0.643881166171 0.546429049777 
0.532584967196 0.423232921159 0.513364331396 0.656844959061 0.729726192295 0.434471529581 
0.714276284225 0.890206940716 0.74533188826 0.789950636135 0.81398290831 0.0403371441452 
0.548041043122 0.433633620707 0.55805440669 0.536142137176 0.758571586887 0.207880672188 
0.512814813082 0.397457043918 0.437690696155 0.750261735685 0.800252057829 0.052050200408 
0.519810429029 0.454021310181 0.577665596114 0.736913801385 0.657181636588 0.620672647964 
0.501122093569 0.385211420134 0.697943972103 0.644836943069 0.844087792035 0.275886257721 
0.455454719144 0.373729962953 0.342997202797 0.327494998915 0.934487072955 0.202944716026 
0.708521411176 0.505107044929 0.588582178457 0.748099456339 0.662226571475 0.502351550043 
0.506424184789 0.393480740891 0.4242173915 0.82120609793 0.770550476358 0.0740473647479 
0.528603283735 0.41354873548 0.631366636983 0.614173274578 0.78595800827 0.235454535336 
0.515903576157 0.401256137211 0.462816005778 0.420607640677 0.486414993998 0.712946734361 
0.515361667191 0.398820940716 0.458453200537 0.393018154135 0.872412323863 0.177506765854 
0.509582714163 0.396412822063 0.382849377528 0.80306383806 0.849213494728 0.0330815171631 
0.533797047633 0.512333425492 0.529959220137 0.80806570281 0.853648629874 0.0265747109707 
0.584612431246 0.508300915223 0.548653017602 0.545691964526 0.805327740801 0.0992319233724 
0.524032543209 0.447951396525 0.561211518578 0.685815831387 0.646843138955 0.562238262276 
0.525239068855 0.459474114963 0.496771647587 0.717236726176 0.770052793928 0.502036676871 
0.530368161465 0.410200300891 0.773821565808 0.659718280207 0.685808458659 0.540806832901 
0.46633256261 0.353540888132 0.419954131407 0.789442668289 0.821986821099 0.0559006807508 
0.524000547375 0.438830116803 0.544460123977 0.547029249083 0.727369871827 0.493559394352 
0.52051017251 0.453078380522 0.575048266484 0.728695530048 0.655561788169 0.6111942322 
0.515292629617 0.414822812815 0.50598422823 0.582034824532 0.785924208104 0.586900934488 
0.509075400314 0.3960722339 0.391061559013 0.793616277417 0.842951122341 0.0324942583223 
0.522157480772 0.408802497897 0.469296032909 0.52460905898 0.84388593337 0.329882914691 
0.521586694246 0.441677814919 0.553336552559 0.553336480972 0.75090723214 0.531072869036 
0.515547072345 0.399680699284 0.459415196351 0.686022280124 0.87361847766 0.0386071535743 
0.637019324348 0.488786125076 0.609276414664 0.646656311318 0.745038955366 0.109845044271 
0.530112599091 0.419988038896 0.509484842245 0.727998948274 0.777237585594 0.514150986297 
0.530505397397 0.420512864608 0.510269378016 0.717236726176 0.770052793928 0.502036676871 
0.515930068862 0.376696005498 0.595935204571 0.765982293021 0.663003454378 0.655673403719 
0.538381327902 0.431096656926 0.499406968792 0.62823369924 0.768212021649 0.221784741036 
0.552143866924 0.569429137845 0.712388715945 0.778607572584 0.755534161443 0.149392652295 
0.517168468346 0.400921243703 0.52896158161 0.630782185753 0.775585655173 0.226792363751 
