0.426976083243 0.441914563686 0.492135039846 0.551079644743 0.783032253883 0.139050746502 
0.401732621027 0.405122540308 0.445651863957 0.562683463724 0.786584966367 0.42216975656 
0.400099334258 0.4950406491 0.506074361446 0.522453359347 0.518941927728 0.720219660969 
0.383563480424 0.378093491315 0.446959197693 0.53843845086 0.745338795159 0.417329989328 
0.392116013119 0.397868282171 0.540506983956 0.667198896567 0.728607519601 0.417833552371 
0.377133979317 0.374085947687 0.398628461007 0.667010676546 0.659560127943 0.561843378517 
0.381575867218 0.382081960035 0.408648733934 0.509159194434 0.690970559643 0.574454963781 
0.384223382606 0.379558567384 0.426318426443 0.893253138126 0.75253271573 0.276754911001 
0.420926182205 0.407591335644 0.459885522871 0.533130315927 0.810556455366 0.238236221072 
0.374633155389 0.383860684247 0.408594101565 0.516241291774 0.778543364832 0.562727787064 
0.370008306536 0.365194164271 0.466536158461 0.473548978319 0.461535194013 0.851476781825 
0.376814225916 0.402681380864 0.506767731868 0.549515369356 0.558740678722 0.654680103918 
0.401259620563 0.447145866248 0.459480473817 0.686304439661 0.749717634278 0.00265043758507 
0.376187302296 0.369205671318 0.416942486277 0.454978019125 0.471716345153 0.77819742982 
0.379420171452 0.376357776413 0.463744587132 0.689991754839 0.747946737815 0.147547644054 
0.377529756359 0.371161424253 0.399783849477 0.436463518575 0.469459287309 0.804720884593 
0.381120143216 0.377966861071 0.410496370219 0.47234051342 0.537509253805 0.758947678781 
0.374308267528 0.367874889617 0.390712773313 0.537407556224 0.675806568428 0.563561970039 
0.413882282663 0.416990864188 0.450309773509 0.478059595832 0.873168146229 0.0269706938712 
0.36450944395 0.361303022288 0.375367680698 0.734471634715 0.795457642983 0.0919739914148 
0.377840219932 0.371161802445 0.404098860741 0.634927693533 0.743848890006 0.346615839047 
0.407772716825 0.405796578994 0.55222498668 0.549545568903 0.560391818669 0.652825458684 
0.386136796115 0.388031806669 0.445945151639 0.62181111319 0.693336548717 0.457595400779 
0.393413579477 0.401614054461 0.470708586079 0.546699679869 0.770709253533 0.307342669281 
0.385794034381 0.382382423989 0.419425105409 0.598066681424 0.559425325599 0.715381854365 
0.342216111274 0.325303053687 0.674733546011 0.634033516244 0.898826573152 0.210408007365 
0.400297032745 0.421621571614 0.444979167346 0.541865191683 0.747037240759 0.271178283031 
0.377609045398 0.369373021696 0.39978394107 0.432216535334 0.455669791932 0.803212584026 
0.3774558776 0.369238814428 0.402252129823 0.659730145429 0.700134724152 0.552423237015 
0.39744555064 0.541517659623 0.615757226678 0.622429522697 0.692461071326 0.545810550884 
0.37713674162 0.394666730902 0.410793008504 0.51639197153 0.671906428275 0.571353193796 
0.347523260662 0.333046989012 0.346202292258 0.384232533082 0.941773930562 0.265515708205 
0.425486656457 0.561338883061 0.529868566595 0.614326308642 0.66126876706 0.591432965282 
0.35836773834 0.348299818934 0.364397194087 0.675363831346 0.666576487268 0.602316986978 
0.412165022782 0.426172782196 0.450598259792 0.710057619544 0.738629196254 0.297810810101 
0.381158757653 0.378016881188 0.410549048977 0.472119551848 0.536378954852 0.752196335223 
0.342216111274 0.325303053687 0.674733546011 0.634033516244 0.898826573152 0.210408007365 
0.401732621027 0.405122540308 0.445651863957 0.562683463724 0.786584966367 0.42216975656 
0.377609045398 0.369373021696 0.39978394107 0.432216535334 0.455669791932 0.803212584026 
0.409414060487 0.421326312148 0.442150243948 0.752225908052 0.75406274897 0.320652071885 
0.391561600958 0.404683982157 0.43884470456 0.460114963335 0.483697158232 0.741840109944 
0.526298447427 0.472104066564 0.730387025572 0.67970789661 0.68964689552 0.418001941662 
0.395898936149 0.447725919657 0.45125018559 0.731371741878 0.765557791018 0.00286735784675 
0.376187302296 0.369205671318 0.416942486277 0.454978019125 0.471716345153 0.77819742982 
0.392116013119 0.397868282171 0.540506983956 0.667198896567 0.728607519601 0.417833552371 
0.376814225916 0.402681380864 0.506767731868 0.549515369356 0.558740678722 0.654680103918 
0.393498920674 0.404335208597 0.617528682262 0.626819206538 0.74166515844 0.321760979095 
0.409708371326 0.498388079229 0.485599596266 0.552976140977 0.580038154191 0.690627684681 
0.35836773834 0.348299818934 0.364397194087 0.675363831346 0.666576487268 0.602316986978 
0.378056647343 0.374248143686 0.400622633105 0.432630518217 0.453790687271 0.767747836406 
0.385966684048 0.389063740575 0.414438046027 0.467132459049 0.445174864131 0.823848861231 
0.43778841145 0.414031001381 0.438183344811 0.538624272145 0.800330643599 0.311605393682 
0.3774558776 0.369238814428 0.402252129823 0.659730145429 0.700134724152 0.552423237015 
0.40166671127 0.405119820722 0.445755871905 0.562006851858 0.782992001074 0.418235667714 
0.381575867218 0.382081960035 0.408648733934 0.509159194434 0.690970559643 0.574454963781 
0.377421511056 0.371702081631 0.396676318642 0.517978566804 0.682869076167 0.594539150908 
0.504757990755 0.477093450669 0.558887022303 0.682096958423 0.73010010085 0.303050244134 
0.370008306536 0.365194164271 0.466536158461 0.473548978319 0.461535194013 0.851476781825 
0.430196271719 0.428420384557 0.491793090684 0.60834369102 0.730358691031 0.071878913455 
0.382251607407 0.380801472294 0.435886285439 0.676047236864 0.729327383519 0.530697250944 
0.373824400735 0.367428098183 0.45293900947 0.469281102709 0.459878225192 0.778383039978 
0.377560838938 0.370491516236 0.395724735653 0.42937944862 0.888344803313 0.082919733314 
0.484232884903 0.444777135654 0.50472848433 0.503905178412 0.631440835367 0.715028364393 
0.362223021064 0.44083037611 0.463463882474 0.885522789313 0.75172765148 0.27478074633 
0.377592835343 0.370254847903 0.381675634393 0.661359362586 0.768503875771 0.375845919554 
0.441266354113 0.457241347849 0.504546724855 0.548936767872 0.838498738383 0.158806679761 
0.384223382606 0.379558567384 0.426318426443 0.893253138126 0.75253271573 0.276754911001 
0.329141797882 0.311574257136 0.318841528893 0.363052862735 0.975907496543 0.283554433286 
0.360825037614 0.509300003505 0.751528308085 0.686416382406 0.691326089014 0.427055698471 
0.39145355246 0.38969619013 0.459935237941 0.522623536291 0.885993775569 0.281174874259 
0.400689544495 0.569503836743 0.651751799908 0.654185150893 0.73785117601 0.439733732154 
0.379256248103 0.371539933599 0.448810201844 0.467854802539 0.45933840154 0.756037684894 
0.376957894119 0.36887280192 0.417054872475 0.455070703627 0.471905449825 0.780829813963 
0.371630627344 0.365904909129 0.456517996029 0.470471436468 0.460333690196 0.797802471617 
0.377488594844 0.36987481931 0.394941912277 0.446575940994 0.693278067121 0.578981790391 
0.342216111274 0.325303053687 0.674733546011 0.634033516244 0.898826573152 0.210408007365 
0.376814225916 0.402681380864 0.506767731868 0.549515369356 0.558740678722 0.654680103918 
0.401681649287 0.441765295915 0.475060319985 0.799319066765 0.738532097699 0.245067107194 
0.41380910805 0.428379254568 0.448593963213 0.479659375221 0.869353578972 0.0267551027336 
0.389599804651 0.393083937062 0.545455073629 0.584663619289 0.769952961415 0.230923369768 
0.412449609387 0.394619070487 0.431200848866 0.68085713452 0.732520104342 0.537246571582 
0.378056647343 0.374248143686 0.400622633105 0.432630518217 0.453790687271 0.767747836406 
0.393654181338 0.426677087375 0.429740644356 0.532559985252 0.888232229627 0.37907557614 
0.379420171452 0.376357776413 0.463744587132 0.689991754839 0.747946737815 0.147547644054 
0.377423926701 0.369003060378 0.403804179288 0.712963750424 0.765734469159 0.390397273081 
0.38275497983 0.38579907207 0.425193202333 0.512432081564 0.777022033541 0.432792885951 
0.388973923331 0.391953873729 0.548008046599 0.585609547694 0.772588820569 0.232678308295 
0.375945421202 0.366518177399 0.419817274069 0.457365452803 0.476601811616 0.846211017487 
0.377455655127 0.369237172882 0.402262936682 0.660100808932 0.840492313187 0.184379424253 
0.38869201264 0.394403614708 0.442361368748 0.565145635394 0.795653503368 0.432102174384 
0.377548746042 0.372059659405 0.397682596877 0.429697188697 0.462040224478 0.92516529367 
0.426976083243 0.441914563686 0.492135039846 0.551079644743 0.783032253883 0.139050746502 
0.384188858295 0.384546842705 0.441957911359 0.646511921512 0.70973062778 0.490713585264 
0.398486632826 0.424923397892 0.439399531248 0.539293427223 0.789876778379 0.303640450892 
0.401709925504 0.405121549495 0.445687469497 0.56244963686 0.785342711878 0.420809484315 
0.386264558522 0.388837291494 0.516532735053 0.536431305935 0.750727190194 0.382940358727 
0.398486632826 0.424923397892 0.439399531248 0.539293427223 0.789876778379 0.303640450892 
0.350680422072 0.350017252386 0.805515171991 0.721994207447 0.737129888252 0.339142973216 
0.382557695769 0.378228622928 0.402775271945 0.47866234427 0.459126398208 0.747462098001 
0.428822758727 0.45311234336 0.500015454492 0.54973574451 0.816575651645 0.150984164623 
