0.435722091112 0.343131401845 0.443878391463 0.528597925882 0.83494559546 0.263001858659 
0.423212480042 0.332740331987 0.378448573477 0.392705013286 0.955072354457 0.0896027247104 
0.427158768957 0.335154993166 0.386372394166 0.406687323347 0.535592580845 0.653074366589 
0.461976841488 0.359644478273 0.462126109815 0.51795226568 0.796298298136 0.340256393628 
0.422620312527 0.340423028324 0.389234705587 0.33028728582 0.351205563676 0.8054474161 
0.432906807816 0.343145517078 0.395447632106 0.419255646 0.445671316624 0.749952951267 
0.423840275208 0.336287755707 0.39104896331 0.439396245866 0.783353324749 0.663628649173 
0.414550384296 0.420348963156 0.451552322684 0.522329784529 0.614716162064 0.773623340193 
0.429115135566 0.344435176929 0.3982171788 0.442569168174 0.761662518038 0.573040549897 
0.491057542423 0.381605958055 0.443485457507 0.505594629944 0.900098559786 0.0879865654799 
0.373605038933 0.316874319823 0.569866655996 0.643526285535 0.96937290618 0.00532535113145 
0.433713261086 0.340123162369 0.472314124372 0.625866376028 0.686910897627 0.468224561769 
0.441079110523 0.345626849999 0.681068118174 0.734893740611 0.771900556529 0.124151719084 
0.414242219356 0.3252364259 0.731085454175 0.699138346765 0.726513714053 0.466265411309 
0.470607954214 0.357005785472 0.470930403333 0.53912666943 0.600721993116 0.614971558967 
0.404547703693 0.327378693668 0.376611669413 0.594106224161 0.715072648261 0.763448724648 
0.457216335697 0.35730361755 0.429884035853 0.707282369897 0.646824931091 0.582603761385 
0.451555114371 0.348150801413 0.449761711159 0.515535044541 0.718926070985 0.458429338145 
0.426443740383 0.335726117513 0.394603152698 0.423734176172 0.676204242023 0.618797627241 
0.422183498041 0.34489097623 0.510661597115 0.699284572089 0.664949060165 0.568281593898 
0.425990454532 0.327105620843 0.441211333627 0.915341940866 0.820197278018 0.105220849452 
0.427620467854 0.337611119242 0.392359917388 0.477747935266 0.509551099678 0.686510671635 
0.429788728852 0.352157112349 0.475209175512 0.481794133123 0.672661402022 0.640751619677 
0.427090237764 0.337005160589 0.387348400721 0.598810048778 0.773329492248 0.414813077607 
0.430242699034 0.335989034265 0.388086977511 0.406991213847 0.706450042507 0.58702040907 
0.426027881069 0.326160526406 0.376929721055 0.72077607845 0.758101333866 0.519993421878 
0.517383008878 0.460481838905 0.752830603164 0.698897942681 0.777393280444 0.343077325013 
0.431378983329 0.358093539307 0.42427434969 0.505019541338 0.539546189123 0.637557299068 
0.472669946384 0.425116253256 0.526869219907 0.576361594141 0.666319280717 0.541550464601 
0.432268433291 0.340835198174 0.40800228657 0.423602613056 0.456295060951 0.744525926319 
0.425636110671 0.326471705124 0.358303900261 0.344629645068 0.295465029665 0.754305089796 
0.424932953129 0.344277598289 0.392514391349 0.412284749387 0.474048407611 0.746888320976 
0.412427321811 0.327142742859 0.350543052145 0.348532243314 0.904417457735 0.181085625509 
0.424840538674 0.333840524316 0.396691830359 0.420996675341 0.593504244922 0.687060399692 
0.421754671441 0.430023776196 0.555932716325 0.634557651698 0.842200842293 0.0752411611874 
0.448192552432 0.37935861474 0.475488605718 0.514227425666 0.834461670408 0.192749852506 
0.424661867025 0.333893757029 0.386011366582 0.517717379305 0.571992892568 0.67711780046 
0.424582562526 0.342238079505 0.40635978866 0.43669129071 0.526997546672 0.651805973824 
0.424192144656 0.333469943462 0.383327181925 0.389893381665 0.917752816632 0.119170964673 
0.423832837895 0.333169820183 0.347068110807 0.645501876108 0.870460897469 0.28081984863 
0.424889399546 0.334206924827 0.396817953653 0.413525045576 0.916452743075 0.0848740368385 
0.423832837895 0.333169820183 0.347068110807 0.645501876108 0.870460897469 0.28081984863 
0.427012834813 0.335315059881 0.479538748839 0.656644782721 0.698172398369 0.500097286237 
0.425161334186 0.333978709899 0.352797377308 0.37156279952 0.80170686432 0.521419510688 
0.391443607576 0.478316678254 0.506142578459 0.628064386487 0.928038113404 0.00491354083254 
0.447365405334 0.343513705376 0.396186304596 0.545507378963 0.658823580921 0.60558753614 
0.427268270899 0.319865245016 0.371796810636 0.733479287572 0.764476634549 0.533274652681 
0.430902625421 0.346880876095 0.402530130938 0.452617608384 0.741569967908 0.539597475034 
0.36600878274 0.314610104648 0.347876122934 0.369558337469 0.755015110431 0.693294915633 
0.432268433291 0.340835198174 0.40800228657 0.423602613056 0.456295060951 0.744525926319 
0.426363167595 0.334682452953 0.385507150977 0.405300453449 0.536902152437 0.661107665378 
0.459718987362 0.352530411355 0.469578500176 0.549433817758 0.804671064639 0.246849913263 
0.422620312527 0.340423028324 0.389234705587 0.33028728582 0.351205563676 0.8054474161 
0.429974579195 0.352242097559 0.474274718017 0.481775042062 0.670840801689 0.636077737272 
0.422862735919 0.407851446317 0.446787577508 0.513459117279 0.60452419514 0.726755830024 
0.427644761311 0.335873564487 0.716747858453 0.757267118036 0.777053759481 0.129058200005 
0.450777636474 0.345081241588 0.456345677588 0.5192583292 0.761304454055 0.522677209202 
0.42439670937 0.333584696771 0.394985261092 0.418298391279 0.598179594833 0.706130793689 
0.399589480702 0.45212832083 0.587109288425 0.658150308427 0.877322312798 0.0821148611378 
0.424959038185 0.334280379641 0.397743533886 0.414362799052 0.915194291569 0.0846561684629 
0.434042225644 0.34172401528 0.435058477754 0.510141048272 0.776170633164 0.426220886052 
0.42156687774 0.324707142993 0.340250920163 0.364448740625 0.896902083752 0.178038225145 
0.42884740795 0.344021461824 0.397542668137 0.440928220569 0.764907935086 0.578478656327 
0.431395730116 0.336405168358 0.45819494354 0.66503785125 0.85795889248 0.217376272388 
0.461976841488 0.359644478273 0.462126109815 0.51795226568 0.796298298136 0.340256393628 
0.424390111196 0.33372207482 0.383869398695 0.501116041455 0.517876456975 0.800993354181 
0.424192144656 0.333469943462 0.383327181925 0.389893381665 0.917752816632 0.119170964673 
0.434124910653 0.337984345514 0.52114166069 0.602187513884 0.859136337259 0.00422712646985 
0.422213546138 0.341404630912 0.389957294085 0.328862868865 0.350280893955 0.816583577328 
0.476785650813 0.370558929523 0.478264028009 0.560461422505 0.804979544108 0.189884143361 
0.421541991251 0.372693694041 0.438575313863 0.560361613504 0.554727418851 0.80797161656 
0.423294042948 0.342295003819 0.391903865151 0.683154306902 0.73933423418 0.481258737622 
0.42433491466 0.33667944265 0.391764285971 0.416690390164 0.84756454309 0.158847048032 
0.435094754544 0.342833418934 0.410803326028 0.427478806258 0.571146286593 0.649275104906 
0.439141986056 0.340607626767 0.515243855967 0.597409656417 0.846464780411 0.00410089677379 
0.431052537072 0.356376538905 0.495954060113 0.499831685694 0.838483094983 0.377285861522 
0.433713261086 0.340123162369 0.472314124372 0.625866376028 0.686910897627 0.468224561769 
0.425094050655 0.320120387475 0.366735532568 0.378543491052 0.561421045002 0.822191823107 
0.424905404092 0.333929732028 0.481470228878 0.665513962791 0.701373106276 0.50933179376 
0.424413073174 0.333805968611 0.378333385001 0.360262548548 0.812526854418 0.478492161824 
0.422494245655 0.338111777101 0.529353287188 0.753663746697 0.673032450256 0.624673076699 
0.449323735727 0.352231848556 0.418053579875 0.769972161695 0.651997074981 0.646388098401 
0.424338427237 0.336758285007 0.396170351961 0.415113265742 0.84756454309 0.158847048032 
0.432723487307 0.339431697461 0.46306502481 0.602585775213 0.830793780174 0.00394479143076 
0.426513179134 0.336326818328 0.389478936359 0.486509673143 0.51268613736 0.7288387404 
0.421541087187 0.346661952667 0.391907974777 0.41080798254 0.483140372304 0.899493473233 
0.438081881721 0.298912984801 0.357391438308 0.353435835981 1.01003486566 0.0992001403591 
0.422807191464 0.33211587143 0.371931204816 0.38021683075 0.735725233636 0.768823154745 
0.421451882934 0.329191912591 0.449989935606 0.483885881799 0.501292875453 0.725650908109 
0.432410131151 0.357537634138 0.49362981106 0.502649748547 0.823569553876 0.364163899154 
0.446845204423 0.360823411548 0.434458851023 0.674852484943 0.643638896407 0.550629586212 
0.423657541132 0.333021302228 0.349389391532 0.643656243322 0.867097360406 0.278651668519 
0.424964869304 0.334228122068 0.389709135882 0.414025635065 0.48320991415 0.900665762673 
0.409614599388 0.324988063964 0.49282738691 0.72409844363 0.722124751226 0.570850460038 
0.42111085511 0.3324299352 0.382153335421 0.579624089382 0.698059026529 0.715657528089 
0.431395730116 0.336405168358 0.45819494354 0.66503785125 0.85795889248 0.217376272388 
0.427644761311 0.335873564487 0.716747858453 0.757267118036 0.777053759481 0.129058200005 
0.432723487307 0.339431697461 0.46306502481 0.602585775213 0.830793780174 0.00394479143076 
0.432268433291 0.340835198174 0.40800228657 0.423602613056 0.456295060951 0.744525926319 
0.325795247866 0.578286162117 0.567170267004 0.745347592381 0.793338452863 0.594044193101 
