0.274712760025 0.356929203328 0.565199391068 0.579780246232 0.88657330935 0.0733878551874 
0.28175321884 0.371908781823 0.428202408298 0.407277943629 0.448367039761 0.919628751965 
0.282270201917 0.375350741169 0.486374257078 0.468161470456 0.508582310139 0.743985924918 
0.281470651199 0.371339185365 0.589514587432 0.703716486932 0.757237157072 0.253151807963 
0.281949377833 0.372169699265 0.425256756867 0.43945817802 0.553714212979 0.748418498442 
0.334397777854 0.415302845451 0.476525819113 0.757096595178 0.857267649828 0.0743533081397 
0.281520409868 0.344861974677 0.406262541654 0.468936633508 0.491837721774 0.914938496678 
0.283789534126 0.378632815449 0.4369936439 0.601185417422 0.841043493596 0.16363580797 
0.287879462097 0.382085990082 0.569128406743 0.536200585997 0.668270441259 0.652781604908 
0.281961741011 0.372345822061 0.425368298222 0.413522565164 0.834974947106 0.346322811688 
0.273105793767 0.356818520872 0.408316140611 0.546093502851 0.874245876749 0.26470015302 
0.310841352348 0.427692578562 0.501094676804 0.519697303482 0.620663271318 0.583162196931 
0.282239407877 0.370276136044 0.42033656545 0.389099424748 0.599005532845 0.834482975919 
0.279005082067 0.469821363081 0.524955027294 0.693190120602 0.788459630668 0.186926062552 
0.291937226741 0.414181044187 0.483961597501 0.617593901185 0.682166391274 0.647405845483 
0.282114137516 0.37328043484 0.440431247817 0.627345596915 0.77436145759 0.23141076039 
0.302606568765 0.407175165695 0.62202450765 0.587661272145 0.768440876267 0.395330747034 
0.266624595153 0.343428806512 0.560398607721 0.572710351018 0.808425126873 0.593447900279 
0.275810933219 0.366160434266 0.51335067017 0.512583752933 0.802285673793 0.511982439545 
0.337232025203 0.478309265026 0.569940203578 0.629088286137 0.807718607953 0.0641193303071 
0.278741852095 0.470202311489 0.525091765172 0.694516267866 0.789157476929 0.187392488175 
0.277537514333 0.367783447841 0.512238530186 0.512282346567 0.79336378794 0.500605744225 
0.312165389775 0.423060328849 0.47508561634 0.589693671342 0.651039863055 0.57093738927 
0.27602987077 0.36073227316 0.542308415824 0.555741116566 0.765780881622 0.528989519415 
0.30499111986 0.411201051495 0.644756594637 0.609382766122 0.809243251513 0.254207691503 
0.38223892698 0.481877548565 0.550640798903 0.558732760231 0.573491375052 0.642884084286 
0.283675702681 0.44179291424 0.531374396268 0.526419511924 0.641194628319 0.647046979031 
0.282270201917 0.375350741169 0.486374257078 0.468161470456 0.508582310139 0.743985924918 
0.282270201917 0.375350741169 0.486374257078 0.468161470456 0.508582310139 0.743985924918 
0.281949377833 0.372169699265 0.425256756867 0.43945817802 0.553714212979 0.748418498442 
0.304957854496 0.49029555256 0.5433185528 0.588752948475 0.748767249405 0.204630412054 
0.295575585969 0.456993950405 0.485747236949 0.51168143162 0.551888852032 0.686764585614 
0.281880631035 0.377366822005 0.391955553835 0.679977142752 0.82231950273 0.26645731798 
0.2820541689 0.372510153425 0.426042116064 0.39671511776 0.804500783502 0.386894315499 
0.281923196691 0.371715540303 0.424717929411 0.592581652207 0.70431099261 0.486042077563 
0.312469348832 0.423327978178 0.474980581203 0.591958518631 0.652211382239 0.574729787828 
0.281376861885 0.346924275108 0.407485565188 0.467535120758 0.490860527288 0.900361363962 
0.266984207016 0.646196783135 0.588453015802 0.642595813182 0.776063846982 0.531085037714 
0.282379618269 0.372874687001 0.429520134678 0.376926137454 0.87793895088 0.382051356886 
0.285304455838 0.378626320254 0.630967970986 0.599493843447 0.886832900796 0.00770116399585 
0.310593920238 0.421602896364 0.475521383337 0.578639527458 0.64530628333 0.552466607488 
0.278741852095 0.470202311489 0.525091765172 0.694516267866 0.789157476929 0.187392488175 
0.270763561317 0.480638521936 0.528669796858 0.733389787232 0.80949915386 0.201107928767 
0.333060428199 0.468511291826 0.482539257007 0.511359892501 0.531109056576 0.855670935234 
0.282832443765 0.376109280828 0.430927874198 0.358222918075 0.839829686874 0.423170811238 
0.295575585969 0.456993950405 0.485747236949 0.51168143162 0.551888852032 0.686764585614 
0.329269054129 0.54170186231 0.619709929027 0.689692394037 0.873854787757 0.0762742243445 
0.268664124724 0.34847371186 0.688111427568 0.625225325564 0.967957612072 0.00906613245528 
0.286634686052 0.381195311574 0.625500451117 0.597041628599 0.879240374189 0.00757341590375 
0.473224132627 0.561245603219 0.712681416342 0.791015905881 0.72686997409 0.460306712512 
0.27779794085 0.368035425831 0.512065735018 0.512237008364 0.792009909849 0.498880068209 
0.28343899936 0.431759967053 0.474011840142 0.6094686678 0.661236736072 0.604139806023 
0.294916693009 0.478955093426 0.492717556204 0.52697418233 0.559573520292 0.743295471538 
0.312469348832 0.423327978178 0.474980581203 0.591958518631 0.652211382239 0.574729787828 
0.277969567194 0.464249893978 0.730855349653 0.625831194477 0.662276825919 0.505833287996 
0.312469348832 0.423327978178 0.474980581203 0.591958518631 0.652211382239 0.574729787828 
0.282183918613 0.376523177526 0.521907390875 0.593681100613 0.903837867287 0.172805202476 
0.283083150571 0.416676899792 0.461791388114 0.556276821664 0.599001007498 0.675764445078 
0.308549610187 0.422363394019 0.566220497506 0.525454021997 0.741491433108 0.699322781444 
0.282463436506 0.369039429531 0.416810939383 0.381997742098 0.608508399093 0.879219203853 
0.280519630388 0.452644190632 0.476989204808 0.657383392598 0.759866675819 0.503540960287 
0.292325592441 0.412848149441 0.48339526045 0.597246219471 0.669061812252 0.608709886804 
0.337232025203 0.478309265026 0.569940203578 0.629088286137 0.807718607953 0.0641193303071 
0.294916693009 0.478955093426 0.492717556204 0.52697418233 0.559573520292 0.743295471538 
0.28206858957 0.37297783361 0.492125857923 0.472336997812 0.511655632314 0.77593463995 
0.30499111986 0.411201051495 0.644756594637 0.609382766122 0.809243251513 0.254207691503 
0.282316237073 0.373314733956 0.428077594326 0.404495482547 0.577929704809 0.737459287978 
0.276708416299 0.362914361802 0.414871851982 0.545629249976 0.853436990761 0.253176944706 
0.282264206331 0.371073935938 0.39261174894 0.335553789979 0.895201451903 0.343569273036 
0.287879462097 0.382085990082 0.569128406743 0.536200585997 0.668270441259 0.652781604908 
0.279332788941 0.367522797915 0.420090601992 0.545189705957 0.838195474758 0.244749981107 
0.282281130986 0.43284082828 0.473349606208 0.619476904196 0.666373141034 0.621019591443 
0.282080001026 0.371701489982 0.424098555714 0.396618015551 0.588806938123 0.787123169906 
0.277969567194 0.464249893978 0.730855349653 0.625831194477 0.662276825919 0.505833287996 
0.300581622433 0.559660858536 0.565585203781 0.595887867508 0.844636519271 0.186984240238 
0.2820541689 0.372510153425 0.426042116064 0.39671511776 0.804500783502 0.386894315499 
0.283053345051 0.383596719768 0.516908332937 0.580649261185 0.85859376106 0.157116087454 
0.300926570325 0.440134236606 0.50343969574 0.512617995285 0.803290901644 0.51326474924 
0.283296004228 0.384842030293 0.516054282655 0.578462276093 0.851010251595 0.154487458003 
0.270763561317 0.480638521936 0.528669796858 0.733389787232 0.80949915386 0.201107928767 
0.32439951815 0.400890499921 0.459055651113 0.841427946597 0.913416069487 0.0858276316773 
0.277969567194 0.464249893978 0.730855349653 0.625831194477 0.662276825919 0.505833287996 
0.275803575479 0.474279389403 0.526527406147 0.709094163239 0.796810661771 0.192526227546 
0.324416230304 0.454881917412 0.640522120144 0.610389744435 0.834388229378 0.339413898338 
0.285409518547 0.3453106868 0.689368131334 0.625793950513 0.969775998735 0.00909672789828 
0.270949026789 0.468367603804 0.8016821371 0.645777254963 0.667549241431 0.5449001013 
0.2820541689 0.372510153425 0.426042116064 0.39671511776 0.804500783502 0.386894315499 
0.385691398405 0.486051815725 0.612703577052 0.570606183256 0.73937269449 0.551809451936 
0.292134063397 0.436209628755 0.504638458725 0.524050791802 0.625390847632 0.598207288706 
0.28216726652 0.374321570909 0.488942472599 0.470034146409 0.509958339712 0.758262506788 
0.295575585969 0.456993950405 0.485747236949 0.51168143162 0.551888852032 0.686764585614 
0.281850478603 0.371773490339 0.494884916774 0.474317985874 0.513120168754 0.791235694134 
0.282485589076 0.379819019172 0.519544983494 0.587477914256 0.882290565853 0.165332052499 
0.471248184579 0.579082984652 0.661397860266 0.699460796289 0.712933127401 0.38299881325 
0.281609074 0.371047698251 0.422244998098 0.438628106995 0.566766442893 0.816488843738 
0.281949377833 0.372169699265 0.425256756867 0.43945817802 0.553714212979 0.748418498442 
0.265055672262 0.468806944586 0.870650999704 0.662250084257 0.671941861948 0.582786343552 
0.262605144539 0.489643742635 0.531517176629 0.771728622287 0.829381845996 0.214712221889 
0.282045881114 0.372631796957 0.420750416512 0.64998407701 0.794618380678 0.246177888066 
0.280519630388 0.452644190632 0.476989204808 0.657383392598 0.759866675819 0.503540960287 
