0.327527642237 0.329320613159 0.602575305879 0.568367187365 0.729473113912 0.684787278125 
0.369664206043 0.398680333162 0.386210629934 0.423002201322 0.923694212829 0.111595495917 
0.357516990349 0.378723267845 0.371636702461 0.762898990678 0.698876311522 0.678393105702 
0.377848762666 0.476120116265 0.432217792635 0.59720153355 0.833281806904 0.207161266244 
0.379926542611 0.411098963312 0.43579478432 0.578290456593 0.828183673094 0.324157564144 
0.4473584429 0.549520204644 0.583639142528 0.884208841171 0.81298176656 0.188964337054 
0.62989335673 0.564295840681 0.504744419123 0.830418284103 0.760252421598 0.500405283515 
0.38030453971 0.443337436841 0.413827669075 0.45948422092 0.570604381073 0.850271117574 
0.71068275081 0.734452812325 0.597363705786 0.658776653305 0.778812674135 0.496818391879 
0.330645699529 0.247876950611 0.827872263294 0.827709755401 0.804843044113 0.217152765199 
0.37898264023 0.418796581807 0.438637998903 0.859915817251 0.748174651672 0.599809132247 
0.369664206043 0.398680333162 0.386210629934 0.423002201322 0.923694212829 0.111595495917 
0.403906820332 0.421212380013 0.468684809828 0.510157747899 0.748347441762 0.566277793826 
0.473018526131 0.638455952965 0.523614707024 0.630989775095 0.902286502627 0.0324284265131 
0.367563139349 0.408446759568 0.347629245364 0.606258291018 0.739021652527 0.696630603904 
0.327527642237 0.329320613159 0.602575305879 0.568367187365 0.729473113912 0.684787278125 
0.37898264023 0.418796581807 0.438637998903 0.859915817251 0.748174651672 0.599809132247 
0.325835932523 0.349097802544 0.320096831649 0.346784801872 0.876462087863 0.406791737853 
0.526962488866 0.716132000255 0.563393198341 0.716903427215 0.683619026346 0.77015917346 
0.373042081436 0.417717898686 0.398910251839 0.462812966092 0.879164721776 0.292104690215 
0.4473584429 0.549520204644 0.583639142528 0.884208841171 0.81298176656 0.188964337054 
0.379986657047 0.406788305953 0.39150869543 0.428105347862 0.914584897534 0.109402182314 
0.555569012352 0.771808235205 0.609563622432 0.794564602101 0.759769068581 0.50552114695 
0.382107798194 0.425616658355 0.454258310476 0.985949622914 0.830865264748 0.1019019946 
0.62989335673 0.564295840681 0.504744419123 0.830418284103 0.760252421598 0.500405283515 
0.387949746661 0.441101654607 0.413564228556 0.459314416492 0.569130934574 0.839323946762 
0.549380372473 0.512229927232 0.58858633193 0.897210990554 0.816428239126 0.19223815829 
0.475541559384 0.470157338164 0.465729259527 0.53249575816 0.744696409027 0.683321782714 
0.330645699529 0.247876950611 0.827872263294 0.827709755401 0.804843044113 0.217152765199 
0.327527642237 0.329320613159 0.602575305879 0.568367187365 0.729473113912 0.684787278125 
0.404605570531 0.479742134157 0.426400763933 0.616397774573 0.892244685274 0.239003261253 
0.327527642237 0.329320613159 0.602575305879 0.568367187365 0.729473113912 0.684787278125 
0.375997808699 0.412582455851 0.426868045549 0.930231782341 0.764037745341 0.662239897681 
0.327527642237 0.329320613159 0.602575305879 0.568367187365 0.729473113912 0.684787278125 
0.367879371423 0.394673313155 0.482541861031 0.518305486395 0.846223071364 0.244117086145 
0.333619716788 0.338908711847 0.592977943638 0.565934013464 0.723502494946 0.668439663974 
0.345335517165 0.315167515345 0.756968890528 0.78598633828 0.790934741791 0.200314372104 
0.374031868201 0.406963523769 0.432514108499 0.590313875537 0.885093875124 0.372488616103 
0.366733937912 0.391809819533 0.403812608158 0.524113839164 0.817680715315 0.457105499895 
0.473018526131 0.638455952965 0.523614707024 0.630989775095 0.902286502627 0.0324284265131 
0.345335517165 0.315167515345 0.756968890528 0.78598633828 0.790934741791 0.200314372104 
0.337143923455 0.67266236481 0.586743185389 0.639501165432 0.852675558615 0.0856091096271 
0.37443177508 0.40776723758 0.435761855795 0.601750591769 0.913644099648 0.218448924704 
0.33148039871 0.315131766456 0.28635235472 0.313706198644 0.905794014141 0.438589667055 
0.369866768904 0.401856866748 0.391100992991 0.530170193306 0.78030527799 0.411744016559 
0.382107798194 0.425616658355 0.454258310476 0.985949622914 0.830865264748 0.1019019946 
0.775245998454 0.685828323686 0.565330664633 0.656269238196 0.702419292222 0.760868384142 
0.350233226156 0.332362180005 0.676636715089 0.707094341666 0.726495236796 0.519136283594 
0.367879371423 0.394673313155 0.482541861031 0.518305486395 0.846223071364 0.244117086145 
0.327542739583 0.231782008172 0.843357279627 0.836631808376 0.807827398466 0.220873437209 
0.404787940176 0.417314761642 0.477318669583 0.507695614559 0.791284258361 0.646890936659 
0.347827569845 0.361579087325 0.568517646717 0.559486332888 0.708511392699 0.627442327537 
0.325261001046 0.694126356908 0.596660831554 0.64487702936 0.863396924677 0.0880953307829 
0.480250188931 0.588058002379 0.50502647487 0.627119932316 0.878119662873 0.156068117873 
0.40477560188 0.416958097227 0.478056294897 0.507480069754 0.795487716409 0.654802708818 
0.404204125539 0.477156580781 0.428761373418 0.608027690382 0.866431427664 0.225058405077 
0.409683310986 0.485795090999 0.592087535908 0.646245595435 0.943583823775 0.0355064673948 
0.366489096642 0.391140283523 0.400331146601 0.521288902856 0.838946735286 0.483064546963 
0.370006195909 0.423243407328 0.400646762385 0.448953668521 0.496985091189 0.895490357604 
0.325835932523 0.349097802544 0.320096831649 0.346784801872 0.876462087863 0.406791737853 
0.434384276301 0.539700357917 0.715549062898 0.673123742645 0.92286140155 0.1019019946 
0.327527642237 0.329320613159 0.602575305879 0.568367187365 0.729473113912 0.684787278125 
0.245011242547 0.814289168174 0.64953193526 0.673123742645 0.92286140155 0.1019019946 
0.476817308946 0.606937551812 0.657778948315 0.657767962436 0.889901634862 0.0942460116231 
0.320634072478 0.318550461829 0.612943311927 0.570941097813 0.735982335089 0.702620778494 
0.448415156383 0.712529836715 0.57936823769 0.680437301722 0.890592297523 0.0944063626665 
0.367879371423 0.394673313155 0.482541861031 0.518305486395 0.846223071364 0.244117086145 
0.463150442976 0.615562611375 0.502361700688 0.811824363958 0.755550574329 0.486386943768 
0.351113378614 0.335965078726 0.672481003711 0.704600613726 0.725588878578 0.515901210428 
0.34297536968 0.35433912036 0.519325108386 0.5117552379 0.746321702119 0.687122100349 
0.327527642237 0.329320613159 0.602575305879 0.568367187365 0.729473113912 0.684787278125 
0.33976438901 0.363193887175 0.339638990649 0.367292875442 0.858280892932 0.387633334684 
0.327527642237 0.329320613159 0.602575305879 0.568367187365 0.729473113912 0.684787278125 
0.373423851289 0.405776210069 0.431654139951 0.593885290363 0.902251574352 0.387080362433 
0.366733937912 0.391809819533 0.403812608158 0.524113839164 0.817680715315 0.457105499895 
0.366359999843 0.377108868223 0.524136441486 0.622521549289 0.870935508268 0.264303677495 
0.404643085865 0.419028860397 0.473674979569 0.508750394242 0.771838572364 0.610333066807 
0.345335517165 0.315167515345 0.756968890528 0.78598633828 0.790934741791 0.200314372104 
0.324400037655 0.324424346485 0.60733890999 0.569556577869 0.732456057658 0.69295833734 
0.377848762666 0.476120116265 0.432217792635 0.59720153355 0.833281806904 0.207161266244 
0.366480934068 0.39111482961 0.400119175416 0.521100132282 0.840340282706 0.484768878362 
0.561442336102 0.843593714245 0.624626969121 0.729463249037 0.734654757611 0.548785029034 
0.37443177508 0.40776723758 0.435761855795 0.601750591769 0.913644099648 0.218448924704 
0.319030057888 0.183664322662 0.887228863601 0.861622928069 0.816210225372 0.231511545551 
0.328876283434 0.331504817251 0.595307269438 0.563424764114 0.90752378128 0.190166858976 
0.33976438901 0.363193887175 0.339638990649 0.367292875442 0.858280892932 0.387633334684 
0.3431356245 0.335782424036 0.752353382947 0.782789647951 0.789871737383 0.199063329897 
0.380554300217 0.423944677003 0.446462335081 0.801386108378 0.734654757611 0.548785029034 
0.322908214943 0.206345566344 0.866961307003 0.850126411159 0.812349432569 0.226578677102 
0.943171012842 0.816445825406 0.651728584497 0.770489318369 0.824286159879 0.384723413848 
0.327527642237 0.329320613159 0.602575305879 0.568367187365 0.729473113912 0.684787278125 
0.335228528605 0.270379893418 0.805388598647 0.814645410281 0.800480265298 0.211779903189 
0.325537743044 0.326203473784 0.60561803043 0.569128261399 0.731376944621 0.690002087961 
0.377970398165 0.404790530703 0.390253594445 0.426698941565 0.837575649186 0.480531826711 
0.274323064546 0.190396505497 0.887228863601 0.861622928069 0.816210225372 0.231511545551 
0.368221228641 0.395091396886 0.384233658643 0.526669474111 0.805903437192 0.442772747853 
0.342068107948 0.301375391194 0.772490828322 0.795260382755 0.79402040314 0.203975683585 
0.36352959364 0.381190873246 0.670686506972 0.732455217122 0.773154059488 0.180121053391 
0.357503286453 0.361257828769 0.699493019824 0.750760329634 0.779232130468 0.18684377087 
0.367879371423 0.394673313155 0.482541861031 0.518305486395 0.846223071364 0.244117086145 
