0.375058827322 0.380252588162 0.584136211987 0.626064610562 0.679503677243 0.374120437667 
0.349173740482 0.341418880808 0.541443892894 0.541558590994 0.797390031598 0.261267035334 
0.352546329556 0.349194991164 0.438578738718 0.480059605908 0.576076061098 0.775983050406 
0.344457149028 0.32408894635 0.465538865784 0.555358704882 0.634059855823 0.675797765417 
0.359886640218 0.346004100687 0.446364562554 0.477067917894 0.515411469488 0.800539814799 
0.354227602685 0.34938651131 0.439955449951 0.461946851485 0.460541032523 0.755886732322 
0.365676165024 0.343046181295 0.553095391463 0.83994947988 0.758742210081 0.00602648348084 
0.37040793873 0.368209982395 0.495152315229 0.616458318226 0.643261422318 0.599687890352 
0.479550282581 0.505265190524 0.607948216494 0.856701642269 0.740624538429 0.273551684796 
0.383147262304 0.365164027442 0.494484425683 0.530944064876 0.68597089352 0.403285383136 
0.341300656501 0.322091486849 0.464179755332 0.518346983926 0.75194144286 0.557474100197 
0.396400336201 0.374338008692 0.510825511339 0.640620374625 0.670157947797 0.504431233664 
0.344701072121 0.342306966484 0.44237511719 0.586507510104 0.600452351004 0.616863130372 
0.411353328052 0.380159540053 0.481758524601 0.533966364385 0.610284434317 0.558897571449 
0.390319192749 0.402208400205 0.556121853154 0.730840928319 0.782605678228 0.371334454766 
0.325201060091 0.306068904055 0.404065638282 0.75401890697 0.797530644814 0.240558232236 
0.365533565468 0.352909798886 0.542006678909 0.573576021032 0.676626921953 0.450551291873 
0.380447809004 0.350493095606 0.467212547064 0.486276278404 0.792940068812 0.34633036823 
0.3376773777 0.317724958598 0.399221585363 0.409784446278 0.657905759008 0.736301279279 
0.339412216709 0.324417758086 0.433264841176 0.451671998761 0.686933347138 0.612435522115 
0.364876144932 0.38175250228 0.478773667306 0.599856235257 0.905690745514 0.102936302008 
0.353737281266 0.358866543907 0.616419679185 0.707488613124 0.746464688671 0.316610345655 
0.337890558035 0.319318413233 0.410401183893 0.580550650374 0.711535823229 0.583681326494 
0.433569086481 0.662527574939 0.748279988473 0.753766583165 0.788838513841 0.274418752647 
0.37040793873 0.368209982395 0.495152315229 0.616458318226 0.643261422318 0.599687890352 
0.337090660885 0.318481418269 0.406074100132 0.424989519018 0.742907573601 0.58134552082 
0.340142789214 0.34784172632 0.543194506635 0.545342277581 0.550528265113 0.79607462141 
0.337732952041 0.318358031402 0.387758434604 0.387272582908 0.679191072119 0.808458221837 
0.365922483301 0.351298563736 0.570029624171 0.58699270897 0.693912369682 0.485603766871 
0.411353328052 0.380159540053 0.481758524601 0.533966364385 0.610284434317 0.558897571449 
0.34501370065 0.324628526646 0.464942021324 0.552629517763 0.63041145333 0.663632431928 
0.328000477324 0.30920172673 0.560155703066 0.727267811417 0.823488400398 0.0136312754902 
0.344642005966 0.340863917526 0.490739132004 0.504115193564 0.495447674761 0.740794722612 
0.383802122802 0.41612791468 0.533031384067 0.538598472569 0.820029399923 0.276161550411 
0.34867711876 0.35552320978 0.511993635404 0.585550173078 0.794025518887 0.275297749051 
0.546258225668 0.472639471338 0.672362602008 0.672634393774 0.743807745091 0.312493279124 
0.383147262304 0.365164027442 0.494484425683 0.530944064876 0.68597089352 0.403285383136 
0.340790046191 0.321328576297 0.437787951675 0.613533105047 0.611957391118 0.676207018466 
0.359886640218 0.346004100687 0.446364562554 0.477067917894 0.515411469488 0.800539814799 
0.344493878556 0.347746144208 0.498511481511 0.508126898711 0.496869025451 0.771725953365 
0.345481034367 0.327910337075 0.462058889154 0.540129333866 0.613701755139 0.607951796008 
0.352920506104 0.357726070755 0.625523404231 0.716815776068 0.750427848293 0.322801692863 
0.3634470457 0.406699564419 0.651364897013 0.655203999949 0.755538539205 0.335606651294 
0.388510044155 0.401043863536 0.502495083144 0.556477821574 0.679641248085 0.500681101172 
0.37805370624 0.382815680962 0.523072926779 0.662647122253 0.698587505335 0.588806755261 
0.364279396553 0.34941861455 0.560967704552 0.578335046024 0.678093625882 0.51432735349 
0.332165236781 0.408026305514 0.513988991658 0.665410569225 0.680392639664 0.536635298974 
0.337369240615 0.317993195086 0.410812960925 0.431676226259 0.636320903071 0.666258493688 
0.354469498389 0.376133040637 0.568748058163 0.579582028137 0.58665044218 0.638602117278 
0.36560447838 0.373497602214 0.480921529883 0.585800106729 0.820148778219 0.0853174640738 
0.337623400188 0.318958924491 0.413566994567 0.561137243938 0.899123528008 0.188459051913 
0.352621640806 0.354138092333 0.566529024841 0.585357667494 0.691768864343 0.48124556995 
0.355498163909 0.366096319075 0.55325437681 0.530527474525 0.537685887217 0.726037442145 
0.411353328052 0.380159540053 0.481758524601 0.533966364385 0.610284434317 0.558897571449 
0.383147262304 0.365164027442 0.494484425683 0.530944064876 0.68597089352 0.403285383136 
0.338282882747 0.321062039605 0.422213566929 0.443412921369 0.701693452413 0.645936618261 
0.345880508545 0.325532601274 0.463955630832 0.548224857694 0.624523429241 0.644004951255 
0.36560447838 0.373497602214 0.480921529883 0.585800106729 0.820148778219 0.0853174640738 
0.335514994818 0.403302619193 0.510883083723 0.654726758736 0.676005768603 0.522724258694 
0.335450614039 0.403396523741 0.510945215274 0.654938031319 0.676092855822 0.522998886581 
0.335647471352 0.330974225991 0.433550179345 0.623810312672 0.554043885053 0.779992138737 
0.334012969787 0.354852371163 0.649198176153 0.740792917529 0.760539692057 0.338857476745 
0.345087448511 0.344189276849 0.482408741205 0.487692922318 0.552818697488 0.687400907013 
0.349173740482 0.341418880808 0.541443892894 0.541558590994 0.797390031598 0.261267035334 
0.351497690688 0.366014705681 0.541399680098 0.554549137701 0.600854744919 0.638602117278 
0.343961070908 0.335010839285 0.460140973042 0.470130944178 0.561093490484 0.704913166397 
0.340246444213 0.433032820529 0.51620979481 0.592203991493 0.725597486149 0.441462882756 
0.438222577804 0.411632480568 0.513382228315 0.578857057044 0.67864570627 0.454633605861 
0.345054052604 0.361136902276 0.603731704736 0.694374055874 0.74086072587 0.307959274048 
0.337829672005 0.33750254307 0.634520820256 0.610125328437 0.721807849848 0.614939372731 
0.374017673129 0.433241809258 0.51681600121 0.56918960571 0.707618641139 0.556438367985 
0.337620680106 0.325818935711 0.438858065388 0.454319097737 0.556092585697 0.720409258483 
0.351395556524 0.3356670127 0.5107037003 0.589335810054 0.708846398651 0.377147923822 
0.362021784784 0.377058690798 0.471541188665 0.586602860756 0.878708480493 0.411899996715 
0.352277195034 0.342060946572 0.453619014751 0.519334551254 0.756382168687 0.564629063617 
0.345481034367 0.327910337075 0.462058889154 0.540129333866 0.613701755139 0.607951796008 
0.337137778995 0.317724822506 0.408867503106 0.434900296046 0.717658269086 0.682759423634 
0.344890400987 0.327063498138 0.462953177058 0.543884674821 0.61872170554 0.624672609935 
0.337874631298 0.343341147549 0.647946838558 0.620747254708 0.740327615483 0.580599091351 
0.348613316368 0.326792206744 0.462058889154 0.540129333866 0.613701755139 0.607951796008 
0.380447809004 0.350493095606 0.467212547064 0.486276278404 0.792940068812 0.34633036823 
0.352603241276 0.353423308449 0.561987771247 0.531589763961 0.878997642273 0.315136474815 
0.345880508545 0.325532601274 0.463955630832 0.548224857694 0.624523429241 0.644004951255 
0.3440735416 0.342359751924 0.507874396154 0.512012325325 0.498244327752 0.802725490135 
0.339024022819 0.378562973473 0.46753692521 0.518653691585 0.713802024583 0.496298865119 
0.354044995939 0.354536388844 0.456030185998 0.516934784878 0.62376927902 0.691552416475 
0.337579239127 0.318909441791 0.421256843836 0.449315677707 0.340083364629 0.882770101324 
0.336637961785 0.335018987596 0.440390441032 0.597102224075 0.55060330631 0.714879117975 
0.365533565468 0.352909798886 0.542006678909 0.573576021032 0.676626921953 0.450551291873 
0.348613316368 0.326792206744 0.462058889154 0.540129333866 0.613701755139 0.607951796008 
0.336054409393 0.333381817526 0.437572865665 0.608894095355 0.552172605502 0.743372380184 
0.364792896515 0.379237969635 0.479329504799 0.59513061421 0.876717451361 0.0969614124236 
0.351134424537 0.352491107001 0.585528932286 0.594055188348 0.703286566099 0.504697679591 
0.366214816572 0.423371256381 0.832268373277 0.767857817821 0.7623089178 0.306307864484 
0.345374005188 0.343323203747 0.478179007145 0.487102731139 0.548909108029 0.666749531255 
0.404489987685 0.374460758979 0.475474157509 0.525045537329 0.602054268957 0.569181890697 
0.394483752039 0.370325989957 0.501634515161 0.52935815399 0.705445572803 0.431104155533 
0.336698092583 0.318232271076 0.461718910548 0.513912589844 0.798499159097 0.632754846584 
0.352768613629 0.349941324315 0.438508416748 0.48008969455 0.579890286818 0.794423772036 
0.345374005188 0.343323203747 0.478179007145 0.487102731139 0.548909108029 0.666749531255 
