0.377467695847 0.441647571247 0.530754524688 0.646190434159 0.780739303353 0.116568357454 
0.338194617292 0.405481816555 0.477289318733 0.474864717344 0.519747710926 0.648630802681 
0.341383480418 0.419568970792 0.434442078465 0.453497186922 0.609969466281 0.54447326591 
0.343772473544 0.413597258641 0.431724017662 0.399480916291 0.794648802164 0.398150740739 
0.36023010628 0.434731429886 0.433847625146 0.448130659682 0.54039125992 0.708903811334 
0.337739340836 0.404898650144 0.419242451732 0.34098039549 0.782303347958 0.46487328182 
0.354870813878 0.427187163338 0.454650149582 0.611532059884 0.82435876483 0.0151118520023 
0.334458375621 0.39848725849 0.4861558733 0.760626954454 0.741980916457 0.21065119524 
0.342088521489 0.411457256568 0.435890657992 0.433630361737 0.609150457288 0.541492561845 
0.337895213676 0.404613556087 0.394036102147 0.73265496636 0.743799851034 0.0936147418234 
0.361289424602 0.481204891099 0.583015542932 0.536633789493 0.755426571523 0.18716218873 
0.344077125141 0.421673014608 0.458535249425 0.41547449362 0.743304230701 0.612531321198 
0.352241411962 0.429169456652 0.470919904986 0.634042373785 0.85142100161 0.0741719836047 
0.38545597526 0.554164036311 0.579087317182 0.546432599463 0.696681057045 0.344717265599 
0.338069522697 0.405311662939 0.422422050271 0.376146179292 0.864423970669 0.0202648491117 
0.356604317221 0.444980746878 0.480849137346 0.459773811838 0.51310197989 0.631576182712 
0.418803519447 0.500372461074 0.52617709558 0.481878235696 0.798993416499 0.250313778333 
0.428485823988 0.504992516146 0.481544209546 0.508259418791 0.800950274666 0.295321535907 
0.337623067026 0.426321666038 0.439955085406 0.387493192929 0.520334652469 0.752035058729 
0.769375467867 0.873140854144 0.669399560065 0.735388918454 0.751612349406 0.0133062627969 
0.418296786256 0.600296919116 0.635929647382 0.622813622003 0.740375407318 0.284173676848 
0.341351561865 0.417658690477 0.4507339247 0.495455423527 0.559462472454 0.610427499089 
0.314463523943 0.378896791318 0.34204189531 0.316604724256 0.660050739378 0.818381308331 
0.404655371979 0.468237472845 0.476112936982 0.429159314013 0.671179859265 0.575601036219 
0.337159106078 0.435440587875 0.447189573798 0.591201386654 0.763208691916 0.300281011736 
0.373904159302 0.641530229323 0.569219229013 0.563141323642 0.775333738857 0.486952016197 
0.340460156181 0.415424499094 0.4501524911 0.508707719757 0.563900888679 0.642142388385 
0.404655371979 0.468237472845 0.476112936982 0.429159314013 0.671179859265 0.575601036219 
0.342447361331 0.411575709067 0.428146173744 0.392763099778 0.806231726786 0.409928841992 
0.438009484653 0.51373151232 0.474607148355 0.454696758646 0.491883078597 0.7453789782 
0.353586011822 0.477612254968 0.665990843185 0.562415613914 0.808761098472 0.219725467802 
0.397301718454 0.607960915658 0.668530367803 0.53349013603 0.850230541221 0.252949169853 
0.414055557194 0.471100149037 0.47758266764 0.425954060682 0.691046257853 0.617701093371 
0.337728513859 0.404877431763 0.441415461758 0.388422770515 0.516414183479 0.725743852914 
0.416728991367 0.499021442601 0.5247349781 0.482067302417 0.794355597976 0.247439813994 
0.359711820272 0.42956351515 0.482968323584 0.418715105843 0.470769768277 0.910154203478 
0.477271462389 0.540848465867 0.53691868433 0.479617370225 0.861784164506 0.289317825883 
0.41315662935 0.470860878355 0.477466321172 0.426268658961 0.689033960143 0.613428214024 
0.372067397637 0.457528166984 0.589260947997 0.546430255163 0.696679294639 0.344714179346 
0.320170116415 0.384520885353 0.362244532052 0.328629276745 0.646467688096 0.766874453157 
0.334475649747 0.398519570271 0.485830436508 0.427108492331 0.683731171445 0.602177166063 
0.340311180533 0.408130782626 0.400154668321 0.50881762788 0.523907799329 0.72606398693 
0.375606398195 0.597823961751 0.549790799606 0.546209780769 0.748909586541 0.448859016314 
0.432824061699 0.509056674349 0.535507823724 0.480653785749 0.831000909293 0.270175949896 
0.625105118401 0.676442708811 0.675725966163 0.701834907402 0.74522950371 0.0125292568661 
0.38545597526 0.554164036311 0.579087317182 0.546432599463 0.696681057045 0.344717265599 
0.342088521489 0.411457256568 0.435890657992 0.433630361737 0.609150457288 0.541492561845 
0.372832059817 0.439198185221 0.511786367224 0.596044435734 0.778413137016 0.146029019876 
0.44225839089 0.633306630976 0.634926143689 0.602000223241 0.728100136967 0.0828769801125 
0.343409449989 0.417379235511 0.432251761806 0.455948156707 0.617585535771 0.564977691205 
0.333272273844 0.396288052576 0.483268780125 0.777732247391 0.744790763417 0.215643006487 
0.340194028637 0.410243191337 0.380881555783 0.473818697371 0.831376821379 0.591265172433 
0.386030648238 0.486360396402 0.581148629062 0.520195810206 0.646428271541 0.520033304234 
0.338158958386 0.405379237334 0.382635221407 0.747853528484 0.746492641007 0.0956838154428 
0.339494960753 0.407308607176 0.430477958493 0.431465229135 0.636140245175 0.611128359227 
0.373904159302 0.641530229323 0.569219229013 0.563141323642 0.775333738857 0.486952016197 
0.336712101264 0.402774248639 0.414640858771 0.380772072288 0.892439706505 0.0667515539794 
0.375072600903 0.617489611769 0.558656307788 0.553946066796 0.760926100396 0.466172675199 
0.337631192259 0.404766054175 0.419782874729 0.338365551278 0.784766381155 0.468118014566 
0.396305165588 0.460044028589 0.464073046613 0.415746726268 0.467961865428 0.841065771868 
0.401471708427 0.536400127569 0.500520705443 0.54964267747 0.816117017477 0.122810325385 
0.335480817852 0.400391290499 0.488172126311 0.74758105929 0.739789853857 0.206869445793 
0.338302292994 0.408088812063 0.419571715085 0.470298847742 0.664572829283 0.691596062858 
0.337631192259 0.404766054175 0.419782874729 0.338365551278 0.784766381155 0.468118014566 
0.338200642612 0.40556324403 0.424196021083 0.474168587821 0.574197074174 0.626196055988 
0.355048716789 0.434350269306 0.458344494639 0.460350016274 0.587475121356 0.713392039287 
0.343058720408 0.430065182583 0.439010339674 0.394135107662 0.505221648038 0.772313479127 
0.342447361331 0.411575709067 0.428146173744 0.392763099778 0.806231726786 0.409928841992 
0.338194617292 0.405481816555 0.477289318733 0.474864717344 0.519747710926 0.648630802681 
0.386508524322 0.449976267657 0.557182761196 0.709724981249 0.733633170876 0.198194005398 
0.34672344822 0.416796497879 0.422866981001 0.400343904946 0.862208478847 0.0626014591354 
0.410729984282 0.470178225658 0.477126628625 0.427108492331 0.683731171445 0.602177166063 
0.384956691324 0.571968828689 0.586684713533 0.583012686211 0.703565710881 0.517933057819 
0.338211193698 0.405524181593 0.597381682652 0.679821829227 0.727408815113 0.191300980636 
0.622600156512 0.654556403718 0.64476663867 0.576722387194 0.826782273673 0.111150696647 
0.386508524322 0.449976267657 0.557182761196 0.709724981249 0.733633170876 0.198194005398 
0.338204190714 0.405506283762 0.546646621729 0.593234212672 0.67427376869 0.446256468765 
0.337728513859 0.404877431763 0.441415461758 0.388422770515 0.516414183479 0.725743852914 
0.365522683409 0.435384429895 0.523020764438 0.636870165211 0.813998369749 0.162449513777 
0.396305165588 0.460044028589 0.464073046613 0.415746726268 0.467961865428 0.841065771868 
0.343528481753 0.428869392792 0.49633393828 0.695679081884 0.766648052431 0.0123157873777 
0.341052517541 0.470332695669 0.710778656573 0.574362287938 0.837156462803 0.237151633635 
0.419627568313 0.494610977821 0.518833148851 0.465243364137 0.772803320698 0.451876800744 
0.329914422627 0.389987655412 0.57176191088 0.546070088362 0.748693537664 0.448547882756 
0.333272273844 0.396288052576 0.483268780125 0.777732247391 0.744790763417 0.215643006487 
0.49788990812 0.578679589904 0.50980765985 0.684097084693 0.802489198621 0.125711703675 
0.332890097635 0.399292564845 0.434014015464 0.294010420246 0.825947685673 0.523956293345 
0.377467695847 0.441647571247 0.530754524688 0.646190434159 0.780739303353 0.116568357454 
0.404655371979 0.468237472845 0.476112936982 0.429159314013 0.671179859265 0.575601036219 
0.466822184003 0.546273118366 0.583835270378 0.580617858611 0.701859982154 0.513905431391 
0.336042549126 0.40154093213 0.413979698398 0.389665762682 0.87907939593 0.0649083843854 
0.375421249997 0.60648209722 0.553721240545 0.549642084588 0.754228510738 0.456520594406 
0.386163028618 0.44762704256 0.564205858691 0.732967149957 0.737683654041 0.205060315414 
0.36023010628 0.434731429886 0.433847625146 0.448130659682 0.54039125992 0.708903811334 
0.418803519447 0.500372461074 0.52617709558 0.481878235696 0.798993416499 0.250313778333 
0.397560927299 0.465552735005 0.47462761529 0.43148323043 0.657570789704 0.54688098412 
0.347559750434 0.414588137168 0.430702534619 0.457684470803 0.623063830807 0.579730548659 
0.373002429493 0.605589923754 0.55064590016 0.543630287061 0.741435437528 0.510687797822 
0.375461152856 0.604897012841 0.553004991538 0.549016926275 0.75325823368 0.455122722765 
0.415847370159 0.471554851677 0.477799147249 0.425320838416 0.695140820625 0.62640089262 
