0.350877163898 0.390617580063 0.500029162838 0.573756571965 0.563638413312 0.630923643602 
0.333791990449 0.356130771893 0.386525343715 0.808903661967 0.757828933798 0.291638944734 
0.3487273397 0.372946603577 0.391646953791 0.780481610531 0.687179144372 0.447900014666 
0.352295397139 0.387956953495 0.416205633186 0.475888659615 0.900989106474 0.355186135106 
0.343556848327 0.367911826155 0.460769490194 0.524888598367 0.855906322269 0.338792362085 
0.348763238659 0.373033304748 0.40011131132 0.449249121115 0.499911672308 0.839139910192 
0.368247772836 0.393947802401 0.43573865485 0.686790845548 0.726725671988 0.526736742966 
0.3506465314 0.368687724775 0.396788452513 0.418925677045 0.381445239021 0.925855369509 
0.348873611172 0.373179240653 0.399439788346 0.898710797676 0.751980600784 0.130921481709 
0.348509403504 0.376124480118 0.401779306737 0.45183022932 0.44047596403 0.733756366943 
0.348926591091 0.373732036195 0.591069852075 0.682477011351 0.804526882539 0.0675364419494 
0.35429248662 0.388760083728 0.418065804862 0.735403362633 0.853038813174 0.00390358803861 
0.365321832422 0.385781952514 0.444803901519 0.478729312636 0.794900642881 0.368203211401 
0.431704152675 0.595955865849 0.600457131787 0.891857733757 0.752367161431 0.305835349005 
0.372910443114 0.44823543852 0.447814425863 0.659828853956 0.741333098284 0.418494199797 
0.354274176894 0.355647070738 0.38395207574 0.423143912663 0.402983827432 0.915141734988 
0.361372986173 0.396995697772 0.558548247406 0.604806496226 0.797908557122 0.252687384691 
0.363479125268 0.391186361669 0.440193543053 0.594825961042 0.85763581247 0.191671551195 
0.391869932659 0.416558478778 0.604773364121 0.648475224078 0.840102544391 0.175156756796 
0.350566035492 0.374478725258 0.41200496366 0.462843213519 0.778970637502 0.547696501023 
0.371455917668 0.390652880742 0.450475053106 0.537499922006 0.667392256389 0.50966969211 
0.373346567488 0.389812864965 0.52906117264 0.575232521315 0.60316160501 0.639238620255 
0.313809268101 0.571902372379 0.594696653604 0.720789343901 0.650271922734 0.616192823867 
0.347302993087 0.372172977686 0.403626529464 0.445113496887 0.408280640194 0.841443386765 
0.353672423196 0.382656142485 0.453511320496 0.707950150143 0.812029985148 0.208249433251 
0.332258654636 0.352116021213 0.380280379328 0.426269195572 0.550633601714 0.778993292453 
0.348746778134 0.373651028075 0.399611601537 0.458628336308 0.437138555462 0.870367354744 
0.372623508772 0.415409664553 0.447473893449 0.534804325599 0.539042725482 0.601249035019 
0.648994478229 0.717655869012 0.640372370789 0.716129317079 0.77446068731 0.407071323912 
0.403032584567 0.524397998744 0.487125843248 0.722760142404 0.866834238715 0.0776525411486 
0.351694001255 0.359058241004 0.379352879303 0.548196544016 0.748550987627 0.580685453564 
0.350315128453 0.374160476999 0.400753460036 0.448695481191 0.384537456286 0.799176406808 
0.349872331539 0.374015359963 0.400714131453 0.503763628397 0.760399720497 0.612335053525 
0.42506496674 0.420600286145 0.437219680742 0.730048463307 0.823103718736 0.108812319857 
0.350416087634 0.374279283696 0.400700574704 0.515561133454 0.778875876874 0.407505788688 
0.353713674744 0.379419736195 0.408808286092 0.471802872296 0.2124199791 0.734215460926 
0.365360312772 0.400460011344 0.575419158395 0.631586334112 0.65861721364 0.486614260885 
0.348412175183 0.375720310184 0.416358847072 0.518086394789 0.490180743387 0.741542664191 
0.356968075511 0.383178906206 0.422134250905 0.47789873418 0.843351318693 0.310064741298 
0.361624553183 0.387848080881 0.409679207769 0.464177774899 0.776794320628 0.544377795517 
0.354749440326 0.376809507268 0.408394284313 0.491438394868 0.481135317593 0.725957846236 
0.349106368899 0.373348795703 0.401819429802 0.445319050261 0.495864456768 0.79109058062 
0.313809268101 0.571902372379 0.594696653604 0.720789343901 0.650271922734 0.616192823867 
0.354749966992 0.391214059156 0.56386032225 0.661304370915 0.783269998637 0.0632080656137 
0.406063137334 0.422437399773 0.443804365882 0.516314790725 0.549244646815 0.706502116069 
0.348873007303 0.380129257545 0.432580438972 0.531058450668 0.642417595702 0.692960442939 
0.370699424521 0.396572678056 0.440315182704 0.717691635358 0.764404603901 0.439352983218 
0.350566035492 0.374478725258 0.41200496366 0.462843213519 0.778970637502 0.547696501023 
0.348729053777 0.372955551607 0.392186276521 0.756702923436 0.66895851892 0.493590114552 
0.348772972846 0.374125646061 0.399853996593 0.45769617476 0.437060097933 0.84168293228 
0.361257770845 0.385686454355 0.458927573736 0.501220276445 0.729556019034 0.558050708457 
0.356724327209 0.413520725834 0.517620115006 0.629292293043 0.868433669276 0.042949741532 
0.3506465314 0.368687724775 0.396788452513 0.418925677045 0.381445239021 0.925855369509 
0.431704152675 0.595955865849 0.600457131787 0.891857733757 0.752367161431 0.305835349005 
0.34527231708 0.364952244078 0.394806849885 0.863360931319 0.735910503666 0.415119274425 
0.34484265639 0.368075172945 0.391889994246 0.41684373201 0.596226306941 0.766324184264 
0.350315128453 0.374160476999 0.400753460036 0.448695481191 0.384537456286 0.799176406808 
0.391869932659 0.416558478778 0.604773364121 0.648475224078 0.840102544391 0.175156756796 
0.349872331539 0.374015359963 0.400714131453 0.503763628397 0.760399720497 0.612335053525 
0.391869932659 0.416558478778 0.604773364121 0.648475224078 0.840102544391 0.175156756796 
0.351640879468 0.374665869643 0.586717487073 0.60638036489 0.625693129831 0.749775562842 
0.367233149458 0.398811195844 0.435657196039 0.53757828507 0.681291174831 0.546417640585 
0.351296338142 0.375793860887 0.466188583992 0.537272956743 0.809269887911 0.30375241573 
0.348669961882 0.372852652978 0.399033235054 0.428944181642 0.650750163781 0.731386618199 
0.378718504908 0.395460930659 0.422276959247 0.737062827138 0.753464489714 0.169698025306 
0.353713674744 0.379419736195 0.408808286092 0.471802872296 0.2124199791 0.734215460926 
0.350714544942 0.394428272576 0.414193103332 0.481586077718 0.628422980874 0.598403182081 
0.348873611172 0.373179240653 0.399439788346 0.898710797676 0.751980600784 0.130921481709 
0.453286207271 0.6644947864 0.568393844985 0.88474531876 0.751317801997 0.303033623885 
0.349872331539 0.374015359963 0.400714131453 0.503763628397 0.760399720497 0.612335053525 
0.371628118504 0.397566989868 0.442048786995 0.729396959467 0.778677511255 0.398054620939 
0.349293566027 0.378141383543 0.349136180751 0.840838891974 0.694214175285 0.490277256897 
0.372623508772 0.415409664553 0.447473893449 0.534804325599 0.539042725482 0.601249035019 
0.502572720876 0.537763617741 0.582775731738 0.7072039569 0.647669119305 0.597746107719 
0.454735446016 0.660130013051 0.803447831521 0.767734714831 0.721446012391 0.468961154417 
0.365285265922 0.390218737623 0.429535756691 0.710247005919 0.742283112898 0.559027193995 
0.346415957165 0.371691464351 0.404826451463 0.446081850025 0.40748627796 0.882545539626 
0.353897259346 0.377057429398 0.435250198907 0.502836531801 0.748995568852 0.592201063084 
0.307816005303 0.339958988094 0.37115076823 0.957829895982 0.757138337453 0.140066356473 
0.367715946176 0.389408414037 0.537011199826 0.579744892263 0.606344032248 0.65462692044 
0.403032584567 0.524397998744 0.487125843248 0.722760142404 0.866834238715 0.0776525411486 
0.340541810695 0.36515770096 0.457475997988 0.518788998517 0.879011077677 0.356299399929 
0.340429815157 0.365059106575 0.457333182577 0.518537976399 0.879964058314 0.357023316626 
0.348856806202 0.373515313454 0.399844884907 0.442001907068 0.501230133852 0.85208301701 
0.349256097981 0.381189721703 0.432662963894 0.528651973257 0.633322550968 0.664552945573 
0.349872331539 0.374015359963 0.400714131453 0.503763628397 0.760399720497 0.612335053525 
0.373360892888 0.399422195207 0.445283377895 0.729989050752 0.83173230048 0.219953515805 
0.382055375966 0.410401594999 0.463550575076 0.557537153157 0.546833589505 0.67144858183 
0.354711690423 0.394387706101 0.424244166585 0.492197816308 0.866738585879 0.330126698628 
0.35429248662 0.388760083728 0.418065804862 0.735403362633 0.853038813174 0.00390358803861 
0.348605827676 0.37297181981 0.396593423469 0.436399263849 0.821592328178 0.613527981996 
0.349120697993 0.374471237927 0.400958388997 0.444102924176 0.49784059006 0.813442072189 
0.351264979903 0.379826879401 0.343669819738 0.82436182702 0.676751134048 0.55022964037 
0.370699424521 0.396572678056 0.440315182704 0.717691635358 0.764404603901 0.439352983218 
0.371931056695 0.449287122098 0.446559933021 0.667773027793 0.747975115411 0.428354589702 
0.348086462919 0.366851394914 0.46100794501 0.525393991006 0.85399627955 0.337349064311 
0.352557570762 0.357740258135 0.385412195919 0.424369614827 0.404182704112 0.863086092802 
0.373990311259 0.396591745082 0.468684163306 0.504715730505 0.528492768487 0.620945725199 
0.354111047145 0.389171353543 0.435200681289 0.509854573954 0.829016041066 0.302896489825 
0.348899890881 0.374056573539 0.374673005328 0.782863915823 0.672107554899 0.515006519895 
