0.418532825716 0.485129493753 0.615715053711 0.537998234816 0.525490055184 0.819442907755 
0.390049625385 0.449505382835 0.653900433936 0.889030125146 0.823503959102 0.0594190940884 
0.493080688745 0.588692231642 0.66312383996 0.576853003745 0.823727883641 0.229846526387 
0.403575675088 0.447635072997 0.605287817883 0.569306762276 0.710275591725 0.672996191801 
0.392632525609 0.45582033236 0.481523750429 0.483780834383 0.723894550745 0.622657028592 
0.391956739933 0.431978522364 0.41649739072 0.351414842735 0.816134194685 0.546362507682 
0.402910499189 0.444474887359 0.534549776318 0.649906858406 0.696712511406 0.796647934454 
0.398290262637 0.444264954987 0.441027336253 0.425008756018 0.375495936997 0.824045458313 
0.356610010229 0.408512827539 0.372485721585 0.37635420899 0.78438170611 0.486757423675 
0.477284022735 0.490655612991 0.674285538155 0.603699732432 0.755647382941 0.412394501422 
0.450375875915 0.538606194338 0.823919304109 0.677057747263 0.666741713604 0.651541864446 
0.390049625385 0.449505382835 0.653900433936 0.889030125146 0.823503959102 0.0594190940884 
0.392632525609 0.45582033236 0.481523750429 0.483780834383 0.723894550745 0.622657028592 
0.39256189221 0.454989016144 0.479295845974 0.526324420275 0.904881986536 0.0566682128072 
0.424562041782 0.454117001279 0.714996107736 0.754854375589 0.912849978389 0.316852050585 
0.540671539032 0.528503580302 0.848935299595 0.739927972388 0.777922391797 0.0518341431361 
0.372584686166 0.625439232036 0.572286429228 0.556934269667 0.883770822781 0.341928908839 
0.482511174371 0.530158042042 0.512540764504 0.624781553162 0.784124666821 0.60683899097 
0.356000814584 0.408020702318 0.37140629168 0.375766368448 0.785056164325 0.487692002638 
0.410769671105 0.450476236045 0.516852080695 0.595097941892 0.648980657508 0.654287519383 
0.39457010806 0.442780165323 0.440664960845 0.56689442582 0.812700973385 0.359522434394 
0.356862651962 0.392601364754 0.398437393976 0.245844730544 0.891734547546 0.484893688902 
0.404331336897 0.4481468418 0.615574898818 0.578519455174 0.728994730837 0.646749800315 
0.506046287627 0.5411356174 0.651545809104 0.558859629977 0.741315608019 0.527366319697 
0.392632525609 0.45582033236 0.481523750429 0.483780834383 0.723894550745 0.622657028592 
0.409836730957 0.480099362558 0.708138840424 0.733438281071 0.724460678075 0.49744646809 
0.356000814584 0.408020702318 0.37140629168 0.375766368448 0.785056164325 0.487692002638 
0.42112749963 0.452201136107 0.725821644292 0.764960240532 0.924994220022 0.324912855484 
0.295829617772 0.373085795283 0.386909644159 0.344038488461 0.929424910164 0.0297075050038 
0.390836342449 0.462190255726 0.627553503832 0.8196258268 0.797137958149 0.0538887995979 
0.390143682865 0.447869217941 0.657076424396 0.897601525505 0.826727631419 0.0601060831842 
0.402910499189 0.444474887359 0.534549776318 0.649906858406 0.696712511406 0.796647934454 
0.581622109333 0.58887263937 0.687412147158 0.688230935259 0.705005456227 0.33080666802 
0.391956739933 0.431978522364 0.41649739072 0.351414842735 0.816134194685 0.546362507682 
0.412323103851 0.448666616703 0.612995456246 0.836125136854 0.932228068921 0.0146412561373 
0.490720382381 0.677596546888 0.640905912227 0.726705643859 0.879092769753 0.294463939514 
0.356000814584 0.408020702318 0.37140629168 0.375766368448 0.785056164325 0.487692002638 
0.391285558262 0.435799122797 0.408328468714 0.358012385306 0.814381655284 0.39879457637 
0.392251843382 0.429031445957 0.408142292595 0.324205064611 0.938125163331 0.0302365264196 
0.477239334595 0.563315279423 0.681122066075 0.659921167817 0.737776101175 0.251009081641 
0.450375875915 0.538606194338 0.823919304109 0.677057747263 0.666741713604 0.651541864446 
0.42112749963 0.452201136107 0.725821644292 0.764960240532 0.924994220022 0.324912855484 
0.493935864706 0.772111036988 0.81739087811 0.639411456244 0.627743941517 0.800546354422 
0.510328340297 0.557853836025 0.535507365466 0.687565328618 0.8998494751 0.274214543569 
0.420130846612 0.828713047834 0.829685215426 0.714349394721 0.704879576934 0.36378281408 
0.526860674963 0.864324774358 0.929017263513 0.714309952482 0.706637072788 0.619948443773 
0.406959557706 0.447058224861 0.526523854355 0.624558246315 0.674658530766 0.730746699135 
0.408239713486 0.477237282149 0.726215020954 0.748492257845 0.731307451808 0.513484001687 
0.415924113079 0.45027025954 0.643006662232 0.907367238624 0.854392741958 0.340462475608 
0.387002129312 0.435868701806 0.321029941997 0.745959707925 0.855810410515 0.539416192736 
0.353972788634 0.402180495378 0.403266927803 0.277546538907 0.87034706093 0.460231176127 
0.354606268605 0.406898761511 0.368940684958 0.374434371992 0.786588942073 0.489819673586 
0.377139098527 0.56177632379 0.978940888486 0.775145446885 0.823503959102 0.0594190940884 
0.424564573075 0.459177427317 0.617359508881 0.793636712582 0.78712033749 0.0518341431361 
0.458725179911 0.49915809643 0.646863894861 0.661997789797 0.796126054124 0.463640608816 
0.559218348893 0.526422650558 0.954660798235 0.777143127291 0.798931760445 0.0568784471143 
0.389985723029 0.450061082665 0.665668828432 0.914566589125 0.809191639402 0.0594190940884 
0.386249297307 0.437119439809 0.389126976924 0.242230386122 1.00846885044 0.0346332269284 
0.408739069181 0.478351611257 0.734698664992 0.758170496839 0.691788998852 0.562008322722 
0.323407188268 1.19000524427 1.10168875595 0.818166597798 0.768966927003 0.0135317370665 
0.356862651962 0.392601364754 0.398437393976 0.245844730544 0.891734547546 0.484893688902 
0.392632525609 0.45582033236 0.481523750429 0.483780834383 0.723894550745 0.622657028592 
0.356000814584 0.408020702318 0.37140629168 0.375766368448 0.785056164325 0.487692002638 
0.391460569151 0.453469031666 0.478430069534 0.477597786476 0.756231563053 0.683342907989 
0.392632525609 0.45582033236 0.481523750429 0.483780834383 0.723894550745 0.622657028592 
0.370670736062 1.06897244225 1.01943939154 0.797534876322 0.761997449319 0.0126568072417 
0.248381918137 0.32981084658 0.190507359548 0.295550839329 0.955616186766 0.315606964533 
0.42112749963 0.452201136107 0.725821644292 0.764960240532 0.924994220022 0.324912855484 
0.398491275239 0.444386858214 0.441108018028 0.425142028573 0.375391968085 0.827402601879 
0.516459359114 0.563958103962 0.540569299634 0.701403133294 0.925355703125 0.0135623846815 
0.384575805766 0.43363505504 0.355846400309 0.716121093506 0.821927522944 0.496372180789 
0.423660655304 0.453599732484 0.717910300013 0.757576672092 0.916120160995 0.319022333428 
0.391414434473 0.450671322801 0.527419184089 0.627348434493 0.677087609782 0.737995876994 
0.518448079678 0.623586495506 0.710224876118 0.588007864048 0.883390117861 0.0123455672491 
0.409836730957 0.480099362558 0.708138840424 0.733438281071 0.724460678075 0.49744646809 
0.410769671105 0.450476236045 0.516852080695 0.595097941892 0.648980657508 0.654287519383 
0.354606268605 0.406898761511 0.368940684958 0.374434371992 0.786588942073 0.489819673586 
0.389726046338 0.454255539106 0.479653765089 0.479927707351 0.744043853016 0.660423745822 
0.346717525107 0.400665451584 0.355124591027 0.367230459769 0.79499102438 0.501573738291 
0.389464567158 0.454593094463 0.480035878958 0.480696291364 0.740024303601 0.652876828669 
0.387261989181 0.478863061462 0.549417230828 0.784290591583 0.881811328907 0.0131070823991 
0.391956739933 0.431978522364 0.41649739072 0.351414842735 0.816134194685 0.546362507682 
0.373657361892 0.977480575735 0.934839565836 0.742499712755 0.710035172864 0.42952923655 
0.391414434473 0.450671322801 0.527419184089 0.627348434493 0.677087609782 0.737995876994 
0.21749864242 0.364149907047 0.212847918158 0.310055909331 0.870225356462 0.612907815163 
0.424564573075 0.459177427317 0.617359508881 0.793636712582 0.78712033749 0.0518341431361 
0.394616975169 0.452882687497 0.596722868888 0.565124198092 0.701049597837 0.652262865843 
0.384454894451 0.435389307612 0.409565748135 0.357647654981 0.787360631915 0.490892826209 
0.398054333302 0.912086774943 0.890904643666 0.733543006478 0.710849132172 0.386924431915 
1.35679181651 1.05264462889 1.14529883557 0.828100315214 0.772477405446 0.0140047881059 
0.406587240624 0.446789738097 0.527324932833 0.62705424438 0.676831514002 0.737231484359 
0.389750619993 0.454312487496 0.479729142322 0.480075790529 0.743269379089 0.658969155179 
0.489874660578 0.526478272308 0.62098099202 0.645820473648 0.775654787878 0.437705777922 
0.390600759829 0.444239848259 0.564247259924 0.695460660119 0.8076009954 0.478192102706 
0.384636349254 0.477051076852 0.552948989808 0.829173475273 0.919950084581 0.0142671344892 
0.416754433918 0.482696258811 0.533499548576 0.628441401356 0.773393152649 0.578659262574 
0.389726046338 0.454255539106 0.479653765089 0.479927707351 0.744043853016 0.660423745822 
0.382172550225 0.716627519943 0.69363645244 0.62156970008 0.794658412908 0.461780165707 
0.391414434473 0.450671322801 0.527419184089 0.627348434493 0.677087609782 0.737995876994 
0.372148171792 0.412688872041 0.412700140676 0.328271645591 0.835043277523 0.420914368129 
