0.352241155581 0.564282643436 0.513922488359 0.570075620251 0.736495992593 0.401310910008 
0.259771321142 0.439499146329 0.38674098531 0.91082707177 0.78791709865 0.0913585232826 
0.265054682364 0.456047259508 0.495712723586 0.587622903898 0.672335715082 0.529534697803 
0.261860706706 0.440753075945 0.404733244889 0.451165673774 0.665752941824 0.656545689962 
0.282224043131 0.559020104955 0.52614398914 0.60537808189 0.660316540276 0.5195564804 
0.211407124228 0.397062675883 0.329369506377 0.320418247824 0.920488652368 0.296352068714 
0.266750564991 0.452337381533 0.599875134257 0.650639294914 0.802117408121 0.326307960061 
0.260157766662 0.479714256425 0.456199485679 0.6400387228 0.785350942101 0.357792564964 
0.266656996816 0.453657803852 0.426587048736 0.49805802641 0.714772150518 0.637490408325 
0.267946453085 0.489809945248 0.467168259199 0.473493732385 0.763979419652 0.399974891015 
0.268565874317 0.446024992929 0.428244531722 0.539214492489 0.776231915098 0.328062408681 
0.261729271069 0.461963165641 0.423498718568 0.536877612339 0.644000677693 0.600202309581 
0.261514226777 0.437247028166 0.401528027686 0.379474350587 0.822929057276 0.409690583271 
0.209391223529 0.407166812284 0.379762980508 0.668453505565 0.837811728441 0.459595684221 
0.263220629228 0.44301364022 0.434669143675 0.632562949018 0.8724073448 0.172251401756 
0.276822692953 0.453249190625 0.471814065519 0.474855748113 0.847748367792 0.197695030829 
0.27003071418 0.454917786498 0.417176098489 0.566552026335 0.854820597003 0.0394040865863 
0.288988909201 0.473219236971 0.434407180225 0.577740591356 0.84713886589 0.0633425112953 
0.261228366704 0.432226966945 0.400910578379 0.383867431034 0.613107886076 0.799764722711 
0.261833397473 0.43963424475 0.404542230316 0.484084688637 0.512849705219 0.68092715027 
0.260706867892 0.439583978046 0.397228209261 0.381724440829 0.891582537917 0.200476656394 
0.379210554512 0.596461183454 0.761925459465 0.71058270123 0.81307343222 0.306235913391 
0.270867726397 0.449885576191 0.45585228291 0.469376172547 0.626361715156 0.586571691812 
0.303823214653 0.477373679246 0.460711300085 0.791672741155 0.739072216634 0.5440148611 
0.289901751804 0.472382185967 0.44602238482 0.785364086016 0.809268451986 0.133177307217 
0.27068160313 0.475085782472 0.482111973323 0.571745592996 0.714167772179 0.309013332425 
0.276295444912 0.452096146627 0.422289947059 0.409292179212 0.481461708756 0.803956224914 
0.260418316654 0.439833965626 0.442069250368 0.423609438281 0.569210652556 0.717841175506 
0.258143386672 0.437761495321 0.390571456566 0.594534872906 0.746575565848 0.597991399757 
0.275218343374 0.613405240675 0.663867421108 0.680869035852 0.757917618492 0.0705877165535 
0.26225891406 0.441384698536 0.411430069989 0.407752538913 0.838234636184 0.372965214609 
0.260293231256 0.458952144413 0.419712269247 0.551647326578 0.657038211881 0.641463141603 
0.261987323418 0.442429644272 0.386862251303 0.562367045054 0.748862861649 0.511496626173 
0.263220629228 0.44301364022 0.434669143675 0.632562949018 0.8724073448 0.172251401756 
0.26225891406 0.441384698536 0.411430069989 0.407752538913 0.838234636184 0.372965214609 
0.261833397473 0.43963424475 0.404542230316 0.484084688637 0.512849705219 0.68092715027 
0.261776016591 0.454432943209 0.417249038585 0.485854216556 0.568596169701 0.66318515267 
0.255294559269 0.435812598087 0.40221625685 0.580312139389 0.926684255761 0.0458991268685 
0.265608276001 0.480537379513 0.454715120031 0.653611858098 0.796534075942 0.370620703957 
0.259751073234 0.438765361974 0.40222624493 0.3897284309 0.844657046176 0.247921109072 
0.282150267664 0.458534327197 0.436846162644 0.42384379118 0.584822538566 0.796523456638 
0.261664294038 0.440723484818 0.40528048346 0.572974109323 0.72061037145 0.545943982981 
0.270867726397 0.449885576191 0.45585228291 0.469376172547 0.626361715156 0.586571691812 
0.275329531376 0.456948181156 0.420114333196 0.485317851977 0.775277331707 0.412733001999 
0.260862990733 0.44020953327 0.398187994317 0.886269332514 0.784604337766 0.0887680258518 
0.261192903471 0.438209650241 0.440538126924 0.438152274375 0.225164613784 0.797773687719 
0.261994645704 0.435690583412 0.402333939536 0.350941769555 0.87676525629 0.26786498869 
0.260857238689 0.439756016524 0.398374690418 0.383348624481 0.831797782501 0.410573576212 
0.209391223529 0.407166812284 0.379762980508 0.668453505565 0.837811728441 0.459595684221 
0.263232317065 0.443031956058 0.434734597481 0.63238889473 0.87212609618 0.172139627721 
0.352241155581 0.564282643436 0.513922488359 0.570075620251 0.736495992593 0.401310910008 
0.209391223529 0.407166812284 0.379762980508 0.668453505565 0.837811728441 0.459595684221 
0.276147406326 0.455705674596 0.423457436079 0.882650974428 0.842157895794 0.152212463932 
0.462219902842 0.714414702288 0.645221600854 0.69229011472 0.760651560257 0.0724698015771 
0.270810341013 0.46220972752 0.439198342422 0.455932815328 0.74889322016 0.404199681546 
0.258143386672 0.437761495321 0.390571456566 0.594534872906 0.746575565848 0.597991399757 
0.359822349337 0.526026820313 0.554849621607 0.537399350918 0.94251152072 0.04733171934 
0.261947993045 0.436858063218 0.401448933655 0.490240032344 0.514145542246 0.705648666861 
0.217969342375 0.412014640199 0.383116970192 0.661392379181 0.829804227748 0.449907542054 
0.282224043131 0.559020104955 0.52614398914 0.60537808189 0.660316540276 0.5195564804 
0.262829466714 0.449289260202 0.516291161337 0.630263185937 0.694117095596 0.596067329728 
0.261514226777 0.437247028166 0.401528027686 0.379474350587 0.822929057276 0.409690583271 
0.261842501571 0.438882671011 0.403687550647 0.485826146028 0.513218552229 0.687868287932 
0.26112371123 0.467476692103 0.43700575417 0.448013586221 0.530749066482 0.773559235889 
0.288673825629 0.476447224339 0.487342141788 0.466475678729 0.519933537733 0.797204528958 
0.215118902685 0.400287994125 0.335008632912 0.325844819008 0.884633012501 0.41677587992 
0.265024593576 0.47900191245 0.45862177284 0.60549186439 0.756905477965 0.325297872838 
0.265054682364 0.456047259508 0.495712723586 0.587622903898 0.672335715082 0.529534697803 
0.262363808519 0.443291496348 0.420876384564 0.430753504903 0.8078193058 0.345687789233 
0.257065385149 0.436850224766 0.386090580352 0.652647697189 0.837494286591 0.403605531518 
0.256963513733 0.437271512941 0.528455857537 0.49413367141 0.895342960027 0.0819961521878 
0.26153875072 0.44333307319 0.389308219446 0.507678378429 0.517717928228 0.778567282339 
0.27441904533 0.603083561531 0.648439093128 0.663714939039 0.738483051937 0.229973203059 
0.262626333457 0.431853874985 0.396218212967 0.499891938729 0.516138352336 0.74547791445 
0.282224043131 0.559020104955 0.52614398914 0.60537808189 0.660316540276 0.5195564804 
0.259842393364 0.439335076107 0.458835487813 0.486601375877 0.501348121864 0.877433018254 
0.259592290267 0.453187264689 0.41442138209 0.572188234227 0.675307893644 0.699474899791 
0.276822692953 0.453249190625 0.471814065519 0.474855748113 0.847748367792 0.197695030829 
0.26123149022 0.657617722577 0.583587110659 0.685151628506 0.684276822908 0.634773152407 
0.259751073234 0.438765361974 0.40222624493 0.3897284309 0.844657046176 0.247921109072 
0.261934273125 0.441452808256 0.406716925701 0.396384397931 0.806092509258 0.391850979859 
0.255734953803 0.432784012011 0.387443848373 0.511306324458 0.518446898301 0.794277446415 
0.21966139393 0.412992590203 0.383806580864 0.659953361036 0.828179063274 0.447941762494 
0.270810341013 0.46220972752 0.439198342422 0.455932815328 0.74889322016 0.404199681546 
0.260293231256 0.458952144413 0.419712269247 0.551647326578 0.657038211881 0.641463141603 
0.290149457267 0.472742242876 0.446580266229 0.782655446183 0.808342430498 0.132655960942 
0.254079794816 0.427451369649 0.398123383667 0.584862469918 0.951951274905 0.0481864516558 
0.26179647325 0.433569134105 0.397553591483 0.726826587355 0.778932379126 0.265192152755 
0.261298868173 0.434969832863 0.399423834359 0.494074576277 0.514942465462 0.721315467451 
0.260157766662 0.479714256425 0.456199485679 0.6400387228 0.785350942101 0.357792564964 
0.261128501901 0.440284912547 0.402979539059 0.433613507717 0.579838641776 0.771358962555 
0.267946453085 0.489809945248 0.467168259199 0.473493732385 0.763979419652 0.399974891015 
0.261192903471 0.438209650241 0.440538126924 0.438152274375 0.225164613784 0.797773687719 
0.266734485875 0.478996327324 0.435324920891 0.457028016864 0.520166153041 0.717238762398 
0.290159300358 0.472756652038 0.446602700998 0.78254606321 0.808305020132 0.132634917603 
0.263664055875 0.455399435401 0.419099172418 0.47849194185 0.562135088691 0.628123714558 
0.261666984784 0.440647412119 0.401572967663 0.447376414704 0.685243893382 0.709094760259 
0.259771321142 0.439499146329 0.38674098531 0.91082707177 0.78791709865 0.0913585232826 
0.279155326569 0.455173877853 0.419669840642 0.484732092109 0.777860948477 0.415657530118 
0.270497942358 0.461748941575 0.438264113544 0.453815361696 0.752869743948 0.408915039993 
