0.322934798181 0.389561465435 0.412126014426 0.440002504833 0.65046272301 0.770891161316 
0.332526464968 0.354689748245 0.395601981724 0.415004228728 0.386522264663 0.890497942296 
0.290465902778 0.669807740864 0.690637856026 0.792294451501 0.77076814882 0.131247791264 
0.324520748213 0.412759123274 0.479455116824 0.681024592303 0.699771246268 0.400572267005 
0.456528695149 0.688091942809 0.857180513443 0.774341887483 0.790262190743 0.362905876814 
0.323835148745 0.380795839462 0.517133881762 0.522987365569 0.606148500927 0.787708080465 
0.333922379301 0.401038967816 0.424891245775 0.532793038835 0.702559232668 0.598374068285 
0.54044046738 0.631628950576 0.614894547429 0.860987290238 0.771433568279 0.026482220874 
0.43159763195 0.559758871721 0.488607647837 0.592492471803 0.827540380229 0.452917752911 
0.319940962374 0.447864229568 0.522489948753 0.54641327598 0.78738992843 0.418248068225 
0.322520023877 0.388536329537 0.409368291963 0.553717668255 0.685638924079 0.696018573683 
0.331426183717 0.416529696502 0.482349348115 0.61936078775 0.720721967826 0.46859943243 
0.376992444284 0.533055299818 0.494418709234 0.607109878281 0.63550484237 0.606893535347 
0.324974332721 0.391391529724 0.412879946354 0.673701546125 0.636704740725 0.592225449281 
0.322751496078 0.389557688251 0.407427647481 0.631816613554 0.839817661547 0.171415906805 
0.309596556642 0.326977791309 0.690985945185 0.672262003494 0.877570427102 0.0964660175225 
0.332788338584 0.426050706198 0.519863805992 0.57610136424 0.82311283572 0.287297101445 
0.329090357492 0.400500920479 0.428545187889 0.476037019984 0.893381795665 0.353482478003 
0.322525860004 0.397453651002 0.490023486025 0.513432724383 0.585162524498 0.686310517411 
0.452875650848 0.679943794379 0.845009657097 0.765108080168 0.856859736195 0.0674600210097 
0.322751496078 0.389557688251 0.407427647481 0.631816613554 0.839817661547 0.171415906805 
0.334851462661 0.428543065746 0.510862016593 0.573050222541 0.799754047925 0.270761459372 
0.32310993882 0.384733907034 0.511417379735 0.521064477971 0.601704913811 0.766202583315 
0.472686716214 0.626092903492 0.573244060235 0.691289243667 0.792697400811 0.104205835939 
0.345519714415 0.411806445015 0.439555193706 0.521116192507 0.692063409684 0.530582718541 
0.315662398233 0.448913272181 0.532100630723 0.546220129737 0.810180202219 0.443944772503 
0.336511429388 0.349870484215 0.394547709328 0.413883134906 0.383897723504 0.946445466712 
0.332526464968 0.354689748245 0.395601981724 0.415004228728 0.386522264663 0.890497942296 
0.404883907236 0.499870834285 0.512937770321 0.639265485319 0.66911261705 0.44884626075 
0.322520023877 0.388536329537 0.409368291963 0.553717668255 0.685638924079 0.696018573683 
0.373556330389 0.469983522177 0.466928978596 0.524513802714 0.714692793298 0.498958289012 
0.34075811273 0.40593857377 0.428051000648 0.609621529251 0.791736105005 0.151415520449 
0.383593910488 0.433330159354 0.467125839112 0.82880447816 0.772761186995 0.289608929431 
0.43159763195 0.559758871721 0.488607647837 0.592492471803 0.827540380229 0.452917752911 
0.304851070372 0.349536807899 0.389497397183 0.407858812829 0.79230344048 0.659064844752 
0.322289178266 0.3890574043 0.409812358569 0.432285829472 0.662713126703 0.813702901743 
0.314781025058 0.368643893151 0.381737061127 0.301731627652 0.963214059772 0.0470606424128 
0.329090357492 0.400500920479 0.428545187889 0.476037019984 0.893381795665 0.353482478003 
0.43159763195 0.559758871721 0.488607647837 0.592492471803 0.827540380229 0.452917752911 
0.324974332721 0.391391529724 0.412879946354 0.673701546125 0.636704740725 0.592225449281 
0.406310910609 0.453091198946 0.506360305981 0.604767819483 0.90763164149 0.314940712364 
0.321129184913 0.382415448908 0.441586470169 0.461675475117 0.77944602439 0.603556150559 
0.351134277013 0.453008737691 0.506037681008 0.507936207998 0.757533508909 0.714197016785 
0.329813826648 0.401768070449 0.430437305525 0.480327272347 0.883568485458 0.346198715272 
0.43159763195 0.559758871721 0.488607647837 0.592492471803 0.827540380229 0.452917752911 
0.322080986491 0.385969442225 0.469436121664 0.635668611585 0.804311331967 0.28158738006 
0.323835148745 0.380795839462 0.517133881762 0.522987365569 0.606148500927 0.787708080465 
0.277555709036 0.355231866998 0.387989150223 0.405987917591 0.795070999288 0.664297873323 
0.323381245434 0.389917573716 0.413660834961 0.445036514814 0.907748906114 0.311812106494 
0.384010787016 0.436631330421 0.470958008227 0.796905722044 0.765205176527 0.276680441943 
0.339438174864 0.441154035327 0.48350194497 0.512704958336 0.684147021523 0.559714561511 
0.345519714415 0.411806445015 0.439555193706 0.521116192507 0.692063409684 0.530582718541 
0.455716269567 0.487596136619 0.49992568505 0.608714738214 0.666026534804 0.662088686434 
0.391481284261 0.441789116483 0.489443117601 0.574832168364 0.855462834305 0.495072539536 
0.275054963436 0.553863639201 0.483236882587 0.606139917773 0.914072811312 0.319085643041 
0.327097031596 0.403060530336 0.431153478541 0.54292779258 0.596268201054 0.739914753185 
0.324039544845 0.394379006842 0.414934734433 0.501150089757 0.511254007053 0.885278746572 
0.322520023877 0.388536329537 0.409368291963 0.553717668255 0.685638924079 0.696018573683 
0.322080986491 0.385969442225 0.469436121664 0.635668611585 0.804311331967 0.28158738006 
0.333922379301 0.401038967816 0.424891245775 0.532793038835 0.702559232668 0.598374068285 
0.332142186854 0.396507828228 0.447209735323 0.559744672276 0.615521206767 0.833120435236 
0.322496001817 0.38886379301 0.417812777096 0.663974457135 0.635060054568 0.579803216032 
0.345519714415 0.411806445015 0.439555193706 0.521116192507 0.692063409684 0.530582718541 
0.344691904465 0.413053961515 0.441202061759 0.521528029658 0.67570630103 0.499577581848 
0.328283416278 0.417611544442 0.542800994656 0.584363658276 0.886276171979 0.332062179007 
0.323032041785 0.389978079817 0.404465673596 0.634467559702 0.845806209394 0.173907014624 
0.339664293804 0.439075988582 0.480270997017 0.513349978371 0.675488786228 0.541565070646 
0.344915586613 0.412751414481 0.440793900097 0.521437365577 0.679596799073 0.506939208038 
0.43159763195 0.559758871721 0.488607647837 0.592492471803 0.827540380229 0.452917752911 
0.311756793067 0.337362106527 0.644269635799 0.63281594848 0.802946806537 0.470689011105 
0.333922379301 0.401038967816 0.424891245775 0.532793038835 0.702559232668 0.598374068285 
0.582758220395 0.660216271899 0.590501009289 0.79416267941 0.826836185638 0.0604480565478 
0.320232871 0.395800630326 0.41351328566 0.541019732388 0.773775082251 0.748501395059 
0.321053928778 0.388123361438 0.410051054976 0.432285829472 0.662713126703 0.813702901743 
0.324974332721 0.391391529724 0.412879946354 0.673701546125 0.636704740725 0.592225449281 
0.445950864546 0.582201483246 0.498847729781 0.582479127023 0.871904751645 0.32187125601 
0.333175868269 0.353869861219 0.395418127887 0.414812330176 0.386077190789 0.899983611346 
0.334123882824 0.647471649232 0.578558935863 0.751637583456 0.692301293388 0.56761956359 
0.351045166861 0.452702028352 0.50549324857 0.508050879967 0.755471912503 0.70984502004 
0.410159630796 0.537560212076 0.492483321118 0.511889702589 0.924098881092 0.128052118534 
0.322546762492 0.390970987775 0.42737989617 0.531978725373 0.696077142799 0.584754663575 
0.428056480141 0.556244189843 0.52689359491 0.61942667124 0.632113061847 0.558567370809 
0.311966220056 0.365644031566 0.466039416403 0.698868350732 0.895044487972 0.35213581876 
0.303207104229 0.345725640057 0.387676167574 0.405600926232 0.795644338704 0.665383483509 
0.376992444284 0.533055299818 0.494418709234 0.607109878281 0.63550484237 0.606893535347 
0.54044046738 0.631628950576 0.614894547429 0.860987290238 0.771433568279 0.026482220874 
0.331108773234 0.423459636248 0.527730925199 0.57885608655 0.844207894325 0.302240013094 
0.304851070372 0.349536807899 0.389497397183 0.407858812829 0.79230344048 0.659064844752 
0.377351798666 0.423965631241 0.456039134146 0.901930937811 0.789435694501 0.319817483272 
0.321857981403 0.404346473332 0.480046463764 0.73748429997 0.71263297876 0.442032757456 
0.325151565374 0.372113996637 0.626238110351 0.76671523869 0.695036556647 0.584394096566 
0.379153768456 0.491761364168 0.48866747255 0.603810157495 0.807843395186 0.324873642604 
0.331426183717 0.416529696502 0.482349348115 0.61936078775 0.720721967826 0.46859943243 
0.339664293804 0.439075988582 0.480270997017 0.513349978371 0.675488786228 0.541565070646 
0.326462087152 0.375706525145 0.404849193551 0.562153016625 0.706375549667 0.751929294781 
0.376992444284 0.533055299818 0.494418709234 0.607109878281 0.63550484237 0.606893535347 
0.682644040267 0.663692581976 0.821592767037 0.765471346234 0.785641845632 0.35320389916 
0.333892993834 0.414775313488 0.424373318721 0.453328229303 0.806557011405 0.649339979762 
0.328277118437 0.394369236299 0.416816933201 0.538999728511 0.755471912503 0.70984502004 
0.31403853034 0.449200412726 0.535846044706 0.546150782789 0.819397934903 0.454345348524 
