0.46026958257 0.470167175288 0.5280303489 0.619800588693 0.840419318004 0.39267237329 
0.4344090145 0.443918801893 0.314404105335 0.778312911004 0.817287993003 0.150263223351 
0.46118703695 0.477135107622 0.370558185925 0.457107519067 0.533110786033 0.683937571335 
0.462322112721 0.476844143204 0.356118955455 0.454076957052 0.560150967312 0.804142409366 
0.459090870105 0.476318777387 0.356253205332 0.444714459388 0.624739980991 0.740849748982 
0.459443123528 0.47717260459 0.381170176625 0.472567442032 0.505876583822 0.679765726385 
0.473853273485 0.490443124061 0.393703919947 0.555113008129 0.873641284956 0.00253636137424 
0.486372823306 0.501354229898 0.398635298198 0.529425204511 0.842346692817 0.212514348575 
0.464670744634 0.483570630136 0.387239618237 0.519074870267 0.898144333972 0.0681344509092 
0.430838865084 0.448806756505 0.490880284524 0.750709546425 0.659338523861 0.618058354524 
0.495307626415 0.522926057157 0.398322023283 0.556123555743 0.762294169811 0.491079295089 
0.458721263814 0.472231985736 0.353581315201 0.436418326959 0.575429317271 0.765249074847 
0.465706081696 0.439225076959 0.326454706213 0.399011740288 0.860056011293 0.440631092035 
0.414032177154 0.790383677279 0.52914046339 0.619015818596 0.88407077841 0.125915413669 
0.464411305633 0.479298184239 0.358978479763 0.455938336531 0.467656988681 0.72259090761 
0.506039410742 0.591006243618 0.49571004739 0.648717580764 0.736880736482 0.329859134402 
0.626797416183 0.615271025975 0.547601682979 0.612679005139 0.678389861003 0.644793189581 
0.547361283777 0.552684794634 0.444111613944 0.529847137665 0.896368601634 0.194497702637 
0.796020585672 0.692793779098 0.538369416456 0.604866954988 0.728110547246 0.674902847635 
0.483063586088 0.500604424966 0.382936567181 0.512081407105 0.934508396169 0.196877110247 
0.444053604641 0.463381020779 0.454959217108 0.637767061076 0.766913302517 0.698741205618 
0.573447018103 0.596533930394 0.456873320977 0.759867381712 0.81250170294 0.147628053169 
0.548840502707 0.766155397593 0.492560488019 0.567778437541 0.74643664053 0.674259735471 
0.46118703695 0.477135107622 0.370558185925 0.457107519067 0.533110786033 0.683937571335 
0.586492039904 0.618190779036 0.520361025025 0.662989802394 0.784792184518 0.0916747579122 
0.458721263814 0.472231985736 0.353581315201 0.436418326959 0.575429317271 0.765249074847 
0.561215705577 0.59011341667 0.5484341099 0.794133990745 0.781000225584 0.242213360083 
0.486372823306 0.501354229898 0.398635298198 0.529425204511 0.842346692817 0.212514348575 
0.434997171877 0.452056190794 0.487670450182 0.740793866691 0.658210046194 0.60647626834 
0.484519367234 0.503091677908 0.386164500953 0.518539180505 0.911877518114 0.188258401196 
0.482342248827 0.499474616098 0.381526076609 0.509159455231 0.944671528121 0.200761045167 
0.478507098747 0.488099864435 0.229618454632 0.364773225699 0.29476403593 0.766949766999 
0.507005755117 0.677011930307 0.576921264002 0.661939319826 0.807042657993 0.278993577467 
0.465241222843 0.479597444259 0.358809659239 0.457327891217 0.471504292658 0.807689368912 
0.461930646863 0.475872296077 0.363198967291 0.533373766475 0.598137721758 0.720975165992 
0.463904497792 0.44589500444 0.331522171255 0.406644438257 0.851735569626 0.431561010924 
0.459647772346 0.472701698314 0.381022556453 0.47410075952 0.893530490163 0.216608787785 
0.480219918534 0.49739590364 0.379513161305 0.503653927913 0.874296102679 0.428459061639 
0.428362005111 0.437189030756 0.305597712163 0.788613744988 0.822428762603 0.15310790255 
0.486372823306 0.501354229898 0.398635298198 0.529425204511 0.842346692817 0.212514348575 
0.459098758622 0.47650915954 0.518591527998 0.614561360807 0.827027781888 0.379524376114 
0.544119773641 0.552242677777 0.444407147428 0.532505557566 0.882436424236 0.188889041151 
0.465706081696 0.439225076959 0.326454706213 0.399011740288 0.860056011293 0.440631092035 
0.463063992933 0.487701018713 0.361504580455 0.474060554296 0.476111856319 0.767328198424 
0.419591294735 0.438284890807 0.331089726183 0.416216973998 0.835116787328 0.430962558036 
0.463692476294 0.478510743717 0.357301250379 0.458249325735 0.549795416979 0.73938058967 
0.449884997543 0.462483549681 0.476180234007 0.70675673309 0.654048149194 0.567199674558 
0.418524176321 0.439704615052 0.499605245468 0.778582950404 0.662335264599 0.650935416141 
0.459450985476 0.473971667358 0.356111803804 0.449818445871 0.568964141928 0.807231690209 
0.54151302497 0.566553157583 0.453302089424 0.685301877038 0.819994674891 0.465904258534 
0.453741057825 0.46827549904 0.470557610533 0.690907315423 0.651937776798 0.549176258604 
0.460298107015 0.474867920933 0.343990156956 0.411525405216 0.403035326324 0.821890773453 
0.463471565475 0.47849867077 0.359350322581 0.454018591064 0.559337001378 0.799023310291 
0.481978605953 0.498924656732 0.380850552178 0.507738557112 0.949598113621 0.20264659148 
0.460922497637 0.466041376696 0.533922359594 0.623074468209 0.848825275532 0.400925676515 
0.490687383969 0.504328804695 0.377605260671 0.505740872644 0.867007589592 0.421583866229 
0.466426119087 0.43678171711 0.324626041538 0.396270935812 0.863034286093 0.443896746202 
0.463692476294 0.478510743717 0.357301250379 0.458249325735 0.549795416979 0.73938058967 
0.485511747027 0.49909078941 0.39540328972 0.523424017389 0.86210684528 0.222231267304 
0.460925496044 0.475105253822 0.367559746307 0.452994095107 0.543574627705 0.753756587548 
0.462643340519 0.486899359789 0.479463695485 0.567542152698 0.839119247094 0.122506974475 
0.698046691157 0.687602205535 0.597680522118 0.680083024276 0.668138784937 0.582616141526 
0.46118703695 0.477135107622 0.370558185925 0.457107519067 0.533110786033 0.683937571335 
0.547746981821 0.552723338772 0.444061131029 0.529515544972 0.8981284988 0.195207102114 
0.606891732759 0.746322573879 0.521688633408 0.615360811512 0.868527906851 0.121487351107 
0.483540922411 0.502856672022 0.393053336181 0.520401521041 0.871969568436 0.227105099046 
0.46118703695 0.477135107622 0.370558185925 0.457107519067 0.533110786033 0.683937571335 
0.465027376181 0.479525238927 0.358851881467 0.456950700556 0.470457656699 0.784536134448 
0.461455876288 0.475464533758 0.361796193006 0.536135836032 0.602009697418 0.738756334288 
0.495981215857 0.523372716724 0.39809925648 0.556928821247 0.767945701743 0.499238249134 
0.438363168661 0.454763746509 0.484949965442 0.732530646159 0.657242211711 0.596871648271 
0.465896086551 0.478898369121 0.377277055558 0.682023763705 0.863338017771 0.2381422957 
0.458721263814 0.472231985736 0.353581315201 0.436418326959 0.575429317271 0.765249074847 
0.46513886449 0.479563268885 0.35882974985 0.457145591703 0.470998251648 0.796494715894 
0.423741137481 0.43214421214 0.299027264229 0.796114403943 0.826190427265 0.155198479516 
0.463692476294 0.478510743717 0.357301250379 0.458249325735 0.549795416979 0.73938058967 
0.540413463692 0.551511410787 0.444501912101 0.535318370709 0.868026524866 0.183102469596 
0.507005755117 0.677011930307 0.576921264002 0.661939319826 0.807042657993 0.278993577467 
0.464411305633 0.479298184239 0.358978479763 0.455938336531 0.467656988681 0.72259090761 
0.457293660835 0.471817653175 0.399002583146 0.524877417783 0.857343922283 0.219883129109 
0.463624941327 0.477101563399 0.382654458717 0.823009319639 0.729466852991 0.375101882415 
0.471575915347 0.484686037316 0.391703609244 0.651944107784 0.821632310863 0.214092384715 
0.533421524463 0.55742348562 0.54491010422 0.764495615212 0.746867087778 0.522464483735 
0.459450985476 0.473971667358 0.356111803804 0.449818445871 0.568964141928 0.807231690209 
0.473991936441 0.500796553512 0.473721739399 0.631457577802 0.767368123647 0.397147405811 
0.534048843766 0.549853268412 0.444178983703 0.539690820019 0.846260966566 0.17439271229 
0.449884997543 0.462483549681 0.476180234007 0.70675673309 0.654048149194 0.567199674558 
0.461990929248 0.475925787333 0.363370599155 0.533032075834 0.597659805837 0.718780658446 
0.456494693931 0.470959373711 0.467486499727 0.682466045513 0.650763366758 0.539648890114 
0.466426119087 0.43678171711 0.324626041538 0.396270935812 0.863034286093 0.443896746202 
0.533421524463 0.55742348562 0.54491010422 0.764495615212 0.746867087778 0.522464483735 
0.439238783947 0.45548037986 0.484222304615 0.730342174177 0.656981535269 0.594335233378 
0.462322112721 0.476844143204 0.356118955455 0.454076957052 0.560150967312 0.804142409366 
0.424604404056 0.444109467329 0.495427263221 0.765066751651 0.660912887685 0.634935245059 
0.449884997543 0.462483549681 0.476180234007 0.70675673309 0.654048149194 0.567199674558 
0.456494693931 0.470959373711 0.467486499727 0.682466045513 0.650763366758 0.539648890114 
0.459647772346 0.472701698314 0.381022556453 0.47410075952 0.893530490163 0.216608787785 
0.547746981821 0.552723338772 0.444061131029 0.529515544972 0.8981284988 0.195207102114 
0.463692476294 0.478510743717 0.357301250379 0.458249325735 0.549795416979 0.73938058967 
0.459353829545 0.474746927647 0.321693238021 0.408596769169 0.851735569626 0.431561010924 
