0.412140987657 0.370308852522 0.537101157909 0.879766576414 0.75180688402 0.0938736002481 
0.397112296226 0.46250516656 0.493994498042 0.79913783151 0.709285285451 0.579917712742 
0.425331657434 0.391457357138 0.443845470616 0.543493619306 0.656751033113 0.575504727845 
0.409254349885 0.372538845219 0.407000205894 0.473910624732 0.838552271493 0.310703090851 
0.413770507579 0.391207068987 0.426131181793 0.503714886454 0.58328932278 0.642566968338 
0.428877145972 0.396436222373 0.456262605595 0.637839587538 0.750107251254 0.352198249849 
0.494019352494 0.507907988793 0.506380203312 0.637716767847 0.548457275031 0.848412825265 
0.412215016966 0.382805611243 0.418444579321 0.503485536238 0.737577864093 0.505757590851 
0.430163260619 0.420589285584 0.515089791206 0.591833826744 0.860908048092 0.301069975508 
0.563319565364 0.589600828876 0.905967238829 0.834313604248 0.752841581519 0.249908474647 
0.461341197284 0.439649258737 0.463664471611 0.671303716642 0.863020732165 0.0617771869378 
0.41151023807 0.376156996423 0.420733909358 0.721619027602 0.811227631397 0.504959990519 
0.415657531959 0.394165709096 0.442708713975 0.758918205553 0.758817717139 0.0705166371069 
0.413560279864 0.400747911887 0.434498951607 0.572663028716 0.876414238157 0.152710763626 
0.412400711024 0.378227403513 0.412704421555 0.481744130379 0.365906007086 0.862597651478 
0.45285168074 0.443714484793 0.467725640076 0.616878564932 0.850528473271 0.263297740821 
0.413921607138 0.387437882081 0.43846445959 0.665605745522 0.771249095293 0.170920355748 
0.414989249387 0.407302892134 0.532600904469 0.594148220694 0.828841931882 0.221836001786 
0.413856563778 0.388903695632 0.420149219129 0.534749995096 0.6440595888 0.639710416022 
0.412386491972 0.377836556513 0.410268701067 0.637140860451 0.644136892859 0.79948542506 
0.437562098907 0.4292842663 0.477419546512 0.751902621083 0.706767604025 0.513564761889 
0.415706955694 0.381372816526 0.504045564461 0.661843103958 0.618699336471 0.614882457498 
0.470681952542 0.472562212757 0.492260810984 0.591862971148 0.847066593862 0.29214071607 
0.423354985527 0.397734604029 0.49788726117 0.566501460007 0.783240196519 0.336919344218 
0.563319565364 0.589600828876 0.905967238829 0.834313604248 0.752841581519 0.249908474647 
0.563319565364 0.589600828876 0.905967238829 0.834313604248 0.752841581519 0.249908474647 
0.426618885297 0.399867652889 0.474540392609 0.60476624163 0.608244372236 0.639016152434 
0.428347708958 0.395012535002 0.453741181976 0.643624440266 0.760124750692 0.362895435166 
0.419055751237 0.388671455858 0.456777417709 0.575548986633 0.588125420195 0.792715340738 
0.418534616191 0.451255585107 0.46770290971 0.61692831982 0.850917096418 0.263523183276 
0.450705323985 0.441713875233 0.468850964732 0.614509318424 0.83207569569 0.252598391559 
0.401578474325 0.611040846874 0.740537114252 0.769496565345 0.738418122738 0.216268599959 
0.459006834991 0.515073791414 0.562145027703 0.646500230875 0.778498016633 0.174636074469 
0.45285168074 0.443714484793 0.467725640076 0.616878564932 0.850528473271 0.263297740821 
0.448031715634 0.471960270622 0.572885100005 0.68058650011 0.651272044757 0.572842600338 
0.428187533396 0.405438246338 0.501219100814 0.654600988014 0.739865449992 0.407902722912 
0.436497622003 0.422108728475 0.450793388886 0.536867577714 0.679649576312 0.626428912209 
0.421082972719 0.392059714585 0.425833562038 0.559696272857 0.945726302959 0.174633648243 
0.414989249387 0.407302892134 0.532600904469 0.594148220694 0.828841931882 0.221836001786 
0.413814752384 0.404826480227 0.538582404822 0.59397062291 0.852296025825 0.233792946679 
0.425331657434 0.391457357138 0.443845470616 0.543493619306 0.656751033113 0.575504727845 
0.412386491972 0.377836556513 0.410268701067 0.637140860451 0.644136892859 0.79948542506 
0.416201636579 0.381834825303 0.517903363305 0.689062542689 0.649763769446 0.566356081797 
0.425110139246 0.389339153698 0.440762070379 0.540198733565 0.683588146846 0.635225576871 
0.420738241922 0.385066689031 0.417729048827 0.492022717772 0.435495702992 0.859995009289 
0.409254349885 0.372538845219 0.407000205894 0.473910624732 0.838552271493 0.310703090851 
0.436970896793 0.421818040969 0.458809877934 0.521674141373 0.86022785547 0.100160234797 
0.563319565364 0.589600828876 0.905967238829 0.834313604248 0.752841581519 0.249908474647 
0.408508455169 0.370365525829 0.398967864136 0.702318428232 0.701468260723 0.562897612188 
0.413173681841 0.383145803491 0.427444293792 0.605565106838 0.613581058341 0.68180956899 
0.412573809984 0.38161475092 0.414074833672 0.527799032907 0.687238169728 0.753649598468 
0.398770003164 0.453389954352 0.485128260167 0.764722064743 0.677261547388 0.649805880388 
0.415351831863 0.393167948556 0.425477498274 0.538070188674 0.621220338489 0.580189547818 
0.412644300654 0.379207111012 0.384368767858 0.81688576492 0.735957525393 0.361171585436 
0.417896556055 0.390757007882 0.426590921093 0.370092565837 0.9220461003 0.0975465607754 
0.412400711024 0.378227403513 0.412704421555 0.481744130379 0.365906007086 0.862597651478 
0.409631745221 0.376168158415 0.401695129714 0.462424089706 0.318734868991 0.86726831864 
0.402095119171 0.354805476529 0.384734571515 0.691048716809 0.90390732923 0.067380683753 
0.401578474325 0.611040846874 0.740537114252 0.769496565345 0.738418122738 0.216268599959 
0.326577022301 0.766357456255 0.921172396983 0.853328069394 0.756773712979 0.260715881418 
0.414835597547 0.383273173226 0.42833221887 0.554213426821 0.700330097642 0.671533715731 
0.415999618918 0.390026055677 0.565094117806 0.614320313404 0.706026950046 0.546745307695 
0.458892246166 0.47261208798 0.485950760997 0.624313257935 0.569758307882 0.80888778382 
0.415657531959 0.394165709096 0.442708713975 0.758918205553 0.758817717139 0.0705166371069 
0.411125035594 0.36279085344 0.400009508293 0.463868518973 0.851197939059 0.320109377096 
0.413770507579 0.391207068987 0.426131181793 0.503714886454 0.58328932278 0.642566968338 
0.416182038005 0.384774480921 0.499560435623 0.649635570065 0.614552627177 0.592921265809 
0.421088524917 0.394071452325 0.446641564567 0.659283758003 0.787482587715 0.392113631956 
0.412666748983 0.381197733491 0.533359829057 0.58695100812 0.847454533138 0.292390840198 
0.481411221967 0.44358812751 0.483851851993 0.567199221328 0.799293517231 0.397213230142 
0.420069008302 0.384955165568 0.429370526147 0.516767691461 0.576248786991 0.731788927352 
0.417723570792 0.417520251093 0.441896540735 0.653307743283 0.777002689204 0.380920428956 
0.415657531959 0.394165709096 0.442708713975 0.758918205553 0.758817717139 0.0705166371069 
0.525320146482 0.543835901586 0.696754591238 0.737150059618 0.725935081712 0.537629692582 
0.410484918565 0.335294857688 0.386367795963 0.6955037726 0.91545783046 0.0689636944527 
0.410309174854 0.374963609753 0.706807284872 0.729192504353 0.721497361198 0.525590173516 
0.4251643691 0.389624012793 0.441192936837 0.5406921471 0.679649576312 0.626428912209 
0.412425614468 0.378310914799 0.412211765777 0.780948331196 0.726644650819 0.339474987564 
0.415657531959 0.394165709096 0.442708713975 0.758918205553 0.758817717139 0.0705166371069 
0.456097617436 0.416287221115 0.510785093456 0.591881681726 0.840309007055 0.287785102544 
0.412425614468 0.378310914799 0.412211765777 0.780948331196 0.726644650819 0.339474987564 
0.512034853057 0.503219738207 0.517105957716 0.868275523826 0.745364884439 0.231366319769 
0.412213386787 0.38276234925 0.41838098833 0.503304162508 0.737848747295 0.506166680964 
0.40600618189 0.413600469761 0.446425591783 0.614491264823 0.902161992068 0.259280427259 
0.424757324212 0.389262434071 0.440263278218 0.538792501832 0.671145220291 0.636465170014 
0.411584752721 0.372205437494 0.400283522106 0.824918736026 0.781400118294 0.0787960869092 
0.415065159098 0.410239661801 0.433193418877 0.672808797328 0.811364001815 0.417623176084 
0.413109704165 0.402929618498 0.542767898378 0.593874042445 0.869827354649 0.242744204564 
0.411652795016 0.372754042845 0.401346540334 0.823452084055 0.780903153202 0.078607346847 
0.398770003164 0.453389954352 0.485128260167 0.764722064743 0.677261547388 0.649805880388 
0.412623833995 0.380685361322 0.511864092646 0.684351540346 0.626160115434 0.65572875381 
0.459929154156 0.439290123967 0.464924775961 0.666558194773 0.851802108541 0.0602396972213 
0.407407788112 0.369178975263 0.39209285959 0.808629737351 0.733837690985 0.356122373867 
0.450359538126 0.441385261007 0.469035044681 0.614138180457 0.829194951665 0.250929034591 
0.411293111943 0.377437133792 0.407866529105 0.47839005349 0.43754391421 0.857279807862 
0.437134199961 0.42216084056 0.459297865987 0.522195744922 0.859071979253 0.0999121379967 
0.360440794491 0.613285765419 0.720360418121 0.706551632929 0.674300466048 0.677392479442 
0.403487207184 0.362278781336 0.398546755507 0.461766554388 0.853834062997 0.322085847805 
0.427855520917 0.393915949547 0.451710033814 0.648191329616 0.768068301706 0.371378564178 
0.412699159323 0.384394296055 0.415737466214 0.566929306246 0.917301742936 0.258231967826 
