0.453402534155 0.457621028489 0.486570594286 0.47435920517 0.796105808921 0.171310854007 
0.451456581674 0.392784677599 0.433142717311 0.387719912385 0.590747383032 0.802031741248 
0.461751152217 0.405258576397 0.471833229779 0.515665542432 0.531484534307 0.787338451753 
0.453299497367 0.396794615565 0.440153790137 0.434275190745 0.796810480914 0.255487476753 
0.441647314537 0.362499444257 0.62006468283 0.727800107591 0.793422424667 0.214497250318 
0.602965724129 0.564764717965 0.726489468502 0.813671564999 0.735019276592 0.0431731329818 
0.449482549671 0.374237991415 0.422456458202 0.385639723536 0.778681880027 0.52784979959 
0.483203713827 0.43720617499 0.696341600467 0.710082871497 0.718973013582 0.189160203307 
0.440585286355 0.383021683393 0.410247808085 0.735983783114 0.789956915143 0.13376736147 
0.457709503814 0.398147570113 0.43908758471 0.437401453712 0.807113701407 0.458992196835 
0.432520981276 0.371997569229 0.378073632975 0.338369367816 0.854802330688 0.481290561136 
0.452508985469 0.399690443193 0.401161234253 0.601686463776 0.599058989284 0.762126367734 
0.4522734338 0.395480466193 0.437561164869 0.427250847547 0.502113821674 0.911228087089 
0.492410324626 0.439871303303 0.494286701941 0.596917422993 0.617320229462 0.508186619508 
0.453127116977 0.404609472457 0.486211196069 0.555171749624 0.508979958705 0.784923375228 
0.508305777289 0.48175391588 0.551730410714 0.673354704562 0.727257211171 0.418564173497 
0.523936983137 0.505228405953 0.594104394822 0.727835112766 0.748177856166 0.196102084402 
0.461410077313 0.806406930081 0.933103600392 0.825945157858 0.763279901056 0.182562051705 
0.460573169126 0.401506590867 0.456751918727 0.443766575947 0.617502671152 0.712167014036 
0.466627387008 0.433560485857 0.476678208275 0.585303035538 0.738909143195 0.243352388583 
0.56328040131 0.659265284176 0.638010152801 0.62024206485 0.698330209295 0.463212482311 
0.455168856444 0.396585053462 0.453804922483 0.457094992967 0.568659850521 0.771072136926 
0.468751382657 0.431174186941 0.470368877007 0.577900685098 0.547802562708 0.681865354796 
0.4709073201 0.437097826784 0.586435461007 0.572842645732 0.632181234759 0.694414859998 
0.454405479322 0.396521147463 0.413332639012 0.41281041296 0.385898595853 0.888906115839 
0.485949021466 0.454323294367 0.506749810127 0.502919916811 0.538568800962 0.834408002249 
0.463486385034 0.407207080763 0.443543144032 0.384672124209 0.338903618148 0.84669076304 
0.454951958848 0.397353662 0.484381895267 0.508162980455 0.832923225883 0.198006831836 
0.453087659535 0.397286833556 0.374398339195 0.382548138383 0.825102659072 0.230110414455 
0.671841403862 0.557325674343 0.584255938003 0.708827065917 0.612429302057 0.661848637944 
0.456564800108 0.39858366283 0.44416928452 0.506731565085 0.573521422229 0.740911810913 
0.558013971751 0.514666023513 0.591249068666 0.583930970899 0.735191723941 0.245717089643 
0.47526301451 0.421980074698 0.617700261489 0.585839079125 0.739620125835 0.249268774566 
0.461751152217 0.405258576397 0.471833229779 0.515665542432 0.531484534307 0.787338451753 
0.423497857565 0.372635197398 0.415236089629 0.594037693988 0.594735710323 0.739282903365 
0.495797066141 0.498752245313 0.555730132654 0.529148432605 0.742348958542 0.363153565706 
0.453368632704 0.395356285729 0.45379580052 0.457207577719 0.575960059409 0.718593186845 
0.472696932266 0.416947748598 0.460848796253 0.484533278465 0.732285423354 0.373817566632 
0.432108220992 0.32946710209 0.649185626339 0.782324494088 0.830933083852 0.24007671465 
0.452496057408 0.39569617276 0.4175315763 0.584259073308 0.589255526437 0.710471091962 
0.46170720689 0.402529973572 0.443389009909 0.448389173128 0.790179692455 0.43933512126 
0.462328708035 0.40206678376 0.443327774555 0.448239394646 0.790412172858 0.439603645421 
0.451382762534 0.392606339472 0.432822671197 0.409309656808 0.574310849537 0.720306728088 
0.589704743665 0.523477370212 0.607187289141 0.550905568088 0.794943276926 0.347277577386 
0.458092961409 0.454231094386 0.500279236946 0.486714624182 0.813675366717 0.12853108126 
0.455832925011 0.39846500657 0.501400065949 0.536514679099 0.53444394037 0.731792453039 
0.602965724129 0.564764717965 0.726489468502 0.813671564999 0.735019276592 0.0431731329818 
0.466627387008 0.433560485857 0.476678208275 0.585303035538 0.738909143195 0.243352388583 
0.457949993503 0.64824708023 0.741983694653 0.672414576994 0.630521719164 0.695284800116 
0.454885035274 0.400086944801 0.488220258595 0.514117736421 0.813223039351 0.189085943032 
0.457117235243 0.399295217106 0.445563317628 0.504666849788 0.569509900484 0.721970851936 
0.444066064632 0.479288335312 0.501400184026 0.568631697241 0.727430165248 0.467177630503 
0.45280499186 0.389326497165 0.420523019661 0.404209258117 0.724014999264 0.553756004567 
0.467432951728 0.429174068456 0.464338994882 0.617875219233 0.556370193648 0.777812559954 
0.483203713827 0.43720617499 0.696341600467 0.710082871497 0.718973013582 0.189160203307 
0.457709503814 0.398147570113 0.43908758471 0.437401453712 0.807113701407 0.458992196835 
0.452388029217 0.393839412402 0.434330179943 0.663238803194 0.750420345636 0.306276225238 
0.611615970854 0.583550276936 0.582484747797 0.70441872367 0.611889400408 0.655634630868 
0.461751152217 0.405258576397 0.471833229779 0.515665542432 0.531484534307 0.787338451753 
0.47481953414 0.738824995499 0.86430724013 0.790622161261 0.75227077499 0.170287700488 
0.454957887541 0.397127158769 0.412308666497 0.41257879635 0.384951558878 0.915982504805 
0.481416866116 0.427017066048 0.469772227611 0.582663973158 0.548856881542 0.69313308301 
0.482859810102 0.421618586833 0.516268249562 0.492897136742 0.573467372423 0.740656606753 
0.4818729078 0.436712719172 0.498025566838 0.515724714332 0.795369907646 0.323723558279 
0.45340638903 0.396611029909 0.482370642007 0.505023536103 0.843218805303 0.202689304294 
0.422220052336 0.371806923815 0.41452859596 0.595101110149 0.59533484765 0.742442879674 
0.461378724295 0.405461068587 0.608531716001 0.714992396482 0.784035408838 0.208138108707 
0.454772549249 0.396925626845 0.41264600563 0.412654974127 0.385264584059 0.907032884991 
0.584656368704 0.579059814864 0.607275398509 0.601466912003 0.680948536972 0.427404788119 
0.466372469797 0.433156792348 0.47583931106 0.58631059151 0.741145652715 0.245014894413 
0.44871936051 0.430170310797 0.460057710043 0.447358450061 0.842429669776 0.19142369021 
0.45280499186 0.389326497165 0.420523019661 0.404209258117 0.724014999264 0.553756004567 
0.495797066141 0.498752245313 0.555730132654 0.529148432605 0.742348958542 0.363153565706 
0.450041622037 0.391506875558 0.428182402999 0.409517929901 0.849189971893 0.508599370404 
0.458553301948 0.398786124294 0.439751880049 0.439253310491 0.868966867295 0.213224814654 
0.602965724129 0.564764717965 0.726489468502 0.813671564999 0.735019276592 0.0431731329818 
0.455168856444 0.396585053462 0.453804922483 0.457094992967 0.568659850521 0.771072136926 
0.457709503814 0.398147570113 0.43908758471 0.437401453712 0.807113701407 0.458992196835 
0.4526225562 0.397581764291 0.504443107233 0.541969278107 0.536890343048 0.753276317996 
0.464848137566 0.404430896997 0.445981227266 0.454563536975 0.780552409355 0.428249760052 
0.478151831708 0.476243711772 0.487912835438 0.554623103137 0.705574436411 0.711603306911 
0.452067007841 0.436405328722 0.476289638374 0.460093990186 0.871711538123 0.146575827999 
0.45761230986 0.632811617595 0.723331526189 0.657430903538 0.658462077374 0.677204288521 
0.444682905378 0.365607846452 0.376001772821 0.330199908462 0.897699737975 0.326491930825 
0.450732199368 0.382783078784 0.407583661788 0.595780467293 0.59571792963 0.744464327829 
0.45418131841 0.396270346106 0.413765384873 0.412908661489 0.386295994575 0.877544319972 
0.40444316288 0.338006182613 0.856802176549 0.671292651072 0.751783291085 0.575916133295 
0.46771644687 0.436577327258 0.479874046987 0.597509811796 0.763517578668 0.0371955106763 
0.480329281199 0.704582016273 0.828753881482 0.771644100846 0.746336733261 0.163939450559 
0.458836942637 0.493195370598 0.558318542855 0.530604359815 0.513512752113 0.780035312751 
0.4526225562 0.397581764291 0.504443107233 0.541969278107 0.536890343048 0.753276317996 
0.448711828656 0.430244268797 0.460109324805 0.44740282838 0.782982095243 0.431040970998 
0.44792333254 0.385759515132 0.663934004173 0.685690868045 0.696271217961 0.460380738089 
0.476245288356 0.423176440793 0.625550715519 0.592715139552 0.753466148632 0.17003551751 
0.462389116242 0.406735684627 0.628050084932 0.764710946589 0.763474790136 0.209423689812 
0.468769706536 0.431086628555 0.470878671737 0.57354746007 0.546829573723 0.671608158133 
0.453402534155 0.457621028489 0.486570594286 0.47435920517 0.796105808921 0.171310854007 
0.44917440237 0.417821797805 0.450763128631 0.439054517222 0.85744883928 0.198071173351 
0.423497857565 0.372635197398 0.415236089629 0.594037693988 0.594735710323 0.739282903365 
0.468183820637 0.410124317599 0.451887869214 0.467503113246 0.760065027039 0.404898143301 
