0.342511845606 0.384771139825 0.528552754298 0.522887130082 0.742399897497 0.522891429586 
0.342493551543 0.400654076824 0.616463426907 0.699122276225 0.746102791426 0.329973333812 
0.354748942283 0.443462746208 0.510572788174 0.660202713495 0.700182228404 0.413987643919 
0.356597350507 0.46064159802 0.530364019766 0.670865748342 0.721142590001 0.307967537095 
0.30868962398 0.313828649392 0.700281586247 0.617328981731 0.683920707019 0.637161753097 
0.354780059844 0.389422275231 0.477935466154 0.467588047888 0.909853466757 0.0348089839621 
0.330859775339 0.359856708461 0.370627362821 0.358868204804 0.849135882747 0.512332736067 
0.334238965839 0.34207388052 0.361921414107 0.832321644193 0.805244336038 0.238226374408 
0.459503291398 0.436953020195 0.537930968861 0.508071564822 0.534190569106 0.940934061424 
0.348834332399 0.388475086918 0.511391523232 0.673977067352 0.825093789833 0.392540334798 
0.5270608144 0.538049887469 0.701789254775 0.619847245695 0.769174189078 0.479004301772 
0.345196785015 0.382856459658 0.491964104081 0.602136581076 0.712552808496 0.640958124693 
0.337252158388 0.369811196848 0.444588556661 0.425874233126 0.716133874935 0.685221862794 
0.341355783238 0.372527496005 0.455228455506 0.436584015418 0.77269260873 0.65187958367 
0.33630728267 0.376915011777 0.704832326961 0.824215830833 0.797494131896 0.41459400265 
0.348075368835 0.39850692934 0.601468640088 0.717134770688 0.753969406998 0.371209267041 
0.583228601507 0.505424216886 0.705141394848 0.933531572297 0.847329112906 0.208204291355 
0.334238965839 0.34207388052 0.361921414107 0.832321644193 0.805244336038 0.238226374408 
0.341142148352 0.382117694576 0.533953208725 0.524810783226 0.765394489312 0.559509339694 
0.351163841184 0.451105467272 0.508805635139 0.701480267851 0.71488409278 0.449873455899 
0.364560383339 0.776123577172 0.680029317807 0.612313149053 0.869491165608 0.189460623363 
0.338490969811 0.390570573991 0.660000378711 0.760917004629 0.771758950007 0.371406149505 
0.334513494467 0.346318175315 0.374840112143 0.766228811649 0.744607016019 0.492716634976 
0.645386484066 0.539823197975 0.6813630321 0.641206368348 0.696102960752 0.791063579638 
0.342511845606 0.384771139825 0.528552754298 0.522887130082 0.742399897497 0.522891429586 
0.458519534983 0.671182670449 0.651859596235 0.602493760214 0.830537106028 0.171777039184 
0.336230396866 0.370421535514 0.458393502161 0.525178204055 0.528424693928 0.821211602699 
0.334895068125 0.352217418338 0.392796107884 0.674364862483 0.685575197008 0.642782408352 
0.337768041728 0.371686316958 0.468237258245 0.45068309241 0.95118905908 0.0377150522219 
0.421033915392 0.435659110087 0.575156176278 0.672651133472 0.848683460876 0.31383301723 
0.334238965839 0.34207388052 0.361921414107 0.832321644193 0.805244336038 0.238226374408 
0.366733321028 0.397783271684 0.489799215955 0.496615748033 0.901921318178 0.259886166832 
0.348834332399 0.388475086918 0.511391523232 0.673977067352 0.825093789833 0.392540334798 
0.435433810547 0.443200611 0.554264994459 0.643643546578 0.812448780212 0.285435046737 
0.33948201185 0.393907663254 0.647199332869 0.742795995009 0.764300015866 0.359174009357 
0.336018898586 0.368639673294 0.442694558707 0.419900431426 0.726009714961 0.708506733633 
0.345385681154 0.376126439284 0.464886560549 0.450685775338 0.740822805131 0.59314168109 
0.334238965839 0.34207388052 0.361921414107 0.832321644193 0.805244336038 0.238226374408 
0.336380712462 0.378644528115 0.759238925455 0.908166205748 0.803268702382 0.20518118742 
0.860079102233 0.658636886733 0.847025159719 0.794975297791 0.883109622177 0.220486567244 
0.380359320603 0.680284313674 0.65237246761 0.602674708346 0.831191106601 0.172073638016 
0.349259056238 0.389208366127 0.511665078421 0.664409787303 0.814458464606 0.381413747285 
0.313558807122 0.323929925534 0.68613573437 0.611192575825 0.678984922835 0.620456704904 
0.344306731439 0.458085211597 0.503613246729 0.77046741322 0.738728551613 0.510879443626 
0.353010070339 0.410690220109 0.587959758988 0.512828846507 0.834103709763 0.292611473279 
0.334054894237 0.4020437849 0.467448862022 0.599403064183 0.764055474655 0.495699381461 
0.340811091187 0.378334038369 0.396683621018 0.378653290496 0.825794508691 0.482158211451 
0.338490969811 0.390570573991 0.660000378711 0.760917004629 0.771758950007 0.371406149505 
0.334238965839 0.34207388052 0.361921414107 0.832321644193 0.805244336038 0.238226374408 
0.336173838119 0.371719924431 0.444426737446 0.427274954604 0.713804562474 0.679752585802 
0.356597350507 0.46064159802 0.530364019766 0.670865748342 0.721142590001 0.307967537095 
0.346687122038 0.386959212108 0.594258816684 0.68972269404 0.870000286534 0.330557601467 
0.345196785015 0.382856459658 0.491964104081 0.602136581076 0.712552808496 0.640958124693 
0.356597350507 0.46064159802 0.530364019766 0.670865748342 0.721142590001 0.307967537095 
0.334333613429 0.364351074706 0.4140201312 0.537403811166 0.765548497807 0.559754771534 
0.338917397548 0.371486856084 0.447333255211 0.433890450438 0.702724688182 0.653863141086 
0.346523795611 0.488133925061 0.534679323099 0.749685051384 0.746565936474 0.354257453351 
0.334238965839 0.34207388052 0.361921414107 0.832321644193 0.805244336038 0.238226374408 
0.355000432531 0.397999366506 0.544323441136 0.79575572348 0.777534566986 0.380971921006 
0.299725131493 0.296349146188 0.83657585664 0.729555483458 0.796689698663 0.229951830003 
0.34689475397 0.378960205267 0.537032313725 0.525973966671 0.779099442015 0.58135835666 
0.334801793825 0.335133616675 0.336630813163 0.859340277317 0.815859821306 0.248624980221 
0.33620565886 0.374521432341 0.629535833695 0.708031966845 0.64896651361 0.736152855705 
0.336762794663 0.387643837403 0.510185287752 0.703696271904 0.858174871525 0.427183338175 
0.33495236578 0.403415220812 0.46933718311 0.594089472968 0.75548418455 0.482924625144 
0.304338277092 0.305546568064 0.786408265136 0.690084749789 0.78291066194 0.361340275889 
0.342648314738 0.385018642897 0.528030037774 0.522708807501 0.74024583998 0.51946412175 
0.458519534983 0.671182670449 0.651859596235 0.602493760214 0.830537106028 0.171777039184 
0.343741979077 0.388901283698 0.579727110055 0.663527183749 0.837288370806 0.30489789245 
0.500721440988 0.775375009412 0.723912829218 0.66547395345 0.747139684251 0.355346247791 
0.337449242937 0.385852682309 0.676578908424 0.784347210637 0.781337730264 0.387313134617 
0.354121148664 0.383554602278 0.471987079479 0.475536478777 0.849504049334 0.357189359732 
0.347061099431 0.385490002242 0.509500539367 0.716897997999 0.872890302573 0.44260774062 
0.336230396866 0.370421535514 0.458393502161 0.525178204055 0.528424693928 0.821211602699 
0.313558807122 0.323929925534 0.68613573437 0.611192575825 0.678984922835 0.620456704904 
0.301884222211 0.299530441746 0.719204455702 0.625408038522 0.690521629943 0.659646280021 
0.338502462021 0.410534964742 0.593577274572 0.509758420259 0.853515877315 0.305917753084 
0.336624802858 0.368950465579 0.44953922849 0.427666430217 1.00761765616 0.041730283429 
0.380359320603 0.680284313674 0.65237246761 0.602674708346 0.831191106601 0.172073638016 
0.351163841184 0.451105467272 0.508805635139 0.701480267851 0.71488409278 0.449873455899 
0.344518465348 0.37528214362 0.462772088825 0.447487473579 0.74806431303 0.606409390766 
0.5270608144 0.538049887469 0.701789254775 0.619847245695 0.769174189078 0.479004301772 
0.339794106989 0.379180208612 0.539609761134 0.526984456269 0.790894983073 0.600176111298 
0.336173838119 0.371719924431 0.444426737446 0.427274954604 0.713804562474 0.679752585802 
0.352495063397 0.410137363653 0.590692554602 0.511360906136 0.843265431568 0.298888275525 
0.348075368835 0.39850692934 0.601468640088 0.717134770688 0.753969406998 0.371209267041 
0.346527488461 0.384612861223 0.508685751866 0.730950601443 0.88856699582 0.459047928403 
0.293039731624 0.280667953646 0.742613713679 0.6352266533 0.698698490425 0.687707206301 
0.336504013472 0.377495212883 0.620264812844 0.694934983771 0.645676797256 0.714146050361 
0.336293434105 0.375541438118 0.626410064984 0.703617377817 0.647861780679 0.728720398665 
0.356597350507 0.46064159802 0.530364019766 0.670865748342 0.721142590001 0.307967537095 
0.33620565886 0.374521432341 0.629535833695 0.708031966845 0.64896651361 0.736152855705 
0.290798213821 0.275841528774 0.748368360988 0.637614191157 0.700712060298 0.694650002427 
0.778781054223 0.728964805454 0.982424726508 0.792272881054 0.803268702382 0.20518118742 
0.33948201185 0.393907663254 0.647199332869 0.742795995009 0.764300015866 0.359174009357 
0.331058418331 0.342213889425 0.361921414107 0.832321644193 0.805244336038 0.238226374408 
0.346687122038 0.386959212108 0.594258816684 0.68972269404 0.870000286534 0.330557601467 
0.355063667633 0.466322396609 0.531549733572 0.685812062829 0.726093255018 0.316662753186 
0.348300382496 0.387563896806 0.510950312051 0.686360517592 0.838870119238 0.406961278986 
0.337861828797 0.371846689455 0.469044892159 0.451729927662 0.948627263182 0.0375339990077 
