0.503709694933 0.506993650476 0.576440352254 0.823330694222 0.802826387442 0.106737356488 
0.55497006432 0.559899296298 0.560960134124 0.716074287284 0.746645822065 0.114700775416 
0.45002627716 0.360108395576 0.394947501265 0.505115989846 0.878097211893 0.206202271267 
0.514132843455 0.56560724741 0.526551426384 0.606916334152 0.763089767148 0.422533093843 
0.486928904294 0.398883591592 0.435187028563 0.668241791922 0.70403855724 0.374120866358 
0.515755770118 0.469191346357 0.484473305226 0.543445859928 0.900939516074 0.0574335613804 
0.446549884556 0.362535146678 0.394493036638 0.347711498864 0.809518510331 0.601753025806 
0.478579588734 0.382868329269 0.423406998124 0.521276904685 0.678183765449 0.59269710612 
0.447673069334 0.35863231733 0.384427140877 0.51790356486 0.872485648191 0.345327311652 
0.48344269897 0.7472642405 0.710351085502 0.673022934014 0.847599561412 0.283381824015 
0.461564221274 0.373899095315 0.394606523751 0.49087003792 0.847419901669 0.437606731427 
0.448598181929 0.458750848926 0.608905264619 0.852176524586 0.805371125945 0.357162360557 
0.503785301658 0.414689379924 0.517410230081 0.57952077825 0.68766344997 0.483069610019 
0.505586280968 0.403389850439 0.419948275224 0.485553863003 0.535296536568 0.965396180308 
0.449250799591 0.359937323579 0.346869786069 0.568295108175 0.610145071224 0.76638321323 
0.400755404613 0.322351310612 0.822515925508 0.762413707492 0.775470527491 0.070419777745 
0.449250799591 0.359937323579 0.346869786069 0.568295108175 0.610145071224 0.76638321323 
0.48344269897 0.7472642405 0.710351085502 0.673022934014 0.847599561412 0.283381824015 
0.552392049036 0.441195969237 0.524718991164 0.685354591466 0.66436233139 0.53395620371 
0.466284098643 0.379129227624 0.438274245252 0.578824341759 0.822693611531 0.473934813838 
0.486906998292 0.462557268981 0.517953539205 0.71240922488 0.692358385776 0.569869356946 
0.505119276382 0.4519144977 0.468309961061 0.529222770909 0.828063576245 0.433024417452 
0.478658984708 0.388199326362 0.45998096986 0.617744196349 0.711112409658 0.531604868781 
0.459156127468 0.400703998476 0.488600300814 0.542268362167 0.607927813611 0.74969287945 
0.412570479145 0.330840808502 0.803990232319 0.755714775175 0.773068931686 0.0692655416493 
0.608952977243 0.499919512512 0.622296028362 0.673751682807 0.872856304599 0.205579659041 
0.410334597562 0.314261762547 0.323437432255 0.403272678549 0.731721874349 0.64816692013 
0.493576505989 0.391154954748 0.418579417796 0.505290657902 0.573954075429 0.740003170222 
0.486928904294 0.398883591592 0.435187028563 0.668241791922 0.70403855724 0.374120866358 
0.483666166073 0.400818110121 0.444166557594 0.572521836159 0.638625816846 0.710509903316 
0.46007415071 0.372043627274 0.39273063919 0.486392967251 0.857926316113 0.448424635288 
0.449596404151 0.361795529915 0.463940389844 0.665484693797 0.775782727883 0.360451762962 
0.456866274347 0.372018159243 0.50267010677 0.813158554793 0.711851434365 0.446245524428 
0.448625313663 0.432817558218 0.458451816437 0.774188287018 0.753963264358 0.121011359021 
0.500758755941 0.428129131347 0.477673045042 0.61567070887 0.65841618925 0.544290872875 
0.446549884556 0.362535146678 0.394493036638 0.347711498864 0.809518510331 0.601753025806 
0.447342437937 0.359367154316 0.383838276425 0.386035532269 0.781620327218 0.551256851203 
0.516794703217 0.429614154015 0.47642196705 0.694289987601 0.693423285455 0.366667707277 
0.447073012247 0.357945031826 0.739932818913 0.731418740977 0.764411370261 0.0652811106937 
0.442178475183 0.353207411988 0.367240798905 0.423979681804 0.753636644643 0.503328887053 
0.447571187718 0.358363191211 0.379883904446 0.413069788249 0.761258867813 0.516096337292 
0.483198887188 0.381459307312 0.422555498124 0.519102063404 0.719888066698 0.688620931048 
0.457031284795 0.36448794542 0.505843855141 0.859509403928 0.71778971416 0.478454692256 
0.446549884556 0.362535146678 0.394493036638 0.347711498864 0.809518510331 0.601753025806 
0.446549884556 0.362535146678 0.394493036638 0.347711498864 0.809518510331 0.601753025806 
0.445027288267 0.343334893201 0.343887534765 0.70247513419 0.782583155848 0.425621853445 
0.614704703817 0.802072060734 0.659179367582 0.727293606114 0.828529383163 0.0841194516446 
0.548393741445 0.46605530736 0.588013687871 0.617578355731 0.787570653693 0.455423418274 
0.495214489458 0.409266676626 0.478774292371 0.567155302832 0.806524365698 0.454944854201 
0.471737495293 0.489874089072 0.506726729116 0.713119783731 0.700392269976 0.408722985818 
0.459609758802 0.48947262426 0.491889016873 0.526638708961 0.572930074198 0.801984425439 
0.448443721092 0.359204122119 0.351180756708 0.565127996777 0.606528471264 0.749375434962 
0.451193655814 0.373144385026 0.474946316603 0.6476323397 0.610670403559 0.650652409087 
0.448598181929 0.458750848926 0.608905264619 0.852176524586 0.805371125945 0.357162360557 
0.512159874093 0.599289331195 0.634333491728 0.745178555059 0.739979868886 0.342397860714 
0.451035748282 0.372742655693 0.475845416535 0.650194535708 0.611233096692 0.655287477312 
0.459156127468 0.400703998476 0.488600300814 0.542268362167 0.607927813611 0.74969287945 
0.447760043452 0.359029302208 0.386809223953 0.522852316744 0.856574888503 0.333299099297 
0.569077609541 0.47492839948 0.687826322348 0.694094397776 0.762580873467 0.32087820705 
0.377070560909 0.275546891386 0.893068720947 0.786816203296 0.784289779173 0.0748388547254 
0.500758755941 0.428129131347 0.477673045042 0.61567070887 0.65841618925 0.544290872875 
0.448241228322 0.359638434963 0.38987100249 0.528109705874 0.839427200742 0.32039576437 
0.503709694933 0.506993650476 0.576440352254 0.823330694222 0.802826387442 0.106737356488 
0.447489564394 0.35770207969 0.379212375675 0.428800507583 0.749042495643 0.495741271853 
0.467054050085 0.569994618953 0.560126307858 0.572362266479 0.658723923177 0.726140773976 
0.46219464472 0.374707038248 0.395449077568 0.492814091536 0.842835576083 0.432899301737 
0.561748254919 0.629948038098 0.590713261337 0.677173764896 0.780582036643 0.170691971082 
0.458134581062 0.408729435499 0.526347107743 0.558370917225 0.637271392146 0.884202486282 
0.471663212724 0.381489018381 0.442196429618 0.580586481725 0.80227924649 0.364283952144 
0.444545388935 0.335262561407 0.321268319953 0.723577284088 0.801101438308 0.451505381458 
0.446648743449 0.357520640465 0.396681416591 0.797769080634 0.750209372916 0.481888380003 
0.446549884556 0.362535146678 0.394493036638 0.347711498864 0.809518510331 0.601753025806 
0.447042232039 0.360794515206 0.388397086794 0.367191431617 0.795453043933 0.575974465325 
0.481724423776 0.39113967952 0.467773880293 0.634026132119 0.764809845771 0.424843024527 
0.495214489458 0.409266676626 0.478774292371 0.567155302832 0.806524365698 0.454944854201 
0.459868230019 0.400007771008 0.426069160353 0.7048776204 0.717384461713 0.403862860406 
0.448794548545 0.359748923039 0.385667845585 0.37776571052 0.787721923787 0.562079773426 
0.454449828843 0.386623902284 0.56723646142 0.84047189376 0.776501288127 0.0709216646822 
0.447499959874 0.357776684705 0.379372528255 0.421522822295 0.754733699552 0.505152829204 
0.482582075146 0.391962334239 0.469372410886 0.638703251241 0.608684556089 0.634556482679 
0.446549884556 0.362535146678 0.394493036638 0.347711498864 0.809518510331 0.601753025806 
0.446933447819 0.356446359591 0.376714442831 0.443994924059 0.737156034781 0.476494965604 
0.458134581062 0.408729435499 0.526347107743 0.558370917225 0.637271392146 0.884202486282 
0.467054050085 0.569994618953 0.560126307858 0.572362266479 0.658723923177 0.726140773976 
0.319162167144 0.27002767031 0.927278320894 0.798099701724 0.788411988811 0.0770001201294 
0.462941607213 0.458112857703 0.468309961061 0.529222770909 0.828063576245 0.433024417452 
0.447926046152 0.359080180161 0.387211055373 0.523602744918 0.854144207287 0.331466133931 
0.488419991091 0.398774520755 0.460617716668 0.540647629063 0.624510405286 0.817710934602 
0.447987712498 0.359631395359 0.391797550929 0.580810852497 0.806524365698 0.454944854201 
0.447475132033 0.358273468335 0.379050126862 0.500033317677 0.928752772123 0.388227514517 
0.468650124476 0.4351942411 0.57633309525 0.569022459177 0.651906228137 0.701001163342 
0.457626142031 0.443816410977 0.561004436577 0.765670474364 0.77172243771 0.307655954601 
0.460190845053 0.368840245433 0.313400267852 0.591232949603 0.637482786997 0.895258299241 
0.44597678657 0.364188143825 0.400798781928 0.330851604629 0.821540352222 0.624271634316 
0.459609758802 0.48947262426 0.491889016873 0.526638708961 0.572930074198 0.801984425439 
0.442178475183 0.353207411988 0.367240798905 0.423979681804 0.753636644643 0.503328887053 
0.495214489458 0.409266676626 0.478774292371 0.567155302832 0.806524365698 0.454944854201 
0.447987712498 0.359631395359 0.391797550929 0.580810852497 0.806524365698 0.454944854201 
0.467267830771 0.385602892719 0.407046770103 0.349894530857 0.912314486281 0.369158969095 
0.471737495293 0.489874089072 0.506726729116 0.713119783731 0.700392269976 0.408722985818 
