1.33787177096 1.71810797356 1.18210112743 1.19682399827 1.08740516495 1.05412159868 
1.33787177096 1.71810797356 1.18210112743 1.19682399827 1.08740516495 1.05412159868 
1.33787177096 1.71810797356 1.18210112743 1.19682399827 1.08740516495 1.05412159868 
1.33787177096 1.71810797356 1.18210112743 1.19682399827 1.08740516495 1.05412159868 
1.33787177096 1.71810797356 1.18210112743 1.19682399827 1.08740516495 1.05412159868 
1.42284116341 1.82722649619 1.25717739548 1.27283534598 1.08700708783 1.05412159868 
1.42284116341 1.82722649619 1.25717739548 1.27283534598 1.08700708783 1.05412159868 
1.33787177096 1.71810797356 1.18210112743 1.19682399827 1.08740516495 1.05412159868 
1.33787177096 1.71810797356 1.18210112743 1.19682399827 1.08740516495 1.05412159868 
1.33787177096 1.71810797356 1.18210112743 1.19682399827 1.08740516495 1.05412159868 
1.33787177096 1.71810797356 1.18210112743 1.19682399827 1.08740516495 1.05412159868 
1.33787177096 1.71810797356 1.18210112743 1.19682399827 1.08740516495 1.05412159868 
1.33787177096 1.71810797356 1.18210112743 1.19682399827 1.08740516495 1.05412159868 
1.33787177096 1.71810797356 1.18210112743 1.19682399827 1.08740516495 1.05412159868 
1.33787177096 1.71810797356 1.18210112743 1.19682399827 1.08740516495 1.05412159868 
1.33787177096 1.71810797356 1.18210112743 1.19682399827 1.08740516495 1.05412159868 
1.33787177096 1.71810797356 1.18210112743 1.19682399827 1.08740516495 1.05412159868 
1.42284116341 1.82722649619 1.25717739548 1.27283534598 1.08700708783 1.05412159868 
1.33787177096 1.71810797356 1.18210112743 1.19682399827 1.08740516495 1.05412159868 
1.33787177096 1.71810797356 1.18210112743 1.19682399827 1.08740516495 1.05412159868 
1.33787177096 1.71810797356 1.18210112743 1.19682399827 1.08740516495 1.05412159868 
1.33787177096 1.71810797356 1.18210112743 1.19682399827 1.08740516495 1.05412159868 
1.33787177096 1.71810797356 1.18210112743 1.19682399827 1.08740516495 1.05412159868 
1.33787177096 1.71810797356 1.18210112743 1.19682399827 1.08740516495 1.05412159868 
1.33787177096 1.71810797356 1.18210112743 1.19682399827 1.08740516495 1.05412159868 
1.33787177096 1.71810797356 1.18210112743 1.19682399827 1.08740516495 1.05412159868 
1.42284116341 1.82722649619 1.25717739548 1.27283534598 1.08700708783 1.05412159868 
1.33787177096 1.71810797356 1.18210112743 1.19682399827 1.08740516495 1.05412159868 
1.33787177096 1.71810797356 1.18210112743 1.19682399827 1.08740516495 1.05412159868 
1.33787177096 1.71810797356 1.18210112743 1.19682399827 1.08740516495 1.05412159868 
1.33787177096 1.71810797356 1.18210112743 1.19682399827 1.08740516495 1.05412159868 
1.33787177096 1.71810797356 1.18210112743 1.19682399827 1.08740516495 1.05412159868 
1.33787177096 1.71810797356 1.18210112743 1.19682399827 1.08740516495 1.05412159868 
1.33787177096 1.71810797356 1.18210112743 1.19682399827 1.08740516495 1.05412159868 
1.33787177096 1.71810797356 1.18210112743 1.19682399827 1.08740516495 1.05412159868 
1.42284116341 1.82722649619 1.25717739548 1.27283534598 1.08700708783 1.05412159868 
1.33787177096 1.71810797356 1.18210112743 1.19682399827 1.08740516495 1.05412159868 
1.33787177096 1.71810797356 1.18210112743 1.19682399827 1.08740516495 1.05412159868 
1.33787177096 1.71810797356 1.18210112743 1.19682399827 1.08740516495 1.05412159868 
1.33787177096 1.71810797356 1.18210112743 1.19682399827 1.08740516495 1.05412159868 
1.33787177096 1.71810797356 1.18210112743 1.19682399827 1.08740516495 1.05412159868 
1.33787177096 1.71810797356 1.18210112743 1.19682399827 1.08740516495 1.05412159868 
1.33787177096 1.71810797356 1.18210112743 1.19682399827 1.08740516495 1.05412159868 
1.33787177096 1.71810797356 1.18210112743 1.19682399827 1.08740516495 1.05412159868 
1.33787177096 1.71810797356 1.18210112743 1.19682399827 1.08740516495 1.05412159868 
1.33787177096 1.71810797356 1.18210112743 1.19682399827 1.08740516495 1.05412159868 
1.33787177096 1.71810797356 1.18210112743 1.19682399827 1.08740516495 1.05412159868 
1.33787177096 1.71810797356 1.18210112743 1.19682399827 1.08740516495 1.05412159868 
1.33787177096 1.71810797356 1.18210112743 1.19682399827 1.08740516495 1.05412159868 
1.33787177096 1.71810797356 1.18210112743 1.19682399827 1.08740516495 1.05412159868 
1.33787177096 1.71810797356 1.18210112743 1.19682399827 1.08740516495 1.05412159868 
1.33787177096 1.71810797356 1.18210112743 1.19682399827 1.08740516495 1.05412159868 
1.33787177096 1.71810797356 1.18210112743 1.19682399827 1.08740516495 1.05412159868 
1.33787177096 1.71810797356 1.18210112743 1.19682399827 1.08740516495 1.05412159868 
1.33787177096 1.71810797356 1.18210112743 1.19682399827 1.08740516495 1.05412159868 
1.33787177096 1.71810797356 1.18210112743 1.19682399827 1.08740516495 1.05412159868 
1.33787177096 1.71810797356 1.18210112743 1.19682399827 1.08740516495 1.05412159868 
1.33787177096 1.71810797356 1.18210112743 1.19682399827 1.08740516495 1.05412159868 
1.33787177096 1.71810797356 1.18210112743 1.19682399827 1.08740516495 1.05412159868 
1.33787177096 1.71810797356 1.18210112743 1.19682399827 1.08740516495 1.05412159868 
1.33787177096 1.71810797356 1.18210112743 1.19682399827 1.08740516495 1.05412159868 
1.33787177096 1.71810797356 1.18210112743 1.19682399827 1.08740516495 1.05412159868 
1.33787177096 1.71810797356 1.18210112743 1.19682399827 1.08740516495 1.05412159868 
1.42284116341 1.82722649619 1.25717739548 1.27283534598 1.08700708783 1.05412159868 
1.33787177096 1.71810797356 1.18210112743 1.19682399827 1.08740516495 1.05412159868 
1.33787177096 1.71810797356 1.18210112743 1.19682399827 1.08740516495 1.05412159868 
1.33787177096 1.71810797356 1.18210112743 1.19682399827 1.08740516495 1.05412159868 
1.33787177096 1.71810797356 1.18210112743 1.19682399827 1.08740516495 1.05412159868 
1.33787177096 1.71810797356 1.18210112743 1.19682399827 1.08740516495 1.05412159868 
1.33787177096 1.71810797356 1.18210112743 1.19682399827 1.08740516495 1.05412159868 
1.33787177096 1.71810797356 1.18210112743 1.19682399827 1.08740516495 1.05412159868 
1.33787177096 1.71810797356 1.18210112743 1.19682399827 1.08740516495 1.05412159868 
1.33787177096 1.71810797356 1.18210112743 1.19682399827 1.08740516495 1.05412159868 
1.33787177096 1.71810797356 1.18210112743 1.19682399827 1.08740516495 1.05412159868 
1.33787177096 1.71810797356 1.18210112743 1.19682399827 1.08740516495 1.05412159868 
1.33787177096 1.71810797356 1.18210112743 1.19682399827 1.08740516495 1.05412159868 
1.33787177096 1.71810797356 1.18210112743 1.19682399827 1.08740516495 1.05412159868 
1.33787177096 1.71810797356 1.18210112743 1.19682399827 1.08740516495 1.05412159868 
1.33787177096 1.71810797356 1.18210112743 1.19682399827 1.08740516495 1.05412159868 
1.33787177096 1.71810797356 1.18210112743 1.19682399827 1.08740516495 1.05412159868 
1.33787177096 1.71810797356 1.18210112743 1.19682399827 1.08740516495 1.05412159868 
1.33787177096 1.71810797356 1.18210112743 1.19682399827 1.08740516495 1.05412159868 
1.33787177096 1.71810797356 1.18210112743 1.19682399827 1.08740516495 1.05412159868 
1.33787177096 1.71810797356 1.18210112743 1.19682399827 1.08740516495 1.05412159868 
1.33787177096 1.71810797356 1.18210112743 1.19682399827 1.08740516495 1.05412159868 
1.33787177096 1.71810797356 1.18210112743 1.19682399827 1.08740516495 1.05412159868 
1.33787177096 1.71810797356 1.18210112743 1.19682399827 1.08740516495 1.05412159868 
1.33787177096 1.71810797356 1.18210112743 1.19682399827 1.08740516495 1.05412159868 
1.33787177096 1.71810797356 1.18210112743 1.19682399827 1.08740516495 1.05412159868 
1.33787177096 1.71810797356 1.18210112743 1.19682399827 1.08740516495 1.05412159868 
1.33787177096 1.71810797356 1.18210112743 1.19682399827 1.08740516495 1.05412159868 
1.33787177096 1.71810797356 1.18210112743 1.19682399827 1.08740516495 1.05412159868 
1.33787177096 1.71810797356 1.18210112743 1.19682399827 1.08740516495 1.05412159868 
1.33787177096 1.71810797356 1.18210112743 1.19682399827 1.08740516495 1.05412159868 
1.33787177096 1.71810797356 1.18210112743 1.19682399827 1.08740516495 1.05412159868 
1.33787177096 1.71810797356 1.18210112743 1.19682399827 1.08740516495 1.05412159868 
1.33787177096 1.71810797356 1.18210112743 1.19682399827 1.08740516495 1.05412159868 
1.33787177096 1.71810797356 1.18210112743 1.19682399827 1.08740516495 1.05412159868 
1.33787177096 1.71810797356 1.18210112743 1.19682399827 1.08740516495 1.05412159868 
1.33787177096 1.71810797356 1.18210112743 1.19682399827 1.08740516495 1.05412159868 
