1.81837985866 1.58746524938 1.63860512728 1.38999014513 1.23954221068 1.12104260455 
1.81837985866 1.58746524938 1.63860512728 1.38999014513 1.23954221068 1.12104260455 
1.81837985866 1.58746524938 1.63860512728 1.38999014513 1.23954221068 1.12104260455 
1.81837985866 1.58746524938 1.63860512728 1.38999014513 1.23954221068 1.12104260455 
1.81837985866 1.58746524938 1.63860512728 1.38999014513 1.23954221068 1.12104260455 
1.81837985866 1.58746524938 1.63860512728 1.38999014513 1.23954221068 1.12104260455 
1.81837985866 1.58746524938 1.63860512728 1.38999014513 1.23954221068 1.12104260455 
1.81837985866 1.58746524938 1.63860512728 1.38999014513 1.23954221068 1.12104260455 
1.81837985866 1.58746524938 1.63860512728 1.38999014513 1.23954221068 1.12104260455 
1.81837985866 1.58746524938 1.63860512728 1.38999014513 1.23954221068 1.12104260455 
1.81837985866 1.58746524938 1.63860512728 1.38999014513 1.23954221068 1.12104260455 
1.81837985866 1.58746524938 1.63860512728 1.38999014513 1.23954221068 1.12104260455 
1.22476089429 1.77504695484 1.83222974763 1.55423737181 1.38601203612 1.25354043633 
1.81837985866 1.58746524938 1.63860512728 1.38999014513 1.23954221068 1.12104260455 
1.81837985866 1.58746524938 1.63860512728 1.38999014513 1.23954221068 1.12104260455 
1.81837985866 1.58746524938 1.63860512728 1.38999014513 1.23954221068 1.12104260455 
1.81837985866 1.58746524938 1.63860512728 1.38999014513 1.23954221068 1.12104260455 
1.81837985866 1.58746524938 1.63860512728 1.38999014513 1.23954221068 1.12104260455 
1.81837985866 1.58746524938 1.63860512728 1.38999014513 1.23954221068 1.12104260455 
1.81837985866 1.58746524938 1.63860512728 1.38999014513 1.23954221068 1.12104260455 
1.81837985866 1.58746524938 1.63860512728 1.38999014513 1.23954221068 1.12104260455 
1.81837985866 1.58746524938 1.63860512728 1.38999014513 1.23954221068 1.12104260455 
1.81837985866 1.58746524938 1.63860512728 1.38999014513 1.23954221068 1.12104260455 
1.81837985866 1.58746524938 1.63860512728 1.38999014513 1.23954221068 1.12104260455 
1.81837985866 1.58746524938 1.63860512728 1.38999014513 1.23954221068 1.12104260455 
1.81837985866 1.58746524938 1.63860512728 1.38999014513 1.23954221068 1.12104260455 
1.81837985866 1.58746524938 1.63860512728 1.38999014513 1.23954221068 1.12104260455 
1.74812335369 1.75252159827 1.80897874027 1.53451408729 1.36842351363 1.23762971146 
1.81837985866 1.58746524938 1.63860512728 1.38999014513 1.23954221068 1.12104260455 
1.81837985866 1.58746524938 1.63860512728 1.38999014513 1.23954221068 1.12104260455 
1.81837985866 1.58746524938 1.63860512728 1.38999014513 1.23954221068 1.12104260455 
1.81837985866 1.58746524938 1.63860512728 1.38999014513 1.23954221068 1.12104260455 
1.81837985866 1.58746524938 1.63860512728 1.38999014513 1.23954221068 1.12104260455 
1.81837985866 1.58746524938 1.63860512728 1.38999014513 1.23954221068 1.12104260455 
1.81837985866 1.58746524938 1.63860512728 1.38999014513 1.23954221068 1.12104260455 
1.81837985866 1.58746524938 1.63860512728 1.38999014513 1.23954221068 1.12104260455 
1.81837985866 1.58746524938 1.63860512728 1.38999014513 1.23954221068 1.12104260455 
1.22476089429 1.77504695484 1.83222974763 1.55423737181 1.38601203612 1.25354043633 
1.81837985866 1.58746524938 1.63860512728 1.38999014513 1.23954221068 1.12104260455 
1.81837985866 1.58746524938 1.63860512728 1.38999014513 1.23954221068 1.12104260455 
1.81837985866 1.58746524938 1.63860512728 1.38999014513 1.23954221068 1.12104260455 
1.81837985866 1.58746524938 1.63860512728 1.38999014513 1.23954221068 1.12104260455 
1.81837985866 1.58746524938 1.63860512728 1.38999014513 1.23954221068 1.12104260455 
1.81837985866 1.58746524938 1.63860512728 1.38999014513 1.23954221068 1.12104260455 
1.81837985866 1.58746524938 1.63860512728 1.38999014513 1.23954221068 1.12104260455 
1.81837985866 1.58746524938 1.63860512728 1.38999014513 1.23954221068 1.12104260455 
1.81837985866 1.58746524938 1.63860512728 1.38999014513 1.23954221068 1.12104260455 
1.81837985866 1.58746524938 1.63860512728 1.38999014513 1.23954221068 1.12104260455 
1.81837985866 1.58746524938 1.63860512728 1.38999014513 1.23954221068 1.12104260455 
1.81837985866 1.58746524938 1.63860512728 1.38999014513 1.23954221068 1.12104260455 
1.81837985866 1.58746524938 1.63860512728 1.38999014513 1.23954221068 1.12104260455 
1.81837985866 1.58746524938 1.63860512728 1.38999014513 1.23954221068 1.12104260455 
1.81837985866 1.58746524938 1.63860512728 1.38999014513 1.23954221068 1.12104260455 
1.81837985866 1.58746524938 1.63860512728 1.38999014513 1.23954221068 1.12104260455 
1.81837985866 1.58746524938 1.63860512728 1.38999014513 1.23954221068 1.12104260455 
1.81837985866 1.58746524938 1.63860512728 1.38999014513 1.23954221068 1.12104260455 
1.81837985866 1.58746524938 1.63860512728 1.38999014513 1.23954221068 1.12104260455 
1.81837985866 1.58746524938 1.63860512728 1.38999014513 1.23954221068 1.12104260455 
1.81837985866 1.58746524938 1.63860512728 1.38999014513 1.23954221068 1.12104260455 
1.81837985866 1.58746524938 1.63860512728 1.38999014513 1.23954221068 1.12104260455 
1.81837985866 1.58746524938 1.63860512728 1.38999014513 1.23954221068 1.12104260455 
1.81837985866 1.58746524938 1.63860512728 1.38999014513 1.23954221068 1.12104260455 
1.81837985866 1.58746524938 1.63860512728 1.38999014513 1.23954221068 1.12104260455 
1.81837985866 1.58746524938 1.63860512728 1.38999014513 1.23954221068 1.12104260455 
1.81837985866 1.58746524938 1.63860512728 1.38999014513 1.23954221068 1.12104260455 
1.81837985866 1.58746524938 1.63860512728 1.38999014513 1.23954221068 1.12104260455 
1.81837985866 1.58746524938 1.63860512728 1.38999014513 1.23954221068 1.12104260455 
1.81837985866 1.58746524938 1.63860512728 1.38999014513 1.23954221068 1.12104260455 
1.81837985866 1.58746524938 1.63860512728 1.38999014513 1.23954221068 1.12104260455 
1.81837985866 1.58746524938 1.63860512728 1.38999014513 1.23954221068 1.12104260455 
1.81837985866 1.58746524938 1.63860512728 1.38999014513 1.23954221068 1.12104260455 
1.81837985866 1.58746524938 1.63860512728 1.38999014513 1.23954221068 1.12104260455 
1.81837985866 1.58746524938 1.63860512728 1.38999014513 1.23954221068 1.12104260455 
1.81837985866 1.58746524938 1.63860512728 1.38999014513 1.23954221068 1.12104260455 
1.81837985866 1.58746524938 1.63860512728 1.38999014513 1.23954221068 1.12104260455 
1.81837985866 1.58746524938 1.63860512728 1.38999014513 1.23954221068 1.12104260455 
1.22476089429 1.77504695484 1.83222974763 1.55423737181 1.38601203612 1.25354043633 
1.81837985866 1.58746524938 1.63860512728 1.38999014513 1.23954221068 1.12104260455 
1.81837985866 1.58746524938 1.63860512728 1.38999014513 1.23954221068 1.12104260455 
1.81837985866 1.58746524938 1.63860512728 1.38999014513 1.23954221068 1.12104260455 
1.81837985866 1.58746524938 1.63860512728 1.38999014513 1.23954221068 1.12104260455 
1.81837985866 1.58746524938 1.63860512728 1.38999014513 1.23954221068 1.12104260455 
1.81837985866 1.58746524938 1.63860512728 1.38999014513 1.23954221068 1.12104260455 
1.81837985866 1.58746524938 1.63860512728 1.38999014513 1.23954221068 1.12104260455 
1.81837985866 1.58746524938 1.63860512728 1.38999014513 1.23954221068 1.12104260455 
1.81837985866 1.58746524938 1.63860512728 1.38999014513 1.23954221068 1.12104260455 
1.81837985866 1.58746524938 1.63860512728 1.38999014513 1.23954221068 1.12104260455 
1.81837985866 1.58746524938 1.63860512728 1.38999014513 1.23954221068 1.12104260455 
1.81837985866 1.58746524938 1.63860512728 1.38999014513 1.23954221068 1.12104260455 
1.81837985866 1.58746524938 1.63860512728 1.38999014513 1.23954221068 1.12104260455 
1.81837985866 1.58746524938 1.63860512728 1.38999014513 1.23954221068 1.12104260455 
1.81837985866 1.58746524938 1.63860512728 1.38999014513 1.23954221068 1.12104260455 
1.81837985866 1.58746524938 1.63860512728 1.38999014513 1.23954221068 1.12104260455 
1.81837985866 1.58746524938 1.63860512728 1.38999014513 1.23954221068 1.12104260455 
1.81837985866 1.58746524938 1.63860512728 1.38999014513 1.23954221068 1.12104260455 
1.81837985866 1.58746524938 1.63860512728 1.38999014513 1.23954221068 1.12104260455 
1.81837985866 1.58746524938 1.63860512728 1.38999014513 1.23954221068 1.12104260455 
1.81837985866 1.58746524938 1.63860512728 1.38999014513 1.23954221068 1.12104260455 
1.81837985866 1.58746524938 1.63860512728 1.38999014513 1.23954221068 1.12104260455 
1.81837985866 1.58746524938 1.63860512728 1.38999014513 1.23954221068 1.12104260455 
