2.05961598776 1.78705799538 1.62808283192 1.33732459245 1.25395064268 1.2385105045 
2.05961598776 1.78705799538 1.62808283192 1.33732459245 1.25395064268 1.2385105045 
2.05961598776 1.78705799538 1.62808283192 1.33732459245 1.25395064268 1.2385105045 
2.05961598776 1.78705799538 1.62808283192 1.33732459245 1.25395064268 1.2385105045 
2.05961598776 1.78705799538 1.62808283192 1.33732459245 1.25395064268 1.2385105045 
2.05961598776 1.78705799538 1.62808283192 1.33732459245 1.25395064268 1.2385105045 
2.05961598776 1.78705799538 1.62808283192 1.33732459245 1.25395064268 1.2385105045 
2.05961598776 1.78705799538 1.62808283192 1.33732459245 1.25395064268 1.2385105045 
2.05961598776 1.78705799538 1.62808283192 1.33732459245 1.25395064268 1.2385105045 
2.05961598776 1.78705799538 1.62808283192 1.33732459245 1.25395064268 1.2385105045 
2.05961598776 1.78705799538 1.62808283192 1.33732459245 1.25395064268 1.2385105045 
2.05961598776 1.78705799538 1.62808283192 1.33732459245 1.25395064268 1.2385105045 
2.05961598776 1.78705799538 1.62808283192 1.33732459245 1.25395064268 1.2385105045 
2.05961598776 1.78705799538 1.62808283192 1.33732459245 1.25395064268 1.2385105045 
2.05961598776 1.78705799538 1.62808283192 1.33732459245 1.25395064268 1.2385105045 
2.05961598776 1.78705799538 1.62808283192 1.33732459245 1.25395064268 1.2385105045 
2.05961598776 1.78705799538 1.62808283192 1.33732459245 1.25395064268 1.2385105045 
0.0146158434259 0.0126816530717 0.0149252006915 0.472168155247 1.31836129562 1.2385105045 
2.05961598776 1.78705799538 1.62808283192 1.33732459245 1.25395064268 1.2385105045 
2.05961598776 1.78705799538 1.62808283192 1.33732459245 1.25395064268 1.2385105045 
2.05961598776 1.78705799538 1.62808283192 1.33732459245 1.25395064268 1.2385105045 
2.05961598776 1.78705799538 1.62808283192 1.33732459245 1.25395064268 1.2385105045 
2.05961598776 1.78705799538 1.62808283192 1.33732459245 1.25395064268 1.2385105045 
2.05961598776 1.78705799538 1.62808283192 1.33732459245 1.25395064268 1.2385105045 
2.05961598776 1.78705799538 1.62808283192 1.33732459245 1.25395064268 1.2385105045 
2.05961598776 1.78705799538 1.62808283192 1.33732459245 1.25395064268 1.2385105045 
2.05961598776 1.78705799538 1.62808283192 1.33732459245 1.25395064268 1.2385105045 
2.05961598776 1.78705799538 1.62808283192 1.33732459245 1.25395064268 1.2385105045 
2.05961598776 1.78705799538 1.62808283192 1.33732459245 1.25395064268 1.2385105045 
2.05961598776 1.78705799538 1.62808283192 1.33732459245 1.25395064268 1.2385105045 
2.05961598776 1.78705799538 1.62808283192 1.33732459245 1.25395064268 1.2385105045 
2.05961598776 1.78705799538 1.62808283192 1.33732459245 1.25395064268 1.2385105045 
2.05961598776 1.78705799538 1.62808283192 1.33732459245 1.25395064268 1.2385105045 
2.05961598776 1.78705799538 1.62808283192 1.33732459245 1.25395064268 1.2385105045 
2.05961598776 1.78705799538 1.62808283192 1.33732459245 1.25395064268 1.2385105045 
2.05961598776 1.78705799538 1.62808283192 1.33732459245 1.25395064268 1.2385105045 
2.05961598776 1.78705799538 1.62808283192 1.33732459245 1.25395064268 1.2385105045 
2.05961598776 1.78705799538 1.62808283192 1.33732459245 1.25395064268 1.2385105045 
2.05961598776 1.78705799538 1.62808283192 1.33732459245 1.25395064268 1.2385105045 
2.05961598776 1.78705799538 1.62808283192 1.33732459245 1.25395064268 1.2385105045 
2.05961598776 1.78705799538 1.62808283192 1.33732459245 1.25395064268 1.2385105045 
2.05961598776 1.78705799538 1.62808283192 1.33732459245 1.25395064268 1.2385105045 
2.05961598776 1.78705799538 1.62808283192 1.33732459245 1.25395064268 1.2385105045 
2.05961598776 1.78705799538 1.62808283192 1.33732459245 1.25395064268 1.2385105045 
2.05961598776 1.78705799538 1.62808283192 1.33732459245 1.25395064268 1.2385105045 
2.05961598776 1.78705799538 1.62808283192 1.33732459245 1.25395064268 1.2385105045 
2.05961598776 1.78705799538 1.62808283192 1.33732459245 1.25395064268 1.2385105045 
2.05961598776 1.78705799538 1.62808283192 1.33732459245 1.25395064268 1.2385105045 
2.05961598776 1.78705799538 1.62808283192 1.33732459245 1.25395064268 1.2385105045 
2.05961598776 1.78705799538 1.62808283192 1.33732459245 1.25395064268 1.2385105045 
2.05961598776 1.78705799538 1.62808283192 1.33732459245 1.25395064268 1.2385105045 
2.05961598776 1.78705799538 1.62808283192 1.33732459245 1.25395064268 1.2385105045 
2.05961598776 1.78705799538 1.62808283192 1.33732459245 1.25395064268 1.2385105045 
2.05961598776 1.78705799538 1.62808283192 1.33732459245 1.25395064268 1.2385105045 
2.05961598776 1.78705799538 1.62808283192 1.33732459245 1.25395064268 1.2385105045 
2.05961598776 1.78705799538 1.62808283192 1.33732459245 1.25395064268 1.2385105045 
2.05961598776 1.78705799538 1.62808283192 1.33732459245 1.25395064268 1.2385105045 
2.05961598776 1.78705799538 1.62808283192 1.33732459245 1.25395064268 1.2385105045 
2.05961598776 1.78705799538 1.62808283192 1.33732459245 1.25395064268 1.2385105045 
2.05961598776 1.78705799538 1.62808283192 1.33732459245 1.25395064268 1.2385105045 
2.05961598776 1.78705799538 1.62808283192 1.33732459245 1.25395064268 1.2385105045 
2.05961598776 1.78705799538 1.62808283192 1.33732459245 1.25395064268 1.2385105045 
2.05961598776 1.78705799538 1.62808283192 1.33732459245 1.25395064268 1.2385105045 
2.05961598776 1.78705799538 1.62808283192 1.33732459245 1.25395064268 1.2385105045 
2.05961598776 1.78705799538 1.62808283192 1.33732459245 1.25395064268 1.2385105045 
2.05961598776 1.78705799538 1.62808283192 1.33732459245 1.25395064268 1.2385105045 
2.05961598776 1.78705799538 1.62808283192 1.33732459245 1.25395064268 1.2385105045 
2.05961598776 1.78705799538 1.62808283192 1.33732459245 1.25395064268 1.2385105045 
2.05961598776 1.78705799538 1.62808283192 1.33732459245 1.25395064268 1.2385105045 
2.05961598776 1.78705799538 1.62808283192 1.33732459245 1.25395064268 1.2385105045 
2.05961598776 1.78705799538 1.62808283192 1.33732459245 1.25395064268 1.2385105045 
2.05961598776 1.78705799538 1.62808283192 1.33732459245 1.25395064268 1.2385105045 
2.05961598776 1.78705799538 1.62808283192 1.33732459245 1.25395064268 1.2385105045 
2.05961598776 1.78705799538 1.62808283192 1.33732459245 1.25395064268 1.2385105045 
2.05961598776 1.78705799538 1.62808283192 1.33732459245 1.25395064268 1.2385105045 
2.05961598776 1.78705799538 1.62808283192 1.33732459245 1.25395064268 1.2385105045 
2.05961598776 1.78705799538 1.62808283192 1.33732459245 1.25395064268 1.2385105045 
2.05961598776 1.78705799538 1.62808283192 1.33732459245 1.25395064268 1.2385105045 
2.05961598776 1.78705799538 1.62808283192 1.33732459245 1.25395064268 1.2385105045 
2.05961598776 1.78705799538 1.62808283192 1.33732459245 1.25395064268 1.2385105045 
2.05961598776 1.78705799538 1.62808283192 1.33732459245 1.25395064268 1.2385105045 
2.05961598776 1.78705799538 1.62808283192 1.33732459245 1.25395064268 1.2385105045 
2.05961598776 1.78705799538 1.62808283192 1.33732459245 1.25395064268 1.2385105045 
2.05961598776 1.78705799538 1.62808283192 1.33732459245 1.25395064268 1.2385105045 
2.05961598776 1.78705799538 1.62808283192 1.33732459245 1.25395064268 1.2385105045 
2.05961598776 1.78705799538 1.62808283192 1.33732459245 1.25395064268 1.2385105045 
2.05961598776 1.78705799538 1.62808283192 1.33732459245 1.25395064268 1.2385105045 
2.05961598776 1.78705799538 1.62808283192 1.33732459245 1.25395064268 1.2385105045 
2.05961598776 1.78705799538 1.62808283192 1.33732459245 1.25395064268 1.2385105045 
2.05961598776 1.78705799538 1.62808283192 1.33732459245 1.25395064268 1.2385105045 
2.05961598776 1.78705799538 1.62808283192 1.33732459245 1.25395064268 1.2385105045 
2.05961598776 1.78705799538 1.62808283192 1.33732459245 1.25395064268 1.2385105045 
2.05961598776 1.78705799538 1.62808283192 1.33732459245 1.25395064268 1.2385105045 
2.05961598776 1.78705799538 1.62808283192 1.33732459245 1.25395064268 1.2385105045 
2.05961598776 1.78705799538 1.62808283192 1.33732459245 1.25395064268 1.2385105045 
2.05961598776 1.78705799538 1.62808283192 1.33732459245 1.25395064268 1.2385105045 
2.05961598776 1.78705799538 1.62808283192 1.33732459245 1.25395064268 1.2385105045 
2.05961598776 1.78705799538 1.62808283192 1.33732459245 1.25395064268 1.2385105045 
2.05961598776 1.78705799538 1.62808283192 1.33732459245 1.25395064268 1.2385105045 
2.05961598776 1.78705799538 1.62808283192 1.33732459245 1.25395064268 1.2385105045 
