0.924762941681 0.73145702866 0.862294445889 0.905203602128 1.17907658879 1.08124615165 
0.924762941681 0.73145702866 0.862294445889 0.905203602128 1.17907658879 1.08124615165 
0.668858131347 0.529044757075 0.453180558673 1.0489020708 1.17907658879 1.08124615165 
0.668858131347 0.529044757075 0.453180558673 1.0489020708 1.17907658879 1.08124615165 
0.668858131347 0.529044757075 0.453180558673 1.0489020708 1.17907658879 1.08124615165 
0.924762941681 0.73145702866 0.862294445889 0.905203602128 1.17907658879 1.08124615165 
0.668858131347 0.529044757075 0.453180558673 1.0489020708 1.17907658879 1.08124615165 
0.924762941681 0.73145702866 0.862294445889 0.905203602128 1.17907658879 1.08124615165 
0.924762941681 0.73145702866 0.862294445889 0.905203602128 1.17907658879 1.08124615165 
0.924762941681 0.73145702866 0.862294445889 0.905203602128 1.17907658879 1.08124615165 
0.924762941681 0.73145702866 0.862294445889 0.905203602128 1.17907658879 1.08124615165 
0.924762941681 0.73145702866 0.862294445889 0.905203602128 1.17907658879 1.08124615165 
0.668858131347 0.529044757075 0.453180558673 1.0489020708 1.17907658879 1.08124615165 
0.924762941681 0.73145702866 0.862294445889 0.905203602128 1.17907658879 1.08124615165 
0.924762941681 0.73145702866 0.862294445889 0.905203602128 1.17907658879 1.08124615165 
0.924762941681 0.73145702866 0.862294445889 0.905203602128 1.17907658879 1.08124615165 
0.924762941681 0.73145702866 0.862294445889 0.905203602128 1.17907658879 1.08124615165 
0.924762941681 0.73145702866 0.862294445889 0.905203602128 1.17907658879 1.08124615165 
0.924762941681 0.73145702866 0.862294445889 0.905203602128 1.17907658879 1.08124615165 
0.668858131347 0.529044757075 0.453180558673 1.0489020708 1.17907658879 1.08124615165 
0.924762941681 0.73145702866 0.862294445889 0.905203602128 1.17907658879 1.08124615165 
0.668858131347 0.529044757075 0.453180558673 1.0489020708 1.17907658879 1.08124615165 
0.668858131347 0.529044757075 0.453180558673 1.0489020708 1.17907658879 1.08124615165 
0.924762941681 0.73145702866 0.862294445889 0.905203602128 1.17907658879 1.08124615165 
0.924762941681 0.73145702866 0.862294445889 0.905203602128 1.17907658879 1.08124615165 
0.668858131347 0.529044757075 0.453180558673 1.0489020708 1.17907658879 1.08124615165 
0.924762941681 0.73145702866 0.862294445889 0.905203602128 1.17907658879 1.08124615165 
1.35749006701 1.06284457268 1.19410045665 1.09020313768 1.10597043371 1.08124615165 
0.924762941681 0.73145702866 0.862294445889 0.905203602128 1.17907658879 1.08124615165 
0.668858131347 0.529044757075 0.453180558673 1.0489020708 1.17907658879 1.08124615165 
0.924762941681 0.73145702866 0.862294445889 0.905203602128 1.17907658879 1.08124615165 
0.924762941681 0.73145702866 0.862294445889 0.905203602128 1.17907658879 1.08124615165 
0.924762941681 0.73145702866 0.862294445889 0.905203602128 1.17907658879 1.08124615165 
0.924762941681 0.73145702866 0.862294445889 0.905203602128 1.17907658879 1.08124615165 
0.924762941681 0.73145702866 0.862294445889 0.905203602128 1.17907658879 1.08124615165 
0.924762941681 0.73145702866 0.862294445889 0.905203602128 1.17907658879 1.08124615165 
0.924762941681 0.73145702866 0.862294445889 0.905203602128 1.17907658879 1.08124615165 
0.924762941681 0.73145702866 0.862294445889 0.905203602128 1.17907658879 1.08124615165 
0.924762941681 0.73145702866 0.862294445889 0.905203602128 1.17907658879 1.08124615165 
0.924762941681 0.73145702866 0.862294445889 0.905203602128 1.17907658879 1.08124615165 
0.668858131347 0.529044757075 0.453180558673 1.0489020708 1.17907658879 1.08124615165 
0.924762941681 0.73145702866 0.862294445889 0.905203602128 1.17907658879 1.08124615165 
0.924762941681 0.73145702866 0.862294445889 0.905203602128 1.17907658879 1.08124615165 
0.924762941681 0.73145702866 0.862294445889 0.905203602128 1.17907658879 1.08124615165 
0.924762941681 0.73145702866 0.862294445889 0.905203602128 1.17907658879 1.08124615165 
0.924762941681 0.73145702866 0.862294445889 0.905203602128 1.17907658879 1.08124615165 
0.668858131347 0.529044757075 0.453180558673 1.0489020708 1.17907658879 1.08124615165 
0.924762941681 0.73145702866 0.862294445889 0.905203602128 1.17907658879 1.08124615165 
0.668858131347 0.529044757075 0.453180558673 1.0489020708 1.17907658879 1.08124615165 
0.924762941681 0.73145702866 0.862294445889 0.905203602128 1.17907658879 1.08124615165 
0.668858131347 0.529044757075 0.453180558673 1.0489020708 1.17907658879 1.08124615165 
1.35749006701 1.06284457268 1.19410045665 1.09020313768 1.10597043371 1.08124615165 
0.668858131347 0.529044757075 0.453180558673 1.0489020708 1.17907658879 1.08124615165 
0.924762941681 0.73145702866 0.862294445889 0.905203602128 1.17907658879 1.08124615165 
0.924762941681 0.73145702866 0.862294445889 0.905203602128 1.17907658879 1.08124615165 
0.924762941681 0.73145702866 0.862294445889 0.905203602128 1.17907658879 1.08124615165 
0.924762941681 0.73145702866 0.862294445889 0.905203602128 1.17907658879 1.08124615165 
0.924762941681 0.73145702866 0.862294445889 0.905203602128 1.17907658879 1.08124615165 
0.924762941681 0.73145702866 0.862294445889 0.905203602128 1.17907658879 1.08124615165 
0.668858131347 0.529044757075 0.453180558673 1.0489020708 1.17907658879 1.08124615165 
0.924762941681 0.73145702866 0.862294445889 0.905203602128 1.17907658879 1.08124615165 
0.924762941681 0.73145702866 0.862294445889 0.905203602128 1.17907658879 1.08124615165 
0.924762941681 0.73145702866 0.862294445889 0.905203602128 1.17907658879 1.08124615165 
0.924762941681 0.73145702866 0.862294445889 0.905203602128 1.17907658879 1.08124615165 
0.668858131347 0.529044757075 0.453180558673 1.0489020708 1.17907658879 1.08124615165 
0.924762941681 0.73145702866 0.862294445889 0.905203602128 1.17907658879 1.08124615165 
0.668858131347 0.529044757075 0.453180558673 1.0489020708 1.17907658879 1.08124615165 
0.924762941681 0.73145702866 0.862294445889 0.905203602128 1.17907658879 1.08124615165 
0.924762941681 0.73145702866 0.862294445889 0.905203602128 1.17907658879 1.08124615165 
0.668858131347 0.529044757075 0.453180558673 1.0489020708 1.17907658879 1.08124615165 
0.668858131347 0.529044757075 0.453180558673 1.0489020708 1.17907658879 1.08124615165 
0.924762941681 0.73145702866 0.862294445889 0.905203602128 1.17907658879 1.08124615165 
0.924762941681 0.73145702866 0.862294445889 0.905203602128 1.17907658879 1.08124615165 
0.668858131347 0.529044757075 0.453180558673 1.0489020708 1.17907658879 1.08124615165 
0.668858131347 0.529044757075 0.453180558673 1.0489020708 1.17907658879 1.08124615165 
0.924762941681 0.73145702866 0.862294445889 0.905203602128 1.17907658879 1.08124615165 
0.924762941681 0.73145702866 0.862294445889 0.905203602128 1.17907658879 1.08124615165 
0.924762941681 0.73145702866 0.862294445889 0.905203602128 1.17907658879 1.08124615165 
0.924762941681 0.73145702866 0.862294445889 0.905203602128 1.17907658879 1.08124615165 
0.924762941681 0.73145702866 0.862294445889 0.905203602128 1.17907658879 1.08124615165 
0.924762941681 0.73145702866 0.862294445889 0.905203602128 1.17907658879 1.08124615165 
0.924762941681 0.73145702866 0.862294445889 0.905203602128 1.17907658879 1.08124615165 
0.668858131347 0.529044757075 0.453180558673 1.0489020708 1.17907658879 1.08124615165 
0.924762941681 0.73145702866 0.862294445889 0.905203602128 1.17907658879 1.08124615165 
0.924762941681 0.73145702866 0.862294445889 0.905203602128 1.17907658879 1.08124615165 
0.924762941681 0.73145702866 0.862294445889 0.905203602128 1.17907658879 1.08124615165 
0.924762941681 0.73145702866 0.862294445889 0.905203602128 1.17907658879 1.08124615165 
0.924762941681 0.73145702866 0.862294445889 0.905203602128 1.17907658879 1.08124615165 
0.924762941681 0.73145702866 0.862294445889 0.905203602128 1.17907658879 1.08124615165 
0.924762941681 0.73145702866 0.862294445889 0.905203602128 1.17907658879 1.08124615165 
0.924762941681 0.73145702866 0.862294445889 0.905203602128 1.17907658879 1.08124615165 
0.924762941681 0.73145702866 0.862294445889 0.905203602128 1.17907658879 1.08124615165 
0.924762941681 0.73145702866 0.862294445889 0.905203602128 1.17907658879 1.08124615165 
0.924762941681 0.73145702866 0.862294445889 0.905203602128 1.17907658879 1.08124615165 
0.668858131347 0.529044757075 0.453180558673 1.0489020708 1.17907658879 1.08124615165 
0.924762941681 0.73145702866 0.862294445889 0.905203602128 1.17907658879 1.08124615165 
0.924762941681 0.73145702866 0.862294445889 0.905203602128 1.17907658879 1.08124615165 
0.924762941681 0.73145702866 0.862294445889 0.905203602128 1.17907658879 1.08124615165 
0.924762941681 0.73145702866 0.862294445889 0.905203602128 1.17907658879 1.08124615165 
0.668858131347 0.529044757075 0.453180558673 1.0489020708 1.17907658879 1.08124615165 
