1.63686809301 1.64873490803 1.75834457928 1.40798749401 1.34869879384 1.29856789778 
1.63686809301 1.64873490803 1.75834457928 1.40798749401 1.34869879384 1.29856789778 
1.63686809301 1.64873490803 1.75834457928 1.40798749401 1.34869879384 1.29856789778 
0.897962400166 0.904472385847 0.964602680088 0.791098632274 1.4146596065 1.29856789778 
1.63686809301 1.64873490803 1.75834457928 1.40798749401 1.34869879384 1.29856789778 
1.63686809301 1.64873490803 1.75834457928 1.40798749401 1.34869879384 1.29856789778 
1.63686809301 1.64873490803 1.75834457928 1.40798749401 1.34869879384 1.29856789778 
1.63686809301 1.64873490803 1.75834457928 1.40798749401 1.34869879384 1.29856789778 
1.63686809301 1.64873490803 1.75834457928 1.40798749401 1.34869879384 1.29856789778 
1.63686809301 1.64873490803 1.75834457928 1.40798749401 1.34869879384 1.29856789778 
1.63686809301 1.64873490803 1.75834457928 1.40798749401 1.34869879384 1.29856789778 
1.63686809301 1.64873490803 1.75834457928 1.40798749401 1.34869879384 1.29856789778 
1.63686809301 1.64873490803 1.75834457928 1.40798749401 1.34869879384 1.29856789778 
1.63686809301 1.64873490803 1.75834457928 1.40798749401 1.34869879384 1.29856789778 
1.63686809301 1.64873490803 1.75834457928 1.40798749401 1.34869879384 1.29856789778 
0.897962400166 0.904472385847 0.964602680088 0.791098632274 1.4146596065 1.29856789778 
1.63686809301 1.64873490803 1.75834457928 1.40798749401 1.34869879384 1.29856789778 
1.63686809301 1.64873490803 1.75834457928 1.40798749401 1.34869879384 1.29856789778 
1.63686809301 1.64873490803 1.75834457928 1.40798749401 1.34869879384 1.29856789778 
1.63686809301 1.64873490803 1.75834457928 1.40798749401 1.34869879384 1.29856789778 
0.897962400166 0.904472385847 0.964602680088 0.791098632274 1.4146596065 1.29856789778 
1.63686809301 1.64873490803 1.75834457928 1.40798749401 1.34869879384 1.29856789778 
1.63686809301 1.64873490803 1.75834457928 1.40798749401 1.34869879384 1.29856789778 
1.63686809301 1.64873490803 1.75834457928 1.40798749401 1.34869879384 1.29856789778 
1.63686809301 1.64873490803 1.75834457928 1.40798749401 1.34869879384 1.29856789778 
1.63686809301 1.64873490803 1.75834457928 1.40798749401 1.34869879384 1.29856789778 
1.63686809301 1.64873490803 1.75834457928 1.40798749401 1.34869879384 1.29856789778 
1.63686809301 1.64873490803 1.75834457928 1.40798749401 1.34869879384 1.29856789778 
1.63686809301 1.64873490803 1.75834457928 1.40798749401 1.34869879384 1.29856789778 
1.63686809301 1.64873490803 1.75834457928 1.40798749401 1.34869879384 1.29856789778 
1.63686809301 1.64873490803 1.75834457928 1.40798749401 1.34869879384 1.29856789778 
1.63686809301 1.64873490803 1.75834457928 1.40798749401 1.34869879384 1.29856789778 
1.63686809301 1.64873490803 1.75834457928 1.40798749401 1.34869879384 1.29856789778 
1.63686809301 1.64873490803 1.75834457928 1.40798749401 1.34869879384 1.29856789778 
1.63686809301 1.64873490803 1.75834457928 1.40798749401 1.34869879384 1.29856789778 
1.63686809301 1.64873490803 1.75834457928 1.40798749401 1.34869879384 1.29856789778 
1.63686809301 1.64873490803 1.75834457928 1.40798749401 1.34869879384 1.29856789778 
1.63686809301 1.64873490803 1.75834457928 1.40798749401 1.34869879384 1.29856789778 
1.63686809301 1.64873490803 1.75834457928 1.40798749401 1.34869879384 1.29856789778 
0.897962400166 0.904472385847 0.964602680088 0.791098632274 1.4146596065 1.29856789778 
1.63686809301 1.64873490803 1.75834457928 1.40798749401 1.34869879384 1.29856789778 
1.63686809301 1.64873490803 1.75834457928 1.40798749401 1.34869879384 1.29856789778 
1.63686809301 1.64873490803 1.75834457928 1.40798749401 1.34869879384 1.29856789778 
1.63686809301 1.64873490803 1.75834457928 1.40798749401 1.34869879384 1.29856789778 
1.63686809301 1.64873490803 1.75834457928 1.40798749401 1.34869879384 1.29856789778 
1.63686809301 1.64873490803 1.75834457928 1.40798749401 1.34869879384 1.29856789778 
1.63686809301 1.64873490803 1.75834457928 1.40798749401 1.34869879384 1.29856789778 
0.897962400166 0.904472385847 0.964602680088 0.791098632274 1.4146596065 1.29856789778 
1.63686809301 1.64873490803 1.75834457928 1.40798749401 1.34869879384 1.29856789778 
1.63686809301 1.64873490803 1.75834457928 1.40798749401 1.34869879384 1.29856789778 
1.63686809301 1.64873490803 1.75834457928 1.40798749401 1.34869879384 1.29856789778 
1.63686809301 1.64873490803 1.75834457928 1.40798749401 1.34869879384 1.29856789778 
0.897962400166 0.904472385847 0.964602680088 0.791098632274 1.4146596065 1.29856789778 
1.63686809301 1.64873490803 1.75834457928 1.40798749401 1.34869879384 1.29856789778 
1.63686809301 1.64873490803 1.75834457928 1.40798749401 1.34869879384 1.29856789778 
1.63686809301 1.64873490803 1.75834457928 1.40798749401 1.34869879384 1.29856789778 
1.63686809301 1.64873490803 1.75834457928 1.40798749401 1.34869879384 1.29856789778 
1.63686809301 1.64873490803 1.75834457928 1.40798749401 1.34869879384 1.29856789778 
1.63686809301 1.64873490803 1.75834457928 1.40798749401 1.34869879384 1.29856789778 
1.63686809301 1.64873490803 1.75834457928 1.40798749401 1.34869879384 1.29856789778 
1.63686809301 1.64873490803 1.75834457928 1.40798749401 1.34869879384 1.29856789778 
1.63686809301 1.64873490803 1.75834457928 1.40798749401 1.34869879384 1.29856789778 
1.63686809301 1.64873490803 1.75834457928 1.40798749401 1.34869879384 1.29856789778 
1.63686809301 1.64873490803 1.75834457928 1.40798749401 1.34869879384 1.29856789778 
1.63686809301 1.64873490803 1.75834457928 1.40798749401 1.34869879384 1.29856789778 
1.63686809301 1.64873490803 1.75834457928 1.40798749401 1.34869879384 1.29856789778 
1.63686809301 1.64873490803 1.75834457928 1.40798749401 1.34869879384 1.29856789778 
1.63686809301 1.64873490803 1.75834457928 1.40798749401 1.34869879384 1.29856789778 
1.63686809301 1.64873490803 1.75834457928 1.40798749401 1.34869879384 1.29856789778 
1.63686809301 1.64873490803 1.75834457928 1.40798749401 1.34869879384 1.29856789778 
1.63686809301 1.64873490803 1.75834457928 1.40798749401 1.34869879384 1.29856789778 
0.897962400166 0.904472385847 0.964602680088 0.791098632274 1.4146596065 1.29856789778 
1.63686809301 1.64873490803 1.75834457928 1.40798749401 1.34869879384 1.29856789778 
1.63686809301 1.64873490803 1.75834457928 1.40798749401 1.34869879384 1.29856789778 
1.63686809301 1.64873490803 1.75834457928 1.40798749401 1.34869879384 1.29856789778 
1.63686809301 1.64873490803 1.75834457928 1.40798749401 1.34869879384 1.29856789778 
1.63686809301 1.64873490803 1.75834457928 1.40798749401 1.34869879384 1.29856789778 
1.63686809301 1.64873490803 1.75834457928 1.40798749401 1.34869879384 1.29856789778 
1.63686809301 1.64873490803 1.75834457928 1.40798749401 1.34869879384 1.29856789778 
1.63686809301 1.64873490803 1.75834457928 1.40798749401 1.34869879384 1.29856789778 
1.63686809301 1.64873490803 1.75834457928 1.40798749401 1.34869879384 1.29856789778 
1.63686809301 1.64873490803 1.75834457928 1.40798749401 1.34869879384 1.29856789778 
1.63686809301 1.64873490803 1.75834457928 1.40798749401 1.34869879384 1.29856789778 
1.63686809301 1.64873490803 1.75834457928 1.40798749401 1.34869879384 1.29856789778 
1.63686809301 1.64873490803 1.75834457928 1.40798749401 1.34869879384 1.29856789778 
1.63686809301 1.64873490803 1.75834457928 1.40798749401 1.34869879384 1.29856789778 
1.63686809301 1.64873490803 1.75834457928 1.40798749401 1.34869879384 1.29856789778 
0.897962400166 0.904472385847 0.964602680088 0.791098632274 1.4146596065 1.29856789778 
1.63686809301 1.64873490803 1.75834457928 1.40798749401 1.34869879384 1.29856789778 
1.63686809301 1.64873490803 1.75834457928 1.40798749401 1.34869879384 1.29856789778 
1.63686809301 1.64873490803 1.75834457928 1.40798749401 1.34869879384 1.29856789778 
1.63686809301 1.64873490803 1.75834457928 1.40798749401 1.34869879384 1.29856789778 
1.63686809301 1.64873490803 1.75834457928 1.40798749401 1.34869879384 1.29856789778 
1.63686809301 1.64873490803 1.75834457928 1.40798749401 1.34869879384 1.29856789778 
1.63686809301 1.64873490803 1.75834457928 1.40798749401 1.34869879384 1.29856789778 
1.63686809301 1.64873490803 1.75834457928 1.40798749401 1.34869879384 1.29856789778 
1.63686809301 1.64873490803 1.75834457928 1.40798749401 1.34869879384 1.29856789778 
1.63686809301 1.64873490803 1.75834457928 1.40798749401 1.34869879384 1.29856789778 
1.63686809301 1.64873490803 1.75834457928 1.40798749401 1.34869879384 1.29856789778 
1.63686809301 1.64873490803 1.75834457928 1.40798749401 1.34869879384 1.29856789778 
