1.2654478275 1.47858943519 1.35174609337 1.08354700213 1.28482624114 1.18076230647 
1.2654478275 1.47858943519 1.35174609337 1.08354700213 1.28482624114 1.18076230647 
1.2654478275 1.47858943519 1.35174609337 1.08354700213 1.28482624114 1.18076230647 
1.2654478275 1.47858943519 1.35174609337 1.08354700213 1.28482624114 1.18076230647 
1.2654478275 1.47858943519 1.35174609337 1.08354700213 1.28482624114 1.18076230647 
1.2654478275 1.47858943519 1.35174609337 1.08354700213 1.28482624114 1.18076230647 
1.2654478275 1.47858943519 1.35174609337 1.08354700213 1.28482624114 1.18076230647 
1.27516931909 0.063416814469 0.0579764951895 0.0464734002038 0.0551035614442 0.0506337761627 
1.2654478275 1.47858943519 1.35174609337 1.08354700213 1.28482624114 1.18076230647 
1.2654478275 1.47858943519 1.35174609337 1.08354700213 1.28482624114 1.18076230647 
1.2654478275 1.47858943519 1.35174609337 1.08354700213 1.28482624114 1.18076230647 
1.2654478275 1.47858943519 1.35174609337 1.08354700213 1.28482624114 1.18076230647 
1.2654478275 1.47858943519 1.35174609337 1.08354700213 1.28482624114 1.18076230647 
1.2654478275 1.47858943519 1.35174609337 1.08354700213 1.28482624114 1.18076230647 
1.2654478275 1.47858943519 1.35174609337 1.08354700213 1.28482624114 1.18076230647 
1.2654478275 1.47858943519 1.35174609337 1.08354700213 1.28482624114 1.18076230647 
1.2654478275 1.47858943519 1.35174609337 1.08354700213 1.28482624114 1.18076230647 
1.2654478275 1.47858943519 1.35174609337 1.08354700213 1.28482624114 1.18076230647 
1.2654478275 1.47858943519 1.35174609337 1.08354700213 1.28482624114 1.18076230647 
1.2654478275 1.47858943519 1.35174609337 1.08354700213 1.28482624114 1.18076230647 
1.27516931909 0.063416814469 0.0579764951895 0.0464734002038 0.0551035614442 0.0506337761627 
1.2654478275 1.47858943519 1.35174609337 1.08354700213 1.28482624114 1.18076230647 
1.2654478275 1.47858943519 1.35174609337 1.08354700213 1.28482624114 1.18076230647 
1.2654478275 1.47858943519 1.35174609337 1.08354700213 1.28482624114 1.18076230647 
1.2654478275 1.47858943519 1.35174609337 1.08354700213 1.28482624114 1.18076230647 
1.2654478275 1.47858943519 1.35174609337 1.08354700213 1.28482624114 1.18076230647 
1.2654478275 1.47858943519 1.35174609337 1.08354700213 1.28482624114 1.18076230647 
1.2654478275 1.47858943519 1.35174609337 1.08354700213 1.28482624114 1.18076230647 
1.2654478275 1.47858943519 1.35174609337 1.08354700213 1.28482624114 1.18076230647 
1.2654478275 1.47858943519 1.35174609337 1.08354700213 1.28482624114 1.18076230647 
1.2654478275 1.47858943519 1.35174609337 1.08354700213 1.28482624114 1.18076230647 
1.2654478275 1.47858943519 1.35174609337 1.08354700213 1.28482624114 1.18076230647 
1.2654478275 1.47858943519 1.35174609337 1.08354700213 1.28482624114 1.18076230647 
1.2654478275 1.47858943519 1.35174609337 1.08354700213 1.28482624114 1.18076230647 
1.2654478275 1.47858943519 1.35174609337 1.08354700213 1.28482624114 1.18076230647 
1.2654478275 1.47858943519 1.35174609337 1.08354700213 1.28482624114 1.18076230647 
1.2654478275 1.47858943519 1.35174609337 1.08354700213 1.28482624114 1.18076230647 
1.2654478275 1.47858943519 1.35174609337 1.08354700213 1.28482624114 1.18076230647 
1.2654478275 1.47858943519 1.35174609337 1.08354700213 1.28482624114 1.18076230647 
1.2654478275 1.47858943519 1.35174609337 1.08354700213 1.28482624114 1.18076230647 
1.2654478275 1.47858943519 1.35174609337 1.08354700213 1.28482624114 1.18076230647 
1.2654478275 1.47858943519 1.35174609337 1.08354700213 1.28482624114 1.18076230647 
1.2654478275 1.47858943519 1.35174609337 1.08354700213 1.28482624114 1.18076230647 
1.2654478275 1.47858943519 1.35174609337 1.08354700213 1.28482624114 1.18076230647 
1.2654478275 1.47858943519 1.35174609337 1.08354700213 1.28482624114 1.18076230647 
1.2654478275 1.47858943519 1.35174609337 1.08354700213 1.28482624114 1.18076230647 
1.2654478275 1.47858943519 1.35174609337 1.08354700213 1.28482624114 1.18076230647 
1.2654478275 1.47858943519 1.35174609337 1.08354700213 1.28482624114 1.18076230647 
1.2654478275 1.47858943519 1.35174609337 1.08354700213 1.28482624114 1.18076230647 
1.2654478275 1.47858943519 1.35174609337 1.08354700213 1.28482624114 1.18076230647 
1.2654478275 1.47858943519 1.35174609337 1.08354700213 1.28482624114 1.18076230647 
1.2654478275 1.47858943519 1.35174609337 1.08354700213 1.28482624114 1.18076230647 
1.2654478275 1.47858943519 1.35174609337 1.08354700213 1.28482624114 1.18076230647 
1.2654478275 1.47858943519 1.35174609337 1.08354700213 1.28482624114 1.18076230647 
1.2654478275 1.47858943519 1.35174609337 1.08354700213 1.28482624114 1.18076230647 
1.2654478275 1.47858943519 1.35174609337 1.08354700213 1.28482624114 1.18076230647 
1.2654478275 1.47858943519 1.35174609337 1.08354700213 1.28482624114 1.18076230647 
1.2654478275 1.47858943519 1.35174609337 1.08354700213 1.28482624114 1.18076230647 
1.2654478275 1.47858943519 1.35174609337 1.08354700213 1.28482624114 1.18076230647 
1.2654478275 1.47858943519 1.35174609337 1.08354700213 1.28482624114 1.18076230647 
1.2654478275 1.47858943519 1.35174609337 1.08354700213 1.28482624114 1.18076230647 
1.2654478275 1.47858943519 1.35174609337 1.08354700213 1.28482624114 1.18076230647 
1.2654478275 1.47858943519 1.35174609337 1.08354700213 1.28482624114 1.18076230647 
1.2654478275 1.47858943519 1.35174609337 1.08354700213 1.28482624114 1.18076230647 
1.2654478275 1.47858943519 1.35174609337 1.08354700213 1.28482624114 1.18076230647 
1.2654478275 1.47858943519 1.35174609337 1.08354700213 1.28482624114 1.18076230647 
1.2654478275 1.47858943519 1.35174609337 1.08354700213 1.28482624114 1.18076230647 
1.2654478275 1.47858943519 1.35174609337 1.08354700213 1.28482624114 1.18076230647 
1.2654478275 1.47858943519 1.35174609337 1.08354700213 1.28482624114 1.18076230647 
1.2654478275 1.47858943519 1.35174609337 1.08354700213 1.28482624114 1.18076230647 
1.2654478275 1.47858943519 1.35174609337 1.08354700213 1.28482624114 1.18076230647 
1.2654478275 1.47858943519 1.35174609337 1.08354700213 1.28482624114 1.18076230647 
1.2654478275 1.47858943519 1.35174609337 1.08354700213 1.28482624114 1.18076230647 
1.2654478275 1.47858943519 1.35174609337 1.08354700213 1.28482624114 1.18076230647 
1.2654478275 1.47858943519 1.35174609337 1.08354700213 1.28482624114 1.18076230647 
1.2654478275 1.47858943519 1.35174609337 1.08354700213 1.28482624114 1.18076230647 
1.2654478275 1.47858943519 1.35174609337 1.08354700213 1.28482624114 1.18076230647 
1.2654478275 1.47858943519 1.35174609337 1.08354700213 1.28482624114 1.18076230647 
1.2654478275 1.47858943519 1.35174609337 1.08354700213 1.28482624114 1.18076230647 
1.2654478275 1.47858943519 1.35174609337 1.08354700213 1.28482624114 1.18076230647 
1.2654478275 1.47858943519 1.35174609337 1.08354700213 1.28482624114 1.18076230647 
1.2654478275 1.47858943519 1.35174609337 1.08354700213 1.28482624114 1.18076230647 
1.2654478275 1.47858943519 1.35174609337 1.08354700213 1.28482624114 1.18076230647 
1.2654478275 1.47858943519 1.35174609337 1.08354700213 1.28482624114 1.18076230647 
1.2654478275 1.47858943519 1.35174609337 1.08354700213 1.28482624114 1.18076230647 
1.2654478275 1.47858943519 1.35174609337 1.08354700213 1.28482624114 1.18076230647 
1.2654478275 1.47858943519 1.35174609337 1.08354700213 1.28482624114 1.18076230647 
1.2654478275 1.47858943519 1.35174609337 1.08354700213 1.28482624114 1.18076230647 
1.2654478275 1.47858943519 1.35174609337 1.08354700213 1.28482624114 1.18076230647 
1.2654478275 1.47858943519 1.35174609337 1.08354700213 1.28482624114 1.18076230647 
1.2654478275 1.47858943519 1.35174609337 1.08354700213 1.28482624114 1.18076230647 
1.2654478275 1.47858943519 1.35174609337 1.08354700213 1.28482624114 1.18076230647 
1.2654478275 1.47858943519 1.35174609337 1.08354700213 1.28482624114 1.18076230647 
1.2654478275 1.47858943519 1.35174609337 1.08354700213 1.28482624114 1.18076230647 
1.2654478275 1.47858943519 1.35174609337 1.08354700213 1.28482624114 1.18076230647 
1.2654478275 1.47858943519 1.35174609337 1.08354700213 1.28482624114 1.18076230647 
1.2654478275 1.47858943519 1.35174609337 1.08354700213 1.28482624114 1.18076230647 
1.2654478275 1.47858943519 1.35174609337 1.08354700213 1.28482624114 1.18076230647 
1.2654478275 1.47858943519 1.35174609337 1.08354700213 1.28482624114 1.18076230647 
1.2654478275 1.47858943519 1.35174609337 1.08354700213 1.28482624114 1.18076230647 
