1.05326412034 1.24524000039 0.823061222937 1.34205265432 1.16431092716 1.13906214008 
1.05326412034 1.24524000039 0.823061222937 1.34205265432 1.16431092716 1.13906214008 
1.05326412034 1.24524000039 0.823061222937 1.34205265432 1.16431092716 1.13906214008 
1.6504661334 1.95129257703 1.28973797053 1.31370374242 1.16431092716 1.13906214008 
1.05326412034 1.24524000039 0.823061222937 1.34205265432 1.16431092716 1.13906214008 
1.05326412034 1.24524000039 0.823061222937 1.34205265432 1.16431092716 1.13906214008 
1.05326412034 1.24524000039 0.823061222937 1.34205265432 1.16431092716 1.13906214008 
1.05326412034 1.24524000039 0.823061222937 1.34205265432 1.16431092716 1.13906214008 
1.05326412034 1.24524000039 0.823061222937 1.34205265432 1.16431092716 1.13906214008 
1.05326412034 1.24524000039 0.823061222937 1.34205265432 1.16431092716 1.13906214008 
1.6504661334 1.95129257703 1.28973797053 1.31370374242 1.16431092716 1.13906214008 
1.05326412034 1.24524000039 0.823061222937 1.34205265432 1.16431092716 1.13906214008 
1.05326412034 1.24524000039 0.823061222937 1.34205265432 1.16431092716 1.13906214008 
1.05326412034 1.24524000039 0.823061222937 1.34205265432 1.16431092716 1.13906214008 
1.05326412034 1.24524000039 0.823061222937 1.34205265432 1.16431092716 1.13906214008 
1.05326412034 1.24524000039 0.823061222937 1.34205265432 1.16431092716 1.13906214008 
1.05326412034 1.24524000039 0.823061222937 1.34205265432 1.16431092716 1.13906214008 
1.05326412034 1.24524000039 0.823061222937 1.34205265432 1.16431092716 1.13906214008 
1.05326412034 1.24524000039 0.823061222937 1.34205265432 1.16431092716 1.13906214008 
1.05326412034 1.24524000039 0.823061222937 1.34205265432 1.16431092716 1.13906214008 
1.05326412034 1.24524000039 0.823061222937 1.34205265432 1.16431092716 1.13906214008 
1.05326412034 1.24524000039 0.823061222937 1.34205265432 1.16431092716 1.13906214008 
1.6504661334 1.95129257703 1.28973797053 1.31370374242 1.16431092716 1.13906214008 
1.05326412034 1.24524000039 0.823061222937 1.34205265432 1.16431092716 1.13906214008 
1.05326412034 1.24524000039 0.823061222937 1.34205265432 1.16431092716 1.13906214008 
1.05326412034 1.24524000039 0.823061222937 1.34205265432 1.16431092716 1.13906214008 
1.05326412034 1.24524000039 0.823061222937 1.34205265432 1.16431092716 1.13906214008 
1.05326412034 1.24524000039 0.823061222937 1.34205265432 1.16431092716 1.13906214008 
1.05326412034 1.24524000039 0.823061222937 1.34205265432 1.16431092716 1.13906214008 
1.05326412034 1.24524000039 0.823061222937 1.34205265432 1.16431092716 1.13906214008 
1.05326412034 1.24524000039 0.823061222937 1.34205265432 1.16431092716 1.13906214008 
1.05326412034 1.24524000039 0.823061222937 1.34205265432 1.16431092716 1.13906214008 
1.05326412034 1.24524000039 0.823061222937 1.34205265432 1.16431092716 1.13906214008 
1.6504661334 1.95129257703 1.28973797053 1.31370374242 1.16431092716 1.13906214008 
1.05326412034 1.24524000039 0.823061222937 1.34205265432 1.16431092716 1.13906214008 
1.05326412034 1.24524000039 0.823061222937 1.34205265432 1.16431092716 1.13906214008 
1.05326412034 1.24524000039 0.823061222937 1.34205265432 1.16431092716 1.13906214008 
1.05326412034 1.24524000039 0.823061222937 1.34205265432 1.16431092716 1.13906214008 
1.05326412034 1.24524000039 0.823061222937 1.34205265432 1.16431092716 1.13906214008 
1.05326412034 1.24524000039 0.823061222937 1.34205265432 1.16431092716 1.13906214008 
1.05326412034 1.24524000039 0.823061222937 1.34205265432 1.16431092716 1.13906214008 
1.05326412034 1.24524000039 0.823061222937 1.34205265432 1.16431092716 1.13906214008 
1.05326412034 1.24524000039 0.823061222937 1.34205265432 1.16431092716 1.13906214008 
1.05326412034 1.24524000039 0.823061222937 1.34205265432 1.16431092716 1.13906214008 
1.05326412034 1.24524000039 0.823061222937 1.34205265432 1.16431092716 1.13906214008 
1.05326412034 1.24524000039 0.823061222937 1.34205265432 1.16431092716 1.13906214008 
1.05326412034 1.24524000039 0.823061222937 1.34205265432 1.16431092716 1.13906214008 
1.05326412034 1.24524000039 0.823061222937 1.34205265432 1.16431092716 1.13906214008 
1.05326412034 1.24524000039 0.823061222937 1.34205265432 1.16431092716 1.13906214008 
1.05326412034 1.24524000039 0.823061222937 1.34205265432 1.16431092716 1.13906214008 
1.05326412034 1.24524000039 0.823061222937 1.34205265432 1.16431092716 1.13906214008 
1.05326412034 1.24524000039 0.823061222937 1.34205265432 1.16431092716 1.13906214008 
1.05326412034 1.24524000039 0.823061222937 1.34205265432 1.16431092716 1.13906214008 
1.05326412034 1.24524000039 0.823061222937 1.34205265432 1.16431092716 1.13906214008 
1.05326412034 1.24524000039 0.823061222937 1.34205265432 1.16431092716 1.13906214008 
1.05326412034 1.24524000039 0.823061222937 1.34205265432 1.16431092716 1.13906214008 
1.05326412034 1.24524000039 0.823061222937 1.34205265432 1.16431092716 1.13906214008 
1.6504661334 1.95129257703 1.28973797053 1.31370374242 1.16431092716 1.13906214008 
1.05326412034 1.24524000039 0.823061222937 1.34205265432 1.16431092716 1.13906214008 
1.6504661334 1.95129257703 1.28973797053 1.31370374242 1.16431092716 1.13906214008 
1.05326412034 1.24524000039 0.823061222937 1.34205265432 1.16431092716 1.13906214008 
1.05326412034 1.24524000039 0.823061222937 1.34205265432 1.16431092716 1.13906214008 
1.6504661334 1.95129257703 1.28973797053 1.31370374242 1.16431092716 1.13906214008 
1.05326412034 1.24524000039 0.823061222937 1.34205265432 1.16431092716 1.13906214008 
1.05326412034 1.24524000039 0.823061222937 1.34205265432 1.16431092716 1.13906214008 
1.05326412034 1.24524000039 0.823061222937 1.34205265432 1.16431092716 1.13906214008 
1.05326412034 1.24524000039 0.823061222937 1.34205265432 1.16431092716 1.13906214008 
1.05326412034 1.24524000039 0.823061222937 1.34205265432 1.16431092716 1.13906214008 
1.05326412034 1.24524000039 0.823061222937 1.34205265432 1.16431092716 1.13906214008 
1.05326412034 1.24524000039 0.823061222937 1.34205265432 1.16431092716 1.13906214008 
1.05326412034 1.24524000039 0.823061222937 1.34205265432 1.16431092716 1.13906214008 
1.05326412034 1.24524000039 0.823061222937 1.34205265432 1.16431092716 1.13906214008 
1.05326412034 1.24524000039 0.823061222937 1.34205265432 1.16431092716 1.13906214008 
1.6504661334 1.95129257703 1.28973797053 1.31370374242 1.16431092716 1.13906214008 
1.05326412034 1.24524000039 0.823061222937 1.34205265432 1.16431092716 1.13906214008 
1.05326412034 1.24524000039 0.823061222937 1.34205265432 1.16431092716 1.13906214008 
1.05326412034 1.24524000039 0.823061222937 1.34205265432 1.16431092716 1.13906214008 
1.05326412034 1.24524000039 0.823061222937 1.34205265432 1.16431092716 1.13906214008 
1.05326412034 1.24524000039 0.823061222937 1.34205265432 1.16431092716 1.13906214008 
1.05326412034 1.24524000039 0.823061222937 1.34205265432 1.16431092716 1.13906214008 
1.05326412034 1.24524000039 0.823061222937 1.34205265432 1.16431092716 1.13906214008 
1.05326412034 1.24524000039 0.823061222937 1.34205265432 1.16431092716 1.13906214008 
1.05326412034 1.24524000039 0.823061222937 1.34205265432 1.16431092716 1.13906214008 
1.05326412034 1.24524000039 0.823061222937 1.34205265432 1.16431092716 1.13906214008 
1.05326412034 1.24524000039 0.823061222937 1.34205265432 1.16431092716 1.13906214008 
1.05326412034 1.24524000039 0.823061222937 1.34205265432 1.16431092716 1.13906214008 
1.05326412034 1.24524000039 0.823061222937 1.34205265432 1.16431092716 1.13906214008 
1.05326412034 1.24524000039 0.823061222937 1.34205265432 1.16431092716 1.13906214008 
1.05326412034 1.24524000039 0.823061222937 1.34205265432 1.16431092716 1.13906214008 
1.05326412034 1.24524000039 0.823061222937 1.34205265432 1.16431092716 1.13906214008 
1.6504661334 1.95129257703 1.28973797053 1.31370374242 1.16431092716 1.13906214008 
1.05326412034 1.24524000039 0.823061222937 1.34205265432 1.16431092716 1.13906214008 
1.05326412034 1.24524000039 0.823061222937 1.34205265432 1.16431092716 1.13906214008 
1.05326412034 1.24524000039 0.823061222937 1.34205265432 1.16431092716 1.13906214008 
1.05326412034 1.24524000039 0.823061222937 1.34205265432 1.16431092716 1.13906214008 
1.05326412034 1.24524000039 0.823061222937 1.34205265432 1.16431092716 1.13906214008 
1.6504661334 1.95129257703 1.28973797053 1.31370374242 1.16431092716 1.13906214008 
1.05326412034 1.24524000039 0.823061222937 1.34205265432 1.16431092716 1.13906214008 
1.05326412034 1.24524000039 0.823061222937 1.34205265432 1.16431092716 1.13906214008 
1.05326412034 1.24524000039 0.823061222937 1.34205265432 1.16431092716 1.13906214008 
