0.376208825209 1.05734928929 
0.376759696118 1.04826898921 
0.376208825209 1.05734928929 
0.376208825209 1.05734928929 
0.375554155405 1.0681405621 
0.376861439744 1.04659189456 
0.376962999079 1.04491783767 
0.375607922951 1.06725428286 
0.375762429993 1.06470746058 
0.3764200934 1.0538668426 
0.376759696118 1.04826898921 
0.374307308637 1.08869300482 
0.376759696118 1.04826898921 
0.376208825209 1.05734928929 
0.369753640624 1.16375355225 
0.372617369044 1.11654918376 
1.04361219605 0.460319517322 
0.375554155405 1.0681405621 
0.377150172443 1.04183255892 
0.371020933108 1.14286409185 
1.060744707 0.261373440489 
0.375463017501 1.06964283697 
0.376208825209 1.05734928929 
0.372587631044 1.11703937112 
0.376759696118 1.04826898921 
0.376208825209 1.05734928929 
0.375554155405 1.0681405621 
0.370219046789 1.1560820133 
0.3764200934 1.0538668426 
0.376208825209 1.05734928929 
0.374307308637 1.08869300482 
0.375459081804 1.06970771117 
0.376208825209 1.05734928929 
1.11690829969 0.0457942511733 
0.375607922951 1.06725428286 
0.376759696118 1.04826898921 
0.375899967396 1.06244035794 
0.376759696118 1.04826898921 
0.373376433368 1.10403712018 
0.376208825209 1.05734928929 
0.375607922951 1.06725428286 
0.376962999079 1.04491783767 
0.375607922951 1.06725428286 
0.372802688366 1.11349446618 
0.376208825209 1.05734928929 
0.375607922951 1.06725428286 
0.375607922951 1.06725428286 
0.376759696118 1.04826898921 
0.55029982828 1.03711079818 
0.374904133359 1.07885522344 
0.376759696118 1.04826898921 
0.375463017501 1.06964283697 
0.376208825209 1.05734928929 
0.372016466786 1.12645417734 
0.367928204939 1.19384318581 
0.375607922951 1.06725428286 
0.367767604539 1.19649044817 
0.825558158073 0.926279914711 
0.376208825209 1.05734928929 
0.369436685252 1.16897809731 
0.375762429993 1.06470746058 
0.37616927535 1.05800121078 
0.372170145567 1.12392100772 
0.372271254652 1.12225437256 
0.376208825209 1.05734928929 
0.376759696118 1.04826898921 
0.372404973377 1.12005021524 
0.376759696118 1.04826898921 
0.376208825209 1.05734928929 
0.374307308637 1.08869300482 
0.376208825209 1.05734928929 
0.37480887528 1.08042541335 
0.369819577736 1.16266667555 
0.377007872879 1.0441781588 
0.373376433368 1.10403712018 
0.374202638294 1.09041834211 
0.376759696118 1.04826898921 
0.369753640624 1.16375355225 
0.372752279098 1.11432538912 
0.37432800808 1.08835180482 
0.375558340745 1.0680715729 
0.372170145567 1.12392100772 
0.376759696118 1.04826898921 
0.375239129136 1.07333330873 
0.371127485313 1.14110773483 
0.957914646766 0.775659718272 
0.368729652757 1.18063249241 
0.377200581711 1.04100163598 
0.375463017501 1.06964283697 
0.372404973377 1.12005021524 
0.375607922951 1.06725428286 
0.375459081804 1.06970771117 
0.374908210895 1.07878801124 
0.376208825209 1.05734928929 
0.37616927535 1.05800121078 
0.372721016476 1.11484070764 
0.376208825209 1.05734928929 
0.371449405386 1.13580135394 
0.374987094005 1.07748773871 
0.372802688366 1.11349446618 
