0.804128986901 0.905614174996 
0.297283263346 1.09440238125 
0.297599296506 1.09204461812 
0.297599296506 1.09204461812 
0.297599296506 1.09204461812 
0.297599296506 1.09204461812 
0.297283263346 1.09440238125 
0.297599296506 1.09204461812 
0.670847741854 1.08787294059 
0.297599296506 1.09204461812 
0.943857802012 0.754859303739 
0.297283263346 1.09440238125 
1.08274738992 0.363397579991 
0.702778169956 1.0331243123 
0.297599296506 1.09204461812 
1.06975968007 0.424426731001 
0.297599296506 1.09204461812 
0.297599296506 1.09204461812 
0.297599296506 1.09204461812 
0.297283263346 1.09440238125 
0.670847741854 1.08787294059 
0.297283263346 1.09440238125 
0.297599296506 1.09204461812 
0.297283263346 1.09440238125 
0.297599296506 1.09204461812 
1.02981076528 0.605917007524 
1.06975968007 0.424426731001 
0.297599296506 1.09204461812 
0.297283263346 1.09440238125 
0.297599296506 1.09204461812 
0.297283263346 1.09440238125 
0.943857802012 0.754859303739 
0.297283263346 1.09440238125 
0.297599296506 1.09204461812 
0.297283263346 1.09440238125 
0.804128986901 0.905614174996 
0.297645552787 1.09169952347 
0.804128986901 0.905614174996 
0.804128986901 0.905614174996 
0.297599296506 1.09204461812 
0.297283263346 1.09440238125 
0.297599296506 1.09204461812 
0.943857802012 0.754859303739 
0.804128986901 0.905614174996 
0.294949407056 1.11181409938 
0.943857802012 0.754859303739 
0.297283263346 1.09440238125 
0.297283263346 1.09440238125 
0.297599296506 1.09204461812 
0.297283263346 1.09440238125 
0.297599296506 1.09204461812 
0.297283263346 1.09440238125 
0.297283263346 1.09440238125 
0.297599296506 1.09204461812 
0.297599296506 1.09204461812 
0.804128986901 0.905614174996 
0.297645552787 1.09169952347 
1.06975968007 0.424426731001 
0.297283263346 1.09440238125 
0.702778169956 1.0331243123 
0.297283263346 1.09440238125 
0.297283263346 1.09440238125 
0.297599296506 1.09204461812 
0.297283263346 1.09440238125 
0.297283263346 1.09440238125 
0.297599296506 1.09204461812 
0.297599296506 1.09204461812 
0.943857802012 0.754859303739 
0.878366559138 0.834933962112 
0.297599296506 1.09204461812 
0.670847741854 1.08787294059 
0.297599296506 1.09204461812 
0.297599296506 1.09204461812 
0.297283263346 1.09440238125 
1.06975968007 0.424426731001 
0.804128986901 0.905614174996 
0.297599296506 1.09204461812 
0.297599296506 1.09204461812 
0.297283263346 1.09440238125 
0.804128986901 0.905614174996 
0.295311696497 1.1091112416 
0.943857802012 0.754859303739 
0.297599296506 1.09204461812 
0.804128986901 0.905614174996 
0.297949039962 1.08943535958 
0.297283263346 1.09440238125 
0.943857802012 0.754859303739 
0.293363438454 1.12364620676 
0.297599296506 1.09204461812 
0.297283263346 1.09440238125 
0.943857802012 0.754859303739 
0.297599296506 1.09204461812 
0.297599296506 1.09204461812 
0.297599296506 1.09204461812 
0.297599296506 1.09204461812 
0.297599296506 1.09204461812 
0.297283263346 1.09440238125 
0.297283263346 1.09440238125 
0.943857802012 0.754859303739 
0.297599296506 1.09204461812 
