1.07478713673 0.671403822621 
1.18977992264 0.105812923209 
1.07478713673 0.671403822621 
1.07478713673 0.671403822621 
1.18977992264 0.105812923209 
1.07478713673 0.671403822621 
1.07478713673 0.671403822621 
1.18977992264 0.105812923209 
0.790322462497 1.09697128242 
1.07478713673 0.671403822621 
0.790322462497 1.09697128242 
1.07478713673 0.671403822621 
1.06040899133 0.706333782773 
1.07478713673 0.671403822621 
0.836997479392 1.05294796475 
1.07478713673 0.671403822621 
1.18977992264 0.105812923209 
1.07478713673 0.671403822621 
1.15308292471 0.412189993514 
1.07478713673 0.671403822621 
1.15308292471 0.412189993514 
1.07478713673 0.671403822621 
1.07478713673 0.671403822621 
1.07478713673 0.671403822621 
0.790322462497 1.09697128242 
1.07478713673 0.671403822621 
1.18977992264 0.105812923209 
1.07478713673 0.671403822621 
1.07478713673 0.671403822621 
1.07478713673 0.671403822621 
1.07478713673 0.671403822621 
0.790322462497 1.09697128242 
1.07478713673 0.671403822621 
0.790322462497 1.09697128242 
0.790322462497 1.09697128242 
1.07478713673 0.671403822621 
1.07478713673 0.671403822621 
1.07478713673 0.671403822621 
1.07478713673 0.671403822621 
1.15308292471 0.412189993514 
1.07478713673 0.671403822621 
0.701875042544 1.15562195158 
1.06040899133 0.706333782773 
1.07478713673 0.671403822621 
0.836997479392 1.05294796475 
1.07478713673 0.671403822621 
1.07478713673 0.671403822621 
1.07478713673 0.671403822621 
1.07478713673 0.671403822621 
0.790322462497 1.09697128242 
0.747258031783 1.12447671252 
1.07478713673 0.671403822621 
1.15308292471 0.412189993514 
1.07478713673 0.671403822621 
0.950340716907 0.911998576181 
1.07478713673 0.671403822621 
1.06040899133 0.706333782773 
1.07478713673 0.671403822621 
1.18977992264 0.105812923209 
1.07478713673 0.671403822621 
1.07478713673 0.671403822621 
1.07478713673 0.671403822621 
1.07478713673 0.671403822621 
0.790322462497 1.09697128242 
1.07478713673 0.671403822621 
0.950340716907 0.911998576181 
1.07478713673 0.671403822621 
1.07478713673 0.671403822621 
1.07478713673 0.671403822621 
1.07478713673 0.671403822621 
1.18977992264 0.105812923209 
1.18977992264 0.105812923209 
1.07478713673 0.671403822621 
1.07478713673 0.671403822621 
1.18977992264 0.105812923209 
1.07478713673 0.671403822621 
1.07478713673 0.671403822621 
0.790322462497 1.09697128242 
1.07478713673 0.671403822621 
1.07478713673 0.671403822621 
1.15308292471 0.412189993514 
1.07478713673 0.671403822621 
1.07478713673 0.671403822621 
0.790322462497 1.09697128242 
1.07478713673 0.671403822621 
0.790322462497 1.09697128242 
1.18977992264 0.105812923209 
1.15308292471 0.412189993514 
1.07478713673 0.671403822621 
1.07478713673 0.671403822621 
1.15308292471 0.412189993514 
1.15308292471 0.412189993514 
1.07478713673 0.671403822621 
1.07478713673 0.671403822621 
1.07478713673 0.671403822621 
0.790322462497 1.09697128242 
1.07478713673 0.671403822621 
1.07478713673 0.671403822621 
1.07478713673 0.671403822621 
1.07478713673 0.671403822621 
