0.348060843343 1.0814418557 
0.348060843343 1.0814418557 
0.348060843343 1.0814418557 
0.351891580964 1.02604176792 
0.352006858912 1.02437461944 
0.354369810353 0.990201640183 
0.348060843343 1.0814418557 
0.690324294017 0.989205430835 
0.347173857893 1.09426943009 
0.351034109615 1.03844250968 
0.345579871 1.11732165202 
0.350272405361 1.04945826872 
0.690324294017 0.989205430835 
0.348060843343 1.0814418557 
0.351477726803 1.03202692252 
0.354091608004 0.994224999679 
0.348060843343 1.0814418557 
0.349246501413 1.06429488098 
0.353267762179 1.00613944946 
0.352008273402 1.0243541631 
0.989475136646 0.521284963775 
0.351891580964 1.02604176792 
0.352006858912 1.02437461944 
0.351891580964 1.02604176792 
0.34728913584 1.09260228161 
0.351891580964 1.02604176792 
0.351891580964 1.02604176792 
0.690324294017 0.989205430835 
0.352610621626 1.01564300933 
0.348060843343 1.0814418557 
0.348060843343 1.0814418557 
0.352414298597 1.01848223094 
0.989475136646 0.521284963775 
0.351214849618 1.03582864964 
0.345961561533 1.11180164749 
0.354369810353 0.990201640183 
0.351891580964 1.02604176792 
0.348060843343 1.0814418557 
0.345579871 1.11732165202 
0.348060843343 1.0814418557 
0.352008273402 1.0243541631 
0.352006858912 1.02437461944 
0.351891580964 1.02604176792 
0.353267762179 1.00613944946 
0.764695126984 0.836525203903 
0.348060843343 1.0814418557 
0.348060843343 1.0814418557 
0.346733269035 1.10064122158 
0.347108395838 1.09521614165 
0.351946390297 1.02524911592 
0.352006858912 1.02437461944 
0.352610621626 1.01564300933 
0.351891580964 1.02604176792 
0.350530835488 1.0457208549 
0.350795977041 1.0418863805 
0.348917534279 1.06905240026 
0.347726975274 1.08627025225 
0.351891580964 1.02604176792 
0.348060843343 1.0814418557 
0.353267762179 1.00613944946 
0.350679284604 1.04357398532 
0.352008273402 1.0243541631 
0.347173857893 1.09426943009 
0.352610621626 1.01564300933 
0.854171098515 0.620619856185 
0.348060843343 1.0814418557 
0.348060843343 1.0814418557 
0.351891580964 1.02604176792 
0.347945565396 1.08310900418 
0.351684305724 1.0290393803 
0.348060843343 1.0814418557 
0.348060843343 1.0814418557 
0.352725492103 1.01398175367 
0.348060843343 1.0814418557 
0.690324294017 0.989205430835 
0.348060843343 1.0814418557 
0.351891580964 1.02604176792 
0.35200200358 1.0244448372 
0.347108395838 1.09521614165 
0.350031582638 1.05294104444 
0.351891580964 1.02604176792 
0.348060843343 1.0814418557 
0.348060843343 1.0814418557 
0.350679284604 1.04357398532 
0.350265430443 1.04955913991 
0.346509626565 1.10387553668 
0.349273139703 1.06390963831 
0.351891580964 1.02604176792 
0.350679284604 1.04357398532 
0.690324294017 0.989205430835 
0.351891580964 1.02604176792 
0.351891580964 1.02604176792 
0.348060843343 1.0814418557 
0.351994300481 1.02455623933 
0.35061842348 1.04445415827 
0.345961561533 1.11180164749 
0.347945565396 1.08310900418 
0.351891580964 1.02604176792 
0.352006858912 1.02437461944 
0.690324294017 0.989205430835 
