0.366990256815 1.07486169557 
0.985090480287 0.681715394557 
0.366990256815 1.07486169557 
0.366990256815 1.07486169557 
0.717564628187 1.03766615432 
0.36491069032 1.10820289913 
0.813847054524 0.949924188098 
0.656586363638 1.07315372448 
0.365480605958 1.09906557491 
0.985090480287 0.681715394557 
0.364665280024 1.11213750504 
0.365480605958 1.09906557491 
0.365726016253 1.095130969 
0.365480605958 1.09906557491 
0.813847054524 0.949924188098 
0.656586363638 1.07315372448 
0.366990256815 1.07486169557 
0.717564628187 1.03766615432 
0.366990256815 1.07486169557 
0.366990256815 1.07486169557 
0.813847054524 0.949924188098 
0.656586363638 1.07315372448 
0.366990256815 1.07486169557 
0.366990256815 1.07486169557 
1.08344134155 0.340377214272 
0.365726016253 1.095130969 
0.813847054524 0.949924188098 
0.985090480287 0.681715394557 
0.366990256815 1.07486169557 
0.366990256815 1.07486169557 
0.985090480287 0.681715394557 
0.364859247803 1.10902766498 
0.365480605958 1.09906557491 
1.12010837533 0.190534953661 
0.364665280024 1.11213750504 
0.813847054524 0.949924188098 
1.08344134155 0.340377214272 
0.985090480287 0.681715394557 
0.985090480287 0.681715394557 
0.36491069032 1.10820289913 
0.656586363638 1.07315372448 
0.656586363638 1.07315372448 
0.364665280024 1.11213750504 
0.366990256815 1.07486169557 
0.813847054524 0.949924188098 
0.813847054524 0.949924188098 
0.656586363638 1.07315372448 
0.366990256815 1.07486169557 
0.364859247803 1.10902766498 
0.813847054524 0.949924188098 
1.05273502409 0.520882576639 
0.813847054524 0.949924188098 
0.813847054524 0.949924188098 
0.366990256815 1.07486169557 
0.837229717055 0.888773781444 
1.08344134155 0.340377214272 
0.365726016253 1.095130969 
0.813847054524 0.949924188098 
0.813847054524 0.949924188098 
0.880189766108 0.79560325104 
0.813847054524 0.949924188098 
0.656586363638 1.07315372448 
0.366990256815 1.07486169557 
0.366758662013 1.07857480089 
0.365480605958 1.09906557491 
1.08344134155 0.340377214272 
0.813847054524 0.949924188098 
0.365480605958 1.09906557491 
0.364665280024 1.11213750504 
0.656586363638 1.07315372448 
0.813847054524 0.949924188098 
0.880189766108 0.79560325104 
0.656586363638 1.07315372448 
0.365480605958 1.09906557491 
0.365480605958 1.09906557491 
0.717564628187 1.03766615432 
0.813847054524 0.949924188098 
0.656586363638 1.07315372448 
0.366990256815 1.07486169557 
0.366990256815 1.07486169557 
0.364665280024 1.11213750504 
0.366758662013 1.07857480089 
0.813847054524 0.949924188098 
0.365480605958 1.09906557491 
0.364859247803 1.10902766498 
0.366990256815 1.07486169557 
0.36491069032 1.10820289913 
0.365480605958 1.09906557491 
0.366990256815 1.07486169557 
0.813847054524 0.949924188098 
0.365726016253 1.095130969 
0.364665280024 1.11213750504 
1.08344134155 0.340377214272 
0.365480605958 1.09906557491 
0.363690359555 1.12776817705 
0.813847054524 0.949924188098 
0.36526771628 1.10247878536 
0.366990256815 1.07486169557 
0.363690359555 1.12776817705 
0.813847054524 0.949924188098 
