0.359036453446 1.05983236517 
0.964748530694 0.279087083557 
0.359036453446 1.05983236517 
0.81001279761 0.818601630777 
0.558411773439 1.03972730278 
0.897265300908 0.587091201514 
0.359036453446 1.05983236517 
0.359036453446 1.05983236517 
0.359225035052 1.05617280051 
0.359036453446 1.05983236517 
0.81001279761 0.818601630777 
0.357601168115 1.0876851318 
0.81001279761 0.818601630777 
0.359036453446 1.05983236517 
0.359036453446 1.05983236517 
0.357601168115 1.0876851318 
0.359036453446 1.05983236517 
0.359036453446 1.05983236517 
0.359036453446 1.05983236517 
0.359036453446 1.05983236517 
0.359036453446 1.05983236517 
0.360031805026 1.04051683627 
0.359237242668 1.05593590276 
0.359036453446 1.05983236517 
0.357581166276 1.08807328217 
0.964748530694 0.279087083557 
0.354026309953 1.15705788159 
0.359036453446 1.05983236517 
0.81001279761 0.818601630777 
0.359036453446 1.05983236517 
0.897265300908 0.587091201514 
0.359913807913 1.04280665696 
0.359036453446 1.05983236517 
0.558411773439 1.03972730278 
0.359036453446 1.05983236517 
0.89476878622 0.763227449405 
0.558411773439 1.03972730278 
0.359036453446 1.05983236517 
0.359036453446 1.05983236517 
0.359036453446 1.05983236517 
0.558411773439 1.03972730278 
0.359036453446 1.05983236517 
0.359036453446 1.05983236517 
0.357539001124 1.08889152794 
0.359036453446 1.05983236517 
0.359225035052 1.05617280051 
0.357601168115 1.0876851318 
0.359913807913 1.04280665696 
0.359036453446 1.05983236517 
0.558411773439 1.03972730278 
0.359036453446 1.05983236517 
0.81001279761 0.818601630777 
0.355461595284 1.12920511496 
0.356476660982 1.10950701911 
0.359913807913 1.04280665696 
0.558411773439 1.03972730278 
0.964748530694 0.279087083557 
0.359036453446 1.05983236517 
0.558411773439 1.03972730278 
0.359036453446 1.05983236517 
0.359036453446 1.05983236517 
0.357601168115 1.0876851318 
0.558411773439 1.03972730278 
0.359036453446 1.05983236517 
0.360020383732 1.04073847488 
0.359036453446 1.05983236517 
0.359036453446 1.05983236517 
0.359036453446 1.05983236517 
0.558411773439 1.03972730278 
0.359036453446 1.05983236517 
0.81001279761 0.818601630777 
0.359036453446 1.05983236517 
0.359036453446 1.05983236517 
0.359184611642 1.0569572465 
0.355461595284 1.12920511496 
0.359036453446 1.05983236517 
0.700909241015 0.936252272911 
0.359036453446 1.05983236517 
0.359184611642 1.0569572465 
0.360031805026 1.04051683627 
0.359184611642 1.0569572465 
0.357275720224 1.0940006873 
0.359036453446 1.05983236517 
0.359036453446 1.05983236517 
0.359036453446 1.05983236517 
0.359036453446 1.05983236517 
0.359036453446 1.05983236517 
0.359036453446 1.05983236517 
0.357601168115 1.0876851318 
0.359036453446 1.05983236517 
0.359036453446 1.05983236517 
0.897265300908 0.587091201514 
0.359036453446 1.05983236517 
0.558411773439 1.03972730278 
0.355662384506 1.12530865254 
0.81001279761 0.818601630777 
0.359036453446 1.05983236517 
0.359036453446 1.05983236517 
0.357601168115 1.0876851318 
0.359184611642 1.0569572465 
