1.00699519545 0.743003705077 
0.90861404529 0.993352914452 
0.65055840638 1.2771701126 
1.13685690156 0.241494476981 
0.90861404529 0.993352914452 
0.90861404529 0.993352914452 
0.90861404529 0.993352914452 
0.90861404529 0.993352914452 
1.13685690156 0.241494476981 
0.362933516485 1.35739566579 
1.13685690156 0.241494476981 
0.65055840638 1.2771701126 
0.804935903426 1.13290169697 
0.90861404529 0.993352914452 
0.90861404529 0.993352914452 
0.65055840638 1.2771701126 
1.13131398673 0.316707288617 
0.936243851866 0.901574059658 
0.90861404529 0.993352914452 
0.804935903426 1.13290169697 
0.90861404529 0.993352914452 
1.13685690156 0.241494476981 
0.362933516485 1.35739566579 
0.90861404529 0.993352914452 
0.90861404529 0.993352914452 
0.65055840638 1.2771701126 
1.13685690156 0.241494476981 
1.04929016772 0.623786898101 
0.90861404529 0.993352914452 
0.699369987482 1.24187666214 
0.90861404529 0.993352914452 
1.13685690156 0.241494476981 
0.804935903426 1.13290169697 
0.90861404529 0.993352914452 
1.07150452027 0.591713860379 
1.07150452027 0.591713860379 
1.13685690156 0.241494476981 
0.494211415287 1.34623252749 
1.04929016772 0.623786898101 
1.04929016772 0.623786898101 
0.804935903426 1.13290169697 
0.90861404529 0.993352914452 
0.65055840638 1.2771701126 
1.04929016772 0.623786898101 
0.90861404529 0.993352914452 
0.804935903426 1.13290169697 
0.90861404529 0.993352914452 
0.699369987482 1.24187666214 
0.90861404529 0.993352914452 
0.362933516485 1.35739566579 
1.07150452027 0.591713860379 
0.90861404529 0.993352914452 
0.362933516485 1.35739566579 
0.90861404529 0.993352914452 
1.13685690156 0.241494476981 
0.90861404529 0.993352914452 
0.90861404529 0.993352914452 
0.90861404529 0.993352914452 
1.13685690156 0.241494476981 
0.804935903426 1.13290169697 
1.13685690156 0.241494476981 
0.752934829445 1.20079592306 
0.804935903426 1.13290169697 
0.90861404529 0.993352914452 
1.13685690156 0.241494476981 
0.494211415287 1.34623252749 
0.90861404529 0.993352914452 
0.90861404529 0.993352914452 
1.04929016772 0.623786898101 
1.00699519545 0.743003705077 
0.699369987482 1.24187666214 
0.90861404529 0.993352914452 
0.494211415287 1.34623252749 
1.13685690156 0.241494476981 
1.13685690156 0.241494476981 
0.804935903426 1.13290169697 
0.90861404529 0.993352914452 
0.90861404529 0.993352914452 
0.65055840638 1.2771701126 
0.90861404529 0.993352914452 
0.90861404529 0.993352914452 
1.13685690156 0.241494476981 
1.13685690156 0.241494476981 
0.362933516485 1.35739566579 
1.04929016772 0.623786898101 
0.90861404529 0.993352914452 
1.07150452027 0.591713860379 
0.936243851866 0.901574059658 
1.07150452027 0.591713860379 
0.90861404529 0.993352914452 
1.13685690156 0.241494476981 
1.13685690156 0.241494476981 
0.65055840638 1.2771701126 
0.804935903426 1.13290169697 
0.90861404529 0.993352914452 
0.90861404529 0.993352914452 
1.13685690156 0.241494476981 
0.90861404529 0.993352914452 
0.90861404529 0.993352914452 
1.13685690156 0.241494476981 
