0.772287158358 1.09520135158 
0.772287158358 1.09520135158 
0.985724315384 0.781643301737 
0.772287158358 1.09520135158 
0.772287158358 1.09520135158 
0.772287158358 1.09520135158 
0.772287158358 1.09520135158 
0.772287158358 1.09520135158 
0.985724315384 0.781643301737 
0.992796527149 0.754174180072 
0.772287158358 1.09520135158 
1.15701900788 0.314951261352 
0.985724315384 0.781643301737 
0.985724315384 0.781643301737 
0.907758092003 0.957828573308 
0.772287158358 1.09520135158 
1.15701900788 0.314951261352 
0.772287158358 1.09520135158 
0.907758092003 0.957828573308 
0.772287158358 1.09520135158 
0.772287158358 1.09520135158 
0.772287158358 1.09520135158 
0.772287158358 1.09520135158 
0.985724315384 0.781643301737 
0.772287158358 1.09520135158 
0.772287158358 1.09520135158 
0.772287158358 1.09520135158 
0.772287158358 1.09520135158 
0.772287158358 1.09520135158 
0.772287158358 1.09520135158 
0.992796527149 0.754174180072 
0.985724315384 0.781643301737 
0.772287158358 1.09520135158 
0.907758092003 0.957828573308 
1.15701900788 0.314951261352 
0.772287158358 1.09520135158 
0.992796527149 0.754174180072 
0.469283486014 1.17507178004 
0.772287158358 1.09520135158 
0.772287158358 1.09520135158 
1.15701900788 0.314951261352 
1.15701900788 0.314951261352 
0.744537671724 1.11684401698 
0.985724315384 0.781643301737 
0.772287158358 1.09520135158 
0.992796527149 0.754174180072 
0.985724315384 0.781643301737 
0.985724315384 0.781643301737 
1.15701900788 0.314951261352 
0.772287158358 1.09520135158 
0.772287158358 1.09520135158 
0.985724315384 0.781643301737 
0.985724315384 0.781643301737 
0.772287158358 1.09520135158 
0.985724315384 0.781643301737 
0.772287158358 1.09520135158 
0.772287158358 1.09520135158 
0.992796527149 0.754174180072 
0.772287158358 1.09520135158 
0.772287158358 1.09520135158 
1.15701900788 0.314951261352 
0.985724315384 0.781643301737 
0.772287158358 1.09520135158 
0.772287158358 1.09520135158 
0.772287158358 1.09520135158 
0.985724315384 0.781643301737 
0.772287158358 1.09520135158 
0.744537671724 1.11684401698 
0.772287158358 1.09520135158 
0.985724315384 0.781643301737 
0.772287158358 1.09520135158 
0.985724315384 0.781643301737 
0.772287158358 1.09520135158 
0.772287158358 1.09520135158 
1.15701900788 0.314951261352 
0.772287158358 1.09520135158 
0.985724315384 0.781643301737 
1.15701900788 0.314951261352 
0.772287158358 1.09520135158 
0.772287158358 1.09520135158 
0.772287158358 1.09520135158 
0.907758092003 0.957828573308 
1.15701900788 0.314951261352 
0.772287158358 1.09520135158 
0.985724315384 0.781643301737 
0.772287158358 1.09520135158 
0.772287158358 1.09520135158 
0.772287158358 1.09520135158 
0.992796527149 0.754174180072 
0.772287158358 1.09520135158 
0.772287158358 1.09520135158 
0.772287158358 1.09520135158 
1.15701900788 0.314951261352 
0.907758092003 0.957828573308 
0.772287158358 1.09520135158 
0.772287158358 1.09520135158 
0.772287158358 1.09520135158 
0.985724315384 0.781643301737 
0.772287158358 1.09520135158 
0.772287158358 1.09520135158 
