0.431109664931 0.959333436934 
0.431492339666 0.926487003682 
0.431067258728 0.962973323238 
0.431492339666 0.926487003682 
0.430981180117 0.970361779013 
0.430794388071 0.986394853387 
0.431013101242 0.967621867036 
0.430683383274 0.995922818893 
0.431492339666 0.926487003682 
0.429746380252 1.07634936511 
0.431492339666 0.926487003682 
0.431492339666 0.926487003682 
0.430363800338 1.0233538422 
0.431109664931 0.959333436934 
0.431067258728 0.962973323238 
0.431140698118 0.956669740081 
0.431325272346 0.940827029447 
0.431273451387 0.945275020244 
0.681355823907 0.915100057677 
0.429807623772 1.07109260004 
0.430756919367 0.989610935234 
0.431424731108 0.932290104309 
0.431067258728 0.962973323238 
0.43099782149 0.968933386448 
0.43082671315 0.983620268451 
0.841939254046 0.856151760488 
0.430503227772 1.01138625333 
0.430566661115 1.00594152731 
0.430986221352 0.969929070554 
0.431074853794 0.962321409765 
0.431502751321 0.92559333157 
0.431067258728 0.962973323238 
0.428524536753 1.1812248568 
0.43099782149 0.968933386448 
0.431067258728 0.962973323238 
0.968967579325 0.547967713559 
0.357116477461 1.1853332214 
0.429506065674 1.0969764827 
0.429677501731 1.08226147148 
0.431336074337 0.939899853379 
0.431013101242 0.967621867036 
0.430363800338 1.0233538422 
0.431067258728 0.962973323238 
0.428720579586 1.16439775215 
0.431109664931 0.959333436934 
0.431346548825 0.93900078811 
0.429515723727 1.09614749515 
0.430683383274 0.995922818893 
0.430944813073 0.973483301194 
0.429746380252 1.07634936511 
0.431067258728 0.962973323238 
0.430144953832 1.04213827326 
0.430738297064 0.991209358632 
0.431062873935 0.963349686753 
0.430503227772 1.01138625333 
0.431273451387 0.945275020244 
0.430051559184 1.0501546924 
0.430405519894 1.01977289346 
0.430986221352 0.969929070554 
0.430106467971 1.04544166163 
0.43099782149 0.968933386448 
0.430013963823 1.05338164577 
0.431133143063 0.957318219278 
0.429650479548 1.08458088865 
0.429433966266 1.1031650501 
0.431519118455 0.924188477958 
0.431067258728 0.962973323238 
0.430388242945 1.02125583993 
0.430622746915 1.00112746897 
0.431180395261 0.953262382723 
0.431502751321 0.92559333157 
0.942934942904 0.809632894393 
0.428796835642 1.15785240372 
0.428670297565 1.1687136499 
0.428545601879 1.17941675666 
0.431268222431 0.945723841447 
0.429055074426 1.13568678311 
0.429018922857 1.13878981031 
0.431067258728 0.962973323238 
0.431067258728 0.962973323238 
0.43082671315 0.983620268451 
0.431322935653 0.94102759672 
0.430468200279 1.01439279677 
0.43051859457 1.01006726238 
0.430683383274 0.995922818893 
0.430756919367 0.989610935234 
0.428545601879 1.17941675666 
0.43099782149 0.968933386448 
0.43138360313 0.935820275663 
0.430363800338 1.0233538422 
0.431109664931 0.959333436934 
0.429677583051 1.08225449147 
0.429996766472 1.05485776006 
0.429026295863 1.138156957 
0.428886163395 1.15018506173 
0.43116627024 0.954474787175 
0.43065689539 0.998196375071 
0.431492339666 0.926487003682 
0.430601648707 1.00293840876 
0.430683383274 0.995922818893 
