0.690412456281 1.1511228702 
1.12106030086 0.089071849037 
1.12106030086 0.089071849037 
0.690412456281 1.1511228702 
1.060592289 0.495614028749 
0.415199725122 1.23364995052 
0.792201765144 1.05994991769 
0.690412456281 1.1511228702 
1.12106030086 0.089071849037 
1.02788819598 0.647801242646 
0.792201765144 1.05994991769 
1.12106030086 0.089071849037 
0.577206253278 1.21565094453 
1.12106030086 0.089071849037 
1.12106030086 0.089071849037 
0.415199725122 1.23364995052 
0.577206253278 1.21565094453 
0.792201765144 1.05994991769 
0.577206253278 1.21565094453 
1.02788819598 0.647801242646 
0.935332382706 0.852753465341 
1.12106030086 0.089071849037 
0.690412456281 1.1511228702 
0.935332382706 0.852753465341 
1.12106030086 0.089071849037 
0.792201765144 1.05994991769 
1.12106030086 0.089071849037 
0.415199725122 1.23364995052 
1.00226695487 0.685603304895 
0.577206253278 1.21565094453 
0.690412456281 1.1511228702 
1.00226695487 0.685603304895 
1.12106030086 0.089071849037 
0.415199725122 1.23364995052 
0.415199725122 1.23364995052 
0.935332382706 0.852753465341 
0.415199725122 1.23364995052 
0.690412456281 1.1511228702 
1.00226695487 0.685603304895 
0.690412456281 1.1511228702 
0.415199725122 1.23364995052 
0.577206253278 1.21565094453 
1.12106030086 0.089071849037 
1.12106030086 0.089071849037 
0.415199725122 1.23364995052 
1.12106030086 0.089071849037 
0.935332382706 0.852753465341 
1.02788819598 0.647801242646 
1.12106030086 0.089071849037 
1.12106030086 0.089071849037 
0.415199725122 1.23364995052 
1.12106030086 0.089071849037 
0.690412456281 1.1511228702 
1.02788819598 0.647801242646 
0.690412456281 1.1511228702 
1.00226695487 0.685603304895 
1.060592289 0.495614028749 
1.12106030086 0.089071849037 
1.12106030086 0.089071849037 
1.02788819598 0.647801242646 
0.577206253278 1.21565094453 
0.415199725122 1.23364995052 
1.12106030086 0.089071849037 
0.792201765144 1.05994991769 
0.690412456281 1.1511228702 
1.02788819598 0.647801242646 
0.577206253278 1.21565094453 
0.792201765144 1.05994991769 
1.12106030086 0.089071849037 
1.02788819598 0.647801242646 
0.415199725122 1.23364995052 
0.690412456281 1.1511228702 
1.02788819598 0.647801242646 
0.690412456281 1.1511228702 
0.792201765144 1.05994991769 
1.00226695487 0.685603304895 
0.690412456281 1.1511228702 
1.12106030086 0.089071849037 
0.690412456281 1.1511228702 
0.792201765144 1.05994991769 
0.690412456281 1.1511228702 
0.415199725122 1.23364995052 
1.02788819598 0.647801242646 
1.02788819598 0.647801242646 
1.12106030086 0.089071849037 
0.690412456281 1.1511228702 
0.415199725122 1.23364995052 
0.415199725122 1.23364995052 
0.792201765144 1.05994991769 
1.02788819598 0.647801242646 
0.792201765144 1.05994991769 
1.00226695487 0.685603304895 
1.1012479468 0.373802185253 
0.415199725122 1.23364995052 
1.00226695487 0.685603304895 
1.060592289 0.495614028749 
0.690412456281 1.1511228702 
0.792201765144 1.05994991769 
1.02788819598 0.647801242646 
1.12106030086 0.089071849037 
