1.18729812962 0.0620631129046 
0.695724052084 1.09030408085 
1.11783266277 0.489426141467 
1.04409437598 0.682027659236 
0.695724052084 1.09030408085 
0.87154133076 0.914867211519 
1.04409437598 0.682027659236 
0.772662959032 1.03806285013 
0.695724052084 1.09030408085 
1.18729812962 0.0620631129046 
1.18729812962 0.0620631129046 
1.04409437598 0.682027659236 
0.695724052084 1.09030408085 
0.554213100584 1.1600133457 
0.695724052084 1.09030408085 
1.11783266277 0.489426141467 
0.994183310847 0.776861152609 
1.04409437598 0.682027659236 
1.04409437598 0.682027659236 
0.959873617807 0.831800053497 
1.04409437598 0.682027659236 
0.695724052084 1.09030408085 
0.994183310847 0.776861152609 
0.772662959032 1.03806285013 
1.04409437598 0.682027659236 
0.959873617807 0.831800053497 
0.695724052084 1.09030408085 
0.695724052084 1.09030408085 
0.772662959032 1.03806285013 
1.04409437598 0.682027659236 
0.994183310847 0.776861152609 
0.994183310847 0.776861152609 
1.11783266277 0.489426141467 
1.11783266277 0.489426141467 
1.04409437598 0.682027659236 
1.18584853029 0.0948533071798 
1.18584853029 0.0948533071798 
1.11783266277 0.489426141467 
1.18584853029 0.0948533071798 
1.18584853029 0.0948533071798 
1.18584853029 0.0948533071798 
0.695724052084 1.09030408085 
0.695724052084 1.09030408085 
0.695724052084 1.09030408085 
0.959873617807 0.831800053497 
1.18729812962 0.0620631129046 
1.04409437598 0.682027659236 
1.04409437598 0.682027659236 
0.772662959032 1.03806285013 
0.994183310847 0.776861152609 
1.12906388547 0.45050165309 
0.772662959032 1.03806285013 
1.04409437598 0.682027659236 
1.04409437598 0.682027659236 
1.04409437598 0.682027659236 
1.11783266277 0.489426141467 
1.18729812962 0.0620631129046 
0.695724052084 1.09030408085 
0.695724052084 1.09030408085 
1.18584853029 0.0948533071798 
1.18584853029 0.0948533071798 
1.18729812962 0.0620631129046 
0.695724052084 1.09030408085 
0.772662959032 1.03806285013 
0.695724052084 1.09030408085 
1.18584853029 0.0948533071798 
0.695724052084 1.09030408085 
0.772662959032 1.03806285013 
1.04409437598 0.682027659236 
1.11783266277 0.489426141467 
1.18584853029 0.0948533071798 
1.18584853029 0.0948533071798 
1.04409437598 0.682027659236 
1.04409437598 0.682027659236 
1.04409437598 0.682027659236 
0.772662959032 1.03806285013 
1.18584853029 0.0948533071798 
0.695724052084 1.09030408085 
1.04409437598 0.682027659236 
0.959873617807 0.831800053497 
1.18584853029 0.0948533071798 
1.11783266277 0.489426141467 
0.730537264158 1.07402073684 
0.994183310847 0.776861152609 
0.695724052084 1.09030408085 
1.11783266277 0.489426141467 
1.04409437598 0.682027659236 
0.994183310847 0.776861152609 
1.11783266277 0.489426141467 
1.04409437598 0.682027659236 
0.959873617807 0.831800053497 
0.695724052084 1.09030408085 
0.959873617807 0.831800053497 
1.04409437598 0.682027659236 
0.772662959032 1.03806285013 
0.695724052084 1.09030408085 
1.18729812962 0.0620631129046 
1.18729812962 0.0620631129046 
1.04409437598 0.682027659236 
1.18729812962 0.0620631129046 
