0.433784566369 0.888620195681 
0.433542931853 0.910184309036 
0.433542931853 0.910184309036 
0.433833739036 0.884231894797 
0.433784566369 0.888620195681 
0.433542931853 0.910184309036 
0.690293396498 0.852887889666 
0.433784566369 0.888620195681 
0.433784566369 0.888620195681 
0.917611561526 0.51874161252 
0.640718547844 0.869314873306 
0.433542931853 0.910184309036 
0.433542931853 0.910184309036 
0.433784918647 0.888588757492 
0.433784566369 0.888620195681 
0.433833739036 0.884231894797 
0.433784566369 0.888620195681 
0.433527799682 0.911534744572 
0.433784566369 0.888620195681 
0.433542931853 0.910184309036 
0.433784566369 0.888620195681 
0.433784566369 0.888620195681 
0.433784566369 0.888620195681 
0.433784566369 0.888620195681 
0.433083510107 0.951184339748 
0.433784566369 0.888620195681 
0.433008194028 0.957905748972 
0.780661700443 0.767625046561 
0.433784566369 0.888620195681 
0.433784566369 0.888620195681 
0.433784566369 0.888620195681 
0.433471160664 0.916589362756 
0.433418175342 0.921317915139 
0.433083692499 0.951168062593 
0.433784918647 0.888588757492 
0.433633180212 0.902130303023 
0.433542931853 0.910184309036 
1.03178415833 0.0888939284165 
0.433542931853 0.910184309036 
0.433833739036 0.884231894797 
0.433784566369 0.888620195681 
0.433542931853 0.910184309036 
0.433654402796 0.900236342619 
0.433167238534 0.943712190035 
0.433642273958 0.901318752716 
0.433937558434 0.874966772883 
0.433542931853 0.910184309036 
0.433713467125 0.894965283237 
0.985075796678 0.492227442046 
0.433515610431 0.91262254615 
0.433784566369 0.888620195681 
0.845556277419 0.708592168794 
0.433527799682 0.911534744572 
0.433272903747 0.934282342522 
0.432859218863 0.971200692814 
0.433784566369 0.888620195681 
0.433542931853 0.910184309036 
0.433784566369 0.888620195681 
0.43307677506 0.951785393388 
0.433441715134 0.919217160942 
0.433614366462 0.903809292663 
0.433784566369 0.888620195681 
0.433359108217 0.92658922405 
0.433746093355 0.892053630802 
0.433784566369 0.888620195681 
0.433925309904 0.876059864619 
0.433229526147 0.938153476111 
0.433542931853 0.910184309036 
0.433784918647 0.888588757492 
0.432859218863 0.971200692814 
0.433083692499 0.951168062593 
0.433784566369 0.888620195681 
0.433784566369 0.888620195681 
0.433083692499 0.951168062593 
0.433633180212 0.902130303023 
0.433784918647 0.888588757492 
0.433083510107 0.951184339748 
0.433605230129 0.904624643503 
0.433542931853 0.910184309036 
0.433784566369 0.888620195681 
0.433784566369 0.888620195681 
1.03178415833 0.0888939284165 
0.43389053994 0.8791628296 
0.433877233364 0.880350344207 
0.433784566369 0.888620195681 
0.43339065316 0.923774068674 
0.985075796678 0.492227442046 
0.433784566369 0.888620195681 
0.433678488671 0.898086854437 
0.433188908309 0.941778321032 
0.433654402796 0.900236342619 
0.433784566369 0.888620195681 
0.433833739036 0.884231894797 
0.433746093355 0.892053630802 
0.433937558434 0.874966772883 
0.432433760711 1.00916972118 
0.433357853413 0.926701206131 
0.43345454114 0.918072533638 
0.433589776046 0.906003807414 
0.433784566369 0.888620195681 
