0.919323007621 0.7622853489 
0.919323007621 0.7622853489 
1.09434221471 0.0850698397554 
0.919323007621 0.7622853489 
1.07979521775 0.247604517318 
0.597793862576 1.10814008668 
0.832976443234 0.895594932519 
0.597793862576 1.10814008668 
0.832976443234 0.895594932519 
0.832976443234 0.895594932519 
1.09434221471 0.0850698397554 
0.919323007621 0.7622853489 
0.919323007621 0.7622853489 
1.0148092627 0.56666751532 
0.919323007621 0.7622853489 
0.439024188943 1.13537695342 
0.919323007621 0.7622853489 
0.597793862576 1.10814008668 
0.832976443234 0.895594932519 
1.09434221471 0.0850698397554 
0.919323007621 0.7622853489 
0.919323007621 0.7622853489 
0.597793862576 1.10814008668 
0.832976443234 0.895594932519 
1.09434221471 0.0850698397554 
0.832976443234 0.895594932519 
0.919323007621 0.7622853489 
0.919323007621 0.7622853489 
0.919323007621 0.7622853489 
0.832976443234 0.895594932519 
1.07979521775 0.247604517318 
1.0148092627 0.56666751532 
0.439024188943 1.13537695342 
1.09434221471 0.0850698397554 
0.919323007621 0.7622853489 
0.439024188943 1.13537695342 
0.439024188943 1.13537695342 
0.597793862576 1.10814008668 
0.832976443234 0.895594932519 
0.597793862576 1.10814008668 
0.987107490042 0.641139687931 
1.09434221471 0.0850698397554 
0.832976443234 0.895594932519 
0.919323007621 0.7622853489 
0.919323007621 0.7622853489 
1.07979521775 0.247604517318 
0.832976443234 0.895594932519 
0.832976443234 0.895594932519 
1.09434221471 0.0850698397554 
1.07979521775 0.247604517318 
1.09434221471 0.0850698397554 
0.832976443234 0.895594932519 
0.597793862576 1.10814008668 
1.07979521775 0.247604517318 
0.987107490042 0.641139687931 
0.439024188943 1.13537695342 
1.09434221471 0.0850698397554 
1.07979521775 0.247604517318 
0.597793862576 1.10814008668 
0.919323007621 0.7622853489 
0.919323007621 0.7622853489 
0.919323007621 0.7622853489 
0.919323007621 0.7622853489 
1.0148092627 0.56666751532 
0.987107490042 0.641139687931 
0.919323007621 0.7622853489 
0.439024188943 1.13537695342 
1.0148092627 0.56666751532 
0.919323007621 0.7622853489 
0.919323007621 0.7622853489 
1.09434221471 0.0850698397554 
0.731279844276 1.02684440502 
0.919323007621 0.7622853489 
0.597793862576 1.10814008668 
0.597793862576 1.10814008668 
0.919323007621 0.7622853489 
0.832976443234 0.895594932519 
0.919323007621 0.7622853489 
1.09434221471 0.0850698397554 
0.832976443234 0.895594932519 
0.597793862576 1.10814008668 
1.09434221471 0.0850698397554 
0.919323007621 0.7622853489 
1.07979521775 0.247604517318 
0.832976443234 0.895594932519 
0.919323007621 0.7622853489 
0.597793862576 1.10814008668 
1.0148092627 0.56666751532 
0.919323007621 0.7622853489 
0.919323007621 0.7622853489 
0.919323007621 0.7622853489 
0.597793862576 1.10814008668 
1.09434221471 0.0850698397554 
1.0148092627 0.56666751532 
1.07979521775 0.247604517318 
0.987107490042 0.641139687931 
1.07979521775 0.247604517318 
0.439024188943 1.13537695342 
0.832976443234 0.895594932519 
1.09434221471 0.0850698397554 
