0.394425567985 1.23352005506 
0.394425567985 1.23352005506 
0.394425567985 1.23352005506 
0.394425567985 1.23352005506 
0.394237048204 1.23877999992 
0.394425567985 1.23352005506 
0.394425567985 1.23352005506 
0.394425567985 1.23352005506 
0.394237048204 1.23877999992 
0.394237048204 1.23877999992 
0.394425567985 1.23352005506 
0.394425567985 1.23352005506 
0.394425567985 1.23352005506 
0.394425567985 1.23352005506 
0.394237048204 1.23877999992 
0.394425567985 1.23352005506 
0.394343173755 1.23581896025 
0.801032046998 1.04164150066 
0.394425567985 1.23352005506 
0.909861268656 0.855465860457 
0.394237048204 1.23877999992 
0.392578146183 1.28506550446 
0.394237048204 1.23877999992 
0.394425567985 1.23352005506 
0.394425567985 1.23352005506 
0.394673252558 1.22660933622 
0.394425567985 1.23352005506 
0.394425567985 1.23352005506 
0.394425567985 1.23352005506 
0.394425567985 1.23352005506 
0.394237048204 1.23877999992 
0.394425567985 1.23352005506 
0.394425567985 1.23352005506 
0.394425567985 1.23352005506 
1.13492363407 0.160920538442 
0.394425567985 1.23352005506 
0.394425567985 1.23352005506 
0.394425567985 1.23352005506 
0.394425567985 1.23352005506 
0.394237048204 1.23877999992 
0.394425567985 1.23352005506 
0.394425567985 1.23352005506 
0.394425567985 1.23352005506 
0.394425567985 1.23352005506 
0.394425567985 1.23352005506 
0.392578146183 1.28506550446 
0.394425567985 1.23352005506 
0.394425567985 1.23352005506 
0.394237048204 1.23877999992 
0.394425567985 1.23352005506 
0.676872660207 1.20915782339 
0.394425567985 1.23352005506 
0.394425567985 1.23352005506 
0.394425567985 1.23352005506 
0.394425567985 1.23352005506 
0.394425567985 1.23352005506 
0.394237048204 1.23877999992 
0.394425567985 1.23352005506 
0.394237048204 1.23877999992 
0.394425567985 1.23352005506 
0.394581138182 1.22917944603 
1.02122360906 0.628209672136 
0.394237048204 1.23877999992 
0.394425567985 1.23352005506 
0.394247784694 1.23848043801 
0.394237048204 1.23877999992 
0.394425567985 1.23352005506 
1.0805122476 0.460542447689 
0.394425567985 1.23352005506 
0.394237048204 1.23877999992 
0.394425567985 1.23352005506 
0.394237048204 1.23877999992 
0.801032046998 1.04164150066 
0.395041932547 1.21632268933 
0.394425567985 1.23352005506 
0.394425567985 1.23352005506 
0.394237048204 1.23877999992 
0.394425567985 1.23352005506 
1.0805122476 0.460542447689 
0.394237048204 1.23877999992 
0.394581138182 1.22917944603 
1.13492363407 0.160920538442 
0.394425567985 1.23352005506 
0.394425567985 1.23352005506 
0.393473269777 1.26009040248 
0.394425567985 1.23352005506 
0.394425567985 1.23352005506 
0.801032046998 1.04164150066 
0.394581138182 1.22917944603 
0.394425567985 1.23352005506 
0.394425567985 1.23352005506 
0.394425567985 1.23352005506 
0.394425567985 1.23352005506 
0.392766665964 1.27980555959 
1.0805122476 0.460542447689 
1.0805122476 0.460542447689 
0.394425567985 1.23352005506 
0.394425567985 1.23352005506 
0.394237048204 1.23877999992 
0.394425567985 1.23352005506 
