0.381143832922 1.15136648089 
0.381290150176 1.14708592264 
0.380639941664 1.1661079814 
0.38029676573 1.17614770353 
0.380540147779 1.16902748355 
0.849203818275 0.908220888032 
0.66950149303 1.06985277251 
0.381143832922 1.15136648089 
0.971554078598 0.737686085653 
1.06754076462 0.404370886449 
0.381059926448 1.15382119174 
0.382425420848 1.11387321468 
0.381143832922 1.15136648089 
0.381290150176 1.14708592264 
0.380761433209 1.16255370726 
0.380639941664 1.1661079814 
0.381143832922 1.15136648089 
0.794168647302 0.958497547986 
0.38163332611 1.13704620052 
0.381290150176 1.14708592264 
0.38029676573 1.17614770353 
1.1030904446 0.269247229954 
0.381143832922 1.15136648089 
0.66950149303 1.06985277251 
0.38029676573 1.17614770353 
0.380639941664 1.1661079814 
0.971554078598 0.737686085653 
0.379768048763 1.19161548814 
0.382136061882 1.12233850414 
0.381059926448 1.15382119174 
0.381586778137 1.13840797644 
0.381290150176 1.14708592264 
0.380540147779 1.16902748355 
0.380639941664 1.1661079814 
0.381143832922 1.15136648089 
0.380761433209 1.16255370726 
0.381243626807 1.14844697875 
0.794168647302 0.958497547986 
0.380540147779 1.16902748355 
0.381290150176 1.14708592264 
0.381143832922 1.15136648089 
0.971554078598 0.737686085653 
1.06754076462 0.404370886449 
0.381143832922 1.15136648089 
0.380761433209 1.16255370726 
1.06754076462 0.404370886449 
0.380540147779 1.16902748355 
0.380170075844 1.17985405682 
0.381059926448 1.15382119174 
0.381240406215 1.14854119822 
0.380761433209 1.16255370726 
0.381143832922 1.15136648089 
0.381143832922 1.15136648089 
0.38163332611 1.13704620052 
0.382425420848 1.11387321468 
0.38163332611 1.13704620052 
0.849203818275 0.908220888032 
0.381290150176 1.14708592264 
1.10405072675 0.0141006143974 
0.381290150176 1.14708592264 
0.849203818275 0.908220888032 
0.381143832922 1.15136648089 
0.38002375859 1.18413461507 
0.38029676573 1.17614770353 
0.380761433209 1.16255370726 
0.381143832922 1.15136648089 
1.06754076462 0.404370886449 
0.381290150176 1.14708592264 
0.381290150176 1.14708592264 
0.380643579158 1.16600156535 
0.971554078598 0.737686085653 
0.380639941664 1.1661079814 
0.381852021185 1.1306482059 
0.381059926448 1.15382119174 
0.380761433209 1.16255370726 
0.381143832922 1.15136648089 
0.381240406215 1.14854119822 
0.380639941664 1.1661079814 
0.66950149303 1.06985277251 
0.849203818275 0.908220888032 
0.380872479693 1.15930500673 
0.381290150176 1.14708592264 
0.382366306474 1.11560262466 
0.381143832922 1.15136648089 
0.380761433209 1.16255370726 
0.38002375859 1.18413461507 
0.380639941664 1.1661079814 
0.382136061882 1.12233850414 
0.381143832922 1.15136648089 
0.382425420848 1.11387321468 
0.849203818275 0.908220888032 
0.381059926448 1.15382119174 
0.381143832922 1.15136648089 
0.381143832922 1.15136648089 
0.381240406215 1.14854119822 
0.380540147779 1.16902748355 
0.381059926448 1.15382119174 
0.381143832922 1.15136648089 
0.381240406215 1.14854119822 
0.380761433209 1.16255370726 
