1.10484094231 0.503110567408 
1.10484094231 0.503110567408 
0.820795700289 1.09415835393 
1.10484094231 0.503110567408 
0.550290223002 1.27558838938 
0.979263499578 0.852702617198 
0.885829687907 1.01338178025 
0.820795700289 1.09415835393 
0.493119085464 1.28863557573 
0.979263499578 0.852702617198 
0.820795700289 1.09415835393 
1.10484094231 0.503110567408 
0.979263499578 0.852702617198 
0.820795700289 1.09415835393 
1.10484094231 0.503110567408 
1.10484094231 0.503110567408 
0.885829687907 1.01338178025 
0.820795700289 1.09415835393 
0.820795700289 1.09415835393 
0.885829687907 1.01338178025 
1.10484094231 0.503110567408 
0.885829687907 1.01338178025 
1.10484094231 0.503110567408 
0.979263499578 0.852702617198 
1.10484094231 0.503110567408 
1.10484094231 0.503110567408 
0.885829687907 1.01338178025 
0.9182204968 0.96565127407 
0.820795700289 1.09415835393 
1.14996934737 0.294123051549 
0.96723987235 0.854200418461 
0.820795700289 1.09415835393 
1.10484094231 0.503110567408 
1.06238024665 0.658848810297 
1.10484094231 0.503110567408 
0.820795700289 1.09415835393 
1.10484094231 0.503110567408 
0.820795700289 1.09415835393 
1.10484094231 0.503110567408 
0.979263499578 0.852702617198 
1.10484094231 0.503110567408 
1.10484094231 0.503110567408 
0.979263499578 0.852702617198 
0.493119085464 1.28863557573 
1.10484094231 0.503110567408 
0.820795700289 1.09415835393 
1.10484094231 0.503110567408 
0.820795700289 1.09415835393 
0.820795700289 1.09415835393 
0.979263499578 0.852702617198 
0.820795700289 1.09415835393 
1.10484094231 0.503110567408 
1.06238024665 0.658848810297 
0.96723987235 0.854200418461 
1.10484094231 0.503110567408 
1.10484094231 0.503110567408 
0.885829687907 1.01338178025 
0.979263499578 0.852702617198 
0.493119085464 1.28863557573 
0.550290223002 1.27558838938 
1.10484094231 0.503110567408 
1.10484094231 0.503110567408 
0.979263499578 0.852702617198 
1.10484094231 0.503110567408 
1.10484094231 0.503110567408 
0.885829687907 1.01338178025 
0.820795700289 1.09415835393 
0.885829687907 1.01338178025 
0.979263499578 0.852702617198 
0.820795700289 1.09415835393 
0.820795700289 1.09415835393 
0.885829687907 1.01338178025 
1.10484094231 0.503110567408 
0.820795700289 1.09415835393 
1.10484094231 0.503110567408 
0.979263499578 0.852702617198 
0.820795700289 1.09415835393 
0.493119085464 1.28863557573 
0.885829687907 1.01338178025 
0.820795700289 1.09415835393 
0.820795700289 1.09415835393 
1.10484094231 0.503110567408 
1.10484094231 0.503110567408 
0.979263499578 0.852702617198 
0.820795700289 1.09415835393 
0.820795700289 1.09415835393 
0.820795700289 1.09415835393 
0.493119085464 1.28863557573 
0.885829687907 1.01338178025 
0.979263499578 0.852702617198 
0.820795700289 1.09415835393 
0.820795700289 1.09415835393 
0.820795700289 1.09415835393 
1.10144326808 0.526403515748 
1.06238024665 0.658848810297 
1.10484094231 0.503110567408 
1.10484094231 0.503110567408 
0.493119085464 1.28863557573 
0.979263499578 0.852702617198 
1.06238024665 0.658848810297 
