0.951006493056 0.827839481244 
0.418415841863 1.2000894115 
0.418415841863 1.2000894115 
0.418415841863 1.2000894115 
0.773245360888 1.1059704933 
0.418415841863 1.2000894115 
0.418415841863 1.2000894115 
0.418415841863 1.2000894115 
0.418415841863 1.2000894115 
0.773245360888 1.1059704933 
0.418415841863 1.2000894115 
0.418415841863 1.2000894115 
0.418415841863 1.2000894115 
0.836343827568 0.990984065149 
0.418415841863 1.2000894115 
0.418415841863 1.2000894115 
0.418415841863 1.2000894115 
0.534819726037 1.19987937253 
0.418415841863 1.2000894115 
0.418415841863 1.2000894115 
0.418415841863 1.2000894115 
0.418415841863 1.2000894115 
0.418415841863 1.2000894115 
0.418415841863 1.2000894115 
0.418036563951 1.23235314587 
0.418415841863 1.2000894115 
0.418415841863 1.2000894115 
0.418415841863 1.2000894115 
0.418415841863 1.2000894115 
0.418415841863 1.2000894115 
0.418415841863 1.2000894115 
0.418415841863 1.2000894115 
0.836343827568 0.990984065149 
0.418415841863 1.2000894115 
0.418365729866 1.20435224916 
0.418415841863 1.2000894115 
1.05676260493 0.587035067867 
1.16387529479 0.121170626794 
0.418415841863 1.2000894115 
0.418415841863 1.2000894115 
0.418415841863 1.2000894115 
0.418415841863 1.2000894115 
0.41812215316 1.22507239632 
0.418415841863 1.2000894115 
0.418415841863 1.2000894115 
0.418415841863 1.2000894115 
0.418415841863 1.2000894115 
0.418415841863 1.2000894115 
0.418415841863 1.2000894115 
0.951006493056 0.827839481244 
0.418415841863 1.2000894115 
0.418036563951 1.23235314587 
0.418415841863 1.2000894115 
0.418415841863 1.2000894115 
0.418415841863 1.2000894115 
0.418415841863 1.2000894115 
0.418036563951 1.23235314587 
0.418415841863 1.2000894115 
0.418415841863 1.2000894115 
0.418415841863 1.2000894115 
0.418415841863 1.2000894115 
0.418415841863 1.2000894115 
0.418036563951 1.23235314587 
0.418415841863 1.2000894115 
0.418415841863 1.2000894115 
0.951006493056 0.827839481244 
0.418415841863 1.2000894115 
0.418415841863 1.2000894115 
0.418415841863 1.2000894115 
0.418415841863 1.2000894115 
0.836343827568 0.990984065149 
0.418365729866 1.20435224916 
0.418415841863 1.2000894115 
0.418415841863 1.2000894115 
0.418415841863 1.2000894115 
1.16387529479 0.121170626794 
0.836343827568 0.990984065149 
0.418036563951 1.23235314587 
0.418415841863 1.2000894115 
0.418415841863 1.2000894115 
1.05676260493 0.587035067867 
0.418365729866 1.20435224916 
0.418415841863 1.2000894115 
1.16387529479 0.121170626794 
0.418365729866 1.20435224916 
0.418415841863 1.2000894115 
0.418415841863 1.2000894115 
0.418036563951 1.23235314587 
0.418415841863 1.2000894115 
1.16387529479 0.121170626794 
0.418415841863 1.2000894115 
0.418415841863 1.2000894115 
0.418322380524 1.2080398134 
0.418415841863 1.2000894115 
0.418415841863 1.2000894115 
0.418415841863 1.2000894115 
0.418415841863 1.2000894115 
0.418415841863 1.2000894115 
0.773245360888 1.1059704933 
0.418415841863 1.2000894115 
