1.01220848473 0.608914226759 
1.01220848473 0.608914226759 
0.955146600691 0.723486869936 
1.01220848473 0.608914226759 
1.01220848473 0.608914226759 
0.955146600691 0.723486869936 
0.693346016484 1.09184204669 
1.080260983 0.452809041071 
1.01220848473 0.608914226759 
1.01220848473 0.608914226759 
1.01220848473 0.608914226759 
1.01220848473 0.608914226759 
0.955146600691 0.723486869936 
0.955146600691 0.723486869936 
1.01220848473 0.608914226759 
0.955146600691 0.723486869936 
1.080260983 0.452809041071 
1.01220848473 0.608914226759 
1.080260983 0.452809041071 
0.606587164757 1.16791491257 
1.080260983 0.452809041071 
1.01220848473 0.608914226759 
1.01220848473 0.608914226759 
0.955146600691 0.723486869936 
1.01220848473 0.608914226759 
0.955146600691 0.723486869936 
0.955146600691 0.723486869936 
1.01220848473 0.608914226759 
1.01220848473 0.608914226759 
0.955146600691 0.723486869936 
1.01220848473 0.608914226759 
0.693346016484 1.09184204669 
1.01220848473 0.608914226759 
1.01220848473 0.608914226759 
0.955146600691 0.723486869936 
0.955146600691 0.723486869936 
1.01220848473 0.608914226759 
0.955146600691 0.723486869936 
1.01220848473 0.608914226759 
0.868020055517 0.917258602703 
1.01220848473 0.608914226759 
1.01220848473 0.608914226759 
1.01220848473 0.608914226759 
0.955146600691 0.723486869936 
1.01220848473 0.608914226759 
1.01220848473 0.608914226759 
0.606587164757 1.16791491257 
1.01220848473 0.608914226759 
1.01220848473 0.608914226759 
1.01220848473 0.608914226759 
0.955146600691 0.723486869936 
1.01220848473 0.608914226759 
1.01220848473 0.608914226759 
1.01220848473 0.608914226759 
0.955146600691 0.723486869936 
1.01220848473 0.608914226759 
0.955146600691 0.723486869936 
0.693346016484 1.09184204669 
1.01220848473 0.608914226759 
1.080260983 0.452809041071 
0.955146600691 0.723486869936 
1.01220848473 0.608914226759 
1.01220848473 0.608914226759 
0.955146600691 0.723486869936 
1.01220848473 0.608914226759 
1.01220848473 0.608914226759 
1.01220848473 0.608914226759 
1.01220848473 0.608914226759 
0.955146600691 0.723486869936 
0.955146600691 0.723486869936 
0.955146600691 0.723486869936 
1.080260983 0.452809041071 
0.955146600691 0.723486869936 
1.01220848473 0.608914226759 
1.01220848473 0.608914226759 
1.01220848473 0.608914226759 
1.01220848473 0.608914226759 
0.955146600691 0.723486869936 
0.955146600691 0.723486869936 
0.955146600691 0.723486869936 
1.01220848473 0.608914226759 
1.01220848473 0.608914226759 
1.01220848473 0.608914226759 
1.080260983 0.452809041071 
1.01220848473 0.608914226759 
1.01220848473 0.608914226759 
1.080260983 0.452809041071 
1.01220848473 0.608914226759 
1.01220848473 0.608914226759 
1.01220848473 0.608914226759 
1.01220848473 0.608914226759 
1.080260983 0.452809041071 
1.01220848473 0.608914226759 
0.955146600691 0.723486869936 
0.955146600691 0.723486869936 
0.606587164757 1.16791491257 
1.01220848473 0.608914226759 
1.01220848473 0.608914226759 
1.01220848473 0.608914226759 
1.01220848473 0.608914226759 
