1.20208820631 0.594324019718 
1.20208820631 0.594324019718 
1.20208820631 0.594324019718 
1.20208820631 0.594324019718 
1.18423559825 1.22066804496 
1.18423559825 1.22066804496 
1.18423559825 1.22066804496 
1.20208820631 0.594324019718 
1.20208820631 0.594324019718 
1.18423559825 1.22066804496 
1.20208820631 0.594324019718 
1.20208820631 0.594324019718 
1.20208820631 0.594324019718 
1.18423559825 1.22066804496 
1.20208820631 0.594324019718 
1.18423559825 1.22066804496 
1.18423559825 1.22066804496 
1.18423559825 1.22066804496 
1.20208820631 0.594324019718 
1.20208820631 0.594324019718 
1.20208820631 0.594324019718 
1.20208820631 0.594324019718 
1.20208820631 0.594324019718 
1.20208820631 0.594324019718 
1.18423559825 1.22066804496 
1.20208820631 0.594324019718 
1.18423559825 1.22066804496 
1.18423559825 1.22066804496 
1.20208820631 0.594324019718 
1.20208820631 0.594324019718 
1.20208820631 0.594324019718 
1.20208820631 0.594324019718 
1.20208820631 0.594324019718 
1.18423559825 1.22066804496 
1.20208820631 0.594324019718 
1.20208820631 0.594324019718 
1.20208820631 0.594324019718 
1.18423559825 1.22066804496 
1.20208820631 0.594324019718 
1.20208820631 0.594324019718 
1.18423559825 1.22066804496 
1.20208820631 0.594324019718 
1.20208820631 0.594324019718 
1.20208820631 0.594324019718 
1.20208820631 0.594324019718 
1.20208820631 0.594324019718 
1.18423559825 1.22066804496 
1.20208820631 0.594324019718 
1.20208820631 0.594324019718 
1.20208820631 0.594324019718 
1.18423559825 1.22066804496 
1.18423559825 1.22066804496 
1.18423559825 1.22066804496 
1.18423559825 1.22066804496 
1.20208820631 0.594324019718 
1.20208820631 0.594324019718 
1.20208820631 0.594324019718 
1.18423559825 1.22066804496 
1.20208820631 0.594324019718 
1.18423559825 1.22066804496 
1.20208820631 0.594324019718 
1.20208820631 0.594324019718 
1.18423559825 1.22066804496 
1.20208820631 0.594324019718 
1.20208820631 0.594324019718 
1.20208820631 0.594324019718 
1.18423559825 1.22066804496 
1.20208820631 0.594324019718 
1.20208820631 0.594324019718 
1.20208820631 0.594324019718 
1.20208820631 0.594324019718 
1.20208820631 0.594324019718 
1.20208820631 0.594324019718 
1.20208820631 0.594324019718 
1.20208820631 0.594324019718 
1.20208820631 0.594324019718 
1.20208820631 0.594324019718 
1.20208820631 0.594324019718 
1.20208820631 0.594324019718 
1.20208820631 0.594324019718 
1.20208820631 0.594324019718 
1.20208820631 0.594324019718 
1.20208820631 0.594324019718 
1.18423559825 1.22066804496 
1.18423559825 1.22066804496 
1.18423559825 1.22066804496 
1.18423559825 1.22066804496 
1.18423559825 1.22066804496 
1.18423559825 1.22066804496 
1.20208820631 0.594324019718 
1.20208820631 0.594324019718 
1.20208820631 0.594324019718 
1.20208820631 0.594324019718 
1.20208820631 0.594324019718 
1.20208820631 0.594324019718 
1.20208820631 0.594324019718 
1.20208820631 0.594324019718 
1.20208820631 0.594324019718 
1.18423559825 1.22066804496 
1.20208820631 0.594324019718 
