1.21136083175 1.14524299061 
1.21136083175 1.14524299061 
1.21136083175 1.14524299061 
1.21136083175 1.14524299061 
1.21136083175 1.14524299061 
1.21136083175 1.14524299061 
1.21136083175 1.14524299061 
1.21136083175 1.14524299061 
1.21136083175 1.14524299061 
1.21136083175 1.14524299061 
1.21136083175 1.14524299061 
1.21136083175 1.14524299061 
1.21136083175 1.14524299061 
1.21136083175 1.14524299061 
1.21136083175 1.14524299061 
1.21136083175 1.14524299061 
1.21136083175 1.14524299061 
1.21136083175 1.14524299061 
1.21136083175 1.14524299061 
1.21136083175 1.14524299061 
1.21136083175 1.14524299061 
1.21136083175 1.14524299061 
1.21136083175 1.14524299061 
1.21136083175 1.14524299061 
1.21136083175 1.14524299061 
1.21136083175 1.14524299061 
1.21136083175 1.14524299061 
1.21136083175 1.14524299061 
1.21136083175 1.14524299061 
1.21136083175 1.14524299061 
1.21136083175 1.14524299061 
1.21136083175 1.14524299061 
1.21136083175 1.14524299061 
1.21136083175 1.14524299061 
1.21136083175 1.14524299061 
1.21136083175 1.14524299061 
1.21136083175 1.14524299061 
1.21136083175 1.14524299061 
1.21136083175 1.14524299061 
1.21136083175 1.14524299061 
1.21136083175 1.14524299061 
1.21136083175 1.14524299061 
1.21136083175 1.14524299061 
1.21136083175 1.14524299061 
1.21136083175 1.14524299061 
1.21136083175 1.14524299061 
1.21136083175 1.14524299061 
1.21136083175 1.14524299061 
1.21136083175 1.14524299061 
1.21136083175 1.14524299061 
1.21136083175 1.14524299061 
1.21136083175 1.14524299061 
1.21136083175 1.14524299061 
1.21136083175 1.14524299061 
1.21136083175 1.14524299061 
1.21136083175 1.14524299061 
1.21136083175 1.14524299061 
1.21136083175 1.14524299061 
1.21136083175 1.14524299061 
1.21136083175 1.14524299061 
1.21136083175 1.14524299061 
1.21136083175 1.14524299061 
1.21136083175 1.14524299061 
1.21136083175 1.14524299061 
1.21136083175 1.14524299061 
1.21136083175 1.14524299061 
1.21136083175 1.14524299061 
1.21136083175 1.14524299061 
1.21136083175 1.14524299061 
1.21136083175 1.14524299061 
1.21136083175 1.14524299061 
1.21136083175 1.14524299061 
1.21136083175 1.14524299061 
1.21136083175 1.14524299061 
1.21136083175 1.14524299061 
1.17870284947 1.15815155903 
1.21136083175 1.14524299061 
1.21136083175 1.14524299061 
1.21136083175 1.14524299061 
1.21136083175 1.14524299061 
1.21136083175 1.14524299061 
1.21136083175 1.14524299061 
1.21136083175 1.14524299061 
1.21136083175 1.14524299061 
1.21136083175 1.14524299061 
1.21136083175 1.14524299061 
1.21136083175 1.14524299061 
1.21136083175 1.14524299061 
1.21136083175 1.14524299061 
1.21136083175 1.14524299061 
1.21136083175 1.14524299061 
1.21136083175 1.14524299061 
1.21136083175 1.14524299061 
1.21136083175 1.14524299061 
1.21136083175 1.14524299061 
1.21136083175 1.14524299061 
1.21136083175 1.14524299061 
1.21136083175 1.14524299061 
1.21136083175 1.14524299061 
1.21136083175 1.14524299061 
