1.18405551376 1.20134999497 
1.18405551376 1.20134999497 
1.06987931801 1.20213604891 
1.18405551376 1.20134999497 
1.18405551376 1.20134999497 
1.06987931801 1.20213604891 
1.18405551376 1.20134999497 
1.06987931801 1.20213604891 
1.06987931801 1.20213604891 
1.06987931801 1.20213604891 
1.18405551376 1.20134999497 
1.06987931801 1.20213604891 
1.06987931801 1.20213604891 
1.18405551376 1.20134999497 
1.06987931801 1.20213604891 
1.06987931801 1.20213604891 
1.06987931801 1.20213604891 
1.18405551376 1.20134999497 
1.24027687096 0.959937023338 
1.06987931801 1.20213604891 
1.18405551376 1.20134999497 
1.06987931801 1.20213604891 
1.06987931801 1.20213604891 
1.06987931801 1.20213604891 
1.18405551376 1.20134999497 
1.18405551376 1.20134999497 
1.18405551376 1.20134999497 
1.18405551376 1.20134999497 
1.06987931801 1.20213604891 
1.18405551376 1.20134999497 
1.06987931801 1.20213604891 
1.06987931801 1.20213604891 
1.06987931801 1.20213604891 
1.18405551376 1.20134999497 
1.18405551376 1.20134999497 
1.18405551376 1.20134999497 
1.18405551376 1.20134999497 
1.06987931801 1.20213604891 
1.18405551376 1.20134999497 
1.06987931801 1.20213604891 
1.18405551376 1.20134999497 
1.18405551376 1.20134999497 
1.06987931801 1.20213604891 
1.18405551376 1.20134999497 
1.06987931801 1.20213604891 
1.18405551376 1.20134999497 
1.06987931801 1.20213604891 
1.06987931801 1.20213604891 
1.18405551376 1.20134999497 
1.18405551376 1.20134999497 
1.06987931801 1.20213604891 
1.06987931801 1.20213604891 
1.06987931801 1.20213604891 
1.06987931801 1.20213604891 
1.06987931801 1.20213604891 
1.18405551376 1.20134999497 
1.06987931801 1.20213604891 
1.06987931801 1.20213604891 
1.24027687096 0.959937023338 
1.06987931801 1.20213604891 
1.06987931801 1.20213604891 
1.06987931801 1.20213604891 
1.18405551376 1.20134999497 
1.18405551376 1.20134999497 
1.06987931801 1.20213604891 
1.06987931801 1.20213604891 
1.18405551376 1.20134999497 
1.06987931801 1.20213604891 
1.18405551376 1.20134999497 
1.18405551376 1.20134999497 
1.06987931801 1.20213604891 
1.06987931801 1.20213604891 
1.18405551376 1.20134999497 
1.06987931801 1.20213604891 
1.06987931801 1.20213604891 
1.18405551376 1.20134999497 
1.18405551376 1.20134999497 
1.06987931801 1.20213604891 
1.06987931801 1.20213604891 
1.06987931801 1.20213604891 
1.18405551376 1.20134999497 
1.18405551376 1.20134999497 
1.18405551376 1.20134999497 
1.06987931801 1.20213604891 
1.18405551376 1.20134999497 
1.18405551376 1.20134999497 
1.06987931801 1.20213604891 
1.06987931801 1.20213604891 
1.06987931801 1.20213604891 
1.06987931801 1.20213604891 
1.06987931801 1.20213604891 
1.18405551376 1.20134999497 
1.06987931801 1.20213604891 
1.06987931801 1.20213604891 
1.18405551376 1.20134999497 
1.18405551376 1.20134999497 
1.06987931801 1.20213604891 
1.06987931801 1.20213604891 
1.06987931801 1.20213604891 
1.06987931801 1.20213604891 
