1.06286660851 1.19189517419 
1.06286660851 1.19189517419 
1.06286660851 1.19189517419 
1.06286660851 1.19189517419 
1.06286660851 1.19189517419 
1.06286660851 1.19189517419 
1.06286660851 1.19189517419 
1.06286660851 1.19189517419 
1.1674086112 1.16374552265 
1.06286660851 1.19189517419 
1.06286660851 1.19189517419 
1.06286660851 1.19189517419 
1.06286660851 1.19189517419 
1.1674086112 1.16374552265 
1.06286660851 1.19189517419 
1.06286660851 1.19189517419 
1.06286660851 1.19189517419 
1.06286660851 1.19189517419 
1.1674086112 1.16374552265 
1.06286660851 1.19189517419 
1.06286660851 1.19189517419 
1.06286660851 1.19189517419 
1.1674086112 1.16374552265 
1.06286660851 1.19189517419 
1.1674086112 1.16374552265 
1.06286660851 1.19189517419 
1.06286660851 1.19189517419 
1.06286660851 1.19189517419 
1.1674086112 1.16374552265 
1.06286660851 1.19189517419 
1.06286660851 1.19189517419 
1.06286660851 1.19189517419 
1.1674086112 1.16374552265 
1.06286660851 1.19189517419 
1.06286660851 1.19189517419 
1.06286660851 1.19189517419 
1.06286660851 1.19189517419 
1.06286660851 1.19189517419 
1.06286660851 1.19189517419 
1.06286660851 1.19189517419 
1.06286660851 1.19189517419 
1.06286660851 1.19189517419 
1.06286660851 1.19189517419 
1.06286660851 1.19189517419 
1.06286660851 1.19189517419 
1.06286660851 1.19189517419 
1.06286660851 1.19189517419 
1.06286660851 1.19189517419 
1.06286660851 1.19189517419 
1.06286660851 1.19189517419 
1.06286660851 1.19189517419 
1.06286660851 1.19189517419 
1.06286660851 1.19189517419 
1.06286660851 1.19189517419 
1.06286660851 1.19189517419 
1.06286660851 1.19189517419 
1.06286660851 1.19189517419 
1.1674086112 1.16374552265 
1.06286660851 1.19189517419 
1.06286660851 1.19189517419 
1.06286660851 1.19189517419 
1.06286660851 1.19189517419 
1.06286660851 1.19189517419 
1.06286660851 1.19189517419 
1.06286660851 1.19189517419 
1.06286660851 1.19189517419 
1.06286660851 1.19189517419 
1.06286660851 1.19189517419 
1.06286660851 1.19189517419 
1.06286660851 1.19189517419 
1.06286660851 1.19189517419 
1.06286660851 1.19189517419 
1.06286660851 1.19189517419 
1.06286660851 1.19189517419 
1.1674086112 1.16374552265 
1.06286660851 1.19189517419 
1.06286660851 1.19189517419 
1.06286660851 1.19189517419 
1.06286660851 1.19189517419 
1.06286660851 1.19189517419 
1.06286660851 1.19189517419 
1.1674086112 1.16374552265 
1.06286660851 1.19189517419 
1.06286660851 1.19189517419 
1.06286660851 1.19189517419 
1.06286660851 1.19189517419 
1.06286660851 1.19189517419 
1.06286660851 1.19189517419 
1.06286660851 1.19189517419 
1.06286660851 1.19189517419 
1.06286660851 1.19189517419 
1.06286660851 1.19189517419 
1.06286660851 1.19189517419 
1.06286660851 1.19189517419 
1.06286660851 1.19189517419 
1.1674086112 1.16374552265 
1.06286660851 1.19189517419 
1.06286660851 1.19189517419 
1.06286660851 1.19189517419 
1.06286660851 1.19189517419 
