1.08880219587 1.14198363708 
1.08880219587 1.14198363708 
1.08880219587 1.14198363708 
1.08880219587 1.14198363708 
1.13267237441 0.551617542619 
1.13267237441 0.551617542619 
1.08880219587 1.14198363708 
1.13267237441 0.551617542619 
1.13267237441 0.551617542619 
1.08880219587 1.14198363708 
1.08880219587 1.14198363708 
1.13267237441 0.551617542619 
1.08880219587 1.14198363708 
1.08880219587 1.14198363708 
1.08880219587 1.14198363708 
1.13267237441 0.551617542619 
1.13267237441 0.551617542619 
1.08880219587 1.14198363708 
1.08880219587 1.14198363708 
1.08880219587 1.14198363708 
1.13267237441 0.551617542619 
1.08880219587 1.14198363708 
1.08880219587 1.14198363708 
1.08880219587 1.14198363708 
1.08880219587 1.14198363708 
1.08880219587 1.14198363708 
1.08880219587 1.14198363708 
1.13267237441 0.551617542619 
1.13267237441 0.551617542619 
1.13267237441 0.551617542619 
1.08880219587 1.14198363708 
1.13267237441 0.551617542619 
1.08880219587 1.14198363708 
1.13267237441 0.551617542619 
1.13267237441 0.551617542619 
1.13267237441 0.551617542619 
1.08880219587 1.14198363708 
1.08880219587 1.14198363708 
1.08880219587 1.14198363708 
1.08880219587 1.14198363708 
1.08880219587 1.14198363708 
1.08880219587 1.14198363708 
1.13267237441 0.551617542619 
1.08880219587 1.14198363708 
1.08880219587 1.14198363708 
1.08880219587 1.14198363708 
1.08880219587 1.14198363708 
1.08880219587 1.14198363708 
1.08880219587 1.14198363708 
1.13267237441 0.551617542619 
1.08880219587 1.14198363708 
1.08880219587 1.14198363708 
1.08880219587 1.14198363708 
1.08880219587 1.14198363708 
1.08880219587 1.14198363708 
1.13267237441 0.551617542619 
1.08880219587 1.14198363708 
1.08880219587 1.14198363708 
1.08880219587 1.14198363708 
1.08880219587 1.14198363708 
1.13267237441 0.551617542619 
1.08880219587 1.14198363708 
1.08880219587 1.14198363708 
1.08880219587 1.14198363708 
1.08880219587 1.14198363708 
1.08880219587 1.14198363708 
1.08880219587 1.14198363708 
1.13267237441 0.551617542619 
1.08880219587 1.14198363708 
1.08880219587 1.14198363708 
1.08880219587 1.14198363708 
1.08880219587 1.14198363708 
1.08880219587 1.14198363708 
1.08880219587 1.14198363708 
1.08880219587 1.14198363708 
1.08880219587 1.14198363708 
1.13267237441 0.551617542619 
1.08880219587 1.14198363708 
1.08880219587 1.14198363708 
1.08880219587 1.14198363708 
1.13267237441 0.551617542619 
1.08880219587 1.14198363708 
1.13267237441 0.551617542619 
1.08880219587 1.14198363708 
1.08880219587 1.14198363708 
1.08880219587 1.14198363708 
1.08880219587 1.14198363708 
1.08880219587 1.14198363708 
1.13267237441 0.551617542619 
1.13267237441 0.551617542619 
1.08880219587 1.14198363708 
1.08880219587 1.14198363708 
1.08880219587 1.14198363708 
1.08880219587 1.14198363708 
1.08880219587 1.14198363708 
1.08880219587 1.14198363708 
1.08880219587 1.14198363708 
1.08880219587 1.14198363708 
1.08880219587 1.14198363708 
1.08880219587 1.14198363708 
