0.997120988599 1.26850115664 
0.997120988599 1.26850115664 
0.997120988599 1.26850115664 
0.997120988599 1.26850115664 
0.997120988599 1.26850115664 
0.997120988599 1.26850115664 
0.997120988599 1.26850115664 
0.997120988599 1.26850115664 
0.488324360212 1.30163615683 
0.997120988599 1.26850115664 
0.488324360212 1.30163615683 
0.997120988599 1.26850115664 
0.997120988599 1.26850115664 
0.488324360212 1.30163615683 
0.488324360212 1.30163615683 
0.997120988599 1.26850115664 
0.997120988599 1.26850115664 
0.997120988599 1.26850115664 
0.997120988599 1.26850115664 
0.997120988599 1.26850115664 
0.997120988599 1.26850115664 
0.997120988599 1.26850115664 
0.997120988599 1.26850115664 
0.997120988599 1.26850115664 
0.997120988599 1.26850115664 
0.488324360212 1.30163615683 
0.997120988599 1.26850115664 
0.997120988599 1.26850115664 
0.997120988599 1.26850115664 
0.488324360212 1.30163615683 
0.997120988599 1.26850115664 
0.997120988599 1.26850115664 
0.997120988599 1.26850115664 
0.997120988599 1.26850115664 
0.488324360212 1.30163615683 
0.997120988599 1.26850115664 
0.488324360212 1.30163615683 
0.997120988599 1.26850115664 
0.997120988599 1.26850115664 
0.997120988599 1.26850115664 
0.488324360212 1.30163615683 
0.997120988599 1.26850115664 
0.997120988599 1.26850115664 
0.997120988599 1.26850115664 
0.997120988599 1.26850115664 
0.997120988599 1.26850115664 
0.997120988599 1.26850115664 
0.997120988599 1.26850115664 
0.997120988599 1.26850115664 
0.997120988599 1.26850115664 
0.997120988599 1.26850115664 
0.997120988599 1.26850115664 
0.488324360212 1.30163615683 
0.488324360212 1.30163615683 
0.997120988599 1.26850115664 
0.997120988599 1.26850115664 
0.997120988599 1.26850115664 
0.488324360212 1.30163615683 
0.997120988599 1.26850115664 
0.997120988599 1.26850115664 
0.997120988599 1.26850115664 
0.488324360212 1.30163615683 
0.997120988599 1.26850115664 
0.997120988599 1.26850115664 
0.997120988599 1.26850115664 
0.997120988599 1.26850115664 
0.997120988599 1.26850115664 
0.997120988599 1.26850115664 
0.488324360212 1.30163615683 
0.997120988599 1.26850115664 
0.997120988599 1.26850115664 
0.997120988599 1.26850115664 
0.488324360212 1.30163615683 
0.997120988599 1.26850115664 
0.997120988599 1.26850115664 
0.997120988599 1.26850115664 
0.997120988599 1.26850115664 
0.997120988599 1.26850115664 
0.997120988599 1.26850115664 
0.997120988599 1.26850115664 
0.997120988599 1.26850115664 
0.997120988599 1.26850115664 
0.488324360212 1.30163615683 
0.997120988599 1.26850115664 
0.997120988599 1.26850115664 
0.488324360212 1.30163615683 
0.997120988599 1.26850115664 
0.997120988599 1.26850115664 
0.997120988599 1.26850115664 
0.997120988599 1.26850115664 
0.997120988599 1.26850115664 
0.488324360212 1.30163615683 
0.997120988599 1.26850115664 
0.997120988599 1.26850115664 
0.997120988599 1.26850115664 
0.997120988599 1.26850115664 
0.997120988599 1.26850115664 
0.997120988599 1.26850115664 
0.997120988599 1.26850115664 
0.997120988599 1.26850115664 
