0.99489559449 1.05979619987 
0.99489559449 1.05979619987 
0.99489559449 1.05979619987 
0.99489559449 1.05979619987 
0.99489559449 1.05979619987 
0.99489559449 1.05979619987 
0.99489559449 1.05979619987 
0.99489559449 1.05979619987 
0.99489559449 1.05979619987 
0.99489559449 1.05979619987 
0.99489559449 1.05979619987 
0.99489559449 1.05979619987 
0.99489559449 1.05979619987 
0.99489559449 1.05979619987 
0.99489559449 1.05979619987 
0.99489559449 1.05979619987 
0.99489559449 1.05979619987 
0.99489559449 1.05979619987 
0.99489559449 1.05979619987 
0.99489559449 1.05979619987 
0.332107378234 1.08148430186 
0.99489559449 1.05979619987 
0.99489559449 1.05979619987 
0.99489559449 1.05979619987 
0.99489559449 1.05979619987 
0.99489559449 1.05979619987 
0.99489559449 1.05979619987 
0.99489559449 1.05979619987 
0.99489559449 1.05979619987 
0.99489559449 1.05979619987 
0.99489559449 1.05979619987 
0.99489559449 1.05979619987 
0.99489559449 1.05979619987 
0.99489559449 1.05979619987 
0.99489559449 1.05979619987 
0.99489559449 1.05979619987 
0.99489559449 1.05979619987 
0.99489559449 1.05979619987 
0.99489559449 1.05979619987 
0.99489559449 1.05979619987 
0.99489559449 1.05979619987 
0.99489559449 1.05979619987 
0.99489559449 1.05979619987 
0.99489559449 1.05979619987 
0.99489559449 1.05979619987 
0.99489559449 1.05979619987 
0.99489559449 1.05979619987 
0.99489559449 1.05979619987 
0.99489559449 1.05979619987 
0.99489559449 1.05979619987 
0.99489559449 1.05979619987 
0.99489559449 1.05979619987 
0.99489559449 1.05979619987 
0.99489559449 1.05979619987 
0.99489559449 1.05979619987 
0.99489559449 1.05979619987 
0.99489559449 1.05979619987 
0.99489559449 1.05979619987 
0.99489559449 1.05979619987 
0.99489559449 1.05979619987 
0.99489559449 1.05979619987 
0.99489559449 1.05979619987 
0.99489559449 1.05979619987 
0.99489559449 1.05979619987 
0.99489559449 1.05979619987 
0.99489559449 1.05979619987 
0.99489559449 1.05979619987 
0.99489559449 1.05979619987 
0.99489559449 1.05979619987 
0.99489559449 1.05979619987 
0.99489559449 1.05979619987 
0.99489559449 1.05979619987 
0.99489559449 1.05979619987 
0.99489559449 1.05979619987 
0.99489559449 1.05979619987 
0.99489559449 1.05979619987 
0.99489559449 1.05979619987 
0.99489559449 1.05979619987 
0.99489559449 1.05979619987 
0.99489559449 1.05979619987 
0.99489559449 1.05979619987 
0.99489559449 1.05979619987 
0.99489559449 1.05979619987 
0.99489559449 1.05979619987 
0.99489559449 1.05979619987 
0.99489559449 1.05979619987 
0.99489559449 1.05979619987 
0.99489559449 1.05979619987 
0.99489559449 1.05979619987 
0.99489559449 1.05979619987 
0.99489559449 1.05979619987 
0.99489559449 1.05979619987 
0.99489559449 1.05979619987 
0.99489559449 1.05979619987 
0.99489559449 1.05979619987 
0.99489559449 1.05979619987 
0.99489559449 1.05979619987 
0.99489559449 1.05979619987 
0.99489559449 1.05979619987 
0.99489559449 1.05979619987 
