0.605134265802 1.1851556238 
0.605134265802 1.1851556238 
0.605134265802 1.1851556238 
0.605134265802 1.1851556238 
0.605134265802 1.1851556238 
0.605134265802 1.1851556238 
0.605134265802 1.1851556238 
0.999296643268 1.16916634397 
0.605134265802 1.1851556238 
0.605134265802 1.1851556238 
0.605134265802 1.1851556238 
0.605134265802 1.1851556238 
0.605134265802 1.1851556238 
0.605134265802 1.1851556238 
0.605134265802 1.1851556238 
0.605134265802 1.1851556238 
0.605134265802 1.1851556238 
0.605134265802 1.1851556238 
0.605134265802 1.1851556238 
0.605134265802 1.1851556238 
0.999296643268 1.16916634397 
0.605134265802 1.1851556238 
0.605134265802 1.1851556238 
0.605134265802 1.1851556238 
0.605134265802 1.1851556238 
0.605134265802 1.1851556238 
0.605134265802 1.1851556238 
0.605134265802 1.1851556238 
0.605134265802 1.1851556238 
0.605134265802 1.1851556238 
0.605134265802 1.1851556238 
0.605134265802 1.1851556238 
0.605134265802 1.1851556238 
0.605134265802 1.1851556238 
0.605134265802 1.1851556238 
0.605134265802 1.1851556238 
0.605134265802 1.1851556238 
0.605134265802 1.1851556238 
0.999296643268 1.16916634397 
0.999296643268 1.16916634397 
0.605134265802 1.1851556238 
0.605134265802 1.1851556238 
0.608935310905 1.1842572936 
0.605134265802 1.1851556238 
0.605134265802 1.1851556238 
0.999296643268 1.16916634397 
0.999296643268 1.16916634397 
0.605134265802 1.1851556238 
0.605134265802 1.1851556238 
0.605134265802 1.1851556238 
0.605134265802 1.1851556238 
0.605134265802 1.1851556238 
0.605134265802 1.1851556238 
0.999296643268 1.16916634397 
0.605134265802 1.1851556238 
0.605134265802 1.1851556238 
0.605134265802 1.1851556238 
0.605134265802 1.1851556238 
0.605134265802 1.1851556238 
0.605134265802 1.1851556238 
0.605134265802 1.1851556238 
0.605134265802 1.1851556238 
0.605134265802 1.1851556238 
0.999296643268 1.16916634397 
0.605134265802 1.1851556238 
0.605134265802 1.1851556238 
0.999296643268 1.16916634397 
0.605134265802 1.1851556238 
0.605134265802 1.1851556238 
0.605134265802 1.1851556238 
0.605134265802 1.1851556238 
0.605134265802 1.1851556238 
0.605134265802 1.1851556238 
0.605134265802 1.1851556238 
0.605134265802 1.1851556238 
0.605134265802 1.1851556238 
0.605134265802 1.1851556238 
0.605134265802 1.1851556238 
0.605134265802 1.1851556238 
0.605134265802 1.1851556238 
0.605134265802 1.1851556238 
0.605134265802 1.1851556238 
0.605134265802 1.1851556238 
0.605134265802 1.1851556238 
0.605134265802 1.1851556238 
0.605134265802 1.1851556238 
0.605134265802 1.1851556238 
0.605134265802 1.1851556238 
0.605134265802 1.1851556238 
0.605134265802 1.1851556238 
0.605134265802 1.1851556238 
0.605134265802 1.1851556238 
0.605134265802 1.1851556238 
0.605134265802 1.1851556238 
0.605134265802 1.1851556238 
0.605134265802 1.1851556238 
0.605134265802 1.1851556238 
0.605134265802 1.1851556238 
0.999296643268 1.16916634397 
0.605134265802 1.1851556238 
