0.540956674013 1.16681383072 
0.540956674013 1.16681383072 
0.540956674013 1.16681383072 
0.540956674013 1.16681383072 
0.540956674013 1.16681383072 
0.540956674013 1.16681383072 
0.540956674013 1.16681383072 
0.540956674013 1.16681383072 
0.540956674013 1.16681383072 
0.540956674013 1.16681383072 
0.540956674013 1.16681383072 
0.540956674013 1.16681383072 
0.540956674013 1.16681383072 
0.997626703595 1.13496689313 
0.540956674013 1.16681383072 
0.540956674013 1.16681383072 
0.540956674013 1.16681383072 
0.540956674013 1.16681383072 
0.540956674013 1.16681383072 
0.540956674013 1.16681383072 
0.540956674013 1.16681383072 
0.540956674013 1.16681383072 
0.540956674013 1.16681383072 
0.540956674013 1.16681383072 
0.540956674013 1.16681383072 
0.997921234494 1.13322988525 
0.540956674013 1.16681383072 
0.997921234494 1.13322988525 
0.540956674013 1.16681383072 
0.540956674013 1.16681383072 
0.540956674013 1.16681383072 
0.540956674013 1.16681383072 
0.540956674013 1.16681383072 
0.540956674013 1.16681383072 
0.540956674013 1.16681383072 
0.540956674013 1.16681383072 
0.540956674013 1.16681383072 
0.540956674013 1.16681383072 
0.540956674013 1.16681383072 
0.540956674013 1.16681383072 
0.997921234494 1.13322988525 
0.540956674013 1.16681383072 
0.540956674013 1.16681383072 
0.540956674013 1.16681383072 
0.540956674013 1.16681383072 
0.540956674013 1.16681383072 
0.540956674013 1.16681383072 
0.540956674013 1.16681383072 
0.540956674013 1.16681383072 
0.997626703595 1.13496689313 
0.540956674013 1.16681383072 
0.540956674013 1.16681383072 
0.540956674013 1.16681383072 
0.540956674013 1.16681383072 
0.540956674013 1.16681383072 
0.540956674013 1.16681383072 
0.540956674013 1.16681383072 
0.540956674013 1.16681383072 
0.540956674013 1.16681383072 
0.540956674013 1.16681383072 
0.540956674013 1.16681383072 
0.540956674013 1.16681383072 
0.540956674013 1.16681383072 
0.540956674013 1.16681383072 
0.997921234494 1.13322988525 
0.540956674013 1.16681383072 
0.540956674013 1.16681383072 
0.540956674013 1.16681383072 
0.540956674013 1.16681383072 
0.540956674013 1.16681383072 
0.540956674013 1.16681383072 
0.540956674013 1.16681383072 
0.540956674013 1.16681383072 
0.540956674013 1.16681383072 
0.540956674013 1.16681383072 
0.540956674013 1.16681383072 
0.540956674013 1.16681383072 
0.540956674013 1.16681383072 
0.540956674013 1.16681383072 
0.540956674013 1.16681383072 
0.540956674013 1.16681383072 
0.540956674013 1.16681383072 
0.540956674013 1.16681383072 
0.540956674013 1.16681383072 
0.540956674013 1.16681383072 
0.997921234494 1.13322988525 
0.540956674013 1.16681383072 
0.540956674013 1.16681383072 
0.540956674013 1.16681383072 
0.540956674013 1.16681383072 
0.540956674013 1.16681383072 
0.540956674013 1.16681383072 
0.540956674013 1.16681383072 
0.540956674013 1.16681383072 
0.540956674013 1.16681383072 
0.540956674013 1.16681383072 
0.540956674013 1.16681383072 
0.540956674013 1.16681383072 
0.540956674013 1.16681383072 
0.540956674013 1.16681383072 
