0.631950954662 1.2149643275 
0.631950954662 1.2149643275 
0.631950954662 1.2149643275 
0.631950954662 1.2149643275 
0.631950954662 1.2149643275 
0.631950954662 1.2149643275 
0.631950954662 1.2149643275 
0.631950954662 1.2149643275 
0.631950954662 1.2149643275 
0.631950954662 1.2149643275 
0.631950954662 1.2149643275 
0.631950954662 1.2149643275 
0.999935142003 1.19685054859 
0.631950954662 1.2149643275 
0.999935142003 1.19685054859 
0.491577358042 1.23705804863 
0.631950954662 1.2149643275 
0.995101732792 1.20210455872 
0.631950954662 1.2149643275 
0.631950954662 1.2149643275 
0.631950954662 1.2149643275 
0.631950954662 1.2149643275 
0.631950954662 1.2149643275 
0.631950954662 1.2149643275 
0.631950954662 1.2149643275 
0.631950954662 1.2149643275 
0.631950954662 1.2149643275 
0.631950954662 1.2149643275 
0.631950954662 1.2149643275 
0.631950954662 1.2149643275 
0.631950954662 1.2149643275 
0.631950954662 1.2149643275 
0.631950954662 1.2149643275 
0.631950954662 1.2149643275 
0.491577358042 1.23705804863 
0.631950954662 1.2149643275 
0.631950954662 1.2149643275 
0.491577358042 1.23705804863 
0.631950954662 1.2149643275 
0.631950954662 1.2149643275 
0.631950954662 1.2149643275 
0.631950954662 1.2149643275 
0.631950954662 1.2149643275 
0.631950954662 1.2149643275 
0.999935142003 1.19685054859 
0.631950954662 1.2149643275 
0.995101732792 1.20210455872 
0.631950954662 1.2149643275 
0.999935142003 1.19685054859 
0.631950954662 1.2149643275 
0.631950954662 1.2149643275 
0.491577358042 1.23705804863 
0.631950954662 1.2149643275 
0.631950954662 1.2149643275 
0.999935142003 1.19685054859 
0.999935142003 1.19685054859 
0.631950954662 1.2149643275 
0.995101732792 1.20210455872 
0.631950954662 1.2149643275 
0.995101732792 1.20210455872 
0.631950954662 1.2149643275 
0.631950954662 1.2149643275 
0.631950954662 1.2149643275 
0.491577358042 1.23705804863 
0.631950954662 1.2149643275 
0.631950954662 1.2149643275 
0.631950954662 1.2149643275 
0.995101732792 1.20210455872 
0.491577358042 1.23705804863 
0.631950954662 1.2149643275 
0.631950954662 1.2149643275 
0.631950954662 1.2149643275 
0.631950954662 1.2149643275 
0.631950954662 1.2149643275 
0.631950954662 1.2149643275 
0.999935142003 1.19685054859 
0.631950954662 1.2149643275 
0.631950954662 1.2149643275 
0.995101732792 1.20210455872 
0.491577358042 1.23705804863 
0.631950954662 1.2149643275 
0.631950954662 1.2149643275 
0.631950954662 1.2149643275 
0.631950954662 1.2149643275 
0.631950954662 1.2149643275 
0.631950954662 1.2149643275 
0.631950954662 1.2149643275 
0.631950954662 1.2149643275 
0.631950954662 1.2149643275 
0.631950954662 1.2149643275 
0.631950954662 1.2149643275 
0.631950954662 1.2149643275 
0.631950954662 1.2149643275 
0.631950954662 1.2149643275 
0.631950954662 1.2149643275 
0.631950954662 1.2149643275 
0.631950954662 1.2149643275 
0.995101732792 1.20210455872 
0.999935142003 1.19685054859 
0.631950954662 1.2149643275 
