0.998382197364 1.24891944312 
0.998382197364 1.24891944312 
0.998382197364 1.24891944312 
0.998382197364 1.24891944312 
0.998382197364 1.24891944312 
0.998382197364 1.24891944312 
0.998382197364 1.24891944312 
0.998382197364 1.24891944312 
0.998382197364 1.24891944312 
0.998382197364 1.24891944312 
0.998382197364 1.24891944312 
0.998382197364 1.24891944312 
0.998382197364 1.24891944312 
0.998382197364 1.24891944312 
0.380175996807 1.27772205737 
0.998382197364 1.24891944312 
0.998382197364 1.24891944312 
0.998382197364 1.24891944312 
0.998382197364 1.24891944312 
0.998382197364 1.24891944312 
0.998382197364 1.24891944312 
0.998382197364 1.24891944312 
0.380175996807 1.27772205737 
0.998382197364 1.24891944312 
0.998382197364 1.24891944312 
0.998382197364 1.24891944312 
0.998382197364 1.24891944312 
0.998382197364 1.24891944312 
0.998382197364 1.24891944312 
0.998382197364 1.24891944312 
0.998382197364 1.24891944312 
0.998382197364 1.24891944312 
0.380175996807 1.27772205737 
0.998382197364 1.24891944312 
0.998382197364 1.24891944312 
0.998382197364 1.24891944312 
0.998382197364 1.24891944312 
0.380175996807 1.27772205737 
0.998382197364 1.24891944312 
0.998382197364 1.24891944312 
0.998382197364 1.24891944312 
0.998382197364 1.24891944312 
0.998382197364 1.24891944312 
0.380175996807 1.27772205737 
0.998382197364 1.24891944312 
0.998382197364 1.24891944312 
0.998382197364 1.24891944312 
0.998382197364 1.24891944312 
0.998382197364 1.24891944312 
0.998382197364 1.24891944312 
0.998382197364 1.24891944312 
0.998382197364 1.24891944312 
0.998382197364 1.24891944312 
0.998382197364 1.24891944312 
0.998382197364 1.24891944312 
0.998382197364 1.24891944312 
0.998382197364 1.24891944312 
0.998382197364 1.24891944312 
0.998382197364 1.24891944312 
0.998382197364 1.24891944312 
0.998382197364 1.24891944312 
0.998382197364 1.24891944312 
0.998382197364 1.24891944312 
0.380175996807 1.27772205737 
0.998382197364 1.24891944312 
0.998382197364 1.24891944312 
0.998382197364 1.24891944312 
0.998382197364 1.24891944312 
0.998382197364 1.24891944312 
0.998382197364 1.24891944312 
0.998382197364 1.24891944312 
0.998382197364 1.24891944312 
0.998382197364 1.24891944312 
0.998382197364 1.24891944312 
0.998382197364 1.24891944312 
0.998382197364 1.24891944312 
0.380175996807 1.27772205737 
0.998382197364 1.24891944312 
0.998382197364 1.24891944312 
0.998382197364 1.24891944312 
0.998382197364 1.24891944312 
0.998382197364 1.24891944312 
0.998382197364 1.24891944312 
0.998382197364 1.24891944312 
0.998382197364 1.24891944312 
0.998382197364 1.24891944312 
0.998382197364 1.24891944312 
0.998382197364 1.24891944312 
0.998382197364 1.24891944312 
0.380175996807 1.27772205737 
0.998382197364 1.24891944312 
0.998382197364 1.24891944312 
0.998382197364 1.24891944312 
0.998382197364 1.24891944312 
0.998382197364 1.24891944312 
0.998382197364 1.24891944312 
0.998382197364 1.24891944312 
0.380175996807 1.27772205737 
0.998382197364 1.24891944312 
0.998382197364 1.24891944312 
