0.473196184463 1.14001932732 
0.995517665173 1.10419363286 
0.995517665173 1.10419363286 
0.473196184463 1.14001932732 
0.473196184463 1.14001932732 
0.995517665173 1.10419363286 
0.995517665173 1.10419363286 
0.995517665173 1.10419363286 
0.473196184463 1.14001932732 
0.473196184463 1.14001932732 
0.995517665173 1.10419363286 
0.995517665173 1.10419363286 
0.473196184463 1.14001932732 
0.995517665173 1.10419363286 
0.995517665173 1.10419363286 
0.473196184463 1.14001932732 
0.995517665173 1.10419363286 
0.995517665173 1.10419363286 
0.473196184463 1.14001932732 
0.995517665173 1.10419363286 
0.473196184463 1.14001932732 
0.995517665173 1.10419363286 
0.995517665173 1.10419363286 
0.995517665173 1.10419363286 
0.995517665173 1.10419363286 
0.473196184463 1.14001932732 
0.473196184463 1.14001932732 
0.995517665173 1.10419363286 
0.473196184463 1.14001932732 
0.995517665173 1.10419363286 
0.995517665173 1.10419363286 
0.995517665173 1.10419363286 
0.995517665173 1.10419363286 
0.473196184463 1.14001932732 
0.995517665173 1.10419363286 
0.995517665173 1.10419363286 
0.995517665173 1.10419363286 
0.995517665173 1.10419363286 
0.473196184463 1.14001932732 
0.995517665173 1.10419363286 
0.995517665173 1.10419363286 
0.995517665173 1.10419363286 
0.473196184463 1.14001932732 
0.995517665173 1.10419363286 
0.473196184463 1.14001932732 
0.995517665173 1.10419363286 
0.995517665173 1.10419363286 
0.473196184463 1.14001932732 
0.995517665173 1.10419363286 
0.995517665173 1.10419363286 
0.473196184463 1.14001932732 
0.473196184463 1.14001932732 
0.995517665173 1.10419363286 
0.995517665173 1.10419363286 
0.995517665173 1.10419363286 
0.473196184463 1.14001932732 
0.995517665173 1.10419363286 
0.995517665173 1.10419363286 
0.473196184463 1.14001932732 
0.995517665173 1.10419363286 
0.473196184463 1.14001932732 
0.473196184463 1.14001932732 
0.995517665173 1.10419363286 
0.995517665173 1.10419363286 
0.473196184463 1.14001932732 
0.995517665173 1.10419363286 
0.995517665173 1.10419363286 
0.473196184463 1.14001932732 
0.995517665173 1.10419363286 
0.995517665173 1.10419363286 
0.473196184463 1.14001932732 
0.473196184463 1.14001932732 
0.473196184463 1.14001932732 
0.473196184463 1.14001932732 
0.995517665173 1.10419363286 
0.995517665173 1.10419363286 
0.473196184463 1.14001932732 
0.995517665173 1.10419363286 
0.995517665173 1.10419363286 
0.995517665173 1.10419363286 
0.995517665173 1.10419363286 
0.473196184463 1.14001932732 
0.995517665173 1.10419363286 
0.473196184463 1.14001932732 
0.473196184463 1.14001932732 
0.995517665173 1.10419363286 
0.995517665173 1.10419363286 
0.473196184463 1.14001932732 
0.473196184463 1.14001932732 
0.473196184463 1.14001932732 
0.995517665173 1.10419363286 
0.995517665173 1.10419363286 
0.995517665173 1.10419363286 
0.473196184463 1.14001932732 
0.995517665173 1.10419363286 
0.473196184463 1.14001932732 
0.473196184463 1.14001932732 
0.995517665173 1.10419363286 
0.473196184463 1.14001932732 
0.473196184463 1.14001932732 
