0.585656255111 1.33013448013 
0.585656255111 1.33013448013 
0.585656255111 1.33013448013 
0.585656255111 1.33013448013 
0.99826469744 1.30258502271 
0.585656255111 1.33013448013 
0.99826469744 1.30258502271 
0.585656255111 1.33013448013 
0.99826469744 1.30258502271 
0.99826469744 1.30258502271 
0.585656255111 1.33013448013 
0.99826469744 1.30258502271 
0.99826469744 1.30258502271 
0.585656255111 1.33013448013 
0.585656255111 1.33013448013 
0.585656255111 1.33013448013 
0.99826469744 1.30258502271 
0.585656255111 1.33013448013 
0.585656255111 1.33013448013 
0.99826469744 1.30258502271 
0.585656255111 1.33013448013 
0.99826469744 1.30258502271 
0.585656255111 1.33013448013 
0.585656255111 1.33013448013 
0.585656255111 1.33013448013 
0.99826469744 1.30258502271 
0.99826469744 1.30258502271 
0.99826469744 1.30258502271 
0.99826469744 1.30258502271 
0.585656255111 1.33013448013 
0.99826469744 1.30258502271 
0.99826469744 1.30258502271 
0.585656255111 1.33013448013 
0.99826469744 1.30258502271 
0.99826469744 1.30258502271 
0.585656255111 1.33013448013 
0.585656255111 1.33013448013 
0.99826469744 1.30258502271 
0.585656255111 1.33013448013 
0.99826469744 1.30258502271 
0.585656255111 1.33013448013 
0.99826469744 1.30258502271 
0.585656255111 1.33013448013 
0.585656255111 1.33013448013 
0.585656255111 1.33013448013 
0.99826469744 1.30258502271 
0.585656255111 1.33013448013 
0.585656255111 1.33013448013 
0.99826469744 1.30258502271 
0.99826469744 1.30258502271 
0.99826469744 1.30258502271 
0.585656255111 1.33013448013 
0.99826469744 1.30258502271 
0.99826469744 1.30258502271 
0.585656255111 1.33013448013 
0.99826469744 1.30258502271 
0.585656255111 1.33013448013 
0.585656255111 1.33013448013 
0.99826469744 1.30258502271 
0.585656255111 1.33013448013 
0.99826469744 1.30258502271 
0.585656255111 1.33013448013 
0.585656255111 1.33013448013 
0.585656255111 1.33013448013 
0.99826469744 1.30258502271 
0.99826469744 1.30258502271 
0.99826469744 1.30258502271 
0.99826469744 1.30258502271 
0.585656255111 1.33013448013 
0.99826469744 1.30258502271 
0.99826469744 1.30258502271 
0.585656255111 1.33013448013 
0.585656255111 1.33013448013 
0.99826469744 1.30258502271 
0.585656255111 1.33013448013 
0.585656255111 1.33013448013 
0.99826469744 1.30258502271 
0.99826469744 1.30258502271 
0.99826469744 1.30258502271 
0.585656255111 1.33013448013 
0.585656255111 1.33013448013 
0.585656255111 1.33013448013 
0.585656255111 1.33013448013 
0.99826469744 1.30258502271 
0.585656255111 1.33013448013 
0.99826469744 1.30258502271 
0.585656255111 1.33013448013 
0.585656255111 1.33013448013 
0.99826469744 1.30258502271 
0.585656255111 1.33013448013 
0.99826469744 1.30258502271 
0.99826469744 1.30258502271 
0.99826469744 1.30258502271 
0.99826469744 1.30258502271 
0.585656255111 1.33013448013 
0.585656255111 1.33013448013 
0.585656255111 1.33013448013 
0.585656255111 1.33013448013 
0.585656255111 1.33013448013 
0.99826469744 1.30258502271 
