0.550579071561 1.16821503678 
0.550579071561 1.16821503678 
0.550579071561 1.16821503678 
0.550579071561 1.16821503678 
0.550579071561 1.16821503678 
0.550579071561 1.16821503678 
0.550579071561 1.16821503678 
0.550579071561 1.16821503678 
0.550579071561 1.16821503678 
0.550579071561 1.16821503678 
0.550579071561 1.16821503678 
0.550579071561 1.16821503678 
0.550579071561 1.16821503678 
0.550579071561 1.16821503678 
0.550579071561 1.16821503678 
0.550579071561 1.16821503678 
0.550579071561 1.16821503678 
0.550579071561 1.16821503678 
0.550579071561 1.16821503678 
0.550579071561 1.16821503678 
0.550579071561 1.16821503678 
0.550579071561 1.16821503678 
0.550579071561 1.16821503678 
0.550579071561 1.16821503678 
0.550579071561 1.16821503678 
0.550579071561 1.16821503678 
0.550579071561 1.16821503678 
0.550579071561 1.16821503678 
0.550579071561 1.16821503678 
0.550579071561 1.16821503678 
0.550579071561 1.16821503678 
0.550579071561 1.16821503678 
0.550579071561 1.16821503678 
0.550579071561 1.16821503678 
0.550579071561 1.16821503678 
0.550579071561 1.16821503678 
0.550579071561 1.16821503678 
0.550579071561 1.16821503678 
0.550579071561 1.16821503678 
0.550579071561 1.16821503678 
0.550579071561 1.16821503678 
0.550579071561 1.16821503678 
0.550579071561 1.16821503678 
0.550579071561 1.16821503678 
0.550579071561 1.16821503678 
0.550579071561 1.16821503678 
0.550579071561 1.16821503678 
0.550579071561 1.16821503678 
0.550579071561 1.16821503678 
0.550579071561 1.16821503678 
0.550579071561 1.16821503678 
0.550579071561 1.16821503678 
0.550579071561 1.16821503678 
0.550579071561 1.16821503678 
0.550579071561 1.16821503678 
0.550579071561 1.16821503678 
0.550579071561 1.16821503678 
0.550579071561 1.16821503678 
0.550579071561 1.16821503678 
0.550579071561 1.16821503678 
0.550579071561 1.16821503678 
0.550579071561 1.16821503678 
0.550579071561 1.16821503678 
0.550579071561 1.16821503678 
0.550579071561 1.16821503678 
0.550579071561 1.16821503678 
0.550579071561 1.16821503678 
0.550579071561 1.16821503678 
0.550579071561 1.16821503678 
0.550579071561 1.16821503678 
0.550579071561 1.16821503678 
0.550579071561 1.16821503678 
0.550579071561 1.16821503678 
0.550579071561 1.16821503678 
0.550579071561 1.16821503678 
0.550579071561 1.16821503678 
0.550579071561 1.16821503678 
0.550579071561 1.16821503678 
0.550579071561 1.16821503678 
0.550579071561 1.16821503678 
0.550579071561 1.16821503678 
0.550579071561 1.16821503678 
0.550579071561 1.16821503678 
0.550579071561 1.16821503678 
0.550579071561 1.16821503678 
0.550579071561 1.16821503678 
0.550579071561 1.16821503678 
0.550579071561 1.16821503678 
0.550579071561 1.16821503678 
0.998392340486 1.14363924617 
0.550579071561 1.16821503678 
0.550579071561 1.16821503678 
0.550579071561 1.16821503678 
0.550579071561 1.16821503678 
0.550579071561 1.16821503678 
0.550579071561 1.16821503678 
0.550579071561 1.16821503678 
0.550579071561 1.16821503678 
0.550579071561 1.16821503678 
0.550579071561 1.16821503678 
