0.647532265194 1.1503304745 
0.999338561014 1.13668709096 
0.999338561014 1.13668709096 
0.462521728431 1.16846191711 
0.647532265194 1.1503304745 
0.462521728431 1.16846191711 
0.999338561014 1.13668709096 
0.999338561014 1.13668709096 
0.999338561014 1.13668709096 
0.462521728431 1.16846191711 
0.999338561014 1.13668709096 
0.999338561014 1.13668709096 
0.462521728431 1.16846191711 
0.647532265194 1.1503304745 
0.462521728431 1.16846191711 
0.647532265194 1.1503304745 
0.462521728431 1.16846191711 
0.999338561014 1.13668709096 
0.999338561014 1.13668709096 
0.647532265194 1.1503304745 
0.647532265194 1.1503304745 
0.999338561014 1.13668709096 
0.462521728431 1.16846191711 
0.462521728431 1.16846191711 
0.999338561014 1.13668709096 
0.462521728431 1.16846191711 
0.999338561014 1.13668709096 
0.999338561014 1.13668709096 
0.647532265194 1.1503304745 
0.462521728431 1.16846191711 
0.647532265194 1.1503304745 
0.462521728431 1.16846191711 
0.999338561014 1.13668709096 
0.462521728431 1.16846191711 
0.999338561014 1.13668709096 
0.462521728431 1.16846191711 
0.647532265194 1.1503304745 
0.462521728431 1.16846191711 
0.999338561014 1.13668709096 
0.462521728431 1.16846191711 
0.999338561014 1.13668709096 
0.462521728431 1.16846191711 
0.462521728431 1.16846191711 
0.999338561014 1.13668709096 
0.999338561014 1.13668709096 
0.999338561014 1.13668709096 
0.999338561014 1.13668709096 
0.647532265194 1.1503304745 
0.462521728431 1.16846191711 
0.999338561014 1.13668709096 
0.999338561014 1.13668709096 
0.647532265194 1.1503304745 
0.462521728431 1.16846191711 
0.462521728431 1.16846191711 
0.999338561014 1.13668709096 
0.647532265194 1.1503304745 
0.647532265194 1.1503304745 
0.462521728431 1.16846191711 
0.647532265194 1.1503304745 
0.462521728431 1.16846191711 
0.999338561014 1.13668709096 
0.647532265194 1.1503304745 
0.999338561014 1.13668709096 
0.647532265194 1.1503304745 
0.462521728431 1.16846191711 
0.999338561014 1.13668709096 
0.999338561014 1.13668709096 
0.999338561014 1.13668709096 
0.462521728431 1.16846191711 
0.647532265194 1.1503304745 
0.647532265194 1.1503304745 
0.999338561014 1.13668709096 
0.462521728431 1.16846191711 
0.647532265194 1.1503304745 
0.999338561014 1.13668709096 
0.462521728431 1.16846191711 
0.462521728431 1.16846191711 
0.999338561014 1.13668709096 
0.999338561014 1.13668709096 
0.999338561014 1.13668709096 
0.999338561014 1.13668709096 
0.999338561014 1.13668709096 
0.462521728431 1.16846191711 
0.647532265194 1.1503304745 
0.999338561014 1.13668709096 
0.462521728431 1.16846191711 
0.999338561014 1.13668709096 
0.647532265194 1.1503304745 
0.999338561014 1.13668709096 
0.462521728431 1.16846191711 
0.999338561014 1.13668709096 
0.999338561014 1.13668709096 
0.647532265194 1.1503304745 
0.647532265194 1.1503304745 
0.999338561014 1.13668709096 
0.462521728431 1.16846191711 
0.999338561014 1.13668709096 
0.647532265194 1.1503304745 
0.462521728431 1.16846191711 
0.999338561014 1.13668709096 
