0.998768477346 1.3094368622 
0.998768477346 1.3094368622 
0.392759927952 1.31837604305 
0.998768477346 1.3094368622 
0.998768477346 1.3094368622 
0.998768477346 1.3094368622 
0.998768477346 1.3094368622 
0.998768477346 1.3094368622 
0.392759927952 1.31837604305 
0.392759927952 1.31837604305 
0.392759927952 1.31837604305 
0.998768477346 1.3094368622 
0.028910351375 1.33322242887 
0.998768477346 1.3094368622 
0.998768477346 1.3094368622 
0.998768477346 1.3094368622 
0.998768477346 1.3094368622 
0.392759927952 1.31837604305 
0.392759927952 1.31837604305 
0.998768477346 1.3094368622 
0.392759927952 1.31837604305 
0.998768477346 1.3094368622 
0.998768477346 1.3094368622 
0.998768477346 1.3094368622 
0.998768477346 1.3094368622 
0.998768477346 1.3094368622 
0.998768477346 1.3094368622 
0.998768477346 1.3094368622 
0.998768477346 1.3094368622 
0.392759927952 1.31837604305 
0.998768477346 1.3094368622 
0.998768477346 1.3094368622 
0.392759927952 1.31837604305 
0.998768477346 1.3094368622 
0.998768477346 1.3094368622 
0.998768477346 1.3094368622 
0.998768477346 1.3094368622 
0.392759927952 1.31837604305 
0.998768477346 1.3094368622 
0.998768477346 1.3094368622 
0.392759927952 1.31837604305 
0.998768477346 1.3094368622 
0.392759927952 1.31837604305 
0.998768477346 1.3094368622 
0.998768477346 1.3094368622 
0.998768477346 1.3094368622 
0.998768477346 1.3094368622 
0.392759927952 1.31837604305 
0.998768477346 1.3094368622 
0.998768477346 1.3094368622 
0.998768477346 1.3094368622 
0.392759927952 1.31837604305 
0.392759927952 1.31837604305 
0.998768477346 1.3094368622 
0.998768477346 1.3094368622 
0.998768477346 1.3094368622 
0.392759927952 1.31837604305 
0.998768477346 1.3094368622 
0.998768477346 1.3094368622 
0.392759927952 1.31837604305 
0.998768477346 1.3094368622 
0.998768477346 1.3094368622 
0.392759927952 1.31837604305 
0.028910351375 1.33322242887 
0.392759927952 1.31837604305 
0.998768477346 1.3094368622 
0.998768477346 1.3094368622 
0.998768477346 1.3094368622 
0.998768477346 1.3094368622 
0.998768477346 1.3094368622 
0.392759927952 1.31837604305 
0.998768477346 1.3094368622 
0.998768477346 1.3094368622 
0.998768477346 1.3094368622 
0.998768477346 1.3094368622 
0.998768477346 1.3094368622 
0.392759927952 1.31837604305 
0.998768477346 1.3094368622 
0.998768477346 1.3094368622 
0.998768477346 1.3094368622 
0.998768477346 1.3094368622 
0.392759927952 1.31837604305 
0.998768477346 1.3094368622 
0.392759927952 1.31837604305 
0.998768477346 1.3094368622 
0.392759927952 1.31837604305 
0.998768477346 1.3094368622 
0.392759927952 1.31837604305 
0.392759927952 1.31837604305 
0.998768477346 1.3094368622 
0.392759927952 1.31837604305 
0.998768477346 1.3094368622 
0.998768477346 1.3094368622 
0.998768477346 1.3094368622 
0.998768477346 1.3094368622 
0.998768477346 1.3094368622 
0.392759927952 1.31837604305 
0.392759927952 1.31837604305 
0.392759927952 1.31837604305 
0.998768477346 1.3094368622 
