0.992361664316 1.10384369778 
0.992361664316 1.10384369778 
0.992361664316 1.10384369778 
0.992361664316 1.10384369778 
0.992361664316 1.10384369778 
0.992361664316 1.10384369778 
0.992361664316 1.10384369778 
0.992361664316 1.10384369778 
0.992361664316 1.10384369778 
0.992361664316 1.10384369778 
0.992361664316 1.10384369778 
0.992361664316 1.10384369778 
0.992361664316 1.10384369778 
0.587255782305 1.14149728982 
0.992361664316 1.10384369778 
0.992361664316 1.10384369778 
0.992361664316 1.10384369778 
0.992361664316 1.10384369778 
0.992361664316 1.10384369778 
0.992361664316 1.10384369778 
0.992361664316 1.10384369778 
0.992361664316 1.10384369778 
0.992361664316 1.10384369778 
0.992361664316 1.10384369778 
0.992361664316 1.10384369778 
0.992361664316 1.10384369778 
0.992361664316 1.10384369778 
0.992361664316 1.10384369778 
0.992361664316 1.10384369778 
0.992361664316 1.10384369778 
0.992361664316 1.10384369778 
0.587255782305 1.14149728982 
0.992361664316 1.10384369778 
0.992361664316 1.10384369778 
0.992361664316 1.10384369778 
0.992361664316 1.10384369778 
0.992361664316 1.10384369778 
0.992361664316 1.10384369778 
0.992361664316 1.10384369778 
0.992361664316 1.10384369778 
0.992361664316 1.10384369778 
0.992361664316 1.10384369778 
0.992361664316 1.10384369778 
0.992361664316 1.10384369778 
0.587255782305 1.14149728982 
0.992361664316 1.10384369778 
0.992361664316 1.10384369778 
0.992361664316 1.10384369778 
0.992361664316 1.10384369778 
0.992361664316 1.10384369778 
0.992361664316 1.10384369778 
0.992361664316 1.10384369778 
0.992361664316 1.10384369778 
0.587255782305 1.14149728982 
0.992361664316 1.10384369778 
0.992361664316 1.10384369778 
0.997268270539 1.1031463293 
0.992361664316 1.10384369778 
0.992361664316 1.10384369778 
0.992361664316 1.10384369778 
0.992361664316 1.10384369778 
0.992361664316 1.10384369778 
0.992361664316 1.10384369778 
0.992361664316 1.10384369778 
0.992361664316 1.10384369778 
0.992361664316 1.10384369778 
0.587255782305 1.14149728982 
0.992361664316 1.10384369778 
0.992361664316 1.10384369778 
0.992361664316 1.10384369778 
0.992361664316 1.10384369778 
0.992361664316 1.10384369778 
0.992361664316 1.10384369778 
0.992361664316 1.10384369778 
0.992361664316 1.10384369778 
0.992361664316 1.10384369778 
0.992361664316 1.10384369778 
0.992361664316 1.10384369778 
0.992361664316 1.10384369778 
0.992361664316 1.10384369778 
0.992361664316 1.10384369778 
0.992361664316 1.10384369778 
0.992361664316 1.10384369778 
0.992361664316 1.10384369778 
0.992361664316 1.10384369778 
0.992361664316 1.10384369778 
0.992361664316 1.10384369778 
0.992361664316 1.10384369778 
0.992361664316 1.10384369778 
0.992361664316 1.10384369778 
0.992361664316 1.10384369778 
0.992361664316 1.10384369778 
0.992361664316 1.10384369778 
0.992361664316 1.10384369778 
0.992361664316 1.10384369778 
0.992361664316 1.10384369778 
0.992361664316 1.10384369778 
0.992361664316 1.10384369778 
0.992361664316 1.10384369778 
0.992361664316 1.10384369778 
