0.289534744152 1.20579574456 
0.289534744152 1.20579574456 
0.289534744152 1.20579574456 
0.289534744152 1.20579574456 
0.289534744152 1.20579574456 
0.289534744152 1.20579574456 
0.289534744152 1.20579574456 
0.289534744152 1.20579574456 
0.289534744152 1.20579574456 
0.289534744152 1.20579574456 
0.289534744152 1.20579574456 
0.289534744152 1.20579574456 
0.289534744152 1.20579574456 
0.289534744152 1.20579574456 
0.289534744152 1.20579574456 
0.289534744152 1.20579574456 
0.289534744152 1.20579574456 
0.999885182705 1.19462888986 
0.289534744152 1.20579574456 
0.289534744152 1.20579574456 
0.289534744152 1.20579574456 
0.289534744152 1.20579574456 
0.289534744152 1.20579574456 
0.289534744152 1.20579574456 
0.289534744152 1.20579574456 
0.289534744152 1.20579574456 
0.289534744152 1.20579574456 
0.289534744152 1.20579574456 
0.289534744152 1.20579574456 
0.289534744152 1.20579574456 
0.289534744152 1.20579574456 
0.289534744152 1.20579574456 
0.289534744152 1.20579574456 
0.289534744152 1.20579574456 
0.289534744152 1.20579574456 
0.289534744152 1.20579574456 
0.289534744152 1.20579574456 
0.289534744152 1.20579574456 
0.289534744152 1.20579574456 
0.289534744152 1.20579574456 
0.289534744152 1.20579574456 
0.289534744152 1.20579574456 
0.289534744152 1.20579574456 
0.289534744152 1.20579574456 
0.289534744152 1.20579574456 
0.289534744152 1.20579574456 
0.289534744152 1.20579574456 
0.289534744152 1.20579574456 
0.289534744152 1.20579574456 
0.289534744152 1.20579574456 
0.289534744152 1.20579574456 
0.289534744152 1.20579574456 
0.289534744152 1.20579574456 
0.289534744152 1.20579574456 
0.289534744152 1.20579574456 
0.289534744152 1.20579574456 
0.289534744152 1.20579574456 
0.289534744152 1.20579574456 
0.289534744152 1.20579574456 
0.289534744152 1.20579574456 
0.289534744152 1.20579574456 
0.289534744152 1.20579574456 
0.289534744152 1.20579574456 
0.289534744152 1.20579574456 
0.289534744152 1.20579574456 
0.289534744152 1.20579574456 
0.289534744152 1.20579574456 
0.289534744152 1.20579574456 
0.289534744152 1.20579574456 
0.289534744152 1.20579574456 
0.289534744152 1.20579574456 
0.289534744152 1.20579574456 
0.289534744152 1.20579574456 
0.289534744152 1.20579574456 
0.289534744152 1.20579574456 
0.289534744152 1.20579574456 
0.289534744152 1.20579574456 
0.289534744152 1.20579574456 
0.289534744152 1.20579574456 
0.289534744152 1.20579574456 
0.289534744152 1.20579574456 
0.289534744152 1.20579574456 
0.289534744152 1.20579574456 
0.289534744152 1.20579574456 
0.289534744152 1.20579574456 
0.289534744152 1.20579574456 
0.289534744152 1.20579574456 
0.289534744152 1.20579574456 
0.289534744152 1.20579574456 
0.289534744152 1.20579574456 
0.289534744152 1.20579574456 
0.289534744152 1.20579574456 
0.289534744152 1.20579574456 
0.289534744152 1.20579574456 
0.289534744152 1.20579574456 
0.289534744152 1.20579574456 
0.289534744152 1.20579574456 
0.289534744152 1.20579574456 
0.289534744152 1.20579574456 
0.289534744152 1.20579574456 
