0.991890732709 1.19510173604 
0.991890732709 1.19510173604 
0.991890732709 1.19510173604 
0.991890732709 1.19510173604 
0.997593385311 1.17370613411 
0.991890732709 1.19510173604 
0.991890732709 1.19510173604 
0.991890732709 1.19510173604 
0.991890732709 1.19510173604 
0.991890732709 1.19510173604 
0.997593385311 1.17370613411 
0.991890732709 1.19510173604 
0.997593385311 1.17370613411 
0.991890732709 1.19510173604 
0.997593385311 1.17370613411 
0.991890732709 1.19510173604 
0.991890732709 1.19510173604 
0.997593385311 1.17370613411 
0.997593385311 1.17370613411 
0.991890732709 1.19510173604 
0.991890732709 1.19510173604 
0.997593385311 1.17370613411 
0.997593385311 1.17370613411 
0.991890732709 1.19510173604 
0.991890732709 1.19510173604 
0.991890732709 1.19510173604 
0.991890732709 1.19510173604 
0.991890732709 1.19510173604 
0.991890732709 1.19510173604 
0.997593385311 1.17370613411 
0.991890732709 1.19510173604 
0.991890732709 1.19510173604 
0.991890732709 1.19510173604 
0.991890732709 1.19510173604 
0.991890732709 1.19510173604 
0.991890732709 1.19510173604 
0.991890732709 1.19510173604 
0.991890732709 1.19510173604 
0.991890732709 1.19510173604 
0.991890732709 1.19510173604 
0.997593385311 1.17370613411 
0.991890732709 1.19510173604 
0.991890732709 1.19510173604 
0.991890732709 1.19510173604 
0.991890732709 1.19510173604 
0.997593385311 1.17370613411 
0.991890732709 1.19510173604 
0.997593385311 1.17370613411 
0.991890732709 1.19510173604 
0.991890732709 1.19510173604 
0.991890732709 1.19510173604 
0.991890732709 1.19510173604 
0.991890732709 1.19510173604 
0.997593385311 1.17370613411 
0.991890732709 1.19510173604 
0.991890732709 1.19510173604 
0.991890732709 1.19510173604 
0.991890732709 1.19510173604 
0.991890732709 1.19510173604 
0.991890732709 1.19510173604 
0.991890732709 1.19510173604 
0.991890732709 1.19510173604 
0.997593385311 1.17370613411 
0.991890732709 1.19510173604 
0.991890732709 1.19510173604 
0.991890732709 1.19510173604 
0.991890732709 1.19510173604 
0.991890732709 1.19510173604 
0.991890732709 1.19510173604 
0.991890732709 1.19510173604 
0.991890732709 1.19510173604 
0.997593385311 1.17370613411 
0.991890732709 1.19510173604 
0.991890732709 1.19510173604 
0.991890732709 1.19510173604 
0.991890732709 1.19510173604 
0.991890732709 1.19510173604 
0.991890732709 1.19510173604 
0.991890732709 1.19510173604 
0.991890732709 1.19510173604 
0.991890732709 1.19510173604 
0.997593385311 1.17370613411 
0.991890732709 1.19510173604 
0.991890732709 1.19510173604 
0.991890732709 1.19510173604 
0.997593385311 1.17370613411 
0.991890732709 1.19510173604 
0.991890732709 1.19510173604 
0.997593385311 1.17370613411 
0.991890732709 1.19510173604 
0.991890732709 1.19510173604 
0.991890732709 1.19510173604 
0.997593385311 1.17370613411 
0.997593385311 1.17370613411 
0.991890732709 1.19510173604 
0.991890732709 1.19510173604 
0.991890732709 1.19510173604 
0.991890732709 1.19510173604 
0.991890732709 1.19510173604 
0.991890732709 1.19510173604 
