0.402757976058 1.23504885519 
0.402757976058 1.23504885519 
0.994865560513 1.20782409673 
0.994865560513 1.20782409673 
0.402757976058 1.23504885519 
0.402757976058 1.23504885519 
0.402757976058 1.23504885519 
0.402757976058 1.23504885519 
0.994865560513 1.20782409673 
0.994865560513 1.20782409673 
0.994865560513 1.20782409673 
0.402757976058 1.23504885519 
0.402757976058 1.23504885519 
0.402757976058 1.23504885519 
0.402757976058 1.23504885519 
0.994865560513 1.20782409673 
0.994865560513 1.20782409673 
0.402757976058 1.23504885519 
0.994865560513 1.20782409673 
0.402757976058 1.23504885519 
0.994865560513 1.20782409673 
0.994865560513 1.20782409673 
0.402757976058 1.23504885519 
0.402757976058 1.23504885519 
0.402757976058 1.23504885519 
0.402757976058 1.23504885519 
0.402757976058 1.23504885519 
0.402757976058 1.23504885519 
0.994865560513 1.20782409673 
0.994865560513 1.20782409673 
0.402757976058 1.23504885519 
0.994865560513 1.20782409673 
0.402757976058 1.23504885519 
0.402757976058 1.23504885519 
0.994865560513 1.20782409673 
0.402757976058 1.23504885519 
0.994865560513 1.20782409673 
0.402757976058 1.23504885519 
0.994865560513 1.20782409673 
0.994865560513 1.20782409673 
0.402757976058 1.23504885519 
0.402757976058 1.23504885519 
0.402757976058 1.23504885519 
0.994865560513 1.20782409673 
0.402757976058 1.23504885519 
0.402757976058 1.23504885519 
0.402757976058 1.23504885519 
0.402757976058 1.23504885519 
0.402757976058 1.23504885519 
0.402757976058 1.23504885519 
0.402757976058 1.23504885519 
0.994865560513 1.20782409673 
0.994865560513 1.20782409673 
0.402757976058 1.23504885519 
0.402757976058 1.23504885519 
0.402757976058 1.23504885519 
0.402757976058 1.23504885519 
0.402757976058 1.23504885519 
0.994865560513 1.20782409673 
0.402757976058 1.23504885519 
0.994865560513 1.20782409673 
0.402757976058 1.23504885519 
0.994865560513 1.20782409673 
0.402757976058 1.23504885519 
0.402757976058 1.23504885519 
0.994865560513 1.20782409673 
0.994865560513 1.20782409673 
0.994865560513 1.20782409673 
0.402757976058 1.23504885519 
0.402757976058 1.23504885519 
0.402757976058 1.23504885519 
0.994865560513 1.20782409673 
0.994865560513 1.20782409673 
0.994865560513 1.20782409673 
0.402757976058 1.23504885519 
0.994865560513 1.20782409673 
0.402757976058 1.23504885519 
0.402757976058 1.23504885519 
0.402757976058 1.23504885519 
0.402757976058 1.23504885519 
0.997951509878 0.495772012104 
0.402757976058 1.23504885519 
0.402757976058 1.23504885519 
0.994865560513 1.20782409673 
0.402757976058 1.23504885519 
0.402757976058 1.23504885519 
0.994865560513 1.20782409673 
0.402757976058 1.23504885519 
0.402757976058 1.23504885519 
0.402757976058 1.23504885519 
0.402757976058 1.23504885519 
0.994865560513 1.20782409673 
0.994865560513 1.20782409673 
0.402757976058 1.23504885519 
0.994865560513 1.20782409673 
0.402757976058 1.23504885519 
0.402757976058 1.23504885519 
0.994865560513 1.20782409673 
0.994865560513 1.20782409673 
0.402757976058 1.23504885519 
