0.999192826639 1.26326641783 
0.437933303694 1.29371703749 
0.437933303694 1.29371703749 
0.437933303694 1.29371703749 
0.437933303694 1.29371703749 
0.999192826639 1.26326641783 
0.437933303694 1.29371703749 
0.437933303694 1.29371703749 
0.437933303694 1.29371703749 
0.437933303694 1.29371703749 
0.437933303694 1.29371703749 
0.999192826639 1.26326641783 
0.999192826639 1.26326641783 
0.437933303694 1.29371703749 
0.437933303694 1.29371703749 
0.437933303694 1.29371703749 
0.999192826639 1.26326641783 
0.437933303694 1.29371703749 
0.437933303694 1.29371703749 
0.437933303694 1.29371703749 
0.999192826639 1.26326641783 
0.437933303694 1.29371703749 
0.437933303694 1.29371703749 
0.437933303694 1.29371703749 
0.437933303694 1.29371703749 
0.999192826639 1.26326641783 
0.999192826639 1.26326641783 
0.437933303694 1.29371703749 
0.437933303694 1.29371703749 
0.437933303694 1.29371703749 
0.437933303694 1.29371703749 
0.999192826639 1.26326641783 
0.437933303694 1.29371703749 
0.437933303694 1.29371703749 
0.437933303694 1.29371703749 
0.999192826639 1.26326641783 
0.437933303694 1.29371703749 
0.437933303694 1.29371703749 
0.999192826639 1.26326641783 
0.999192826639 1.26326641783 
0.437933303694 1.29371703749 
0.437933303694 1.29371703749 
0.437933303694 1.29371703749 
0.437933303694 1.29371703749 
0.437933303694 1.29371703749 
0.437933303694 1.29371703749 
0.437933303694 1.29371703749 
0.999192826639 1.26326641783 
0.999192826639 1.26326641783 
0.437933303694 1.29371703749 
0.999192826639 1.26326641783 
0.437933303694 1.29371703749 
0.999192826639 1.26326641783 
0.437933303694 1.29371703749 
0.437933303694 1.29371703749 
0.437933303694 1.29371703749 
0.437933303694 1.29371703749 
0.437933303694 1.29371703749 
0.437933303694 1.29371703749 
0.437933303694 1.29371703749 
0.999192826639 1.26326641783 
0.437933303694 1.29371703749 
0.437933303694 1.29371703749 
0.437933303694 1.29371703749 
0.999192826639 1.26326641783 
0.437933303694 1.29371703749 
0.437933303694 1.29371703749 
0.999192826639 1.26326641783 
0.437933303694 1.29371703749 
0.437933303694 1.29371703749 
0.999192826639 1.26326641783 
0.437933303694 1.29371703749 
0.437933303694 1.29371703749 
0.437933303694 1.29371703749 
0.437933303694 1.29371703749 
0.999192826639 1.26326641783 
0.437933303694 1.29371703749 
0.999192826639 1.26326641783 
0.437933303694 1.29371703749 
0.437933303694 1.29371703749 
0.437933303694 1.29371703749 
0.999192826639 1.26326641783 
0.437933303694 1.29371703749 
0.999192826639 1.26326641783 
0.437933303694 1.29371703749 
0.437933303694 1.29371703749 
0.437933303694 1.29371703749 
0.437933303694 1.29371703749 
0.437933303694 1.29371703749 
0.437933303694 1.29371703749 
0.999192826639 1.26326641783 
0.437933303694 1.29371703749 
0.999192826639 1.26326641783 
0.437933303694 1.29371703749 
0.999192826639 1.26326641783 
0.999192826639 1.26326641783 
0.437933303694 1.29371703749 
0.437933303694 1.29371703749 
0.999192826639 1.26326641783 
0.437933303694 1.29371703749 
