0.159508550114 0.395210460307 0.800752772137 0.712816485649 0.324424849423 0.428909240741 0.125930037344 0.227612234304 
0.143636654168 0.135836821119 0.000581697780385 0.250332918831 0.239070162136 0.109873177181 0.218374148843 0.122157552661 
0.0982886535656 0.119208630546 0.0860769102199 0.0148776544796 0.179024831839 0.277222577784 0.134351010814 0.4128598031 
0.000479588050174 0.00497066780374 0.0188622308295 0.0632400592702 0.0940518871033 0.0740647485242 0.231672307019 0.686533768234 
0.0364069777934 0.0114274657716 0.13051382478 0.00615961983135 0.919036088974 0.519653862447 0.172990620122 0.265985963931 
0.0212327839805 0.0111784442342 0.0128813776589 0.00819589653306 0.081459334136 0.130614314414 0.280804698374 0.711167873923 
0.0300497169639 0.000309594741171 0.0610516657295 0.0665575218499 0.00523247531576 0.00382231227952 0.29696852863 0.761696323599 
0.00136534959554 0.0015016392209 0.000685397048059 0.000238165987241 0.000599390145035 0.000911875090421 0.00259644299139 0.932254029375 
0.0670318764768 0.112175489494 0.156893117553 0.256578462309 0.289752037513 0.225482194403 0.183389232711 0.561455507336 
0.00171226367275 0.00439688939908 0.0374304039291 0.469338999304 0.477986631328 0.147229337438 0.18772948441 0.134590293989 
0.0157749806661 0.00567669461195 0.0273817520406 0.329520225785 0.272805831916 0.111685408262 0.402039788159 0.598272928805 
0.0742749850549 0.0670721696568 0.0435705163975 0.0186490300162 0.00398601558075 0.0410797997831 0.212610567339 0.810660401132 
0.0724508076277 0.0237388997141 0.036911156538 0.0601975157888 0.105649904154 0.0629078184923 0.692499390205 0.73683442579 
0.301300198874 0.11631002891 0.692549288741 0.213046708711 0.07015334307 0.0707998690807 0.126811763933 0.309804508477 
0.0156874626301 0.0468333214245 0.104956333768 0.532066976528 0.583649622727 0.0921604968907 0.501599657077 0.357755029041 
0.141121025563 0.215943225349 0.172356017028 0.174980916652 0.147280374716 0.13985233238 0.185939533892 0.553217344682 
0.0370695088502 0.0419710603037 0.00382240316363 0.00265946685739 0.0590047836668 0.457936870217 0.646099007502 0.503494644532 
0.00229784696368 0.00372467420674 0.017199744272 0.0158558826556 0.0286051063259 0.150278454312 0.342372472477 0.78558889154 
0.0162134070532 0.0183568895931 0.000169620906144 0.0794954253166 0.770363383867 0.508239534222 0.421794292631 0.229294741634 
0.00932133788008 0.0348093660454 0.0905527525726 0.0536682470539 0.18692754693 0.662533603495 0.573615659287 0.171047633165 
0.0379856707803 0.02253972288 0.022016554955 0.0198038496889 0.719872655187 0.747905204316 0.117540668061 0.186774092056 
0.43112166038 0.577900911215 0.257333651492 0.269251611005 0.315493758903 0.000620356967473 0.0720007179524 0.393175351073 
0.428333308206 0.146054737028 0.427496253503 0.454343964462 0.334751045958 0.68047060888 0.182042451223 0.130499749791 
0.0482808701307 0.04975530366 0.104110681628 0.2867454984 0.215729109045 0.504993306966 0.297814845853 0.20217342031 
0.0111071033957 0.0180039620677 0.083138622388 0.0766439065261 0.0326944702353 0.0041828521057 0.324980345242 0.833554949197 
0.0258589603981 0.308592605494 0.34483142796 0.256283309612 0.273857523694 0.293197249606 0.625518371514 0.450988499326 
0.0157749806661 0.00567669461195 0.0273817520406 0.329520225785 0.272805831916 0.111685408262 0.402039788159 0.598272928805 
0.0538714508549 0.260854337798 0.302003978967 0.0898693416048 0.165908654326 0.0730191828267 0.376857612364 0.551150686938 
0.0249966821935 0.034762700219 0.0797686804187 0.12298634486 0.0928731630449 0.253542437142 0.529914880843 0.650904801094 
0.0794667371006 0.0160034967246 0.348570973811 0.289794238687 0.0933317140074 0.22776139842 0.412883986632 0.650931261966 
0.0854325896006 0.141966722849 0.177914709428 0.276174092216 0.367215081082 0.722184510111 0.692455866949 0.0234282116306 
0.0379856707803 0.02253972288 0.022016554955 0.0198038496889 0.719872655187 0.747905204316 0.117540668061 0.186774092056 
0.100752118062 0.114418376006 0.255991837169 0.288744413781 0.23329983093 0.569646843328 0.346939558165 0.0962268127794 
0.100280447365 0.174536372798 0.439209553882 0.437206042325 0.181092820907 0.426538715713 0.294269375888 0.0793767967219 
0.310703370804 0.481591378569 0.529547129478 0.0462218255804 0.0779610523305 0.154826096051 0.197419433127 0.141549866773 
0.0829420744621 0.0178045522018 0.0241024657913 0.1123461495 0.316739091674 0.758825109751 0.490989458314 0.112358388879 
0.113338535728 0.130062736402 0.0204068831199 0.192520106513 0.361132433539 0.279545239144 0.0899383400344 0.528335279211 
0.0189451483909 0.0314819038687 0.0394535211222 0.0612428581182 0.0814311630412 0.116818170989 0.301965970014 0.764769969202 
0.0199357855109 0.0965966989493 0.234810714261 0.271089883611 0.465613111524 0.435919668309 0.0612473993117 0.582742665333 
0.127311110855 0.0530975436133 0.0137889929457 0.0142001171834 0.170872079263 0.264597956014 0.128229629005 0.394045122309 
0.383373486839 0.346195856438 0.556001093743 0.863746588135 0.393117998399 0.519725618115 0.152608575875 0.275867869449 
0.122242834783 0.130383137858 0.000555084310238 0.0135455272198 0.16299545012 0.252400914238 0.122315570667 0.375867670993 
0.0614398490846 0.0995903899429 0.272729577882 0.213719762061 0.100887876715 0.437936062515 0.350112185588 0.146264047392 
0.239359549487 0.371008190359 0.407952310257 0.035608272294 0.0633701921147 0.295145533578 0.629675356574 0.453987223599 
0.452119236992 0.546144063849 0.521119879144 0.164766990572 0.12491334802 0.598768848584 0.434340421436 0.286348065683 
0.0101134579926 0.0230967009893 0.0482864851927 0.0557681967984 0.171463024275 0.377173260807 0.473372737251 0.496347846432 
0.404174097226 0.427175072418 0.2544739626 0.00556348187831 0.23495924759 0.54645564983 0.353941016109 0.233297552605 
0.0251317590699 0.0686680130363 0.0525673557957 0.0360476218107 0.244216294712 0.439045057616 0.725803626062 0.690441242444 
0.0446951357581 0.216421126184 0.250561440129 0.0745611848877 0.137648052291 0.0828502104246 0.67669694236 0.64371182854 
0.10455959399 0.100676761073 0.0386044115037 0.0281410283396 0.261433720495 0.202370492278 0.065090114629 0.382396606189 
0.0670318764768 0.112175489494 0.156893117553 0.256578462309 0.289752037513 0.225482194403 0.183389232711 0.561455507336 
0.105796101793 0.512281951036 0.593094230814 0.176491333729 0.32582272446 0.143400418834 0.598792807649 0.439088529964 
0.0722690045947 0.0867930349809 0.0251744545788 0.050395820507 0.175529632891 0.622135766739 0.538635466354 0.160600323844 
0.209275625575 0.22321155197 0.000952216258473 0.0244376254527 0.175260927372 0.534347785437 0.550463862008 0.354790227003 
0.209689007295 0.102057735565 0.116992220643 0.109500548773 0.168820160421 0.233250268862 0.0750325851933 0.440790754546 
0.000544681937223 0.00158565229191 0.00395824881276 0.0122443711877 0.182228792203 0.176081224601 0.0982324333188 0.839484115986 
0.203790990965 0.120924356346 0.118117856654 0.0691423123967 0.262051610422 0.107282664796 0.386188438121 0.574677163563 
0.00930899567058 0.0105716887938 0.00921740784484 0.0662203798548 0.641719786551 0.423368182217 0.351347250186 0.190956119395 
0.0380955699896 0.0164999787113 0.00343744091029 0.0124639155711 0.0540630622857 0.0578926716003 0.324254438351 0.783092658363 
0.000220051024335 0.000156324493825 0.0019095124514 0.00305776534624 0.132382589051 0.508355837898 0.643128221841 0.72350246086 
0.456536042967 0.524611210783 0.20334139133 0.40335005867 0.119750358911 0.696386518694 0.133101067564 0.122175623679 
0.0033667138296 0.00595225182887 0.0196304135954 0.177355345382 0.191838691195 0.0712406847259 0.273991688965 0.742048289789 
0.00959737878518 9.88776447823e-05 0.0194988426059 0.0212571250606 0.00938895113468 0.430933929967 0.778616137037 0.67760634533 
0.00100774846441 0.00195633869522 0.461528678052 0.516389627301 0.377644039793 0.245086473436 0.224819431691 0.352463973329 
0.0888735471731 0.0101953250929 0.072231097206 0.245841399492 0.234470893112 0.274874535279 0.465043345467 0.130692512601 
0.0699662829174 0.261280291195 0.679692426241 0.408110792383 0.552552990791 0.481259869895 0.160204408318 0.246312461096 
0.167991298053 0.279157804243 0.349844575721 0.543058255156 0.722078356621 0.730657581859 0.144945359684 0.230363154525 
0.00251841161123 0.00164728663307 0.000428294827089 0.0812564288476 0.0820004130273 0.0727177207169 0.733174439268 0.529460128914 
0.0157749806661 0.00567669461195 0.0273817520406 0.329520225785 0.272805831916 0.111685408262 0.402039788159 0.598272928805 
0.0917083501163 0.152395403092 0.190984083775 0.296461486768 0.489798356766 0.551964760466 0.173179989052 0.570757266843 
0.0141507547596 0.00546257211984 0.0325259577289 0.0110478855624 0.0597984764039 0.46409663199 0.654790659921 0.510271108382 
0.00340393014045 0.00715997403506 0.0467460836202 0.0458876071592 0.00980159060054 0.0199490123105 0.115763834115 0.71396715775 
0.0929611736414 0.236964497386 0.255265273253 0.200084420807 0.156047489857 0.185531833478 0.0642088421301 0.713889150752 
0.133785542551 0.382198217529 0.391931426905 0.219697883145 0.213599679042 0.0440073898528 0.0947463520327 0.339069699663 
0.0603398334517 0.106140610049 0.181419352377 0.304630379243 0.285899991985 0.10706796338 0.119635053526 0.513816819636 
0.00219138056504 0.00279322812357 0.0474420048847 0.0271140081611 0.0534210219862 0.655709906279 0.703153131071 0.301751605031 
0.018294183863 0.012028659781 0.0353050586423 0.170024762019 0.222485263624 0.418168612015 0.442367313974 0.309718268947 
0.0742153635657 0.0159312544651 0.0215665296506 0.10052566593 0.283413429512 0.678985599183 0.477439227186 0.284163991519 
0.483116144238 0.164734799212 0.482172040197 0.479270081402 0.0792145408018 0.717802452527 0.192033351688 0.137675146451 
0.00932133788008 0.0348093660454 0.0905527525726 0.0536682470539 0.18692754693 0.662533603495 0.573615659287 0.171047633165 
0.285186896375 0.0934430385726 0.145292950637 0.236955501319 0.419457704152 0.154477102666 0.196974279058 0.141230145562 
0.0742153635657 0.0159312544651 0.0215665296506 0.10052566593 0.283413429512 0.678985599183 0.477439227186 0.284163991519 
0.230973207356 0.11671256502 0.133872757494 0.0783647557088 0.297004931318 0.121592441221 0.437708422607 0.651368010481 
0.0772074324488 0.288321454024 0.647744699791 0.15723501048 0.119203158775 0.571397396672 0.414482382428 0.273244994163 
0.0511040168135 0.139632537334 0.106892821368 0.0733011714437 0.496601150428 0.643525364064 0.49611698501 0.295290475958 
0.00136534959554 0.0015016392209 0.000685397048059 0.000238165987241 0.000599390145035 0.000911875090421 0.00259644299139 0.932254029375 
0.0829420744621 0.0178045522018 0.0241024657913 0.1123461495 0.316739091674 0.758825109751 0.490989458314 0.112358388879 
0.00498373218183 0.00121065976793 0.0053916388435 0.0181586807913 0.139148156098 0.48399664509 0.874498628524 0.761078521772 
0.226039634413 0.0740631158467 0.115159434479 0.177893601421 0.306556612051 0.125502868393 0.451787269211 0.672325289107 
0.026294690706 0.00896606255726 0.0262432464376 0.0260850279521 0.0088055259005 0.140795867203 0.302698950558 0.7666266295 
0.113444357535 0.134107680562 0.0277537854172 0.228991070236 0.428753020293 0.327596153113 0.178482229569 0.396085694174 
0.0538714508549 0.260854337798 0.302003978967 0.0898693416048 0.165908654326 0.0730191828267 0.376857612364 0.551150686938 
0.097425756813 0.105882485898 0.0359804251682 0.0720608458174 0.170415817471 0.577709167445 0.603778908696 0.47762090563 
0.0146824669538 0.0676646841853 0.0526707384422 0.00487321260933 0.0422386176265 0.211740581795 0.637283233377 0.627311069955 
0.0742153635657 0.0159312544651 0.0215665296506 0.10052566593 0.283413429512 0.678985599183 0.477439227186 0.284163991519 
0.0264119973396 0.0114395812667 0.00343744091029 0.0370523710391 0.0540630622857 0.0578926716003 0.324254438351 0.783092658363 
0.0332929083433 0.0162039894777 0.0185751279593 0.0173854116033 0.120606414253 0.916584508363 0.808958110326 0.181388638072 
0.00251841161123 0.00164728663307 0.000428294827089 0.0812564288476 0.0820004130273 0.0727177207169 0.733174439268 0.529460128914 
0.0768624498328 0.287033159803 0.746685734976 0.442543375871 0.484652127798 0.0902441495427 0.161657283642 0.394967214651 
0.0029277318612 0.000918957897941 0.010495446134 0.00049501305592 0.0757678340448 0.237131175122 0.71371007546 0.702568823596 
