0.0449876749057 0.0330349184806 0.0102898949099 0.0374370635278 0.024765528587 0.688832682069 0.909335354378 0.333311346237 
0.0606161034963 0.0769325567246 0.0779070202965 0.00954013100036 0.125693332295 0.36475460071 0.595645490635 0.619730993512 
0.387242139738 0.375169850759 0.139931525206 0.324226335088 0.349501664101 0.242824254175 0.0814588122102 0.354925693166 
0.0308583336045 0.0344555311537 0.0324242003511 0.253763508167 0.351305165616 0.191713862256 0.339020811939 0.547906305319 
0.169333618158 0.0874345321114 0.00745708791091 0.201222338694 0.47479963834 0.637659611712 0.346395354757 0.0721313902405 
0.234543903585 0.196031369753 0.235229427528 0.714276979008 0.393413537698 0.353136041728 0.140242240115 0.147627579255 
0.00658852693503 0.0316391229726 0.027389548519 0.0532468297743 0.112312643085 0.0931244397234 0.444396107411 0.753779680619 
0.209301205479 0.185565649117 0.0369039512733 0.0698647324502 0.202715528286 0.0992015818786 0.0226973801505 0.565471820708 
0.00981768095381 0.00599358115941 0.0117663640949 0.229535840913 0.605186756716 0.536091424388 0.137084772118 0.25836815849 
0.00216627609762 0.0433763794827 0.444743004312 0.630849580135 0.381832724213 0.261046698482 0.42974276303 0.37675343422 
0.128764463431 0.2298915944 0.291445392679 0.397607111157 0.216004500808 0.00134401117742 0.0371214647277 0.385834267901 
0.000301562490088 0.0553584950581 0.171824210148 0.33462142652 0.402336945446 0.339747518339 0.0172662449081 0.560169016134 
0.0405559973871 0.0485720958529 0.0811383517065 0.0900906961107 0.101687437275 0.255827382754 0.723808168162 0.520443025508 
0.00293813962039 0.0421793021195 0.0691510339597 0.0593934722907 0.00525565100981 0.257061669253 0.610980760112 0.624638025034 
0.0495284861198 0.0615540798924 0.0326414708593 0.0613088367324 0.283539440973 0.321368334822 0.66447434159 0.266639468586 
0.00125549863357 0.00313926084464 0.00415491214297 0.00485173535345 0.089390469517 0.454148063165 0.531248009631 0.508394085318 
0.234543903585 0.196031369753 0.235229427528 0.714276979008 0.393413537698 0.353136041728 0.140242240115 0.147627579255 
0.0119759319065 0.0220315481651 0.0157389882471 0.00314634411594 0.0128486111418 0.00143068258154 0.178581520847 0.793701646488 
0.116162479177 0.112541109378 0.0419757837117 0.126562537961 0.454041584292 0.636468321429 0.478148560529 0.35880671916 
0.415341701642 0.353976005706 0.115806251865 0.0655893246255 0.032196208805 0.50248507454 0.561366410417 0.249177804876 
0.226209364111 0.161297501488 0.32377171404 0.661763294499 0.0906949503662 0.17579589738 0.489146680037 0.257627144559 
0.295974811733 0.279590768811 0.0170504503294 0.394933817385 0.620629833609 0.471478685482 0.464812835366 0.124167103901 
0.323393511017 0.410443562065 0.41564243534 0.0509019588259 0.292834989979 0.282150384605 0.11205109921 0.117951794957 
0.0957318740382 0.12976497348 0.280371757178 0.0102657721575 0.243302532963 0.350475299782 0.431778629481 0.469114490898 
0.415341701642 0.353976005706 0.115806251865 0.0655893246255 0.032196208805 0.50248507454 0.561366410417 0.249177804876 
0.00715437567753 0.0032627516986 0.0312806322045 0.00401913721771 0.042387892684 0.397284734359 0.698640573643 0.70036463771 
0.128035804075 0.0239316711663 0.11766870192 0.162582716864 0.290949313117 0.106581529846 0.327866716413 0.464676579449 
0.226225853581 0.025474084261 0.00727920110305 0.141398354079 0.0782820340017 0.18276971749 0.255268673818 0.626288062447 
0.0222406247159 0.0125864152704 0.0728897189897 0.644448738547 0.584091730988 0.0846971561636 0.181376368169 0.0653873206682 
0.116162479177 0.112541109378 0.0419757837117 0.126562537961 0.454041584292 0.636468321429 0.478148560529 0.35880671916 
0.0365762518218 0.0438057334601 0.0731762743082 0.0557928786464 0.006158121945 0.301189756964 0.715862738081 0.731864501279 
0.12055838403 0.149603928672 0.221471059371 0.167492267632 0.0927285464561 0.216498882627 0.302376701749 0.741864299261 
0.191429424272 0.163146206313 0.053374663596 0.0302293350257 0.0148382258237 0.203028739097 0.542412918574 0.654170876004 
0.194563944831 0.241804372474 0.128226280529 0.0494495555363 0.0973859891544 0.259204651359 0.535943132238 0.215062145166 
0.0903358908209 0.104287218581 0.158974239747 0.267019357767 0.453395862274 0.551030298361 0.415017985138 0.46302082146 
0.235700469745 0.00929868604942 0.0131753231799 0.147884078421 0.0164474083182 0.59914864258 0.417521442074 0.465813840007 
0.12055838403 0.149603928672 0.221471059371 0.167492267632 0.0927285464561 0.216498882627 0.302376701749 0.741864299261 
0.0136981397594 0.196647452196 0.32239449016 0.329591438128 0.27141599269 0.390972698481 0.481670431015 0.52332045458 
0.0815793485298 0.133646409131 0.0896707095218 0.0255633591616 0.12480310679 0.0924064668418 0.318249724024 0.675778468871 
0.0275347940671 0.0120512690639 0.095111195409 0.0499943828246 0.216180770856 0.317689963922 0.417997465058 0.662252939698 
0.234543903585 0.196031369753 0.235229427528 0.714276979008 0.393413537698 0.353136041728 0.140242240115 0.147627579255 
0.247592017661 0.127842849641 0.0109034206082 0.294218733514 0.38660171986 0.570381562663 0.637218865328 0.282847299383 
0.180660624889 0.0876536630141 0.0520570192505 0.0870675288511 0.076087088746 0.889260491876 0.13756136338 0.0923577491201 
0.0874067715586 0.0876562669314 0.0843222897311 0.479856668525 0.652095573913 0.120926567795 0.162107609416 0.340200225646 
0.0602722728668 0.0284118128866 0.0751801166065 0.380613510668 0.481005204688 0.549526488686 0.605782727883 0.454753157623 
0.0531510517557 0.0139811457769 0.260125416148 0.217265700429 0.122660891924 0.567515856957 0.413014372099 0.460785461108 
0.00241156803553 0.00254476221169 0.093586455378 0.370840260984 0.245961430795 0.243062806191 0.193938176359 0.656508212914 
0.137267800576 0.07087751399 0.00476969192785 0.0849772638893 0.414236098114 0.545240938129 0.303332516818 0.0893803941307 
0.0270281564259 0.0332199910427 0.0278595167476 0.0491321099786 0.0446694361352 0.381915356052 0.629333819236 0.562060435766 
0.110651186056 0.10720163104 0.0399842554536 0.0926442386527 0.134847579763 0.215668891887 0.539024112498 0.650083846577 
0.169333618158 0.0874345321114 0.00745708791091 0.201222338694 0.47479963834 0.637659611712 0.346395354757 0.0721313902405 
0.0809476959813 0.0392745346591 0.0233249250709 0.0390113591766 0.0340910524137 0.638351429336 0.571356085209 0.448285907711 
0.0177115126805 0.0328646032211 0.026942169639 0.0658071535466 0.162315239896 0.625200715152 0.728695604321 0.326096426556 
0.159382010834 0.0734194908081 0.14516977497 0.213256884516 0.296805440136 0.451736690599 0.504671438245 0.224011960786 
0.00885031779937 0.0415004405735 0.0433141556566 0.0361766444691 0.0204232143727 0.340097438091 0.814258385355 0.790373834057 
0.0291623659134 0.0137468791997 0.0363754336286 0.184156981882 0.232730549917 0.265882923622 0.664523133674 0.801440454521 
0.183307391357 0.300301178051 0.201488540907 0.0574416704578 0.41331132499 0.394427282603 0.0200456117705 0.650323474619 
0.0211619927033 0.0318979267622 0.0856817294158 0.097265186257 0.108221531767 0.293855959023 0.72020490998 0.764222018689 
0.0461188327066 0.0212446880699 0.0420063746169 0.061707377808 0.583466111304 0.793868942688 0.281645647159 0.165688025478 
0.0488554202087 0.229090207958 0.239102259032 0.199706355648 0.112747390414 0.521649291695 0.379634569161 0.423544793073 
0.0647217726799 0.0515500261654 0.169762478519 0.401611561021 0.0390440288294 0.375325181107 0.462393073545 0.502376177028 
0.260700866711 0.540798809599 0.496647892214 0.106895171338 0.303762827619 0.0902972527877 0.428963921096 0.465141065303 
0.418834428171 0.50099210112 0.202618754663 0.0216349522351 0.26847980182 0.166254414339 0.126319800743 0.413827049165 
0.12055838403 0.149603928672 0.221471059371 0.167492267632 0.0927285464561 0.216498882627 0.302376701749 0.741864299261 
0.00481800758168 0.00183459187903 0.0277290842761 0.0975229593643 0.0953776406372 0.21950088785 0.860415992811 0.748594559175 
0.0385995706971 0.0507639387548 0.0926801004062 0.128313225687 0.257539966816 0.478779173585 0.492038418781 0.613972347468 
0.239302065896 0.123562376167 0.0105383488458 0.284367578465 0.418403802893 0.401464144878 0.0204032947651 0.661925655361 
0.161417100939 0.15907367221 0.0161282382644 0.0418138597473 0.123249935133 0.302507356981 0.218997288655 0.517034761372 
0.0270281564259 0.0332199910427 0.0278595167476 0.0491321099786 0.0446694361352 0.381915356052 0.629333819236 0.562060435766 
0.0264500055759 0.00297839225572 0.000851071350704 0.118650855142 0.510903957982 0.452572674176 0.115727709924 0.218116183317 
0.0110290826809 0.00159843093397 0.00511429778731 0.0577572815012 0.419525978517 0.574818210593 0.533855676594 0.495298018569 
0.0767181777499 0.115638956159 0.310620362011 0.597833110417 0.721701904519 0.548261341737 0.540509815472 0.14438877769 
0.170973607618 0.0741049178196 0.0170830915084 0.0442894583785 0.144392470561 0.360058330472 0.256564576677 0.605727382169 
0.0674050307041 0.411230945558 0.459899807804 0.104590345633 0.278736717409 0.447754187228 0.00731397541145 0.423100399114 
0.415341701642 0.353976005706 0.115806251865 0.0655893246255 0.032196208805 0.50248507454 0.561366410417 0.249177804876 
0.132607557579 0.128473511809 0.0479182798973 0.14448008961 0.51832031165 0.673024726954 0.393284555833 0.1631938263 
0.0256489277029 0.120271575614 0.0919543053418 0.0482478182038 0.208628541931 0.306591477018 0.403394809122 0.639117319222 
0.0822469735115 0.0394232161778 0.0568863361875 0.338529320406 0.0703416012647 0.220179472114 0.430886533686 0.411632842687 
0.0881683771406 0.144440807706 0.096913263981 0.0276281497479 0.230806210598 0.247968490445 0.105569609866 0.576780039441 
0.000482978789479 0.0886612557437 0.275190828779 0.294479564962 0.0204021450981 0.743198963999 0.517904159082 0.531584517263 
0.000172408813607 0.0316496332087 0.0982355697316 0.11973956243 0.136872177202 0.397194879553 0.64862028425 0.674847904907 
0.106885731865 0.0503849832388 0.067909355999 0.199952513696 0.20795889554 0.152842845011 0.0352319319939 0.809633726557 
0.378153712339 0.372663734523 0.037783814242 0.0914845393019 0.0284387581691 0.443845200061 0.495855239546 0.220098614092 
2.7870730883e-05 0.00215146130817 0.0807756353119 0.412058890509 0.396753558559 0.0537395746832 0.300384485929 0.180885114637 
0.46776659408 0.390320400217 0.131187453916 0.183393786411 0.4259389818 0.63372810177 0.12566924535 0.408234405313 
0.0690700247631 0.035663947173 0.00282988379974 0.0675268274715 0.638490428919 0.868735664417 0.308206739075 0.181313701201 
0.0440526962395 0.0541446534625 0.0454077156351 0.0800801502463 0.0728069267732 0.622479343804 0.581089629288 0.228268179836 
0.0781596086621 0.015697529335 0.059929053377 0.314040744005 0.0278656428245 0.434900994236 0.485862970611 0.215663231686 
0.102195114457 0.129703675358 0.131346563126 0.0151510316926 0.147916807665 0.363050269939 0.262826824057 0.620511923758 
0.25904194645 0.476547018279 0.340437655773 0.0680766506048 0.511147807016 0.664877117219 0.131846265035 0.428300008404 
0.00553193661664 0.0126611249047 0.00974427640732 0.00300255556204 0.0194471310646 0.523496458648 0.813314772901 0.598032220743 
0.31866003806 0.164538452321 0.0102576045523 0.0613945071688 0.120910307628 0.321817399972 0.66540284009 0.267012058773 
0.247592017661 0.127842849641 0.0109034206082 0.294218733514 0.38660171986 0.570381562663 0.637218865328 0.282847299383 
0.197441839208 0.101948065848 0.00745708791091 0.158948119131 0.47479963834 0.637659611712 0.346395354757 0.0721313902405 
0.0301311844792 0.0906982338107 0.111022691445 0.156646696963 0.162918921438 0.119739358937 0.0276007075584 0.63428290203 
0.00843162800651 0.051440478043 0.380999402739 0.418549949104 0.0309560157462 0.121321532788 0.494191936374 0.38774276665 
0.130003435379 0.170183927757 0.340776675207 0.502001187605 0.369022805378 0.391706865478 0.39707527238 0.136125305795 
0.10881118265 0.24903967129 0.191666360252 0.0590777719057 0.164957606203 0.310619209319 0.642249176937 0.257720899227 
0.00846353448925 0.121500632306 0.199194721263 0.203641048989 0.373604475977 0.719058297735 0.420184512282 0.174356154948 
0.0265100443451 0.0800107901048 0.0915714861112 0.0481337279855 0.208135210372 0.305866494514 0.402440925033 0.63760603933 
