0.0135278534939 0.0158902704445 0.020828436635 0.0236841614731 0.0133926117634 0.774957877421 0.940790188349 0.391388361011 
0.0122464195886 0.274288713406 0.378151413874 0.437982141342 0.54553219914 0.553327951217 0.399921993709 0.205675644758 
0.0329166010949 0.328259791074 0.485151531479 0.516481738076 0.525199739948 0.321352080416 0.240223264432 0.509581788711 
0.00256965410603 0.000656220818388 0.364481784787 0.449888230261 0.0949328989509 0.191975554044 0.389423315802 0.0536417681643 
0.0420217541597 0.00483081256536 0.0933616438353 0.112105925914 0.079231767814 0.387218209074 0.73567424683 0.343845129783 
0.0757818117922 0.0842274930046 0.122781372098 0.199716099042 0.251675427 0.125462733203 0.348349692957 0.475699389979 
0.0694344725992 0.0481750036573 0.266639160651 0.3218923644 0.0776934796036 0.584820587818 0.071227314853 0.0403836289237 
0.00617150055566 0.00677250611731 0.00147767669542 0.0222147229705 0.149084406625 0.72922556197 0.731289576047 0.370287391232 
0.0420217541597 0.00483081256536 0.0933616438353 0.112105925914 0.079231767814 0.387218209074 0.73567424683 0.343845129783 
0.0136179892128 0.0149294718331 0.00558525199741 8.75062983855e-06 0.038522388691 0.779538617908 0.770204200682 0.273758892212 
0.161533197776 0.183134374864 0.101494871935 0.449801176327 0.53675215007 0.25606389692 0.0768763930463 0.530550790623 
0.00903259385886 0.199520956603 0.186519355775 0.115811753783 0.624188594067 0.790452649298 0.751794983914 0.12823691117 
0.14923957994 0.110596745624 0.0536721472643 0.171184414481 0.24503780955 0.215189564701 0.209740907818 0.657482882292 
0.0276220491836 0.239239160748 0.195632056593 0.0260954682515 0.577475363792 0.208734338712 0.0161422679567 0.469462238748 
0.207868575798 0.097527239048 0.0747573443702 0.238434487239 0.341301538882 0.29972763802 0.292146379981 0.915777439277 
0.101343143537 0.105711197189 0.0447769341296 0.0613216948334 0.0647365971694 0.099263298578 0.851553407717 0.544424184519 
0.0322983266394 0.218908029955 0.210188750357 0.12631538348 0.118711241145 0.0896935715448 0.0652096407239 0.657704710404 
0.0436332144449 0.377914520165 0.309030506651 0.0412217711211 0.912210247903 0.329728305384 0.0192219892112 0.0495612902584 
0.0369474768079 0.0313838545123 0.00581187982285 0.0499487656338 0.0667507390723 0.0621902976091 0.751214141757 0.823863486094 
0.0681626242247 0.052436763569 0.119099834746 0.810673303171 0.738387214595 0.141377596156 0.088079652793 0.0476700648011 
0.00538350196568 0.00589426229547 0.0107016825312 0.0437411520396 0.445564723561 0.460152762182 0.298308175374 0.534882355683 
0.0745897170049 0.0297109604858 0.0237015242471 0.236463165232 0.141460005756 0.322083521926 0.706075910402 0.10794675315 
0.0537375046746 0.0402553410423 0.0373319369029 0.0997993461405 0.0213342891127 0.449680618034 0.648053287656 0.411722147889 
0.0135278534939 0.0158902704445 0.020828436635 0.0236841614731 0.0133926117634 0.774957877421 0.940790188349 0.391388361011 
0.127982173306 0.121300765465 0.0400584449068 0.299620007132 0.459583131936 0.417993015929 0.558007500288 0.535823175066 
0.0505634326463 0.0201406866704 0.0160669554706 0.188361441738 0.252530638974 0.434188570856 0.718306539925 0.789017557906 
0.0513282553846 0.347886974719 0.334030379914 0.200739468984 0.188655381283 0.372419915849 0.806320679454 0.240403874213 
0.0943391433034 0.103289586519 0.187534101897 0.215466626393 0.107394738993 0.536779332232 0.689876868285 0.205686650601 
0.000518889221695 0.00216631577955 0.00287227646541 0.0118603144313 0.405229662001 0.547376579959 0.445120746472 0.379057412072 
0.0888969978679 0.104421397099 0.136872251732 0.155638418956 0.0532044629402 0.163341607362 0.414062751226 0.721160275642 
0.00410092679921 0.0905853816876 0.0846824513985 0.0525801791323 0.28339024196 0.358876134892 0.558346828158 0.73507548076 
0.260552688602 0.180055270381 0.360215403858 0.648311114603 0.256130393876 0.0431875853503 0.0158374878648 0.576009610188 
0.00218971632525 0.000559194675026 0.310591128248 0.383369756242 0.0808964480937 0.163590706368 0.439777028178 0.402733310092 
0.0636060742028 0.0669594183722 0.197157448742 0.318709798782 0.188519238731 0.429230394706 0.940970921622 0.143858224824 
0.0436332144449 0.377914520165 0.309030506651 0.0412217711211 0.912210247903 0.329728305384 0.0192219892112 0.0495612902584 
0.0565030894051 0.0655099867758 0.183920353356 0.709399558011 0.675095863154 0.650627425782 0.425601962082 0.399519098076 
0.0203710490549 0.0223037556804 0.0404950061731 0.165515609575 0.182563034806 0.267791850186 0.80010676213 0.508322620106 
0.0187024219321 0.036446953314 0.187428898418 0.122295463561 0.103750944043 0.0430502022405 0.750835710122 0.644649033028 
0.095284312596 0.106211008563 0.0207770634863 0.208822578903 0.274708903794 0.327514741397 0.489162087574 0.621494271558 
0.139184617902 0.0897638422162 0.00643878918804 0.202473954781 0.143003204117 0.325597155024 0.713778747306 0.109124386544 
0.00274993851105 0.000920190245814 0.0132192688311 0.0461076542757 0.450886956924 0.465649256471 0.301871692984 0.541271514266 
0.0223969222707 0.0190243502515 0.00352304857674 0.0302780637658 0.081269967533 0.178483644322 0.589153793642 0.801383473597 
0.158044388655 0.173038878779 0.169277194134 0.010425741465 0.319598353302 0.100797057583 0.587799963271 0.27892271909 
0.280733902372 0.208043041345 0.100962462683 0.322014266184 0.460940089268 0.407306270231 0.221169427664 0.358805033534 
0.0739995233854 0.113099016068 0.223105696882 0.444525479348 0.411987708189 0.374749358473 0.395804547101 0.674427793875 
0.095284312596 0.106211008563 0.0207770634863 0.208822578903 0.274708903794 0.327514741397 0.489162087574 0.621494271558 
0.0350667697881 0.0383937356298 0.066790548436 0.0850684676138 0.0601226768351 0.293829491596 0.730466552623 0.634343733189 
0.101343143537 0.105711197189 0.0447769341296 0.0613216948334 0.0647365971694 0.099263298578 0.851553407717 0.544424184519 
0.00591450343234 0.0512265045798 0.0418892151075 0.00183202312165 0.0279271578445 0.161042351257 0.531580442838 0.723073095565 
0.0036539096192 0.0807112208993 0.0809280407308 0.0859542665122 0.270826064204 0.342965247974 0.533591485096 0.702485639522 
0.0203589571576 0.176332315385 0.240415958779 0.232055897105 0.163896413983 0.373167885737 0.8180666937 0.125068248499 
0.077952154998 0.089053320071 0.0618222868835 0.233663910811 0.103234222039 0.5159843505 0.663150079693 0.197718173043 
0.0269964000266 0.0526101127311 0.224050254995 0.0298200399809 0.659897624998 0.238526860492 0.0184492947591 0.536468372725 
0.0167123199347 0.144748185229 0.118364327031 0.00586648461347 0.0818514833127 0.400021113768 0.75999905764 0.355214035008 
0.00242364550014 0.0147294382593 0.292758637531 0.303047019818 0.121292618478 0.495417545063 0.609929570665 0.289423407224 
0.147240537263 0.163889046785 0.135964173259 0.00896005910282 0.274668330095 0.0448925255805 0.139631157094 0.56553559706 
0.0420217541597 0.00483081256536 0.0933616438353 0.112105925914 0.079231767814 0.387218209074 0.73567424683 0.343845129783 
0.157232960535 0.10715950639 0.0921697995528 0.240285139804 0.272945999899 0.55858397683 0.540038194798 0.00246195173442 
0.0463771617152 0.0053315095252 0.103038254089 0.123725316106 0.094490922775 0.110752810813 0.427650207843 0.873128833395 
0.14923957994 0.110596745624 0.0536721472643 0.171184414481 0.24503780955 0.215189564701 0.209740907818 0.657482882292 
0.0220668595822 0.00015363895055 0.0293719351165 0.254339520839 0.190716101031 0.0639281281224 0.658262477459 0.882879199225 
0.0448247011025 0.0862718670945 0.342940604253 0.502353020179 0.322122513489 0.186813195985 0.489694299587 0.331779015158 
0.0777715412052 0.01708368708 0.130363494383 0.117017065193 0.10789588935 0.622176329744 0.633217263383 0.283028551007 
0.196653078901 0.218888672012 0.181592483441 0.0119669843038 0.502615705129 0.384470851218 0.208768512664 0.338688676762 
0.118363114889 0.0413631646297 0.312090301894 0.259211313492 0.0683127190381 0.19838735152 0.366274122348 0.676073561194 
0.0220668595822 0.00015363895055 0.0293719351165 0.254339520839 0.190716101031 0.0639281281224 0.658262477459 0.882879199225 
0.0051762986539 0.0448327904869 0.0567153478724 0.0501852693198 0.0861096020673 0.191631523707 0.57947268553 0.824649115485 
0.0128451344199 0.0148927179075 0.0268977742245 0.0845938519993 0.0826356601303 0.643636418568 0.932495850291 0.639142903467 
0.00940330001529 0.0814435507585 0.118364327031 0.115812562123 0.0818514833127 0.400021113768 0.75999905764 0.355214035008 
0.103083328968 0.297505433964 0.304376680931 0.242559343684 0.229681884307 0.437937519138 0.641629785743 0.300934361279 
0.00274993851105 0.000920190245814 0.0132192688311 0.0461076542757 0.450886956924 0.465649256471 0.301871692984 0.541271514266 
0.0847741919704 0.234916974015 0.179780009039 0.0258864706083 0.572850386858 0.20706258494 0.0160128132974 0.465702310064 
0.00628564784411 0.0447842683025 0.0445178308488 0.0019469879662 0.0296796712434 0.171148094598 0.564939294409 0.76844728763 
0.0736635930209 0.0806524395888 0.146433756565 0.598519795884 0.660166442606 0.286634827572 0.485159767037 0.17199139458 
0.0878569092106 0.0566612446509 0.00406431743808 0.110376090992 0.0498775189534 0.102067608458 0.394112727535 0.724735058909 
0.00940330001529 0.0814435507585 0.118364327031 0.115812562123 0.0818514833127 0.400021113768 0.75999905764 0.355214035008 
0.0036539096192 0.0807112208993 0.0809280407308 0.0859542665122 0.270826064204 0.342965247974 0.533591485096 0.702485639522 
0.0420217541597 0.00483081256536 0.0933616438353 0.112105925914 0.079231767814 0.387218209074 0.73567424683 0.343845129783 
0.182800790744 0.443680673 0.346358688582 0.110766875185 0.00961912290042 0.00859646355668 0.599940994962 0.633864100556 
0.15960496758 0.202900588709 0.0896118285117 0.057570423972 0.169561589737 0.128964139851 0.658803090439 0.574307043741 
0.0847741919704 0.234916974015 0.179780009039 0.0258864706083 0.572850386858 0.20706258494 0.0160128132974 0.465702310064 
0.110151526397 0.746572830265 0.716836318688 0.430791205387 0.404859191935 0.354985485047 0.445104622961 0.228911749615 
0.00724859964809 0.160114315269 0.149680606189 0.0929381976913 0.310173817392 0.0618196726099 0.12710823865 0.880315033012 
0.0296861396945 0.0325026172632 0.0590122130601 0.241201117202 0.371814589381 0.369492522607 0.551860812715 0.701151737651 
0.0264769385383 0.0203684196168 0.0462628572324 0.314896123668 0.286817104049 0.0549155819316 0.112910556211 0.782002188657 
0.114332080375 0.116467494432 0.0246490185161 0.0960493530844 0.212356438397 0.731722121276 0.434514362684 0.539519501751 
0.0164778698752 0.164325055264 0.242864187275 0.258547913273 0.262911794416 0.162931741324 0.226627456806 0.710412664444 
0.0251143947581 0.217519949618 0.316128241486 0.309312985394 0.203253576789 0.363893228789 0.78785925399 0.234899679275 
0.398900732717 0.462034647575 0.233835247065 0.609604546627 0.692466228434 0.814572583546 0.113130569725 0.0641363930732 
0.0940961116438 0.146289887545 0.249254106688 0.1605049803 0.0205050578549 0.567586903532 0.724147743061 0.215904365145 
0.00658213762356 0.00448594542858 0.00863571522775 0.0254327382815 0.1706807648 0.834860868761 0.837226791939 0.423927487362 
0.087584917752 0.0837872270689 0.151304038083 0.155192638889 0.182231173643 0.0576953441648 0.0118724215851 0.698473492086 
0.568511958548 0.579130226435 0.122566441814 0.477601942573 0.214627975833 0.318293873542 0.095564415228 0.659488193233 
0.0429309595375 0.0406897153655 0.0285777948168 0.163369180475 0.219024171495 0.376579193564 0.622997024713 0.684328306226 
0.0115796971331 0.0121901842007 0.0358931453743 0.089277992431 0.0779707795041 0.0726439035898 0.877487086176 0.962344833607 
0.0229298057757 0.0286503633216 0.0125755813443 0.0108496550975 0.0436565281939 0.107495332329 0.778435496734 0.869607083442 
0.0504316854483 0.0168755805929 0.242431333684 0.679946234033 0.77689225798 0.411304992568 0.324414404587 0.615009498581 
0.0203589571576 0.176332315385 0.240415958779 0.232055897105 0.163896413983 0.373167885737 0.8180666937 0.125068248499 
0.176148300382 0.27385525918 0.466604717903 0.300466003603 0.0383861148197 0.470002106732 0.426007785245 0.491235977572 
0.0152855151977 0.0441150284297 0.0451338923793 0.0319596425412 0.0321333117121 0.185296837111 0.611644003347 0.831974307714 
