0.00363640500118 0.00819748898858 0.021122286126 0.0316299855826 0.0252847736327 0.122947573069 0.787556861778 0.774064966239 
0.0456646692317 0.0193725486627 0.0215065565777 0.000720475571789 0.520979936335 0.707513536748 0.592843134779 0.226568149417 
0.153272293261 0.0999289111545 0.101259859849 0.0591928626034 0.28484127109 0.761214887362 0.661158373017 0.0297420643698 
0.115720305644 0.156447776028 0.162192969545 0.34521014753 0.334532983637 0.315771122751 0.559554368608 0.681278300648 
0.12646693175 0.347593298837 0.283518360244 0.0321422424818 0.202911082873 0.194689636878 0.133717572993 0.467488848516 
0.0338879142445 0.0321955567985 0.0627962571295 0.0891576272709 0.0256945784515 0.175899197472 0.599153261288 0.446587254834 
0.127216710154 0.354344227238 0.455708308493 0.44147101937 0.226717041744 0.251315725754 0.240926701636 0.316517258475 
0.15404614775 0.136596332086 0.111568841105 0.211964787557 0.0264745812461 0.559922094442 0.58889037851 0.608041085022 
0.0331171598604 0.0401550555377 0.39089556267 0.48471550224 0.178914856475 0.404819818104 0.643212137661 0.0392861267 
0.0939597189951 0.135044681225 0.308166914942 0.417125291277 0.902246866431 0.0719334305281 0.219976406385 0.248051679294 
0.268959520387 0.0796649958607 0.160112605639 0.150691940027 0.129998823335 0.358374054183 0.362536902457 0.132638493844 
0.000771156568446 0.00472069302485 0.0431491956204 0.38974392603 0.375540049847 0.210157704611 0.53975920897 0.253836068724 
0.452827160897 0.295382687796 0.476454354083 0.371214511015 0.308708738066 0.342206946695 0.328057729117 0.431008314177 
0.0331171598604 0.0401550555377 0.39089556267 0.48471550224 0.178914856475 0.404819818104 0.643212137661 0.0392861267 
0.0463178639092 0.00382128258185 0.0445983218699 0.0868790474408 0.0399622330057 0.270429714388 0.713840582162 0.699082390887 
0.594512573508 0.404840240276 0.375444784623 0.215459830567 0.828649664262 0.0428739144857 0.0843602145413 0.187737554338 
0.0290415417946 0.0452882217037 0.076389947659 0.113586249228 0.047884658061 0.0274241102632 0.707655727766 0.752688142485 
0.222950703 0.347675294547 0.237191791523 0.14525766038 0.355812709483 0.0364456790792 0.677066322286 0.318424743591 
0.0795101026584 0.026046005766 0.292195057338 0.417961916536 0.0358348633308 0.510419114417 0.238422307261 0.196329715847 
0.00475010599594 0.00179045791395 0.151727686622 0.319201523904 0.460009261516 0.417721486706 0.0306212387964 0.463226659349 
0.000817558101733 0.00500472576994 0.0457453803372 0.413193885134 0.398135410943 0.162672886381 0.310665380449 0.055375383922 
0.0198340921132 0.0447111952718 0.0446202942198 0.000742398894026 0.536827513819 0.72903552795 0.610876739486 0.233462053092 
0.00213644375644 0.0119267528996 0.101375906867 0.408677539519 0.40027078227 0.169046191 0.101308461493 0.390266241065 
0.230472191698 0.219292631302 0.107856535435 0.567933127713 0.487564355216 0.311931344717 0.333276639121 0.0466439664203 
0.15370882859 0.0900106392155 0.201096306878 0.0917028380806 0.311000527215 0.248732264794 0.140133905935 0.640263391475 
0.0765830231724 0.0288997761274 0.0423226547047 0.0392649478542 0.391293423044 0.15550238949 0.379704597678 0.2257889094 
0.0178030337897 0.00647859091247 0.0250164676997 0.376139173282 0.356872489491 0.10225835276 0.27470483558 0.450585753929 
0.0355674918754 0.0801782797872 0.206593897044 0.309369694535 0.547418121531 0.761540118768 0.373219742795 0.215502936517 
0.0331171598604 0.0401550555377 0.39089556267 0.48471550224 0.178914856475 0.404819818104 0.643212137661 0.0392861267 
0.0357515553815 0.120628292469 0.214959624481 0.252262447632 0.351928390646 0.233981243066 0.0676434773078 0.255609119566 
0.0463178639092 0.00382128258185 0.0445983218699 0.0868790474408 0.0399622330057 0.270429714388 0.713840582162 0.699082390887 
0.0456351753511 0.301719440715 0.309986178493 0.251469427198 0.309548068886 0.120159044343 0.735212428538 0.501561929838 
0.0283817242954 0.0720705950946 0.116976128342 0.139887523986 0.33112937533 0.783543813669 0.593022201986 0.0211283770588 
0.0726011711535 0.0473583348803 0.0763892951228 0.0595161549825 0.109475620166 0.356494038736 0.541614911266 0.731399726951 
0.00229734218596 0.0128249523402 0.10901049154 0.439454909961 0.640359299203 0.522125226395 0.24389029049 0.200833808022 
0.00274869501355 0.00281121336387 0.000596178277409 0.00654014797268 0.254929701437 0.248769928644 0.123124359316 0.819232089799 
0.0499688962679 0.0605880110692 0.589803321431 0.73136376628 0.269956171192 0.359656747614 0.316446641427 0.415751226938 
0.534077044569 0.230063644 0.288505483788 0.011852543268 0.223854548023 0.291295861829 0.540705054352 0.00775121823911 
0.153206119816 0.0659964058568 0.0827610926991 0.0117651125059 0.633145677524 0.267401919172 0.137237737358 0.293776600348 
0.067776188704 0.0693166151721 0.0147010569553 0.161267260091 0.476339921934 0.811885912262 0.705168566676 0.0317261851102 
0.0512538853008 0.115539400064 0.115304563142 0.00191883563003 0.677299048462 0.316066654894 0.586683292136 0.00841587246296 
0.0765830231724 0.0288997761274 0.0423226547047 0.0392649478542 0.391293423044 0.15550238949 0.379704597678 0.2257889094 
0.0252432334398 0.0494783997454 0.0670975882463 0.201509888202 0.583067313716 0.871879248264 0.68555432301 0.0848937067839 
0.220494108926 0.294239876674 0.216905135344 0.244923011057 0.00517443257174 0.848055419137 0.415619267185 0.239992375385 
0.0445300695724 0.0602023545879 0.0624131265816 0.113549591193 0.189826769265 0.382271392691 0.580776989482 0.784288952493 
0.0837715895303 0.130635705177 0.220349962458 0.32764457065 0.138126142255 0.0791250339509 0.712864119516 0.232551632939 
0.0355674918754 0.0801782797872 0.206593897044 0.309369694535 0.547418121531 0.761540118768 0.373219742795 0.215502936517 
0.0978962151345 0.0638584876438 0.103004159795 0.185726515323 0.341704671643 0.166972140625 0.689879920994 0.643912104776 
0.181339027363 0.276066715902 0.217350607787 0.00629796637143 0.109962249818 0.0714077998137 0.0308228155448 0.609041440454 
0.0635459637012 0.153363296427 0.122972122771 0.0582973096194 0.388437910723 0.330606244822 0.494841465249 0.481710292856 
0.0312409785867 0.0335255856084 0.0831714256134 0.113880440813 0.235656608787 0.966058881644 0.197386506448 0.293162331834 
0.0835323261502 0.232667574365 0.299224691254 0.289876211436 0.148865541359 0.286004302571 0.546493045308 0.257003636342 
0.31492247058 0.218074471101 0.182637339247 0.349311161201 0.0298789526708 0.0423527455858 0.207052704383 0.476835228087 
0.245627162708 0.209084127514 0.0732843301334 0.104788064132 0.54826239829 0.497979092748 0.0547916158491 0.312548335217 
0.160613193555 0.0576233440278 0.192508893891 0.00557812365862 0.0973942504874 0.0964302120106 0.511222380298 0.690353962825 
0.211494608042 0.255464933868 0.435740110699 0.713974099086 0.1594319418 0.456853816334 0.246692648138 0.180278068675 
0.0245740369353 0.035959193974 0.431078478296 0.605452775243 0.232407931745 0.207603882951 0.385695315558 0.518994642294 
0.00365569970845 0.00443264150186 0.312099123642 0.469085153968 0.263157017505 0.0215870816703 0.724852836739 0.390342879489 
0.111423075385 0.363807844683 0.331690171477 0.281402310326 0.635096694384 0.34576527084 0.369424817296 0.0517101506282 
0.0319327144705 0.104882777652 0.551442593939 0.2338752023 0.225521017166 0.0925801497493 0.506431934844 0.00481862295829 
0.00130300059605 0.00133266202086 0.000418943399706 0.00650486054797 0.0727349901995 0.255757297363 0.702591302655 0.807127908667 
0.10517796115 0.289080764189 0.244585157138 0.120888171554 0.29611898152 0.0303295964808 0.563476615962 0.264992634847 
0.0601386269176 0.0694968762108 0.0414149197997 0.116385774336 0.548809783381 0.607215781849 0.265356740969 0.234239218431 
0.481934521622 0.500474781122 0.0343052070672 0.101274480858 0.326370264847 0.430209843355 0.0716386753099 0.301526185875 
0.496216201326 0.295257157129 0.0623230207928 0.066393092755 0.0467018182309 0.0395869324608 0.178027027988 0.033617627629 
0.0873950170424 0.0313547981171 0.104750543145 0.00360312352313 0.348701910896 0.825125776164 0.624493039951 0.0222530841094 
0.00306446312042 0.0171073284721 0.145410161482 0.586193229557 0.57413496974 0.242478489244 0.124446696669 0.266389859431 
0.221299725613 0.608240337196 0.496118061145 0.0562446727303 0.355066775449 0.356590344333 0.26044817248 0.214472881802 
0.0023004395753 0.0128422432074 0.109157461782 0.440047392432 0.641222645431 0.522829180012 0.243798938665 0.198006280245 
0.0486869445532 0.00859394212154 0.0522888266746 0.190003262987 0.5734864665 0.592158621738 0.217306572982 0.38782719328 
0.483993443204 0.466179129279 0.112621606962 0.193505658094 0.249929022484 0.221863534977 0.377920206371 0.589704130824 
0.0873604878295 0.107540407317 0.173198434364 0.460767124498 0.311081988407 0.120754523898 0.738855667504 0.504047664518 
0.073151252251 0.05019500254 0.0489986487869 0.24234162827 0.344934463317 0.286582126567 0.633037726197 0.0608586802717 
0.0036552052819 0.0119347737754 0.010881109847 0.00923121502423 0.0212324928864 0.0106495193284 0.090430122545 0.872403867574 
0.000738807628986 0.00452267892004 0.0413392592609 0.373395731182 0.386705674685 0.310556286995 0.493441569239 0.0301232898363 
0.00861361989238 0.0259318337368 0.275134659877 0.578822650291 0.834155841037 0.75748136101 0.0433340880993 0.199994204525 
0.0229013626152 0.0195499849109 0.188896980297 0.230817750834 0.0602910780876 0.52855489198 0.396952967558 0.370363470472 
0.0478032087876 0.00452479876708 0.0107235330438 0.156454467554 0.574160945084 0.745819447848 0.671623947955 0.439116917601 
0.184746681907 0.120449256929 0.122053523342 0.0713481330621 0.343333364689 0.474799185001 0.139751678993 0.538381587984 
0.115333413977 0.121298143069 0.048070935995 0.00978940116042 0.297105361253 0.41721794947 0.820998128651 0.38556947509 
0.0983457005941 0.270302360573 0.423417749121 0.621978377081 0.533961634965 0.341616084981 0.364991825713 0.0510888647685 
0.05211309099 0.132332291266 0.214785536101 0.256854419872 0.185939620164 0.0712340947914 0.0307478430639 0.607559951403 
0.00213644375644 0.0119267528996 0.101375906867 0.408677539519 0.40027078227 0.169046191 0.101308461493 0.390266241065 
0.128823792241 0.0839892307928 0.085107873267 0.0497509590435 0.239406107089 0.45533742965 0.499690405678 0.608384949714 
0.00814648006433 0.0097165516621 0.0779908835271 0.130504971329 0.184451149659 0.371445760595 0.564330217962 0.762077235241 
0.00556504607809 0.0198572841554 0.0453083733447 0.0225232010737 0.0668902609223 0.0684832588839 0.670692797 0.855195354923 
0.0427915400649 0.0597354287558 0.0948833988954 0.0840902898977 0.543131279986 0.456509354668 0.130350270219 0.28307416931 
0.209269633143 0.142354241815 0.250827867333 0.0072680428094 0.126899172018 0.0824078885332 0.0355705420666 0.702858595449 
0.0331171598604 0.0401550555377 0.39089556267 0.48471550224 0.178914856475 0.404819818104 0.643212137661 0.0392861267 
0.235009692938 0.259433054838 0.176538092979 0.129890669207 0.318170845215 0.0325889799103 0.605438557467 0.284731351446 
0.00634910787109 0.00886317886987 0.130976172333 0.288590261851 0.415894596615 0.377661270143 0.0276845136767 0.418797246181 
0.475724963419 0.331831337676 0.0951191075401 0.357859896575 0.234991950182 0.0751474956154 0.463488986575 0.65615027478 
0.00222392610881 3.36175301677e-05 0.00789745320987 0.0917844445665 0.0354164343158 0.239666915786 0.632640314487 0.619553667861 
0.24952674452 0.162768254329 0.261226313288 0.233038748309 0.352474514501 0.487724670253 0.592230155567 0.321659436936 
0.19688541466 0.26273509932 0.193680719466 0.218698650923 0.00462034502815 0.757251561112 0.43550463223 0.50997305689 
0.0156999794101 0.0193266584775 0.031126380107 0.110610380595 0.821253541646 0.890785914028 0.164838739083 0.363841261222 
0.235009692938 0.259433054838 0.176538092979 0.129890669207 0.318170845215 0.0325889799103 0.605438557467 0.284731351446 
0.124142576576 0.193591289765 0.326540403231 0.485542216984 0.2046917299 0.0593451264542 0.5614964064 0.579753313769 
0.213001469638 0.106925114376 0.114769940661 0.033931047081 0.165247805024 0.398573737149 0.381974466022 0.478112628048 
0.386069578448 0.426191792709 0.290013518542 0.141381203925 0.0420605425165 0.599096042967 0.279843742407 0.2304494185 
