0.208697308548 0.00337664845137 0.251826701455 0.158886742802 0.0751051510401 0.166289179641 0.00878887411414 0.28998908736 
0.00637840303483 0.00636012385086 0.0156052660685 0.0982780040374 0.0510874034276 0.00323212600099 0.691589426052 0.815563200304 
0.00769443551269 0.000648930146467 0.290133510371 0.275088866897 0.0379703785315 0.295340775205 0.510814572452 0.648521230289 
0.0041706377924 0.00466324077367 0.00876191520241 0.0412606402153 0.480927032345 0.706391071991 0.525928219876 0.358532749545 
0.000963684973733 8.85816895246e-05 0.000401347892572 0.00157154347911 0.0447349877962 0.083670723252 0.554522376796 0.872849007348 
0.00267969306869 0.084858704175 0.081802883631 0.00553143100693 0.104409338431 0.149852713634 0.0597231168343 0.682631508932 
0.00716379006185 0.0229260028688 0.166752338856 0.169380119536 0.101172365353 0.125027553048 0.0513301903549 0.726078150251 
0.0043470596494 0.000672685109731 0.00386669548816 0.0739907858902 0.1937547954 0.266901610213 0.657645822143 0.803164890769 
0.213114487156 0.121856049364 0.121386869447 0.015584969896 0.205579723392 0.0884009241828 0.588806021839 0.660144293513 
0.00874721774608 0.0209772160885 0.0242013478821 0.0865922679455 0.301896212069 0.427376632545 0.574656675296 0.670883242897 
0.0223424328679 0.0631666131573 0.0707781222055 0.0537743525482 0.069046449961 0.289893358833 0.717218534392 0.760516324617 
0.0181554524327 0.0223965632495 0.419298627952 0.510130893866 0.103395784619 0.324800198417 0.329843312901 0.242244666553 
0.30675766116 0.0863868242325 0.0850547086204 0.50205677552 0.48711993164 0.410552734489 0.51527198807 0.066089294379 
0.171036824819 0.062804827193 0.03603196933 0.0168318334782 0.489174405495 0.635680695199 0.317507000397 0.26938842925 
0.140478258187 0.213392195235 0.164869050636 0.143559595152 0.322501018291 0.210047369504 0.630728732744 0.516287263559 
0.00689046221074 0.00641195120036 0.00765291260085 0.000695212543653 0.424935457564 0.624150087529 0.464696864208 0.316754407715 
0.0103718907429 0.016306756597 0.228116507094 0.479323444025 0.610233172879 0.654379270733 0.379789459501 0.322292478713 
0.0181554524327 0.0223965632495 0.419298627952 0.510130893866 0.103395784619 0.324800198417 0.329843312901 0.242244666553 
0.295288209546 0.28712718485 0.219923350767 0.10921572724 0.232502634821 0.386482511647 0.334438454132 0.522949458996 
0.000775090110819 0.000257482353597 0.000795633765641 0.00654435421016 0.397602194558 0.786395515419 0.658919405681 0.302706042787 
0.19331148108 0.179886112635 0.214700854395 0.00399398347234 0.122653365111 0.609179370005 0.319540249819 0.14294486324 
0.00361138137252 0.000304569591609 0.136175009885 0.168469263187 0.138489363414 0.249405507135 0.533329218745 0.727569000171 
0.00761730348418 0.125111870579 0.116418260609 0.0707335838984 0.115083154432 0.207253404694 0.443190252959 0.604549485516 
0.0346580866479 0.0461585633141 0.0512415497571 0.0493470554003 0.0426937041672 0.0884273798343 0.388236225728 0.861383367703 
0.47575745993 0.408567904833 0.245683482136 0.379774920353 0.35471792149 0.530595224545 0.490765596219 0.333152244603 
0.0496537911544 0.1055014048 0.153047923614 0.146202467942 0.0873378187606 0.136549643951 0.206901004992 0.625017723408 
0.0126317373475 0.0144405673449 0.0928128076254 0.358607428519 0.337839526028 0.294095108745 0.6525534036 0.50577549338 
0.0119123612041 0.00100466562819 0.449177572076 0.425885865415 0.0587851283077 0.457239447071 0.482892750454 0.347161791665 
0.193725870594 0.0116997415219 0.023520181295 0.197755715129 0.221140339977 0.615702059365 0.322961731545 0.144478776833 
0.0041706377924 0.00466324077367 0.00876191520241 0.0412606402153 0.480927032345 0.706391071991 0.525928219876 0.358532749545 
0.0261254955958 0.0274502948951 0.140904591879 0.320064239767 0.231003263012 0.167620166541 0.474984237251 0.752876203064 
0.0281545358125 0.0158382313908 0.0602832056285 0.0454593538306 0.0488403963371 0.0345359740397 0.346063853264 0.848366162674 
0.150205609111 0.14605431819 0.111869432527 0.0555552326926 0.118267911945 0.172631935483 0.0271493960227 0.661736586645 
0.0041706377924 0.00466324077367 0.00876191520241 0.0412606402153 0.480927032345 0.706391071991 0.525928219876 0.358532749545 
0.590238419887 0.569478492753 0.208984268665 0.427286952516 0.459070626863 0.324615945711 0.293555623692 0.234435478575 
0.0123666226417 0.00429883188666 0.110796273894 0.167158471762 0.432922433862 0.761778930325 0.535075732631 0.154058792032 
0.0115969834371 0.000700368935618 0.000885314230607 0.00601177310047 0.429485389735 0.630833073361 0.46967258629 0.320149358157 
0.00379466502288 0.00424286440843 0.0713675850857 0.0992483635431 0.0515918263218 0.00326404093171 0.698417963362 0.823618847195 
0.142300207451 0.133089376877 0.0124114987176 0.00965587142356 0.115979875726 0.514620755694 0.676482436176 0.539021953074 
0.0239830264396 0.0292380637364 0.0159158833695 0.0105768030724 0.0151417669483 0.101644696563 0.510393811378 0.832390108496 
0.0645467536072 0.0509431526777 0.0855450463748 0.128012936353 0.280759519075 0.592962336327 0.882018307087 0.756037299732 
0.0131349071582 0.0043633582729 0.0131324525127 0.0906117981074 0.320614686423 0.560903607437 0.661722544813 0.592629219905 
0.000115050512457 0.000181574157438 0.000408700895201 0.000738746963313 0.0434195706752 0.643227903014 0.917742171202 0.701191808065 
0.0147807438193 0.0012465820454 0.557334816896 0.528434729622 0.0729401112932 0.554169948213 0.511972685846 0.065664120629 
0.29660515921 0.267145716882 0.238920331723 0.997916622514 0.234543213315 0.12425776935 0.0996558588601 0.410295054371 
0.108007212212 0.104208395921 0.0983904473744 0.469326533707 0.629441628854 0.674977311146 0.391744341067 0.332447210154 
0.0754844995091 0.037278735257 0.146032146215 0.834772862018 0.916705949621 0.45279454792 0.1714300268 0.0785609273505 
0.123193511906 0.110957691538 0.0992344150994 0.414479863146 0.097416062225 0.0516097431117 0.0780710014812 0.77025158236 
0.499382292475 0.499121050268 0.0653035035328 0.143487548217 0.180453843551 0.343549653542 0.590853728189 0.313425246086 
0.00477590343465 0.0146868857816 0.117072272874 0.112730556514 8.98001922677e-05 0.0621960751069 0.366233313298 0.829546481916 
0.0229217216262 0.0221155454092 0.0208808388719 0.0703790852238 0.0458679183625 0.0324340901157 0.325001968778 0.79671525419 
0.150205609111 0.14605431819 0.111869432527 0.0555552326926 0.118267911945 0.172631935483 0.0271493960227 0.661736586645 
0.090901989016 0.00548986344108 0.00693950471485 0.0154117190178 0.0961053428906 0.119985571864 0.404286171323 0.923762486271 
0.348316528517 0.29912501532 0.179872364836 0.278044775061 0.237595771346 0.240363122342 0.0127062891442 0.419304885127 
0.13618942095 0.11959857329 0.583400910143 0.768324905922 0.56857562996 0.81297495704 0.270366161156 0.49587884778 
0.00379466502288 0.00424286440843 0.0713675850857 0.0992483635431 0.0515918263218 0.00326404093171 0.698417963362 0.823618847195 
0.000963684973733 8.85816895246e-05 0.000401347892572 0.00157154347911 0.0447349877962 0.083670723252 0.554522376796 0.872849007348 
0.192355595408 0.331435417688 0.401485719857 0.305206051442 0.17175049889 0.108225826825 0.237811029862 0.642856594736 
8.44587058984e-05 0.00138794484551 0.0027757127854 0.360077174526 0.45339042307 0.300998441531 0.25633013028 0.743296099412 
0.192917383815 0.0780866990338 0.0534902116233 0.315739396352 0.306345549661 0.258193197437 0.442777135353 0.434215107985 
0.186981668476 0.209064843324 0.392817991288 0.385600341968 0.13249691984 0.281811704621 0.311119793949 0.391520525373 
0.193725870594 0.0116997415219 0.023520181295 0.197755715129 0.221140339977 0.615702059365 0.322961731545 0.144478776833 
0.011722118751 0.0131065759696 0.0246263416255 0.115967707071 0.410332409332 0.717861239732 0.846893766821 0.758552249742 
0.17406660844 0.153850679716 0.185936906186 0.00449114451957 0.113229856414 0.258088394407 0.661611932423 0.648385940237 
0.0108060960683 0.000911364373068 0.407463963682 0.386335272481 0.0533258969999 0.353624179211 0.301260996175 0.379104265329 
0.00358858387502 0.00401244441287 0.00753911511894 0.0355023603285 0.413809551463 0.706391071991 0.578618591572 0.358532749545 
0.256183272316 0.286439379593 0.395402174124 0.326445604274 0.183702802102 0.115757368923 0.254360874327 0.687615334999 
0.583535664493 0.708167647571 0.479115115814 0.0140765503616 0.458391464728 0.516516615424 0.535305314328 0.240216849781 
0.00201783776005 0.00570494449582 0.00565137532778 0.0760421159814 0.199126488552 0.274301222642 0.675878608124 0.825440600124 
0.00197776869358 0.0155151557212 0.0137296627896 0.00812579259276 0.328951775373 0.915550970696 0.804791486964 0.294963355909 
0.0709061433208 0.0636470540703 0.0275588303612 0.03641787413 0.0443583634393 0.0102156320867 0.404305256378 0.791767106248 
0.000409994052992 0.00115925087366 0.00114836917889 0.0154519270693 0.200320728635 0.334271366087 0.679932138959 0.830392957643 
0.224046786794 0.20848686494 0.419346035813 0.606762052632 0.588710195759 0.496174632021 0.622734435721 0.074830616376 
0.502558859523 0.477755656879 0.294723619633 0.397675108366 0.427256075757 0.302119397683 0.273211260853 0.218166916036 
0.171774864493 0.165733202444 0.156480325324 0.746417693768 0.641149709883 0.343987163848 0.311073648676 0.248443933264 
0.0654328353661 0.0587340837252 0.0254315404871 0.0336067415792 0.0928827717155 0.283400945891 0.701155695783 0.743476897718 
0.442125159929 0.0267014053229 0.039241675736 0.210251545722 0.0993852725177 0.220047080611 0.0116318712811 0.383837822782 
0.000499111727599 0.00201731136433 0.104466629778 0.104085286121 0.0528267041421 0.189202695953 0.548849979581 0.796797067203 
0.0654328353661 0.0587340837252 0.0254315404871 0.0336067415792 0.0928827717155 0.283400945891 0.701155695783 0.743476897718 
0.000215549165689 0.00041815754686 0.000619678703826 0.00236771545812 0.0209965153012 0.19619282704 0.799211761367 0.76356512929 
0.305595661189 0.635248672654 0.654326587419 0.49342613414 0.530129638359 0.374862842472 0.338995532872 0.270771932565 
0.000775090110819 0.000257482353597 0.000795633765641 0.00654435421016 0.397602194558 0.786395515419 0.658919405681 0.302706042787 
0.207825243136 0.202081484256 0.154783105189 0.0768665274184 0.163636294545 0.441666351007 0.667340732451 0.59766340775 
0.178821008631 0.199940383253 0.392817991288 0.39255465626 0.13249691984 0.281811704621 0.311119793949 0.391520525373 
0.0386938491158 0.374860617182 0.325904468589 0.0598955988637 0.260587840618 0.195759554069 0.528866618711 0.298357520497 
0.0769932660584 0.0742852770927 0.0701379356017 0.334560864747 0.448699266917 0.481159625833 0.381782285339 0.597022484969 
0.00313153412121 0.000776672575414 0.118081553188 0.146084887277 0.120088323847 0.216267184502 0.462465514278 0.630855903297 
0.00112518509047 0.00113725950351 0.000258428456307 0.174815803174 0.66802135131 0.78896402938 0.437898488725 0.0375773138864 
0.112295419112 0.14955792595 0.166027248372 0.159889081626 0.138332753985 0.478280693962 0.663513666976 0.594234158366 
0.1003268918 0.0564384973384 0.282123863069 0.241333816933 0.269871663678 0.751380187744 0.394131798253 0.176385635164 
0.140478258187 0.213392195235 0.164869050636 0.143559595152 0.322501018291 0.210047369504 0.630728732744 0.516287263559 
0.102840395354 0.0908966214076 0.109853509148 0.00265338203429 0.138828989208 0.423801709597 0.569849740782 0.665268815953 
0.246331768498 0.0973431457928 0.400022189065 0.0654610921436 0.123379829963 0.262420361281 0.289711420485 0.36455862412 
0.00574083393495 0.016230594404 0.016078181487 0.21633998235 0.566515964933 0.780387415291 0.69633304012 0.0751338158932 
0.04593797697 0.0513634373115 0.0965082636211 0.454466396467 0.806647174112 0.740066625282 0.429521480354 0.364535918182 
0.193725870594 0.0116997415219 0.023520181295 0.197755715129 0.221140339977 0.615702059365 0.322961731545 0.144478776833 
0.144095396112 0.120234271807 0.0172187800989 0.0217140473899 0.0123161577185 0.134172989929 0.297123905348 0.665081216196 
0.284154736877 0.115016617952 0.0787875951496 0.465063562641 0.451227277796 0.380301832434 0.47730464476 0.0611965271704 
0.000499111727599 0.00201731136433 0.104466629778 0.104085286121 0.0528267041421 0.189202695953 0.548849979581 0.796797067203 
0.00825274967405 0.00127707711468 0.00734076597867 0.140468439968 0.367835778629 0.506701570961 0.723052325442 0.673561200857 
