0.0797001946426 0.0157355694349 0.689437372327 0.511211024733 0.0711283450205 0.114481993897 0.300269411703 0.184991771246 
0.00186194230599 0.00162719117538 0.000705978045219 0.00074816431462 0.0272669411962 0.03755619086 0.182027875756 0.830024817321 
0.00575792557215 0.0415167056834 0.170191677515 0.13698320097 0.0111875296115 0.151793573557 0.400457535811 0.679629508519 
0.191004362053 0.0222554552909 0.207179708133 0.235973289362 0.288476339517 0.171519801766 0.642514194493 0.593258982544 
0.0443581298516 0.0828204886931 0.244702676198 0.609161493354 0.488716065257 0.0427838442475 0.205868862311 0.508048989459 
0.0790907533064 0.0701691685119 0.0195688944198 0.0209254516918 0.138926415117 0.170759382075 0.279795539055 0.589514826737 
0.381214174534 0.360820509171 0.0320903524334 0.0257326236649 0.0506004589428 0.0410740114022 0.349511233324 0.0792542431059 
0.00649150138701 0.00269187487528 0.218193249291 0.508010759634 0.470052124971 0.365086665308 0.535122969346 0.430767446453 
0.0296908665943 0.0232412333526 0.0259133549446 0.0665664425605 0.0203943119828 0.16781065058 0.498391313144 0.636883138234 
0.24971360244 0.232522354964 0.203163704864 0.48117354161 0.619658496011 0.447820420927 0.212394728972 0.0138166727697 
0.00500446070756 0.003999243038 0.0232505631749 0.0640853486523 0.078498375506 0.198200344341 0.524606315012 0.624023802337 
0.0340432081057 0.0610698882205 0.132494722555 0.107611743836 0.00298778450748 0.133328403467 0.175124546011 0.680978466469 
0.0482814063171 0.0256611686717 0.171020463229 0.491434017358 0.452611635547 0.150709549063 0.0472613276141 0.0163627855389 
0.000728818212948 0.0016184711944 0.00724997369072 0.258464020009 0.264440059431 0.438629149837 0.707413399602 0.283530243297 
0.070554789278 0.0506954611917 0.00908832968526 0.125627540397 0.0850260188817 0.0427264501595 0.324106318375 0.517781732825 
0.110472256178 0.106120477378 0.0642231968849 0.0883459358054 0.0432288157229 0.165323496391 0.307247901609 0.500512872883 
0.134385149512 0.100359256993 0.35155699153 0.358947497938 0.382917875379 0.225308769019 0.209383199333 0.417461703054 
0.00919083142227 0.00120935621004 0.0120688873869 0.0422112446708 0.0490625814736 0.178202491852 0.375284001928 0.394736466952 
0.0022625669611 0.00804842517441 0.00938167416127 0.000337826473917 0.0119347740785 0.00117279530013 0.517082804679 0.629128214559 
0.0231946868177 0.119781938683 0.148472890396 0.0790380515814 0.224656188204 0.453895287643 0.0573932032507 0.147713227227 
0.00111070650432 0.0045027357019 0.00500238583993 0.00161503044329 0.00140324186588 0.11451229313 0.681160766814 0.714332151216 
0.0552489481232 0.0419261748668 0.073928095866 0.0334008694569 0.020317074885 0.00533949706308 0.0279012754536 0.791338650394 
0.00745344088635 0.00748906668918 0.0464972850766 0.0320289781448 0.00667417986801 0.0720656057177 0.0111422767985 0.771212008967 
0.048107508324 0.0489081864602 0.0503032479529 0.0300207349465 0.011796873406 0.362123564722 0.635256428907 0.594889106612 
0.32954161819 0.360271860634 0.228580568882 0.229367780253 0.035687880554 0.299989442297 0.129314803199 0.417873754236 
0.0148575303558 0.00604418161646 0.0112132423397 0.0579217837602 0.052966260515 0.0145850464273 0.172136257879 0.780060967724 
7.80713732275e-05 0.000229037292181 0.0224962112055 0.0195910805849 0.0177324175427 0.622977631499 0.560347689478 0.137677430508 
0.0259115306 0.0144380714225 0.076327136705 0.254856453631 0.176721503433 0.0375899979838 0.307775357704 0.508976993466 
0.00222011523572 0.150081786462 0.2351010326 0.0524656562826 0.733572902731 0.296737928389 0.284759522898 0.438858507421 
0.165968109238 0.142119681665 0.134080049592 0.410686217709 0.439584428924 0.475167861671 0.182715812075 0.403277921876 
0.013546075267 0.0274066364354 0.103903998501 0.0699338589729 0.00336721006887 0.306632657254 0.269448046693 0.396628446889 
0.0170730528705 0.0168963208743 0.0489847775027 0.109187785773 0.48278226463 0.542117628336 0.192646801303 0.359790620526 
0.00389742445392 0.00302591835947 0.0018450242326 0.00432294002964 0.0245419391977 0.685061718076 0.710544089825 0.373062086951 
0.0308629990024 0.0293914301566 0.0820372672291 0.127918091429 0.0172222516394 0.0578219133695 0.359825743828 0.749541361117 
0.0797001946426 0.0157355694349 0.689437372327 0.511211024733 0.0711283450205 0.114481993897 0.300269411703 0.184991771246 
0.0561536213386 0.129858906279 0.390635256315 0.135899446171 0.0960150855793 0.367102802049 0.0486489002858 0.501614210968 
0.0650624355159 0.0468501893619 0.0973954660374 0.192707465955 0.179983345356 0.356512287981 0.419156230482 0.164556895229 
0.00939983625035 0.63920694661 0.698648917999 0.169398511506 0.117820833965 0.072752705736 0.120146675251 0.387279552459 
0.00352812901566 0.0193157892716 0.174316144376 0.170656623082 0.179456377377 0.190175410471 0.380429628906 0.726575951308 
0.028798840786 0.0321540724107 0.0236418112229 0.00628396252604 0.00511349564825 0.00965096265319 0.31242475441 0.741099642725 
6.70063514071e-05 0.000196577489305 0.0193079882828 0.0168145712593 0.0152193279927 0.534687146432 0.530390114593 0.291184632227 
0.0013128612335 0.0296738611417 0.0648653299229 0.0635035356192 0.0894221922912 0.0997445975284 0.181275319644 0.586967176604 
0.0661916957001 0.155971120471 0.420822934761 0.198045437344 0.135805160773 0.427388017853 0.386200400981 0.174273410229 
0.0385247341162 0.0534972697013 0.0720287452055 0.0750185971251 0.0453280991004 0.317969644987 0.430845532782 0.214950170944 
0.00418902689422 0.101954413109 0.15964620307 0.123129112909 0.103654010369 0.0522777960981 0.396553292386 0.633529380416 
0.0776270112881 0.0991253820083 0.0876124878951 0.105485567283 0.192636410808 0.217575921852 0.267961230167 0.377670036136 
0.0097786913841 0.00792967357973 0.00346614403831 0.0314533072918 0.0281142383329 0.27793446319 0.776488938397 0.717710810841 
0.0242928997098 0.0156791940054 0.00702722790931 0.330353591391 0.274746807179 0.00792956309816 0.46557353791 0.58970328275 
0.0593679561415 0.0777747715668 0.0647567634669 0.0318839758345 0.0752111996043 0.110060965462 0.200024019683 0.647678325538 
0.0178180855825 0.0975503121215 0.880346989645 0.571610711456 0.0885961791109 0.142597699966 0.374011435065 0.230434098847 
0.0776270112881 0.0991253820083 0.0876124878951 0.105485567283 0.192636410808 0.217575921852 0.267961230167 0.377670036136 
0.251994601549 0.113939423413 0.0620080866538 0.198858056852 0.148917327968 0.300321680779 0.00465868129745 0.262266129859 
0.123399015811 0.161658419759 0.134599936311 0.0662724089432 0.0981784166229 0.151994717824 0.439866607831 0.523314768943 
0.00418902689422 0.101954413109 0.15964620307 0.123129112909 0.103654010369 0.0522777960981 0.396553292386 0.633529380416 
0.000576932759864 0.000415440232849 0.000863608704677 0.00138971819613 0.00123616935084 0.0021312210734 0.365038837771 0.839228504322 
2.90066122145e-05 0.00174239926577 0.0388054044723 0.0322967590034 0.00477668627108 0.0483495439709 0.551759878399 0.628787077125 
0.000591941628267 0.00173650175572 0.170560349985 0.156351673814 0.209789968124 0.589635251652 0.0542543187376 0.0634283308073 
0.0232874080294 0.188075213241 0.260658529695 0.149138192626 0.0376191832636 0.190219886145 0.380518598022 0.726745880595 
0.035413471932 0.0197326136306 0.104316847104 0.205133965594 0.278769654418 0.783510731486 0.0720951379871 0.0842994974446 
0.536925986145 0.32845259923 0.0724919513874 0.024146004417 0.452047109814 0.270505778168 0.101335616019 0.512871601375 
0.035957720091 0.0408852894402 0.0282086380646 0.010791056244 0.00176749487265 0.53025174951 0.678677906991 0.263060328761 
0.00421779723805 0.00417413912309 0.012101379984 0.0269741440377 0.119268555924 0.133923923408 0.191537724819 0.632611738092 
0.605283732346 0.459325130224 0.809924785693 0.365926537617 0.222585725637 0.058538755561 0.0556320735668 0.227416669786 
0.000152931399279 0.000200351764861 0.0159091985885 0.0180678082204 0.0163536647952 0.574538948181 0.569921748264 0.312890869499 
0.11695941403 0.168063518264 0.181839753123 0.113328033889 0.26559941123 0.746494221918 0.0686888028641 0.0803145802174 
0.0510005835857 0.0379878924136 0.0115520508022 0.0154374044105 0.0186385635697 0.256138921932 0.383593872742 0.641073426587 
0.0210787871076 0.049669107285 0.134011318462 0.0630676343101 0.0448628500646 0.127655872802 0.167673773998 0.652004734291 
0.146401993378 0.11871932743 0.0518940158063 0.470905416125 0.42091390801 0.27793446319 0.0584131497749 0.717710810841 
0.0367640147258 0.0350639812925 0.00269294258363 0.00362119864332 0.175497480207 0.126793712554 0.296930629283 0.790491171861 
0.00134820004857 0.000824733374076 0.00226155735099 0.0141207116172 0.169638505186 0.661618259324 0.405404206227 0.0230104082312 
0.052639020271 0.0505654391189 0.0306017469309 0.0610363114087 0.102227261067 0.114028400561 0.207234333533 0.671026420984 
0.0482185054229 0.0527149554108 0.0334458609315 0.0335609942795 0.00522179707612 0.0498763927327 0.194679782543 0.882223279264 
0.134385149512 0.100359256993 0.35155699153 0.358947497938 0.382917875379 0.225308769019 0.209383199333 0.417461703054 
0.0170730528705 0.0168963208743 0.0489847775027 0.109187785773 0.48278226463 0.542117628336 0.192646801303 0.359790620526 
0.060859572305 0.162588743309 0.154463482114 0.00157710696672 0.167367602373 0.331522650728 0.389775539672 0.153019107348 
0.0195004839243 0.0192986238652 0.0559493923704 0.124712015917 0.551423798507 0.61919599252 0.19322700375 0.209341486667 
0.0107963063371 0.00447697683288 0.0859556088164 0.0716290765236 0.119968638512 0.133818559081 0.24320045535 0.787490206401 
0.0232874080294 0.188075213241 0.260658529695 0.149138192626 0.0376191832636 0.190219886145 0.380518598022 0.726745880595 
0.0735174258531 0.0353692892142 0.467397287231 0.219964018799 0.150835329319 0.47468941458 0.428943528953 0.193566313298 
0.0042501152701 0.0124679397256 0.0122430049139 0.00222241841571 0.134121419792 0.523094921151 0.320523910955 0.0181827332306 
0.000170839357078 0.000195954677619 0.00385614538822 0.0053506514903 0.00551391428293 0.578087200269 0.664552031207 0.282320028755 
0.0150140213662 0.00374901203305 0.00950016721271 0.00387446608379 0.0451933100881 0.1169114281 0.0951413167272 0.726085540588 
0.0918105891849 0.0475060302952 0.0609984982969 0.168342278406 0.199204539366 0.110159660486 0.758551508594 0.344968562486 
0.159799592068 0.155070215336 0.235766552434 0.421072114868 0.332727232841 0.282578168672 0.663888065953 0.167893643919 
0.083265001957 0.12829631755 0.103301759001 0.0192022089849 0.172460902177 0.516391060929 0.732519314857 0.333128275982 
0.000625658315391 0.117046315643 0.170859679869 0.175740209701 0.242418430031 0.186208729863 0.270658223298 0.649607265361 
0.0284052320168 0.166126717757 0.360170790603 0.319265700935 0.163736796428 0.00786801685737 0.156148618588 0.0705083969622 
0.0256789311732 0.235329804328 0.241400140304 0.0454865442041 0.160313736558 0.281210406232 0.73362573999 0.262547039407 
0.0219016696181 0.0241131969968 0.11431679228 0.0559107806093 0.094090756834 0.832276220832 0.644976314461 0.0590658674515 
0.00182416699492 0.00998695366429 0.0901276627536 0.0882355302858 0.124248398222 0.138592547085 0.251876577571 0.815584812814 
0.259546134258 0.353794998698 0.370792226495 0.0206114389425 0.385875344311 0.230907873108 0.0865010551991 0.43778921243 
0.253370907988 0.0875539585184 0.0545264908141 0.135249452186 0.0469232230023 0.200538880402 0.103185753078 0.350910381278 
0.191004362053 0.0222554552909 0.207179708133 0.235973289362 0.288476339517 0.171519801766 0.642514194493 0.593258982544 
0.00438104304594 0.0148022175806 0.0627499807805 0.0320758174865 0.446204657549 0.480420365178 0.210920483375 0.25304893825 
0.55739811526 0.730217302929 0.607993228157 0.299355370208 0.421646298536 0.232513585811 0.0729167101031 0.0182518794972 
0.0465487605397 0.188705177005 0.209646595146 0.0676883780437 0.198420101964 0.689944867214 0.0634850152742 0.0742269047349 
0.0367640147258 0.0350639812925 0.00269294258363 0.00362119864332 0.175497480207 0.126793712554 0.296930629283 0.790491171861 
0.310161873466 0.331183597994 0.272147019484 0.208079743895 0.0339292871405 0.0174614108978 0.0779614235092 0.373245958715 
0.112244165143 0.172947968022 0.13925443367 0.0258852905789 0.232483408834 0.416895729447 0.595074894224 0.46868260598 
0.00122710067267 0.00671814045185 0.0606281161169 0.153614619054 0.207084212902 0.171183828156 0.342438877191 0.654014352318 
