0.0558452632501 0.0436927113652 0.0272391403899 0.0428986153553 0.0456080543512 0.0604203989803 0.227710606709 0.815899734131 
0.106173996898 0.130787319162 0.14860086905 0.0884305513145 0.0398313715579 0.0358828829918 0.283710562976 0.0679835007234 
0.00724846097796 0.00419495629954 0.00443397817063 0.104302673341 0.413027153264 0.747001264136 0.626417205254 0.290883344238 
0.209911827393 0.0172253768113 0.0252026025895 0.0106431958066 0.0474400265537 0.0222784234096 0.0111538780401 0.545672551439 
0.234960368269 0.189230713087 0.0987509962126 0.148097690869 0.149921124062 0.00331722831792 0.203063888448 0.258094725549 
0.0601878741943 0.0559599971362 0.00347805089952 0.0727778764315 0.469761024998 0.208529052624 0.0983998329237 0.100404548125 
0.139858548033 0.1828402055 0.348420423578 0.116000970379 0.377756524253 0.385040646716 0.145065438775 0.419181591363 
0.406910060949 0.242515743642 0.172619170808 0.19766164843 0.0213217640721 0.465189890257 0.278577345508 0.302619420436 
0.0185663090001 0.0446813983107 0.219633581227 0.174572669445 0.435458756334 0.498200399751 0.150421821751 0.435609210073 
0.0135268435039 0.0161912402048 0.0399772930985 0.0704464711357 0.143753811834 0.13837842317 0.00875385647728 0.750038536869 
0.000241728138451 0.000272429671347 0.00137540623947 0.00901192460707 0.328620330559 0.549439201299 0.47390365649 0.348800330671 
0.354884884189 0.117517894267 0.058939189786 0.238159682692 0.282177257455 0.525987541394 0.254731361033 0.438529270246 
0.0475119570407 0.0521352469272 0.0656777700702 0.0971716336314 0.13325936216 0.140859865613 0.0694315695726 0.665551040809 
0.104579438488 0.0122232149175 0.110037955799 0.293014377842 0.282190120204 0.160701953242 0.0894114622944 0.301150177745 
0.00506678393612 0.0061672548475 0.00996081715115 0.0561741904538 0.0586677157066 0.0214514940319 0.11049234907 0.757520082085 
0.380682696673 0.401352316839 0.171260817076 0.0810224159905 0.150453439395 0.587737420978 0.632987472742 0.436408874556 
0.0302168170744 0.012856204142 0.00829622005988 0.036813349896 0.0320972081394 0.0012221146456 0.323923437363 0.702085256682 
0.00212843372004 0.0179250062295 0.0309449480663 0.0684130849742 0.229378044179 0.51910980896 0.655749824287 0.503274206236 
0.00075697048238 0.00815925034558 0.0696316736212 0.0555876367746 0.0146960745309 0.0247722656628 0.199661318358 0.988195860562 
0.011494894607 0.0104573766836 0.00462620022827 0.00663890196158 0.022831202935 0.470872321122 0.567440643064 0.455593368931 
0.00972482509901 0.00164939183402 0.00553650830787 0.0216046889738 0.0426703935658 0.614818438651 0.571452920315 0.121416994993 
0.00594599379664 0.068205649013 0.146722232908 0.111575707592 0.144961917566 0.00193998205875 0.589470681136 0.280828428031 
0.0135268435039 0.0161912402048 0.0399772930985 0.0704464711357 0.143753811834 0.13837842317 0.00875385647728 0.750038536869 
0.0135268435039 0.0161912402048 0.0399772930985 0.0704464711357 0.143753811834 0.13837842317 0.00875385647728 0.750038536869 
0.0749846493914 0.0954495767577 0.0730658211117 0.0326725637332 0.0443278416479 0.468282112789 0.703620511347 0.0601883996546 
0.0328816461374 0.0818031762747 0.154613903166 0.180802694613 0.176673918007 0.137314029775 0.213892626678 0.646048034193 
0.120812204125 0.132568116447 0.167003669154 0.247085838274 0.338850413048 0.393033664327 0.229437249735 0.37691060438 
0.034794322333 0.0316537460929 0.0140031845371 0.0412176851969 0.130870481969 0.125976895485 0.00796924037188 0.682818045036 
0.0345419073452 0.0146963779668 0.00948369990583 0.0333242476082 0.0462996032954 0.200946621618 0.470845501233 0.659466826658 
0.0111141569419 0.0725731461955 0.0766537257908 0.0298354671278 0.0820801599832 0.142251019554 0.416227958498 0.621771347992 
0.0119968058392 0.0362826050964 0.0908093896215 0.00311970507982 0.198225632747 0.42002468024 0.098738217348 0.481835272833 
0.0844737188773 0.642769753582 0.690579951318 0.0048265586771 0.181324081422 0.252134433946 0.205846336674 0.17921918866 
0.00215030746616 0.000212509283839 0.00198366514192 0.00254457717608 0.0357786612574 0.541529852199 0.359184276953 0.673727662133 
0.0193373211432 0.0584828407752 0.146372911515 0.00502872947522 0.319514735743 0.677025499961 0.122809966988 0.405475584702 
0.0611780020253 0.0995257422911 0.138682626408 0.180252156548 0.285885512018 0.311938126988 0.0309525262503 0.541576226604 
0.0184268549558 0.0348744152096 0.109980022563 0.19632560767 0.513290394599 0.735738624573 0.454358055354 0.187399696966 
0.283427761086 0.277381437428 0.0528623751143 0.081317213667 0.315920139341 0.0274688190024 0.231780147544 0.523868333474 
0.0237278010458 0.00570746480387 0.00751308095013 0.00900139784512 0.0837450916175 0.453734537145 0.589108506567 0.59636966654 
0.00775534365362 0.00423471605548 0.0479576910504 0.174077027046 0.189833453161 0.111849874803 0.486098584127 0.662815369571 
0.0133546663944 0.00691892516513 0.00335896250384 0.101075365968 0.102155766328 0.353808194234 0.767900306223 0.0691347662015 
0.134737050282 0.153414623192 0.118483090492 0.000530977096855 0.118226748439 0.252203334062 0.176636235216 0.508092002616 
0.107238210814 0.0424069032848 0.00699767606163 0.186479018764 0.295761540456 0.322714125853 0.0320218254662 0.560285906711 
0.004178232052 0.00377449261387 0.00331065221425 0.0698675922531 0.006108128506 0.0383377529087 0.326096236815 0.80965169078 
0.0114996472156 0.0100176219383 0.0234024149062 0.0197988485472 0.127870521473 0.275697338162 0.632770662989 0.68358241107 
0.052715556407 0.0671027849399 0.0513665994532 0.0229693234199 0.0311628737257 0.32921063635 0.658860686049 0.505888329345 
0.0185663090001 0.0446813983107 0.219633581227 0.174572669445 0.435458756334 0.498200399751 0.150421821751 0.435609210073 
0.0185663090001 0.0446813983107 0.219633581227 0.174572669445 0.435458756334 0.498200399751 0.150421821751 0.435609210073 
0.032551579648 0.0296076701639 0.00248323177206 0.113972118268 0.459595976711 0.442593587042 0.289944022456 0.220495989325 
0.00673483969285 0.169151148515 0.314688435833 0.217848263682 0.134653809158 0.502269386289 0.393160364791 0.613721972733 
0.000240917612483 0.000785317509616 0.000784154353283 0.000323741532085 0.287987995244 0.394211722996 0.21298921804 0.59700642396 
0.0908041492388 0.0731312201869 0.0381638941904 0.0572345431699 0.305370416086 0.539038882059 0.0858069321198 0.1975287711 
0.235715340067 0.0416162618929 0.0990683016583 0.148573557359 0.150402853068 0.0033278894189 0.20371637416 0.258924106955 
0.0799271189133 0.0621367624303 0.205201653586 0.19486642951 0.265368278656 0.277951750023 0.269719025264 0.342820766461 
0.0481976293094 0.057977257555 0.0423332484883 0.035170850107 0.0442751552413 0.0788261824869 0.614367165923 0.810675692766 
0.0794922722988 0.0320413411064 0.271796956679 0.273369368323 0.0716868499856 0.0662534445068 0.309411940249 0.462471759216 
0.116463932395 0.0469436853906 0.398208969483 0.40051283298 0.103567034822 0.0286794975698 0.241995565916 0.546958089846 
0.0205483463931 0.0155441803921 0.0365233801691 0.115680425469 0.131364744455 0.257840644061 0.733106026356 0.749729932791 
0.00668758271329 0.00831228724091 0.0584701580103 0.0540718803364 0.0247076841213 0.0646326071304 0.503743957059 0.664701153584 
0.00032305405275 0.00272103269729 0.029102615609 0.0889352452878 0.21572175844 0.488204151867 0.616709172513 0.473309990376 
0.0234744778729 0.0380943428641 0.042328041852 0.0239009961131 0.326827565454 0.409552233755 0.240534624319 0.557619680728 
0.088034421907 0.0559027737524 0.0699959038876 0.00676813990028 0.753686770985 0.97354923271 0.312575656578 0.121226827399 
0.146611848051 0.0623781969629 0.0402531839149 0.141444276904 0.229207418667 0.680086857604 0.419990056172 0.173222910603 
0.000428150317103 0.0013955123738 0.00139344066099 0.000575503681374 0.51175353943 0.700511774762 0.288526252108 0.444559787224 
0.000540515388819 0.00186747214388 0.113353329185 0.123587286662 0.160657547553 0.684935237584 0.653459809272 0.107500397147 
0.0242507835374 0.0579005959072 0.231743411396 0.263652468337 0.184619829511 0.122263281863 0.181620015593 0.522428356332 
0.0177252457201 0.134371593334 0.137361833272 0.0951062440619 0.47787777187 0.380966662205 0.301449283812 0.136891610727 
0.0423810771825 0.0249623324844 0.00439619543978 0.0402493611341 0.0141690451859 0.188398289664 0.800107055868 0.69719719486 
0.283427761086 0.277381437428 0.0528623751143 0.081317213667 0.315920139341 0.0274688190024 0.231780147544 0.523868333474 
0.047202653323 0.0291340244352 0.0269906835133 0.0105341289755 0.0494578865729 0.214653647111 0.502962904742 0.704451988859 
0.0786832668931 0.00965143891587 0.215296235259 0.409642012629 0.514749060927 0.381103833947 0.286988455702 0.456688910452 
0.00775534365362 0.00423471605548 0.0479576910504 0.174077027046 0.189833453161 0.111849874803 0.486098584127 0.662815369571 
0.380682696673 0.401352316839 0.171260817076 0.0810224159905 0.150453439395 0.587737420978 0.632987472742 0.436408874556 
0.0400069891189 0.0734308033612 0.110401228904 0.213720830148 0.302369325391 0.329331521249 0.458025084891 0.269102737444 
0.209911827393 0.0172253768113 0.0252026025895 0.0106431958066 0.0474400265537 0.0222784234096 0.0111538780401 0.545672551439 
0.0159450131026 0.0144041554445 0.0126340421797 0.266627710254 0.0390992385099 0.376301824689 0.0373393171504 0.653326813218 
0.0611167435587 0.0296720492982 0.116173084299 0.146914838948 0.263546589121 0.689004283856 0.563280004265 0.164987238156 
0.134737050282 0.153414623192 0.118483090492 0.000530977096855 0.118226748439 0.252203334062 0.176636235216 0.508092002616 
0.0110735380924 0.0249676390702 0.299879844392 0.254155372779 0.0127576770797 0.339869474294 0.054558604272 0.468484594305 
0.0193007027947 0.221394264867 0.476257587871 0.362173251669 0.470546689312 0.00203698917125 0.204294477353 0.177867900937 
0.0774249704924 0.169073164988 0.246864847328 0.171538975359 0.0513827451739 0.208898050927 0.334646163853 0.155937783846 
0.0416021793976 0.0314707161585 0.073945139 0.747745922598 0.786630007414 0.221398276955 0.0867750461067 0.526838188114 
0.13937841035 0.13482803974 0.0773927189673 0.610466236956 0.376035646078 0.202584679266 0.0594455857884 0.650650505754 
0.277847285354 0.109873535418 0.0205323657313 0.718948039928 0.77711768558 0.558062665668 0.5448952291 0.0833217985574 
0.216033685847 0.187042063045 0.105471574942 0.318750028578 0.389622530284 0.220888279127 0.314648580185 0.48694003747 
6.89613820276e-05 0.000791640886638 0.00170297691717 0.00129476550803 0.271596289771 0.385640896327 0.255786547167 0.479776776323 
0.0123493163844 0.0256283550141 0.0851725117903 0.0331512136553 0.091202154789 0.108125968346 0.00757463930509 0.6490113495 
0.0454108811347 0.0517058789199 0.0399327818882 0.000178771607325 0.0398454852469 0.498934987699 0.780027228005 0.61010147428 
0.0135268435039 0.0161912402048 0.0399772930985 0.0704464711357 0.143753811834 0.13837842317 0.00875385647728 0.750038536869 
0.0786659409617 0.0611563007521 0.201963758382 0.191791610396 0.261180987493 0.36160435034 0.646645361673 0.648639059371 
0.012635723631 0.011414669098 0.0100119320104 0.22017118887 0.0605978508541 0.02845751492 0.0142476926395 0.697020764063 
0.0017276187639 0.00164933300689 0.000322224151281 0.00201712759729 0.355026794741 0.593589557497 0.511984368828 0.376830122937 
0.000331069544017 0.000259081521398 0.00188363853555 0.0123420496705 0.450050259038 0.752464284806 0.649017527997 0.477695121235 
0.0928843438004 0.0728352117108 0.218796856377 0.136463491731 0.0926473657953 0.392471298889 0.355564110364 0.343377263528 
0.00269751985197 0.0677512720303 0.126044331702 0.0920953743062 0.0527598778135 0.557356064647 0.83745919659 0.0716415024403 
0.0789832737113 0.0787016267774 0.0715053807793 0.0258010726594 0.0239171281041 0.534660219676 0.638314452114 0.430109964378 
0.0187477626793 0.0230690951205 0.0238144022002 0.0214993733746 0.0405861032464 0.0922787840672 0.558501359349 0.654242668761 
0.0447674841708 0.145898225475 0.145680994829 0.060196316251 0.156217961134 0.0462421609727 0.365615658378 0.0876164664741 
0.131198039345 0.118519359415 0.0101498895151 0.325803140516 0.313767754187 0.178684811028 0.0994168537557 0.334851920464 
0.0122461680685 0.0110627594071 0.00970326828953 0.225004339381 0.270489055977 0.802573994587 0.495632538934 0.20442540547 
0.0035657322445 0.040902248198 0.0879878692016 0.0669107359093 0.458198670794 0.585166833257 0.0931498946658 0.214434154681 
