0.0035172934582 0.008826918119 0.0336391853543 0.490131679145 0.504669335285 0.161946320563 0.00793822012971 0.00365229151822 
0.0309425737311 0.0468464811327 0.30296467634 0.04534576115 0.0521786427174 0.729744478384 0.0387640182314 0.315705524737 
0.000381126811785 0.276666443746 0.45841820499 0.39669881213 0.207396985796 0.0432285826535 0.142647616639 0.442573980527 
0.0760211020006 0.115865281828 0.149859548082 0.233908099515 0.183284969449 0.0530265098007 0.640174168466 0.716820773886 
0.0132473174083 0.0135943708245 0.140952556721 0.341260523764 0.106738386071 0.724102506582 0.872452137559 0.0901554195763 
0.136983880265 0.14678607052 0.10138673163 0.126716741674 0.0306605208737 0.231007095667 0.284289313019 0.664377180609 
0.00372705981588 0.0075542957198 0.0512971818148 0.147787177326 0.147600456409 0.132471973763 0.456644699674 0.624781429297 
0.0668733345804 0.0556849175806 0.135531344299 0.0766319345223 0.13541446083 0.458142805475 0.503507599741 0.438505681535 
0.165071738916 0.132730505591 0.0386548119071 0.0586249911916 0.111495057074 0.676401120922 0.163537121523 0.276508008072 
0.105710282703 0.0711988336613 0.152306692933 0.321674398732 0.532671769259 0.186761611022 0.492122453063 0.552970906461 
0.0494145256258 0.307805249672 0.425174563565 0.333512308742 0.25730591359 0.374456264784 0.13340669029 0.363904478437 
0.129132647498 0.149977506029 0.0723350125086 0.092605945149 0.178499421979 0.109655024609 0.0490958440636 0.413884853484 
0.0102904640549 0.00672445506542 0.860223870134 1.04719645597 0.0872893476245 0.152167775518 0.192155309205 0.393530711653 
0.168070151332 0.255207791652 0.204086578979 0.142612548973 0.168916736939 0.168173255594 0.0290322163434 0.23460179222 
0.13700914043 0.0044515152145 0.157045571319 0.131528490964 0.232184469117 0.294241472919 0.0420309410481 0.469511578863 
0.00438933545627 0.00365777830694 0.0396061004045 0.0469581654116 0.361869204053 0.617967548409 0.0807103759623 0.0959923573159 
0.00704412469125 0.0142601409813 0.0302749777629 0.0244461438921 0.0500119470954 0.0266010492 0.267303446385 0.890150294695 
0.00181411202297 0.000809266514965 0.0266282978149 0.109480181824 0.141089845147 0.399650644368 0.509085808893 0.581487051653 
0.00448639663035 0.0963592186595 0.120577848175 0.0243083533974 0.10385238113 0.334124500452 0.244160925547 0.581521659005 
0.00406251521957 0.00615056529432 0.0397767763761 0.107586577254 0.588453955649 0.188832584026 0.00925657270703 0.00426203457402 
0.126523956077 0.0955144211002 0.0382470443703 0.00983794247772 0.290213920003 0.478898144998 0.523203067156 0.29805842314 
0.359228300912 0.18190810784 0.342031982795 0.10811172453 0.351334246861 0.528796622027 0.263784558212 0.00471730879419 
0.00699490769902 0.00539776833095 0.00154088833743 0.0576474292832 0.282624541031 0.386679701362 0.577060993627 0.603895671957 
0.136983880265 0.14678607052 0.10138673163 0.126716741674 0.0306605208737 0.231007095667 0.284289313019 0.664377180609 
0.00130998382869 0.000815416325739 0.00538918402606 0.0186772011202 0.27917632535 0.362183283003 0.380782421957 0.542291935695 
0.215048102661 0.233817041178 0.0843890757042 0.205624089412 0.398286427587 0.48718287714 0.476893444775 0.217050180478 
0.0342000088731 0.0493121371602 0.161863340696 0.1712590604 0.221579617025 0.404225967326 0.458623069988 0.0574281377741 
0.000314323649337 3.85811359712e-06 0.00197294734355 0.0373707159252 0.0370317493123 0.00218817155867 0.126915643091 0.801429838502 
0.00811238571044 0.000652065214725 0.193806962545 0.218157469297 0.0769936389438 0.0749467870349 0.428843678945 0.43736565074 
0.119217878876 0.0973326539137 0.44459682752 0.58414520184 0.250181556171 0.167518655246 0.240142576765 0.572319872839 
0.0126730177875 0.0105391133596 0.0200687239793 0.0345009275378 0.108517987586 0.278190274313 0.819648458138 0.848025421208 
0.000118806232852 3.85123758925e-05 0.00093908602919 0.00167145464104 0.00255311131031 0.315961379095 0.679572466489 0.60513117309 
0.000745122608034 9.15734136859e-06 0.00467712880019 0.0885899122291 0.265152351416 0.295814669153 0.21616582802 0.514843735081 
0.0812183543269 0.0822030748216 0.120360148818 0.414316750119 0.256334202122 0.0801377696677 0.518605195716 0.206916577814 
0.0969408523454 0.00314966828387 0.111117603837 0.0798391171795 0.136548456881 0.461979415889 0.507724123068 0.44217801039 
0.000324677895279 0.000441041662982 0.138910924488 0.465977009761 0.525391845164 0.506936946203 0.360826811055 0.107989817654 
0.016075019409 0.100131996265 0.138313296215 0.109041280195 0.111983465703 0.229594819382 0.329981175004 0.534471535882 
0.136983880265 0.14678607052 0.10138673163 0.126716741674 0.0306605208737 0.231007095667 0.284289313019 0.664377180609 
0.0703587613554 0.0356286704269 0.066990592481 0.0211745894776 0.0512148995328 0.313459650453 0.783420522113 0.387841171348 
0.0297716578898 0.0404383026903 0.094074687896 0.0758013009049 0.0618181161751 0.201158575711 0.522051451639 0.756723327931 
0.027704295537 0.0316600701939 0.0417496539594 0.40302429343 0.349588152999 0.0698884148014 0.630792207972 0.0845547334373 
0.00372705981588 0.0075542957198 0.0512971818148 0.147787177326 0.147600456409 0.132471973763 0.456644699674 0.624781429297 
0.151766989651 0.200999350387 0.35726536782 0.25063353241 0.193170512275 0.438572703742 0.0691545185084 0.208110963318 
0.216570218872 0.16990279451 2.96406920174e-05 0.199803218517 0.205935441767 0.163984387461 0.347034605581 0.57403695006 
0.136983880265 0.14678607052 0.10138673163 0.126716741674 0.0306605208737 0.231007095667 0.284289313019 0.664377180609 
0.0994244370536 0.161972054714 0.22989426663 0.246892431503 0.104106823078 0.0803088424759 0.229640039996 0.492502760497 
0.103872605563 0.141088295939 0.328224603968 0.264469754332 0.215682248559 0.546751803013 0.154954654971 0.422684730877 
0.0221578003475 0.0421635423853 0.0801562785098 0.0847846334195 0.114132161951 0.40416874869 0.44220828008 0.535073735963 
0.0413840672021 0.0173963009059 0.0529677937623 0.0167032956522 0.205747671921 0.246034840429 0.187408885682 0.733720815239 
0.000926175687543 0.00205896331265 0.00176317006342 0.000314574123805 0.000705850779376 0.347757846387 0.747960693197 0.666029869987 
0.000449246074899 0.000610194631502 0.00186831268889 0.00172401355236 0.0137464147986 0.6806781507 0.788583810933 0.52793811424 
0.00383691391532 0.0138884324351 0.0274533691311 0.038854620091 0.138024009222 0.221506596132 0.163758652963 0.333863106511 
0.136990710531 0.00767343118622 0.355587943441 0.090933034424 0.0887439634171 0.235317966767 0.363849319889 0.354520913257 
0.0093724115094 0.0866039876318 0.106508774582 0.0129425708058 0.0461875014593 0.110177927964 0.360431417468 0.755506456832 
0.00394029235799 0.00257483684941 0.329385817238 0.400978820102 0.0334236387394 0.0582656516227 0.134556044591 0.772681907694 
0.0585480480538 0.0394337450952 0.0843556034665 0.0532278239142 0.0640148378925 0.208306807435 0.540602736723 0.78361434621 
0.197229783141 0.648152289143 0.615853377873 0.0660078925308 0.0641845256316 0.496953047967 0.101574102737 0.0225375949431 
0.239633886672 0.390386863765 0.554093870581 0.595063355724 0.250919603099 0.152767203621 0.00961355908636 0.00442714212534 
0.0401421033004 0.0387768058166 0.000494834701337 0.36437325607 0.47469424196 0.248274280932 0.104772672949 0.272767713508 
0.099252920357 0.00322478900373 0.113767794038 0.0952825070829 0.165510403768 0.246580891595 0.213626257292 0.508795058034 
0.123612370478 0.274801368528 0.235335847367 0.0420284150315 0.0942232959252 0.449073879582 0.212042187829 0.505347990381 
0.0145239775823 0.0390983112694 0.176533092845 0.140942519211 0.0684048102315 0.243265416963 0.259580368607 0.708593181702 
0.0470892212845 0.000579232848267 0.295585102776 0.262723554522 0.109656854915 0.106741939262 0.610774046888 0.622918811947 
0.00633361910668 0.0143177165967 0.0199115990015 0.0232364709254 0.0743634106028 0.234684047442 0.404449231341 0.688245080343 
0.00345934370551 0.00498793369822 0.0163724445575 0.255980130471 0.927761160364 0.878366883941 0.121289106369 0.144263030333 
0.00866174464647 0.00672998298452 0.446143358911 0.453721458248 0.181191817657 0.327355949616 0.482466053132 0.255657353417 
0.00221692660692 2.72618991156e-05 0.0139158351648 0.263577842023 0.788894945279 0.746893848423 0.103134282368 0.122666850161 
0.0579502518816 0.025202566113 0.0659449949477 0.239966058353 0.0381865292755 0.624233154214 0.56837462115 0.587490096692 
0.0757786726572 0.00752452838757 0.153579694528 0.0868368424112 0.153447248961 0.519152526502 0.570558690176 0.496902999676 
0.00178895664725 0.00204438614677 0.00269581429046 0.0260242844002 0.402304123051 0.505776967807 0.531750821458 0.75730038419 
0.136983880265 0.14678607052 0.10138673163 0.126716741674 0.0306605208737 0.231007095667 0.284289313019 0.664377180609 
0.0339220736213 0.156189263198 0.152705671514 0.0457208389703 0.0217987763123 0.592290400472 0.692556586088 0.151954707423 
0.157753207777 0.123854157252 0.105120657453 0.0496476576843 0.280339214479 0.120580696212 0.180041459343 0.345236364639 
0.0513469141421 0.0427561833258 0.104064119648 0.0588397194429 0.10397436863 0.351772606912 0.432747895648 0.480363018426 
0.193178451756 0.429453001189 0.36777728368 0.0656811858423 0.13365884154 0.667858773066 0.421829133653 0.485902332919 
0.0342000088731 0.0493121371602 0.161863340696 0.1712590604 0.221579617025 0.404225967326 0.458623069988 0.0574281377741 
0.250318568404 0.0081330184199 0.286925632887 0.240305579666 0.417421937605 0.526931096751 0.0830874774212 0.250042720333 
0.000112506241785 0.00241641189241 0.00549634175919 0.100062866955 0.299491148808 0.334124500452 0.244160925547 0.581521659005 
0.00109264308967 0.00157544671858 0.00517121024426 0.080851795575 0.293035802212 0.521579527635 0.672892898524 0.686274641003 
0.0675223513122 0.167199206364 0.186307055163 0.0161492645459 0.307162727106 0.375720471493 0.367784696687 0.167386745095 
0.000612369044776 0.444529099782 0.736555703358 0.637389257544 0.333231649718 0.0694572601344 0.167954798 0.302354651357 
0.223384491932 0.242335726483 0.224524077002 0.0681454696643 0.254930470238 0.259580694878 0.0310890707134 0.0358233246713 
0.00595952115143 0.00980371852816 0.0415231689877 0.634223583301 0.552290999026 0.0132728304951 0.0288081403623 0.205465734692 
0.205914675567 0.200930056449 0.0442976430236 0.334697223157 0.759535649902 0.0806355208101 0.112752044168 0.0676858305009 
0.0124949168609 0.00549851310996 0.30465790924 0.160233072459 0.273198758328 0.0429546011963 0.507481347581 0.586407318385 
0.116093369673 0.157687541478 0.366840721312 0.295585046871 0.241057595649 0.61107804445 0.15246273879 0.305331745472 
0.151766989651 0.200999350387 0.35726536782 0.25063353241 0.193170512275 0.438572703742 0.0691545185084 0.208110963318 
0.332868916114 0.380397897772 0.501625954067 0.98435707015 0.0867486708574 0.151225233448 0.190965069406 0.391093029792 
0.000159493482524 0.115779053781 0.191838268625 0.65293476368 0.660191485221 0.0700886237297 0.0980041777447 0.0588301275344 
0.0116114766544 0.0287523935974 0.0320381946176 0.0118791033843 0.202614497012 0.0968532372199 0.543851422366 0.817538930901 
0.165983966938 0.0869631902453 0.542817668009 0.418299089685 0.124571614944 0.182711141253 0.177412249727 0.543272822341 
0.134950262703 0.137164285733 0.0997714882867 0.000122081465622 0.132238697402 0.271123332066 0.389667607934 0.63114872518 
0.136983880265 0.14678607052 0.10138673163 0.126716741674 0.0306605208737 0.231007095667 0.284289313019 0.664377180609 
0.00406251521957 0.00615056529432 0.0397767763761 0.107586577254 0.588453955649 0.188832584026 0.00925657270703 0.00426203457402 
0.020389242236 0.00101499008884 0.0294325912424 0.140454109091 0.146598558393 0.256701910496 0.390150086786 0.705711435476 
0.041193667916 0.149108317538 0.182974232206 0.313478589462 0.519100055752 0.182003174078 0.479583810594 0.538881482483 
0.0206387274387 0.0425781020351 0.0427756952313 0.027180883825 0.0434644919516 0.0942118206552 0.625866482573 0.673633266068 
0.0267473581757 0.0080959793183 0.0325697227771 0.0481660614446 0.247298470105 0.357934631841 0.0599879986301 0.480609309783 
0.153260097237 0.164226969863 0.113433361685 0.141773071968 0.034303572434 0.221761600248 0.0270748841541 0.21878522685 
0.168070151332 0.255207791652 0.204086578979 0.142612548973 0.168916736939 0.168173255594 0.0290322163434 0.23460179222 
