0.179352579684 0.0768682616382 0.139389733969 0.36220762862 0.150788261182 0.0873736293211 0.236295806683 0.329460038585 
0.050975123005 0.122048352227 0.195947942612 0.232438113124 0.635466010434 0.555902660871 0.145194115828 0.0997943631843 
0.226494207159 0.218236667684 0.264896247732 0.42964375424 0.336046720853 0.483651640944 0.111723350542 0.00801381563502 
0.0035024813861 0.00609558242197 0.010204044385 0.0208275833824 0.0382396334306 0.156584873244 0.736049090582 0.718836522811 
0.00453659102879 0.0255303984033 0.0271369696593 0.00886846342916 0.223811294466 0.474124696151 0.630363397195 0.554284316341 
0.367037340544 0.0278413481813 0.0897923589826 0.19883014627 0.0650548714444 0.737605877643 0.0569379880482 0.301426444635 
0.289543677599 0.249371096345 0.130620954582 0.0158225474828 0.147202478671 0.302586252489 0.396712229136 0.265767586249 
0.0225373519867 0.0189418261477 0.005669737964 0.000748160094915 0.381566353069 0.703197795416 0.683372036563 0.335652904913 
0.000646971263003 0.000383980678599 9.92093040919e-05 0.00990431977933 0.332431541982 0.786318106381 0.722907812086 0.141172032968 
0.000572240497201 0.00528902278173 0.0372324859173 0.167633193816 0.18963308737 0.226825558415 0.876691777067 0.670996745407 
0.251591406044 0.167727702355 0.151471301319 0.345562415487 0.558330209554 0.480144559367 0.260387466411 0.402821785661 
0.0118968020495 0.00573242766163 0.00941935468612 0.0116508971054 0.0854171133191 0.525181437108 0.528308735159 0.3443570182 
0.181210821758 0.0645086291958 0.0645836224175 0.116587111986 0.505072836424 0.366030250248 0.405966152553 0.525696710485 
0.369676881766 0.0627647312166 0.139528543419 0.265571602683 0.166287937829 0.13475533968 0.0660844234587 0.304136587217 
0.00787213403459 0.00655665806714 0.011661727772 0.060385334168 0.213452028091 0.189472884302 0.174036654202 0.747872796001 
0.0459614349235 0.259814289807 0.28438139225 0.0874940793681 0.0412428692122 0.0468223115194 0.273263711759 0.548286066717 
0.000695170587842 0.000397509284834 0.000399322145893 0.0234091976966 0.217097764617 0.777584728476 0.805702156382 0.311694746901 
0.290045384045 0.100369534331 0.129768668088 0.323390298384 0.398675368957 0.409389996982 0.891927653084 0.552717727288 
0.0673255442589 0.143035953281 0.172168768376 0.121907528681 0.528121653275 0.382734026168 0.424493401003 0.54968787058 
0.162839564969 0.154068681334 0.116394182441 0.109348460219 0.299831325992 0.16957001822 0.260527345943 0.540658461408 
0.00466523495689 0.00687067520366 0.0309004898864 0.166242859696 0.188060287751 0.224944267525 0.869420378197 0.665431350313 
0.150591855893 0.016516419351 0.7238669978 0.637950633081 0.498974419537 0.718144739583 0.165902962993 0.0119118755907 
0.000758923490611 0.000445475381037 0.152467007932 0.174283738117 0.116120093238 0.653823116376 0.57582770934 0.336478110142 
0.0364516691579 0.0303603770403 0.0539992365758 0.279612721217 0.988382601336 0.877357144183 0.311441899034 0.011593490185 
0.131147238292 0.119754632182 0.241162167693 0.456042827727 0.0159607275206 0.977354202336 0.158292941201 0.0153372602258 
0.0689499854947 0.0570754291596 0.00178107034537 0.0206277250494 0.539429172329 0.550203928796 0.0360122921805 0.455955160358 
0.0981740813003 0.108399895445 0.310938545404 0.196295257561 0.145172450622 0.00829272115408 0.63580154704 0.274167502581 
0.0217422720941 0.00199489149955 0.0504225940359 0.595916285103 0.939906023338 0.305367592618 0.0968004287989 0.36303686014 
0.00138595818731 0.0999128571745 0.191625292059 0.217178586177 0.281947240793 0.158946141548 0.0223219557279 0.337013713636 
0.0349524768405 0.0836857740295 0.134357037934 0.159377460761 0.435724487036 0.569122950087 0.532190509656 0.310978353308 
0.113522372176 0.232240630078 0.65094307851 0.574599695421 0.227775627739 0.173891195741 0.177714791817 0.172945226638 
0.139988375256 0.0963314166887 0.280357541831 0.167088748711 0.556597323409 0.526021833021 0.0600663837636 0.248470928476 
0.0635343971048 0.029730902749 0.529222147712 0.435720744073 0.196755012754 0.574559046419 0.27932493597 0.113953626077 
0.000922632906784 0.000363309910721 0.18776614801 0.264127165437 0.0527707048003 0.598325449139 0.0461818448104 0.244504057093 
0.00535702734756 0.01206219475 0.0585754573589 0.162429545603 0.240644912495 0.212081288025 0.618321650881 0.786594665955 
0.0118352833173 0.0414670823551 0.216691113408 0.182060192958 0.0796443945464 0.23561659115 0.431518960948 0.472735288442 
0.0121865772928 0.028831338632 0.0616636143282 0.0212716882285 0.556269104858 0.567380306163 0.0371373048332 0.470190005109 
0.336961204095 0.287709609581 0.077227504778 0.16981374372 0.184772807695 0.379815579573 0.497970849178 0.333605707742 
0.137296628659 0.0632165828118 0.0841193848759 0.139709257154 0.0578047110294 0.163912224829 0.926509335949 0.673654579837 
0.0217422720941 0.00199489149955 0.0504225940359 0.595916285103 0.939906023338 0.305367592618 0.0968004287989 0.36303686014 
0.0105296520403 0.000966112183846 0.0244193694816 0.288598769265 0.455191003341 0.318522360741 0.782970999733 0.384575104977 
0.111532561993 0.123149794435 0.353247738517 0.223005042522 0.16492600123 0.00565734200386 0.323755818059 0.031654404859 
0.176087759511 0.0609347618331 0.0787830960547 0.354471016807 0.65915266875 0.477693899172 0.529819596012 0.686076045736 
0.0121865772928 0.028831338632 0.0616636143282 0.0212716882285 0.556269104858 0.567380306163 0.0371373048332 0.470190005109 
0.0171570898579 0.0270511193443 0.118190474223 0.122979413468 0.0638027844573 0.0148792629754 0.0278315026597 0.764663097435 
0.10310765577 0.0744835114665 0.042180088664 0.174222084442 0.6228116252 0.549773137612 0.380886797674 0.146857476966 
0.241464364254 0.355613349134 0.458183099271 0.32488325843 0.0540688322424 0.0213910990784 0.234849643782 0.196333709201 
0.0673255442589 0.143035953281 0.172168768376 0.121907528681 0.528121653275 0.382734026168 0.424493401003 0.54968787058 
0.00315916758689 0.00671180622255 0.00769267178414 0.000304601076171 0.155405717584 0.286399581133 0.709491031497 0.7077079054 
0.0683204714452 0.0752900236904 0.0528817422302 0.0272107517884 0.71157834128 0.725792464211 0.0475129316812 0.6014733618 
0.0340963685196 0.0283986616293 0.05051011189 0.261545723192 0.924518914754 0.820667130529 0.305345948267 0.243183346818 
0.0195123657217 0.148783521498 0.16487611796 0.0283709091864 0.00413854884368 0.43016903832 0.571721534138 0.474653945489 
0.296853835499 0.103334515469 0.114841515958 0.230053400488 0.038286664893 0.026134632787 0.46884049519 0.121903463621 
0.162180443359 0.131612321796 0.00665479498748 0.0224428185841 0.201749192313 0.223150392023 0.31685277717 0.442864293655 
0.130609435472 0.115603484708 0.0800222514811 0.132904545459 0.0549892521272 0.155928553911 0.881381401432 0.640842174077 
0.00548647304175 0.0230893871624 0.0328189579311 0.0107253974701 0.270673347795 0.573398327431 0.762355206835 0.670346802158 
0.00375461648843 0.00743246306802 0.405335216008 0.443024579432 0.311394704762 0.215822221857 0.0738547036471 0.337116442285 
0.000894684797801 0.000525164478932 0.179740863384 0.205460281574 0.136892125872 0.770781870055 0.656630085104 0.333706219173 
0.137799676752 0.130377495653 0.0984962141059 0.0925338871785 0.478285561804 0.538429577697 0.377662759183 0.107414399005 
0.600880555878 0.276668227121 0.368149640389 0.611440054071 0.252983982563 0.17546851333 0.0443011824985 0.560834929084 
0.211062739898 0.310839773314 0.400495456121 0.283978737972 0.0472612507355 0.0322613270237 0.578744139886 0.1504841737 
0.332458493928 0.283865033589 0.0761955369855 0.227816491358 0.620597641101 0.58650671835 0.0669759811932 0.277044338696 
0.00232948556479 0.000917292932141 0.474072457501 0.857282302333 0.563849169598 0.0972104411731 0.301787204599 0.32286128027 
0.192276205796 0.214124720949 0.268109076128 0.15670423093 0.0589952245723 0.444385624782 0.722369340921 0.311498973157 
0.189789547747 0.403215843229 0.485340748821 0.15096566927 0.282338714115 0.0476576510667 0.0244339513707 0.485530951279 
0.300448534575 0.331098052946 0.232554635555 0.119663597433 1.03271838816 0.992457155097 0.160739404373 0.015574668563 
0.150591855893 0.016516419351 0.7238669978 0.637950633081 0.498974419537 0.718144739583 0.165902962993 0.0119118755907 
0.180046828588 0.0623047885337 0.0805544158978 0.36244076947 0.895975545128 0.820982378055 0.568793886242 0.219316443819 
0.0872394413038 0.00956813354999 0.185548439703 0.134532720166 0.582815814076 0.422371592472 0.468458013698 0.606618184035 
1.04212449143e-05 1.18922375668e-05 0.0970867953113 0.0806970836583 0.0224535463499 0.138933561698 0.347365459571 0.684426050332 
0.00795049514816 0.00629119109264 0.0115291984416 0.0445762608521 0.0664061376433 0.167065108693 0.708102464037 0.688826158922 
0.00167463519844 0.000659429407866 0.340804918366 0.616289763163 0.405344232734 0.0698826260685 0.287305873797 0.560158521102 
0.00132966350151 0.00263215311461 0.143546697135 0.144695956844 0.0733950602975 0.0171166562828 0.0320194983365 0.879627977327 
1.04212449143e-05 1.18922375668e-05 0.0970867953113 0.0806970836583 0.0224535463499 0.138933561698 0.347365459571 0.684426050332 
0.00439797861426 0.00870602904349 0.474790095723 0.478591758631 0.24073715764 0.0230837017906 0.253432046261 0.211868967702 
0.158135200307 0.129437851159 0.028490306805 0.115662779854 0.288594677395 0.626944311945 0.608754756404 0.158288507508 
0.0118968020495 0.00573242766163 0.00941935468612 0.0116508971054 0.0854171133191 0.525181437108 0.528308735159 0.3443570182 
0.442005530881 0.650957605214 0.838713663099 0.594705691511 0.0989743386506 0.0337069980869 0.127556290897 0.360145308972 
0.0217422720941 0.00199489149955 0.0504225940359 0.595916285103 0.939906023338 0.305367592618 0.0968004287989 0.36303686014 
0.0101928559996 0.00352721402574 0.00456036117858 0.0205184326667 0.188128687109 0.357458154672 0.885527279498 0.883302038221 
0.0105296520403 0.000966112183846 0.0244193694816 0.288598769265 0.455191003341 0.318522360741 0.782970999733 0.384575104977 
0.255615091176 0.107880807683 0.0104887311285 0.0353725799367 0.317980149251 0.351712347832 0.49941090238 0.698020263405 
0.082172322163 0.0593601236625 0.0336156968733 0.138847398135 0.768623316203 0.615192307659 0.0474844136505 0.251397357664 
0.00358198430689 0.000376544172881 0.113729712384 0.123677925985 0.0433648110172 0.0417673659266 0.483237531483 0.735244348766 
0.899624618525 0.133650949596 0.237166849077 0.0366262516487 0.657566717114 0.333073021124 0.0778350775118 0.230629758459 
0.164360131628 0.058298514784 0.217320551195 8.60858231591e-05 0.169893466933 0.220013927207 0.701940314892 0.188557437411 
0.0272446549695 0.0222942576969 0.000127935985173 0.0425504728136 0.152110356844 0.134270129057 0.216628652277 0.793588817716 
0.0495717671407 0.00543686614302 0.170655818122 0.140861536289 0.161860188147 0.750226286452 0.865731516637 0.154192733789 
0.0514816628623 0.0439569029029 0.0117989781645 0.18397112218 0.534308086287 0.555317800027 0.594367433162 0.240051820395 
0.369676881766 0.0627647312166 0.139528543419 0.265571602683 0.166287937829 0.13475533968 0.0660844234587 0.304136587217 
0.10310765577 0.0744835114665 0.042180088664 0.174222084442 0.6228116252 0.549773137612 0.380886797674 0.146857476966 
0.047052893719 0.0625933197904 0.266313411046 0.252621529742 0.10982640408 0.140705542115 0.755441815649 0.550810987764 
0.095653326882 0.0104909410242 0.329296214025 0.271805554118 0.185470914828 0.0672379999148 0.392417310995 0.787349660914 
0.00663138822707 0.00524738862874 0.0131810770988 0.142875336593 0.161626043697 0.193325171293 0.747209048811 0.571893044252 
0.737404525339 0.26250614994 0.255666182672 0.189982294197 0.834158384893 0.337818849576 0.107089920184 0.401619028893 
0.10057327605 0.0731344859582 0.450164607619 0.540057509225 0.317733245886 0.0536324481481 0.0275001656642 0.546401277516 
0.0018549316428 0.00367194642212 0.200252608326 0.183880543078 0.152154907505 0.849803276258 0.780716666807 0.203007620504 
0.157453942672 0.128844282025 0.000739430610037 0.24591105365 0.879086218605 0.775994887446 0.537624342134 0.207297136934 
0.0618920556867 0.0489748681293 0.0897510652705 0.171430371897 0.118532630181 0.667407117473 0.587791725375 0.343469381393 
0.0475594276278 0.0525132234309 0.150631007013 0.228881685812 0.615412737365 0.563901892249 0.390675893151 0.150632256035 
