0.000525399183844 9.6735887207e-05 0.0649292647955 0.124459513693 0.144040401657 0.190375148374 0.491807755294 0.672679888014 
0.0287608649503 0.030059326372 0.0153142716559 0.0122117414133 0.0354945891728 0.689524500774 0.655088918289 0.134874138756 
0.560897281326 0.413189297629 0.0365989759556 0.271183861063 0.319904755195 0.260438684619 0.0218588605396 0.215270893787 
0.112944504639 0.0456178781531 0.00815258329066 0.0260769158921 0.0799247596996 0.0573828599564 0.134262412066 0.899852303905 
0.0124552128831 0.030130280956 0.0387081424867 0.00792218582672 0.0151621159617 0.0171229557926 0.260279163811 0.73978827132 
0.00182068254068 0.0018223149446 0.0754197517226 0.159786420189 0.102518230892 0.120232740954 0.378036496974 0.820851715104 
0.253623182895 0.284659561028 0.442665918228 0.423946715787 0.111599477762 0.210873475942 0.303220745284 0.343369056522 
0.00407205347604 0.00688643548421 0.00602033081011 0.0146855185673 0.0205283752387 0.229654337938 0.682126351928 0.593787067373 
0.0143482695037 0.0107340857323 0.00415273033253 0.101339068388 0.0763551904356 0.217693607161 0.644908666039 0.275616662485 
0.00107392669916 0.000818241822356 0.00155975892914 0.0046760632167 0.0121993434138 0.551673967064 0.629024138004 0.383140674939 
0.0479742116482 0.00283305146749 0.172672653227 0.195853197271 0.0927270493944 0.298442840905 0.742466218519 0.320783926893 
0.0675364127808 0.125101992053 0.0810660266913 0.0977165043188 0.314245933953 0.169391684384 0.178530342755 0.520536141986 
0.0137177381863 0.0125223850809 0.00490492579187 0.0642613661597 0.230462517611 0.618543957279 0.638292574824 0.0220184077053 
0.102225395665 0.248173940866 0.185201076968 0.0964437861049 0.0921663794931 0.399757832832 0.569954716821 0.705699708332 
0.116678447544 0.0270420766751 0.0462473515775 0.0274798417795 0.00898105197183 0.0179360558764 0.0855858839921 0.672762153633 
0.0668849361895 0.0444332937254 0.0524562598251 0.119967754855 0.261278201473 0.264625280044 0.132797758162 0.0629000100148 
0.0559672064657 0.0773975154184 0.175669541379 0.323811538058 0.225057253995 0.0841621552045 0.50492004044 0.477218148388 
0.256068550871 0.218369562144 0.106731105092 0.0691175455232 0.0716086050998 0.380362675575 0.426176250151 0.103148325451 
0.0819827568801 0.0837292305325 0.0167665539268 0.0296926818301 0.422463457674 0.581448316501 0.484794221719 0.183588409332 
0.0354041231525 0.00221427943634 0.0143559882237 0.0101228081677 0.373489747556 0.702314845203 0.486551581082 0.104775066511 
0.117909994096 0.0954887573037 0.121439578206 0.148993284337 0.129492229051 0.149884332089 0.266138521527 0.585813425514 
0.000981645230052 0.00106598760157 0.00101559367505 0.248353785125 0.562298991464 0.51313353481 0.202887717115 0.535763059464 
0.0640866803884 0.183787534086 0.156236554508 0.0529490154863 0.112937658141 0.251026961754 0.567260957325 0.32057467924 
0.0316498141533 0.00733535095253 0.0134558045365 0.0126498020359 0.0367678514067 0.714259130625 0.678588671159 0.139713878564 
0.213237851462 0.054343040196 0.332900631469 0.54399724942 0.313350402107 0.0444394309822 0.526975803118 0.608442714982 
0.196778131298 0.212055539443 0.135774926903 0.265126220147 0.31235480919 0.263951338409 0.262822036384 0.572395642161 
0.0881589940878 0.00639134110245 0.0928204922081 0.00561882656021 0.117224664132 0.399416754464 0.822147570131 0.772585486572 
0.00605708731108 0.0922437673053 0.0865661055756 0.0740681051119 0.171234702234 0.424667532666 0.652698096343 0.0913428218422 
0.0640866803884 0.183787534086 0.156236554508 0.0529490154863 0.112937658141 0.251026961754 0.567260957325 0.32057467924 
0.102006311845 0.104356136253 0.033028330936 0.199576233668 0.385493716738 0.205699199464 0.209437871129 0.230253800106 
0.0235342510709 0.0225137359703 0.110143422678 0.492860005538 0.429897066419 0.136132126015 0.388428325867 0.0714804083795 
0.0351087458002 0.0359175387537 0.011367764962 0.0686905892029 0.132680102237 0.0707974606264 0.221203346822 0.709291229051 
0.0188860463571 0.0248759027118 0.0126150851389 0.0648491933335 0.239495011789 0.513644238787 0.83070377715 0.317182912273 
0.110491548787 0.0790107544289 0.225924795141 0.131590916246 0.199785568943 0.285121952767 0.0744119140721 0.504123281342 
0.0102833951397 0.156606061215 0.146966862684 0.125748515075 0.271244116847 0.384358423722 0.753023819888 0.390404512093 
0.0970379918573 0.164103891086 0.143464691997 0.126132078076 0.0798777059876 0.346457465792 0.493960301582 0.611602092954 
0.0136137544106 0.138494883626 0.112063511776 0.0433162856107 0.134190892697 0.84259555196 0.858386758045 0.292509538327 
0.0136203000012 0.0232382607198 0.135342225559 0.147981262025 0.000310948586863 0.227783152415 0.58844803065 0.804866795045 
0.0695129664899 0.0709938028584 0.0142163179295 0.0251763437036 0.358205691871 0.395870115128 0.354672887643 0.481720152258 
0.1494249423 0.0690951936105 0.19832366066 0.565427538231 0.93608687567 0.234492364867 0.38256760164 0.207715789357 
0.042508009958 0.00879577814936 0.00573188807649 0.0265486587382 0.0824329806971 0.520384587205 0.58827320008 0.0695720129209 
0.252639170355 0.215445063181 0.105301716232 0.068191893127 0.0886501966232 0.314464859626 0.157811071022 0.0747546544406 
0.00153395301722 0.00181147958344 0.056352319688 0.241988621756 0.271890471081 0.434608837829 0.648232766883 0.10546013628 
0.000617624435426 0.000854646774443 0.0256861836849 0.0588886766665 0.395909676297 0.603140993003 0.395675515504 0.0112371506858 
0.574781608669 0.542750215316 0.120714433895 0.246251139451 0.28857138069 0.125901686211 0.541930467971 0.150488427945 
4.47513542209e-05 0.00115284496044 0.00233996102381 0.00393017551003 0.0211387213958 0.507702805217 0.578886914471 0.352599083287 
0.560897281326 0.413189297629 0.0365989759556 0.271183861063 0.319904755195 0.260438684619 0.0218588605396 0.215270893787 
0.128236052122 0.310213680818 0.398529185701 0.0815651793342 0.161377469567 0.225734042852 0.229837927431 0.252684315508 
1.70295110538e-06 5.34300481566e-06 2.14829586996e-05 0.0254390576126 0.119202663084 0.269347251399 0.396959195546 0.524935007938 
0.0805289652745 0.0631179962374 0.0518108206751 0.128076076645 0.161790534871 0.0186540304618 0.678382447883 0.69675533514 
0.00281013779904 0.00378010982222 0.0169077225394 0.027843738641 0.166352270156 0.292289037611 0.29306465979 0.470469087663 
0.0515200188122 0.00304244418836 0.185434998392 0.210328833711 0.0995805674015 0.299294765825 0.723659796588 0.279961020494 
0.0670960180814 0.00239977456663 0.209924680885 0.422351789628 0.246740923005 0.420847450121 0.843118308273 0.315209692478 
0.00151663859176 0.000279230616726 0.187418302498 0.359252405554 0.318781740177 0.200791140512 0.211625827771 0.617033293876 
0.0675364127808 0.125101992053 0.0810660266913 0.0977165043188 0.314245933953 0.169391684384 0.178530342755 0.520536141986 
0.0583544129957 0.058892411606 0.0197707977116 0.213658765403 0.385298463485 0.448813293411 0.382649468913 0.347035826911 
0.0265445518822 0.0492268733615 0.127009150995 0.157869538434 0.0829111979903 0.00827079542671 0.681521311299 0.68898112007 
0.248754295852 0.460783208939 0.298587294714 0.128094914902 0.212090132233 0.0300783947658 0.356677927122 0.411808499562 
0.00473499897475 0.00484411177529 0.0015331388928 0.00926410086971 0.0327852470828 0.141530211846 0.721409520736 0.730400673859 
0.160477245708 0.136851436203 0.0941994702999 0.137972939727 0.0873763621297 0.378981816325 0.540332758979 0.669021281542 
0.225564703364 0.230760780319 0.0730349387902 0.10300145184 0.0826908748039 0.293325576961 0.147201762208 0.0697265486358 
0.000788502144481 0.0202959194667 0.0411952255089 0.0691916286832 0.155072156519 0.554050415245 0.5710131469 0.220898791236 
0.0493816780256 0.038940306536 0.234207718492 0.319803381681 0.184423790821 0.389979626395 0.00883736571858 0.493114661094 
0.525886356767 0.480059737362 0.18803602986 0.258780899418 0.279906293229 0.039696286811 0.470730044405 0.54349862469 
0.00588950940549 0.0048842509578 0.00856845290202 0.0185268991699 0.00546140782581 0.154981714905 0.789975392974 0.799824039283 
0.0688564108551 0.0103323162781 0.012180272383 0.0284668592762 0.272172815991 0.344495479938 0.674924447119 0.340508304815 
0.00076701179183 0.000289629813755 0.0318986125383 0.0731314267088 0.491663895865 0.749016114583 0.491375964866 0.0134771491081 
0.316485077413 0.355213981203 0.552383074044 0.529024224341 0.139260026014 0.263139829648 0.330170398587 0.143690819036 
0.0675364127808 0.125101992053 0.0810660266913 0.0977165043188 0.314245933953 0.169391684384 0.178530342755 0.520536141986 
0.0566762332442 0.0667194300897 0.177324105721 0.35676201621 0.20842290717 0.355491166282 0.71218311563 0.266252056615 
0.648041452449 0.0928308063129 0.0422852000822 0.31331652151 0.369606969046 0.300902043035 0.0252568227931 0.248723261532 
0.00349965517177 0.00908937264737 0.0060940027535 0.0186913897047 0.267960266329 0.460905182707 0.506499424446 0.536600727971 
0.00473499897475 0.00484411177529 0.0015331388928 0.00926410086971 0.0327852470828 0.141530211846 0.721409520736 0.730400673859 
0.202396135816 0.00390049841301 0.0957523710924 0.0402484263791 0.0039858439555 0.151306898555 0.432462726718 0.733899834728 
0.560897281326 0.413189297629 0.0365989759556 0.271183861063 0.319904755195 0.260438684619 0.0218588605396 0.215270893787 
0.31603498515 0.301476079793 0.0937644996049 0.206675538399 0.0309929196549 0.298981591794 0.49085083355 0.528737247995 
0.0684540522188 0.00404246002851 0.246385289641 0.279461445755 0.132311535984 0.298021290371 0.73491937996 0.370779823237 
0.0417719618055 0.0773768883861 0.305612391962 0.355374133559 0.204936687219 0.433355958793 0.0098216405935 0.547967062774 
0.0718241416821 0.0595643965054 0.104493992362 0.225939562527 0.0666034149734 0.478889099278 0.430602549086 0.584854285799 
0.00688861441959 0.00691410384555 0.00496940872686 0.442100322181 0.581050547521 0.39726664948 0.155957068177 0.496855959088 
0.0163184098318 0.0840185383253 0.0828709918491 0.0624430915181 0.193961881934 0.430722979299 0.261861400393 0.570303427123 
0.0124552128831 0.030130280956 0.0387081424867 0.00792218582672 0.0151621159617 0.0171229557926 0.260279163811 0.73978827132 
0.0406136518863 0.0985983548232 0.0735795257469 0.0383166442722 0.0337702539759 0.672970860024 0.786612387692 0.230187338381 
0.206976343105 0.211385488359 0.0633983895377 0.243104917212 0.286410714392 0.242027551715 0.240991134513 0.524849077587 
0.0227945533389 0.00658459215302 0.111399926225 0.280036110005 0.195391922165 0.15471895283 0.123536912729 0.315397275218 
0.00473499897475 0.00484411177529 0.0015331388928 0.00926410086971 0.0327852470828 0.141530211846 0.721409520736 0.730400673859 
0.203482220878 0.203660455015 0.459765555992 0.846130770242 0.28910730073 0.103848721778 0.403499673647 0.253425965422 
0.24633545616 0.286066007745 0.15934836841 0.0546580327782 0.393196532717 0.113833026578 0.424437115156 0.572838467089 
0.178851254591 0.180017858257 0.047078481765 0.111716901849 0.610011056549 0.491078292282 0.416892049974 0.0431613298318 
0.157077925691 0.161870702522 0.145754510539 0.245514790197 0.240556644159 0.646543509901 0.505609036309 0.205050078397 
0.332593852518 0.283628626938 0.195231177613 0.28595301835 0.121871642807 0.28767500129 0.28644518888 0.623845635029 
0.00427260195938 0.0434661308717 0.0351707351903 0.0135946357537 0.0421153090932 0.26444504989 0.887582400208 0.900344852765 
0.201658327038 0.0467375029138 0.0799304658624 0.0474941321463 0.0281405884124 0.321040801872 0.457721817324 0.566730967321 
0.00827810519996 0.0061862354244 0.0211362294699 0.0509638678178 0.0612162981509 0.0962866758768 0.423950423114 0.77495060817 
0.138354903967 0.10733166755 0.108248836165 0.0853064909064 0.00148285478273 0.0879968351671 0.206724369809 0.692991055511 
0.00504413303688 0.00630053645359 0.00293892153175 0.00259547192217 0.188609270155 0.335581072908 0.607080134918 0.738705532477 
0.86933760879 0.741351691262 0.362345772333 0.234650057962 0.194121088547 0.354436825299 0.0297524745755 0.292982198347 
0.0565800986284 0.0892827142048 0.126272807593 0.0161955299767 0.230375905068 0.319334584071 0.10762309738 0.509563638794 
0.00552139103459 0.0926714895745 0.0789101415539 0.0675174693542 0.156090588149 0.387109578397 0.594971994491 0.083260606869 
0.00581936859943 0.00496265947323 0.00242556313148 0.00673004258287 0.038567937881 0.166493555695 0.848654293121 0.859236784934 
