0.212843314232 0.188830599847 0.0277026874185 0.211736148745 0.473935179567 0.622901383456 0.301665697896 0.0245638935914 
0.00128158060733 0.000750356173682 0.0132873040712 0.0209688646916 0.210829937932 0.63501559566 0.613280430381 0.400242182805 
0.00186566394141 0.0426627783411 0.123864350992 0.0269632481653 0.279680286952 0.391551401933 0.709813146317 0.692403076828 
0.2589567494 0.193960822088 0.163833505832 0.0806965737384 0.0357436379096 0.0603392381884 0.173157171688 0.287785008949 
0.0609653803746 0.122965862997 0.0728953123443 0.0821040454595 0.625594601871 0.560397536316 0.280684478099 0.222834668078 
0.0025962999479 0.000896461997082 0.0114787173797 0.0135526967364 0.00147923816563 0.226350401074 0.622513607447 0.779286697601 
0.144292459926 0.190573724688 0.207029041645 0.102335942956 0.257011401309 0.358636172443 0.224759299624 0.381543286066 
0.152929835952 0.127041104062 0.109367716065 0.262502105828 0.368479457575 0.41409489605 0.215968470978 0.685628388258 
0.00014620341065 0.00104846896895 0.00140428707648 0.0100561083078 0.0180513116455 0.0227450700001 0.705061991186 0.708242119735 
0.0503195910993 0.0210654535637 0.18667671589 0.483022593906 0.601781143285 0.424235482087 0.0801526929166 0.316976626537 
0.0415062260142 0.0293677516508 0.0374475240338 0.00812376045991 0.220573524803 0.593381892884 0.491533663484 0.251916532106 
0.0935180056138 0.125939057211 0.150836557648 0.087648051631 0.187261412669 0.389223776752 0.488238185459 0.277985948244 
0.131580722772 0.126217628855 0.000221404216422 0.0650071856112 0.0641044230707 0.546659603043 0.519377287711 0.354939002337 
0.0336852342465 0.0343799690175 0.0105427696055 0.138617377116 0.179147644158 0.241438740369 0.869883352456 0.464374492491 
0.633465713552 0.314183222137 0.108460932784 0.105717481929 0.0944582108383 0.282737599888 0.157187532114 0.265375648038 
0.0181390286318 0.0180566860511 0.0215315255752 0.127486254774 0.334669485599 0.518156428812 0.58520689811 0.194811640294 
0.00621971750954 0.000295141906565 0.00894892526771 0.150708815365 0.187441291063 0.0552122417753 0.16195822776 0.7005867731 
0.280184485144 0.0610438585905 0.0276112942744 0.188270227616 0.0291725977909 0.637054966796 0.366449855731 0.425637337991 
0.0216394995057 0.0115981108061 0.0373987297706 0.0188797848843 0.163785107835 0.5812542651 0.608556520376 0.461494411272 
0.352162851526 0.21594330147 0.213366989587 0.000781583713441 0.0362748546113 0.16392173451 0.0518764520322 0.671667597847 
2.3059240135e-06 1.69368273273e-07 3.40083526462e-06 7.7525404927e-05 0.0792973944694 0.803943643329 0.792034045278 0.308045876644 
0.0351245981139 0.0732432657339 0.331539712722 0.341208240327 0.071514492838 0.204145509357 0.406842283101 0.436740877867 
0.0614351025374 0.0628475336506 0.0469161566673 0.190419593839 0.545176910435 0.639050079299 0.398067305704 0.347292933836 
0.216353923303 0.217976618846 0.00414197190055 0.241705503813 0.0280725571498 0.46117672593 0.525795077052 0.0862932002984 
0.138199452244 0.26312942501 0.234435401054 0.199723621407 0.249904785759 0.315168055275 0.218811333627 0.0344271412437 
0.0154458882589 0.0097906779919 0.00732775447413 0.178708168401 0.515566593512 0.448140598158 0.447153972839 0.0204086316657 
0.601450778463 0.653677398335 0.0603705669521 0.326471424279 0.718706015803 0.0645854337838 0.309429712845 0.199377966689 
0.00147906853932 0.0298129550445 0.0581690491583 0.0671874229293 0.0829347415639 0.21243463241 0.811628591332 0.58008753305 
0.00128158060733 0.000750356173682 0.0132873040712 0.0209688646916 0.210829937932 0.63501559566 0.613280430381 0.400242182805 
0.122456146469 0.311827853662 0.222971578726 0.0696614459905 0.516413074798 0.307575045763 0.724838801592 0.504703854776 
0.216353923303 0.217976618846 0.00414197190055 0.241705503813 0.0280725571498 0.46117672593 0.525795077052 0.0862932002984 
0.0876599863385 0.155650738568 0.0967955624109 0.0164813087337 0.07555083895 0.0405624655133 0.652843900393 0.784741282331 
0.157551638731 0.00539545773996 0.000975848668192 0.0932455532734 0.0916096686099 0.140070624762 0.473189620423 0.730638902368 
0.161683831093 0.0352260897469 0.015933422648 0.108643600769 0.0168334859897 0.465543387589 0.396740086863 0.425895976563 
0.055525159479 0.0592034828263 0.000861116040156 0.0500180430644 0.235416859727 0.511886118308 0.381352393583 0.558620792631 
0.00651512675359 0.131322652166 0.256227994735 0.295952840724 0.365325297651 0.26048259207 0.68572263817 0.172178743586 
0.216353923303 0.217976618846 0.00414197190055 0.241705503813 0.0280725571498 0.46117672593 0.525795077052 0.0862932002984 
0.190391120229 0.0443933897917 0.280277480209 0.740930697109 0.696198955203 0.36218354522 0.264856016959 0.110555329498 
0.443688947533 0.220058668414 0.0759676693726 0.0740461191941 0.0661593100451 0.320533626952 0.45179037302 0.0254020393329 
0.209127842771 0.0512065008648 0.0502489472006 0.0321005788878 0.263961356781 0.25367861107 0.0771304468925 0.629047815796 
0.00109133728477 0.00141640845575 0.00345438087884 0.00740916791695 0.245798337324 0.324754713116 0.0935944731463 0.928770020769 
0.0413675447048 0.0330405983028 0.0285934020466 0.0408382985302 0.102206900468 0.797661230177 0.890235267889 0.480694558314 
0.00293134339215 0.00270832023867 0.0109982009335 0.102657247481 0.170238575539 0.395718487781 0.448945805587 0.321120345997 
0.0744518269992 0.0647258903514 0.0321082815261 0.592692308945 0.808992566435 0.311386355938 0.22770907033 0.0950473482282 
0.00282087883854 0.000811616356402 0.11452958002 0.687007556144 0.837089742816 0.322201312564 0.235617827138 0.0983490691928 
0.00440993159197 0.00147274396308 0.00273833084225 0.0193997302327 0.117694247428 0.120801126697 0.648692493626 0.519994054088 
0.464835543327 0.132785155762 0.241313154824 0.382434651503 0.234120793806 0.347394281813 0.0547200179869 0.416969541922 
1.50751086179e-05 1.1589541295e-06 2.23256066025e-05 0.000506797841439 0.518376618905 0.463913497809 0.194744336587 0.618248779072 
0.225785014928 0.180047247891 0.0377309881094 0.045752601431 0.0330254070781 0.0369938691023 0.0554838623782 0.633521426348 
0.0846035236392 0.0811551684248 0.000142351973355 0.0411942840489 0.00235845923118 0.0847816376475 0.437629621656 0.643695266555 
0.151106390868 0.095781818359 0.0850382744125 0.115625499944 0.0179154159662 0.495461560451 0.42223665641 0.453267032701 
0.259633080443 0.258454590798 0.308191826284 0.240405423541 0.0369425175778 0.606883333254 0.691917231573 0.113562546459 
0.103100846188 0.0492499899678 0.0566520131065 0.110084910873 0.260536190691 0.66385139437 0.649586476839 0.0996294829647 
0.000747527132033 0.00536077489229 0.00718007556751 0.0514160748116 0.0923037630516 0.116317915191 0.656492713158 0.655869329488 
0.25686202739 0.163848009396 0.0289702636681 0.00579902091884 0.235752037564 0.0867700074425 0.207912539802 0.0357061406896 
0.180302000508 0.211908654848 0.23045458533 0.261407081533 0.4618294223 0.156312236898 0.195240473738 0.0161403767476 
0.00589105029148 0.118743406662 0.231684210532 0.267603860924 0.330331004162 0.235530702351 0.626817737787 0.214980677383 
0.216353923303 0.217976618846 0.00414197190055 0.241705503813 0.0280725571498 0.46117672593 0.525795077052 0.0862932002984 
0.303294184525 0.15042635941 0.0519295106893 0.0506159935862 0.0452240946675 0.274242088146 0.43039438545 0.108061871602 
0.0130100594496 0.000670655103425 0.00934611213793 0.105435138908 0.248008389146 0.136927705769 0.438760142022 0.526587224416 
0.157551638731 0.00539545773996 0.000975848668192 0.0932455532734 0.0916096686099 0.140070624762 0.473189620423 0.730638902368 
0.0632958186469 0.0302356205686 0.0347798782117 0.067583484549 0.159947916978 0.551968918728 0.597144726732 0.268415295021 
0.131580722772 0.126217628855 0.000221404216422 0.0650071856112 0.0641044230707 0.546659603043 0.519377287711 0.354939002337 
2.68516766716e-06 1.92486882321e-05 1.93873618897e-05 0.00039535755128 0.404390459972 0.753877770445 0.642074761001 0.2280772849 
0.152997481137 0.314849477657 0.498552880778 0.524622425153 0.152111894953 0.488499539447 0.236641635606 0.438089946344 
0.0923376333094 0.0737508387086 0.0560595540257 0.0655698313092 0.0644188452161 0.0984952528804 0.590905364312 0.868898406694 
0.00323174267928 0.0231759666739 0.0310412722189 0.222284224809 0.399058823005 0.250758805085 0.555203120356 0.379423128618 
0.0286259032779 0.113324507742 0.179756318314 0.197361561851 0.282160560418 0.262791830372 0.552192585766 0.167577321221 
0.00768498709056 0.017975791403 0.0604064590955 0.0637351126288 0.0295613133524 0.224530809403 0.281308726965 0.830091423321 
0.0614351025374 0.0628475336506 0.0469161566673 0.190419593839 0.545176910435 0.639050079299 0.398067305704 0.347292933836 
0.11579484286 0.00932536791097 0.0920252182346 0.0821740132745 0.0111303356095 0.0181351450592 0.00600474719998 0.7711686938 
0.0878514303753 0.180787135729 0.286269958886 0.301239144418 0.0873420062481 0.40090174189 0.415207604331 0.0189492768511 
0.00900807847521 0.00259180265991 0.365734066492 0.61068099357 0.541002694266 0.104514642362 0.167158460815 0.62025752204 
0.0314949227457 0.00162354395443 0.0226252149705 0.255238770148 0.60038502501 0.253367623778 0.257573678933 0.204485936644 
0.188721036019 0.00974849450006 0.107481635382 0.0118936537231 0.125164506958 0.0301263885835 0.582194678355 0.738297918872 
0.162724916047 0.0464840755588 0.0844764526044 0.133878845124 0.0819572320272 0.263269050677 0.403285474583 0.229614201967 
0.0645698987076 0.0576192727678 0.0567907618992 0.101234731241 0.140029640371 0.466002806339 0.381248238956 0.188536310398 
0.0173248546608 0.0329862231485 0.0317806086355 0.0288510261296 0.0722054610222 0.563521888014 0.628922706262 0.339590860376 
0.0867702089487 0.175013651829 0.103749732672 0.116856242104 0.890391064901 0.741216333124 0.264693957746 0.490023560193 
0.212843314232 0.188830599847 0.0277026874185 0.211736148745 0.473935179567 0.622901383456 0.301665697896 0.0245638935914 
0.0193970588118 0.114698115097 0.121803797806 0.13373320566 0.191192747156 0.178067193255 0.394476260097 0.177519983025 
0.303294184525 0.15042635941 0.0519295106893 0.0506159935862 0.0452240946675 0.274242088146 0.43039438545 0.108061871602 
0.0025962999479 0.000896461997082 0.0114787173797 0.0135526967364 0.00147923816563 0.226350401074 0.622513607447 0.779286697601 
0.214135001803 0.0483271483243 0.0514520608157 0.0328691648217 0.270281449219 0.259752592529 0.0789773221488 0.644109577927 
0.0336852342465 0.0343799690175 0.0105427696055 0.138617377116 0.179147644158 0.241438740369 0.869883352456 0.464374492491 
0.158432105751 0.0756810483961 0.0870555286383 0.169164318602 0.400359630737 0.473961631972 0.259200497192 0.0407850575199 
0.119622333206 0.259249825144 0.206696246314 0.299947689737 0.448486344332 0.232830970845 0.941104014948 0.144348403054 
0.0300484770965 0.01435377667 0.016511071877 0.0320839628887 0.0759310754207 0.262033575178 0.690292313331 0.693309161305 
0.0099235415345 0.00602951614967 0.0624444855694 0.539402240191 0.838881705959 0.677104008937 0.250638495621 0.423151605511 
0.214135001803 0.0483271483243 0.0514520608157 0.0328691648217 0.270281449219 0.259752592529 0.0789773221488 0.644109577927 
0.335443902127 0.267921869575 0.203653039294 0.238201911563 0.205859500269 0.258315889852 0.680018857584 0.170746436093 
0.133189331498 0.156537207414 0.170237109325 0.193101763794 0.341153454708 0.115466521678 0.145564267927 0.104985039479 
0.202168630763 0.20681663384 0.154390196105 0.536669402113 0.508731507581 0.187247703792 0.448660812634 0.0770713635993 
0.00361107352278 0.0046663795924 0.132732160878 0.20746923733 0.18650776528 0.153871466558 0.577405854169 0.620264186022 
0.0314949227457 0.00162354395443 0.0226252149705 0.255238770148 0.60038502501 0.253367623778 0.257573678933 0.204485936644 
0.0878514303753 0.180787135729 0.286269958886 0.301239144418 0.0873420062481 0.40090174189 0.415207604331 0.0189492768511 
0.33201763215 0.094844321611 0.172362507929 0.273161226363 0.16722461536 0.248131293405 0.0390831806559 0.473841094946 
0.104722649882 0.00364456167462 0.000648628971209 0.0619791793743 0.0608911040877 0.0931012584732 0.558546642667 0.821315897104 
0.0012489887358 0.0039799622759 0.00412288797856 0.0320013347987 0.0657274687612 0.0398378556266 0.0598946953169 0.741401635525 
0.00720598357132 0.0388290651998 0.0281805842134 0.00661248826996 0.0661261287217 0.124255197941 0.283725538473 0.734218912358 
