0.000552596359303 0.00450692518099 0.0107983039702 0.0202681469251 0.052666687367 0.108102131603 0.726657335188 0.619453805395 
0.0706490695126 0.0726937042804 0.0713555900332 0.361058967548 0.463903577749 0.17081423716 0.193030064924 0.400847406799 
0.0505929150001 0.0280449088407 0.013223579882 0.0578710772025 0.352702043416 0.595636796068 0.163575334524 0.00449762522233 
0.336928338162 0.404459217043 0.544327386144 0.172087468279 0.133340633648 0.206957578478 0.269889538674 0.402735898208 
0.0881631114838 0.00360125773563 0.079217904525 0.2343970031 0.467184107656 0.521896033776 0.597216697684 0.479637048758 
0.0440607403915 0.144673961737 0.126518724481 0.000632011067416 0.00313692387668 0.0150498804124 0.714055852028 0.806016162196 
0.0149152865772 0.0132865650118 0.0947574462209 0.344517273735 0.755927405757 0.565324908519 0.219655861749 0.316239642043 
0.552983697512 0.335763435365 0.242012327494 0.116080534105 0.0750521589878 0.239035548196 0.019219929491 0.483982041777 
0.0499351351824 0.026599593802 0.00119804052456 0.102532528838 0.245369275635 0.311293713284 0.514315377057 0.527949128776 
0.330772919958 0.271748082165 0.154766771084 0.229860939886 0.540766197039 0.427875259298 0.0789303320287 0.795066891749 
0.237802467654 0.0207379065446 0.0955362287449 0.695030200692 0.428912224342 0.216754547031 0.148948307362 0.444071578733 
0.00103397150392 0.00175879361542 0.315453900417 0.332131034556 0.0390335691182 0.647552330706 0.634551482104 0.460968354917 
0.00213934504779 0.00331406286232 0.0055216500929 0.0906671691071 0.150665749457 0.199479830772 0.392763016275 0.698304356124 
0.00857738455706 0.00507863711101 0.00647239380009 0.0433598585122 0.270853021582 0.35889315292 0.581061834696 0.64244024922 
0.504756152776 0.338901439373 0.166774029166 0.00278689982205 0.192921202474 0.119829706462 0.309103963663 0.37779725061 
0.00164189367281 5.34452820724e-05 0.000920886993739 0.00154850140472 0.152429278267 0.284467772953 0.588092243251 0.57988332896 
0.000573419056002 6.82894863809e-05 0.0218120469768 0.0571183609358 0.0318943235935 0.0364937953508 0.587443528614 0.75336165205 
0.0490664964964 0.0742692155883 0.302534181596 0.230711831969 0.0873198518583 0.641170769644 0.108132062891 0.200213986208 
0.00872863637989 0.00179166175647 0.0465345419344 0.237260335161 0.598015008571 0.571499608622 0.393291069654 0.416075882991 
0.123558809285 0.0880674429706 0.0982412878035 0.0373515954428 0.716401630434 0.258217381795 0.222932324214 0.119093068698 
0.408934107352 0.376044123242 0.174081377312 0.278177195996 0.46763031543 0.0672323812969 0.500694834393 0.50207502258 
0.0195960934766 0.00129470076602 0.00171964103774 0.200096037179 0.268678710074 0.174998526483 0.105536449452 0.494463850398 
0.0175958206744 0.0126567482718 0.0442178930971 0.0529084622449 0.557079208131 1.02094862872 0.0201164582075 0.00126719821169 
0.117536542089 0.011012796294 0.179381942687 0.338746472439 0.322956756409 0.537728929438 0.541346575096 0.129288695978 
0.0363006207615 0.0265646566617 0.00876792110528 0.0231982809572 0.081209153903 0.21550228184 0.365104446785 0.448511892612 
0.000898882631624 0.0014269080687 0.0167211603369 0.0342786221495 0.261368501257 0.329738463574 0.391729110428 0.488367759914 
0.00432324459292 0.00216389963616 0.0559700973915 0.28076706311 0.595685468999 0.548163855381 0.292639078607 0.289154245883 
1.68499075937e-05 3.65740167766e-06 6.72847128472e-06 0.000367730916933 0.128637320066 0.255485316698 0.527745186928 0.69013061433 
0.00429439966346 0.00382545815146 0.0272825061661 0.0991931489357 0.125411418885 0.028462298361 0.652596750574 0.692198021403 
0.000338854338122 0.000375623413273 0.000699119898701 0.00115422489773 0.000884528367803 0.000945293212257 0.549252286985 0.786316162891 
0.237802467654 0.0207379065446 0.0955362287449 0.695030200692 0.428912224342 0.216754547031 0.148948307362 0.444071578733 
0.000650887412173 0.00563828022408 0.00972498933792 0.0328136180517 0.0475206905147 0.0975396650211 0.655654045503 0.558913782596 
0.133245794979 0.0939705148646 0.0246293585524 0.0113295773007 0.421203428263 0.823362784949 0.664638040673 0.181533378165 
0.0375247392551 0.0422484368218 0.026769694854 0.016020801014 0.0795231919988 0.42358584726 0.737571188576 0.652051226876 
0.0056628673781 0.00283441729167 0.073313275527 0.367766991515 0.780267803576 0.676300014781 0.255144251032 0.136320177007 
0.00235000360102 0.00801935240196 0.0149296948823 0.00696231652723 0.0784108710698 0.224848135475 0.514495716947 0.80458599608 
0.121800668236 0.0930842855348 0.0355854362677 0.128853594381 0.206601439389 0.126925761897 0.647620199651 0.31872653461 
0.0304569086343 0.0406391552144 0.0337619721921 0.0251715336107 0.0591999536931 0.209380463474 0.458773381815 0.485234942067 
0.0499351351824 0.026599593802 0.00119804052456 0.102532528838 0.245369275635 0.311293713284 0.514315377057 0.527949128776 
0.0223337941695 0.00543295373212 0.343212854598 0.478790208623 0.190286351003 0.509289309289 0.151876514413 0.123521768003 
0.0300035680386 0.0340935830385 0.0794522289952 0.1790128285 0.191725511926 0.177451382387 0.53697648487 0.649007111137 
0.000898882631624 0.0014269080687 0.0167211603369 0.0342786221495 0.261368501257 0.329738463574 0.391729110428 0.488367759914 
0.102646619113 0.0861607532423 0.00649073744097 0.0795241553674 0.492963798337 0.813252678834 0.71914945734 0.339525505546 
0.474528620509 0.549406321354 0.349642861291 0.0257335614741 0.171430763157 0.201665721272 0.0786760022116 0.489070951992 
0.0407080079565 0.103462494782 0.204978997818 0.223791103281 0.323060240949 0.447173829263 0.290034815693 0.477968164253 
0.000898882631624 0.0014269080687 0.0167211603369 0.0342786221495 0.261368501257 0.329738463574 0.391729110428 0.488367759914 
0.00857738455706 0.00507863711101 0.00647239380009 0.0433598585122 0.270853021582 0.35889315292 0.581061834696 0.64244024922 
0.270319994414 0.0783588718606 0.362737176529 0.368065447663 0.0982404174234 0.139502776347 0.218999437884 0.458191648025 
0.0623668800011 0.0555264994749 0.0425314937476 0.0417705785964 0.0270819958565 0.316245488751 0.697273858427 0.772367448671 
0.131495504564 0.105137461984 0.0338267472028 0.267744907413 0.361023688991 0.586268550116 0.596309913015 0.26786456505 
0.0051013898384 0.0416064117707 0.099686266001 0.187109294788 0.71282879341 0.486144665164 0.144972887397 0.117901457206 
0.0415413760456 0.0476919499583 0.158941708924 0.21527182703 0.0904669693031 0.0289484955672 0.248377101739 0.625176242224 
0.0326931904963 0.0217520288763 0.0498254187509 0.0430765824289 0.00486299729926 0.304064179805 0.667319603131 0.171042119997 
0.552983697512 0.335763435365 0.242012327494 0.116080534105 0.0750521589878 0.239035548196 0.019219929491 0.483982041777 
0.123558809285 0.0880674429706 0.0982412878035 0.0373515954428 0.716401630434 0.258217381795 0.222932324214 0.119093068698 
0.0734651138327 0.0980257136971 0.212488365997 0.286716162734 0.273351595695 0.455135475926 0.458192145062 0.109407156753 
0.000898882631624 0.0014269080687 0.0167211603369 0.0342786221495 0.261368501257 0.329738463574 0.391729110428 0.488367759914 
0.0974376325652 0.319937616451 0.279788419888 0.00139775633926 0.00693798478492 0.029584965593 0.62419970939 0.754445521373 
0.000619834816687 0.000560340665814 0.00222540454435 0.0180384796682 0.0387861581451 0.0424072721625 0.138011376828 0.733203101826 
0.0573208498625 0.00165383775588 0.170654077573 0.190837915278 0.285561934959 0.395269403 0.256365797357 0.359498609939 
0.0952556502889 0.0428898633574 0.0179873866514 0.237140425019 0.119148742684 0.396484988055 0.287577497961 0.538669981393 
0.0052178034009 0.0132614440756 0.0262734604155 0.0249142066479 0.011578206414 0.0204700277791 0.806094130145 0.776892113774 
1.97224896871e-05 3.68429944634e-06 0.0018662406694 0.00696536965386 0.0099721810853 0.0195935900882 0.77266380425 0.801474445962 
0.00213934504779 0.00331406286232 0.0055216500929 0.0906671691071 0.150665749457 0.199479830772 0.392763016275 0.698304356124 
0.00180354293806 0.00734844633569 0.0193407805803 0.0479165816668 0.0819872241187 0.263026519572 0.420209930715 0.513576735026 
0.145043758085 0.132828690753 0.106772012701 0.552029345763 0.624517605099 0.232167131348 0.184504743281 0.229083645612 
0.104744462586 0.0284252668765 0.133883885056 0.167881436587 0.511807683496 0.459826900247 0.0514351159834 0.211120072222 
0.000552596359303 0.00450692518099 0.0107983039702 0.0202681469251 0.052666687367 0.108102131603 0.726657335188 0.619453805395 
0.00801199439445 0.0694034250533 0.119708033184 0.110492269649 0.107536724215 0.0616625043831 0.612431483939 0.581132019921 
0.00855107013969 0.00729740067481 0.00645253724517 0.0432268352715 0.270022073948 0.357792107979 0.579279095961 0.640468853415 
0.000485409033852 0.00159384751326 0.00139383443224 6.87905621518e-06 3.38490845515e-05 0.000360643093324 0.57335675474 0.820828817454 
0.000898882631624 0.0014269080687 0.0167211603369 0.0342786221495 0.261368501257 0.329738463574 0.391729110428 0.488367759914 
0.352631281865 0.321562169698 0.125754133969 0.318286678675 0.482800037602 0.13208472637 0.0542595311977 0.0887326052405 
0.310961949975 0.0118334699288 0.557890703126 0.47782795469 0.254849452589 0.194354158306 0.133551713479 0.398163775184 
0.0373677654368 0.108550246718 0.11631984657 0.0439138274901 0.207798471155 0.519602002488 0.625788418595 0.217204142106 
0.504756152776 0.338901439373 0.166774029166 0.00278689982205 0.192921202474 0.119829706462 0.309103963663 0.37779725061 
0.000650887412173 0.00563828022408 0.00972498933792 0.0328136180517 0.0475206905147 0.0975396650211 0.655654045503 0.558913782596 
0.0138484463844 0.0247644022552 0.47797004778 0.766130438399 0.609615845844 0.133920385887 0.0147947879556 0.439000147888 
0.0601308773286 0.00295712751179 0.00801506288651 0.106833826178 0.116251051275 0.0208489925421 0.41286457161 0.59662627949 
0.0330498885214 0.0839988025284 0.166417699954 0.181690797124 0.262284991497 0.363049910314 0.337678021963 0.607843996953 
0.151353171468 0.0681483663609 0.0285804371687 0.376796125912 0.145949270562 0.58513668686 0.589076327032 0.140700486485 
0.00385875653781 0.00343317496585 0.00185581042123 0.0641052361772 0.134686872912 0.029921285802 0.686049886674 0.727687006338 
0.344671388109 0.382072922857 0.340218220466 0.310429455853 0.199117512395 0.304260052005 0.663697164873 0.37266908197 
0.000484425153735 0.00192138134834 0.00167255372598 0.000450319922351 0.504792804229 0.502164438352 0.288784469156 0.336270574933 
0.136590707856 0.0892403123181 0.245054695666 0.209886914183 0.198275130935 0.493292641229 0.359504476836 0.259677694847 
0.162373359409 0.396924444 0.435184488962 0.298279900801 0.191324446387 0.292351923612 0.637720073574 0.358077681549 
0.0140252150046 0.00341179493553 0.215531412514 0.30067148758 0.119496091038 0.319824074316 0.182392812911 0.615920130008 
0.0280543166144 0.0186656085808 0.0427556335008 0.0369643854899 0.00417287926906 0.154363472085 0.761405198501 0.64908111487 
0.0209925442788 0.00506495661133 0.0668127293448 0.016619758032 0.419165022351 0.409489864309 0.501581563429 0.402810838088 
0.00194513865552 0.00330869656197 0.59344117418 0.624814762951 0.0412367410731 0.148482425676 0.0609999598978 0.0997670522342 
0.492558118373 0.215919542739 0.128741000009 0.563416947449 0.400371081203 0.252874572044 0.329776661927 0.492122772239 
0.000609933006614 0.00305601795182 0.0119187192523 0.0223711467856 0.0581313745738 0.119318729214 0.802057841625 0.683743057331 
0.0410476262134 0.0771447843875 0.0653051947984 0.00285060451774 0.0782853373817 0.713256381395 0.711223812207 0.227631316214 
0.145043758085 0.132828690753 0.106772012701 0.552029345763 0.624517605099 0.232167131348 0.184504743281 0.229083645612 
0.205269548345 0.152139474433 0.115145948127 0.176553815628 0.410990117363 0.385861603498 0.353666127115 0.134259078112 
0.0411445721957 0.104572055957 0.207177250771 0.18257243743 0.0664299082185 0.364811584857 0.339316749494 0.610794244936 
0.250307908948 0.110216551187 0.245886995724 0.0963171623902 0.11380523368 0.124871773411 0.0978951137764 0.417470745093 
0.117626690066 0.182215734799 0.141495978552 0.0460192285337 0.88264616578 0.318138142009 0.274673056117 0.146764284937 
0.0953279325606 0.108322812102 0.252437199015 0.568763285391 0.609155653291 0.386088420468 0.149235460857 0.121371660272 
0.461963233728 0.203413447987 0.45380408628 0.177761085581 0.210037252946 0.230461564553 0.125512474046 0.222899567879 
