0.0318486541137 0.0344131621371 0.0173837253564 0.084928716098 0.358949240492 0.745717585919 0.34358617742 0.0782850379712 
0.0724845801158 0.109576901725 0.093522612681 0.166599352677 0.402368949947 0.313138157966 0.239190806146 0.723647625222 
0.0316143144181 0.0129977586944 0.0498423850713 0.105065999141 0.147404469839 0.291855564558 0.748742250827 0.514344442755 
0.0420676345639 0.000747652185361 0.0413365755711 0.0513893844061 0.0270479923551 0.0520393725068 0.930413403365 0.848253092929 
0.660533401931 0.156744514201 0.600714214661 0.567640873258 0.263727243258 0.0177742726995 0.0467670029013 0.0383593323934 
0.0461404916212 0.0415072388627 0.163087052024 0.858264839482 0.79892725717 0.568002622396 0.379343488114 0.288953020858 
0.0388763225588 0.0282708524896 0.0159235583433 0.195490398821 0.251410987666 0.142078900931 0.674897946405 0.723686935724 
0.0100384439378 0.00292145885248 0.00545322918775 0.00900112377691 0.170165318601 0.318494403465 0.567914850319 0.716486930138 
0.0278246889378 0.0667818060008 0.172060349146 0.189193582823 0.0602977729671 0.047080786808 0.241326079684 0.499787452065 
0.0438471051145 0.000562033185088 0.0216279374744 0.115850983574 0.113073341657 0.416838415288 0.349830615489 0.44109681277 
0.0669816890056 0.056675379832 0.134079717487 0.20294456676 0.169674916951 0.12112376423 0.0496821085815 0.711457738134 
0.0237781370894 0.0318877833228 0.0287913127557 0.123168535995 0.809939872936 0.910435509389 0.549242708363 0.231898450236 
0.017674601814 0.00723124783606 0.023530415297 0.0578513966781 0.0635384891985 0.00523139220151 0.166761799047 0.905513877844 
0.00163939978249 0.136498416187 0.612352326328 0.633244410459 0.189987579551 0.358084988843 0.425181948895 0.179487754261 
0.00278421276996 0.00370882082605 0.00211515953871 0.0618169329918 0.284678429741 0.613279336315 0.622539273465 0.291430203519 
0.0167047535027 0.133501483925 0.220334427446 0.19098908866 0.125665956644 0.376069423886 0.514109491648 0.0580578513657 
0.0574127408767 0.0506585810731 0.0186900610931 0.00633261054286 0.0705321737606 0.170462276992 0.697507097948 0.729024509774 
0.121376181687 0.0823115731827 0.0438514850783 0.111957753959 0.510153590186 0.755671639974 0.123565126001 0.0919450325068 
0.145123822566 0.11337774703 0.158438557594 0.108565780776 0.0650407355012 0.0507843420362 0.260309346417 0.539111107044 
0.245636383367 0.264400937321 0.00473986999116 0.063099053444 0.218167677473 0.41443285105 0.6192637962 0.52105319857 
0.0362778399654 0.170671198569 0.132510359486 0.0816789989765 0.157304431449 0.0460042795272 0.419980486686 0.584145716979 
0.0541123050864 0.000961717574124 0.0531719800904 0.0661031165608 0.0600370303514 0.233840094439 0.880466796143 0.830678044919 
0.0456125876932 0.0611689766998 0.0552293045122 0.236269239339 0.267132023469 0.0638666854199 0.583042842198 0.810995438982 
0.00621333310967 0.0652217412273 0.0519032352272 0.122265385349 0.290601716194 0.374458405951 0.710588372496 0.382230786883 
0.00913711611554 0.0051937571417 0.00996167632786 0.0413646468393 0.464423180329 0.836408060526 0.734905583158 0.182348113462 
0.0106890057943 0.0305058597207 0.0394759409049 0.0965387289058 0.63671367708 0.787291099011 0.512449440708 0.128889888798 
0.266026706605 0.0932719076466 0.074790059746 0.244309327183 0.434167751355 0.395621654191 0.540589550559 0.513011257228 
0.23641484641 0.16032534278 0.0854134760201 0.214023426796 0.24883161276 0.59415790372 0.72344161254 0.299055308082 
0.145123822566 0.11337774703 0.158438557594 0.108565780776 0.0650407355012 0.0507843420362 0.260309346417 0.539111107044 
0.541660039167 0.213621894833 0.261455957146 0.665806408127 0.112309166719 0.40857366415 0.114514241427 0.202098214175 
0.00278421276996 0.00370882082605 0.00211515953871 0.0618169329918 0.284678429741 0.613279336315 0.622539273465 0.291430203519 
0.00974873294106 0.0564664922405 0.0394506636258 0.0156196847449 0.279410274387 0.621422766442 0.532300085324 0.567612711518 
0.151937296141 0.193708326983 0.317685095909 0.455475194132 0.188024690005 0.192312878508 0.691041882706 0.493929619145 
0.11585922998 0.098032252765 0.231919817617 0.351036478959 0.293489311858 0.217080060277 0.233222350482 0.705587991512 
0.0106890057943 0.0305058597207 0.0394759409049 0.0965387289058 0.63671367708 0.787291099011 0.512449440708 0.128889888798 
0.0273577659625 0.0741206013581 0.107794922931 0.414053182806 0.639290271981 0.57425665736 0.487445806032 0.481985249778 
0.000272137812343 0.000323743537539 0.101649393276 0.105117331491 0.0315375646255 0.116014078564 0.771216773505 0.834358178185 
0.0154682346099 0.00800534219724 0.0156850978056 0.0319005404983 0.0479244302963 0.221165242547 0.8502115601 0.747678572117 
0.558626041139 0.252850180052 0.293153810409 0.223082676556 0.257398999392 0.611988895491 0.125229208283 0.349945836726 
0.544540407079 0.686026902079 0.445110735832 0.656498677318 0.488563089438 0.56143825105 0.330915440379 0.203223112552 
0.0103840707158 0.260518087793 0.181314417734 0.0655537280568 0.184498543048 0.267675170992 0.439988330258 0.114524251798 
0.13643163567 0.0985447215543 0.0434530760146 0.323825589676 0.648931461177 0.246997941552 0.0379987378617 0.193782203853 
0.028946576145 0.0449830639444 0.0634335396012 0.143651058232 0.426466373938 0.376719944642 0.562915265776 0.434465932669 
0.43212014331 0.151506104847 0.12148524434 0.396843737596 0.705239894609 0.489623718576 0.0303145104772 0.402258041338 
0.0329821905459 0.00157383929567 0.198632459373 0.17491532947 0.128282884908 0.0937521806838 0.235279052798 0.758430075335 
0.12794546107 0.149185544045 0.360027413087 0.100347131151 0.289282204046 0.518606248781 0.84104747258 0.347692949639 
0.0262786053692 0.0459496308361 0.0379538516766 0.0867860551527 0.256472999312 0.102728307567 0.687028769882 0.736697003293 
0.0101271434038 0.0289023340417 0.0374008983746 0.0914642014148 0.603245127419 0.745907369388 0.545437726858 0.366875346923 
0.37972499071 0.257511489763 0.115493329382 0.321958028845 0.611042255089 0.424225160958 0.0262640494697 0.348510588476 
0.0134388183042 0.0484053313036 0.0605740048153 0.0449555858527 0.204816895819 0.713299614869 0.636553919255 0.261545352515 
0.00939824399057 0.05898449518 0.0929610365335 0.022324891068 0.156019916868 0.220522168368 0.477631206006 0.664348468925 
0.0987861519783 0.0771765182999 0.107849471636 0.0851113561386 0.325124234567 0.57817493309 0.485235002704 0.610502903461 
0.0273577659625 0.0741206013581 0.107794922931 0.414053182806 0.639290271981 0.57425665736 0.487445806032 0.481985249778 
0.0377748958048 0.0274698952162 0.0154724143441 0.189951842705 0.295295519185 0.397072164382 0.542821860933 0.0613080067939 
0.00625457897606 0.00179824828151 0.00236230652938 0.0899697881668 0.110615108598 0.0989493357698 0.771362033902 0.806230193955 
0.144798122955 0.136014490437 0.0440402342427 0.0808244503185 0.308748366488 0.549053258123 0.460794146987 0.579746080129 
0.0142299077524 0.113722947231 0.187691375267 0.162693592095 0.107048256539 0.177073757414 0.511231202928 0.711092243338 
0.172525648682 0.00306623329203 0.169527991599 0.210756489847 0.191415588506 0.745556213898 0.871475998264 0.348574763637 
0.0736060968291 0.176661384809 0.455160469071 0.500484130655 0.172811838575 0.194651885831 0.0418109369127 0.474135162314 
0.046527249298 0.000826911236905 0.0457187082562 0.0568372359341 0.0516214779926 0.201061733521 0.822715379646 0.859913406077 
0.239616961627 0.365866998684 0.20109192969 0.0287592809328 0.0263426764195 0.17722029352 0.461102889404 0.590037955676 
0.275752984652 0.230147438108 0.0851278915833 0.26343701297 0.0773578910352 0.157855463543 0.273064981429 0.455905035851 
0.0289054172666 0.00831057017269 0.0109179675652 0.415794770891 0.511205951224 0.277352430088 0.637544143973 0.611870872376 
0.0286689998405 0.00858018971732 0.0219213724667 0.0488700075215 0.0804248673797 0.2466930716 0.710782231845 0.79968759478 
0.0898208926078 0.104731958581 0.252748138799 0.0704460876652 0.259656816536 0.620006347985 0.754914759401 0.312071493119 
0.0807165931156 0.00385162250217 0.486109115767 0.428066902855 0.313944032656 0.220486750405 0.0473615403294 0.537081495356 
0.100036151351 0.404039362313 0.293894463768 0.20732534644 0.651709773807 0.732785712015 0.292898305331 0.233172433691 
0.120572839801 0.486985681153 0.354228877221 0.249887783172 0.429968630528 0.271063465329 0.11227484028 0.492442288347 
0.0226979822467 0.238262120833 0.175243764927 0.0474562498015 0.174919048822 0.417669328634 0.746242340405 0.599236164469 
0.067094327851 0.0487909792221 0.0274816430827 0.337385450158 0.433895306195 0.245207659916 0.581282850596 0.483348901568 
0.580613005814 0.262802111341 0.304692059115 0.231863000653 0.18349263405 0.280481809347 0.116176253749 0.509557281712 
0.0951963112254 0.00454256356292 0.573312070526 0.504857712509 0.370262346883 0.260040314673 0.0558595972222 0.491292193984 
0.18049623363 0.227394093032 0.147538637528 0.217606306441 0.161941634099 0.186095298554 0.336194797248 0.796575110719 
0.0188988738949 0.0494579430361 0.0323404829215 0.0239123738873 0.211249922744 0.234155282196 0.324849627159 0.764809974872 
0.163669741269 0.110993060582 0.0497800440469 0.091358385075 0.348987721669 0.620612055301 0.520851071568 0.655322821001 
0.0518360571185 0.160436497984 0.139753016427 0.293936922652 0.373635866551 0.216597064899 0.794635571859 0.721768354388 
0.118893457037 0.0468896424489 0.0311206454353 0.0221559154303 0.154839027896 0.21885305106 0.474016016812 0.659319075961 
0.0104276712028 0.00592733977832 0.011368718809 0.0472071634028 0.530019787761 0.490127595628 0.0452784528298 0.513458348526 
0.0142299077524 0.113722947231 0.187691375267 0.162693592095 0.107048256539 0.177073757414 0.511231202928 0.711092243338 
0.0343397045059 0.0249718249212 0.0160914291706 0.102997024826 0.67930873605 0.839959721389 0.546732133491 0.137521701237 
0.511547378305 0.553754556719 0.451444469867 0.316551571267 0.267791783696 0.214827923498 0.0529076108184 0.599976422965 
0.116520517101 0.144570243787 0.176231608189 0.248032783824 0.0662170825288 0.401674991407 0.463486152694 0.210501150096 
0.0849824213837 0.0719063834142 0.170112492933 0.257484194281 0.183468239764 0.0609579607003 0.556489671971 0.774055096342 
0.318574466163 0.344859674333 0.28114433662 0.197137533619 0.166771661891 0.252088042236 0.578847081245 0.148377225636 
0.00974873294106 0.0564664922405 0.0394506636258 0.0156196847449 0.279410274387 0.621422766442 0.532300085324 0.567612711518 
0.00269960485466 0.00321153340672 0.420254850609 0.389966939361 0.104109119298 0.631530699412 0.728716931626 0.33103762395 
0.0336668206211 0.0881053392893 0.0576120960054 0.0425982070688 0.376324784251 0.602759587694 0.654221640351 0.467604948788 
0.110476606978 0.00527170646996 0.665336440691 0.585894254359 0.429694477477 0.301780779197 0.0522080010641 0.32686443085 
0.267696196384 0.00475766356027 0.263045031213 0.327016535757 0.297006470042 0.594350671364 0.415795347825 0.406363095359 
0.0044968544504 0.00129288650372 0.00169837987717 0.0646854893759 0.0795289147979 0.0431455834055 0.390871478762 0.881531219567 
0.0938662037342 0.101610994867 0.0828375037661 0.350701330162 0.675011477557 0.173082577354 0.0552641907563 0.480345963181 
0.37972499071 0.257511489763 0.115493329382 0.321958028845 0.611042255089 0.424225160958 0.0262640494697 0.348510588476 
0.16066879601 0.118869300347 0.0767750216078 0.0234158607376 0.0804654501403 0.683518288991 0.803308442808 0.0301984176239 
0.057526680861 0.0201694909805 0.0161727694841 0.153610057705 0.289984247456 0.373662752987 0.709078496813 0.38141833014 
0.108119050029 0.127990040312 0.466462992479 0.689149350241 0.253224207868 0.0896143846358 0.376164897871 0.367619386958 
0.0752974796267 0.131661910669 0.108751496937 0.248673253438 0.734885842284 0.1884354801 0.0601671269888 0.522965577662 
0.0724259243887 0.0253933306634 0.0203615137273 0.193394696856 0.365089350965 0.470441090892 0.797494102162 0.184793373929 
0.00348429577419 0.0249784874124 0.0764848055008 0.387286227579 0.757606032085 0.653162002178 0.26107127436 0.207821164248 
0.0108056220808 0.029275753274 0.0425761518407 0.122058175483 0.711067758069 0.879229626827 0.57229342678 0.143957610189 
0.00526766747848 0.00153303378148 0.00362057409062 0.0837121292876 0.102921527761 0.0920669405577 0.717711025456 0.750145075735 
