0.0968887736054 0.291104167176 0.326268912292 0.169571680114 0.0510618376639 0.498576297729 0.77179682498 0.0804863027018 
0.537210560149 0.394557858295 0.260329588926 0.0205414968424 0.174941604818 0.44383549469 0.463184582629 0.116978506963 
0.00192572368666 0.00296178487607 0.0304019401567 0.0431527115168 0.33826935904 0.460983724779 0.0339458197873 0.382612001573 
0.71439225132 0.936760132341 0.706501309451 0.335103960775 0.00945553775639 0.347261301645 0.0866374256272 0.124913077119 
0.00647398176069 0.000292733329706 0.000185926025355 0.00245789972779 0.00118990210723 0.0679661037875 0.841402967781 0.832491759457 
0.633016057531 0.44879628317 0.156932477702 0.108712152042 0.179857945653 0.246712571353 0.303646469169 0.0277432022337 
0.118320452307 0.115844731101 0.023909719532 0.0915867201919 0.295378622842 0.262840158786 0.383308881748 0.443244889922 
0.317340526212 0.242205757336 0.368930439953 0.0499249386099 0.169897966933 0.161874322097 0.463662485001 0.318040161848 
0.155896941383 0.146508283125 0.0836125523159 0.000241098062179 0.129947288306 0.155439148958 0.390280877459 0.463164672406 
0.0129064069877 0.00851828288083 0.0379140341801 0.106146443503 0.0959433489072 0.0818417320849 0.806894287737 0.811009233901 
0.38145027398 0.0337619798495 0.254594552723 0.230240881697 0.133441256404 0.0960759284983 0.0986955995728 0.456529992842 
0.104831937293 0.168532375263 0.405166739543 0.406246184682 0.0841069192406 0.066760687855 0.0847188641005 0.719955747785 
0.069196162621 0.0834640913153 0.0475612991341 0.0449485109852 0.13631606278 0.156344011229 0.518833852976 0.841297559288 
0.072205390528 0.0508017752084 0.0574056144065 0.0689432224468 0.00372206655508 0.362680435561 0.475501607551 0.507805775163 
0.0862958932372 0.0195788984845 0.0651354052954 0.0920081398443 0.22157466575 0.200074144607 0.536645375766 0.671351192276 
0.0512091020643 0.0194523429501 0.175085685483 0.463234348706 0.341261282148 0.0338575609784 0.00403176578451 0.137167890915 
0.01901999736 0.0132446741384 0.0376871455922 0.0693318609319 0.236974170812 0.753212708727 0.525523694396 0.326356337971 
0.119979559498 0.117894732203 0.0656115606743 0.362144296161 0.360001387487 0.26834039523 0.305679871643 0.743217069636 
0.0915689241248 0.0849841897882 0.0824773251734 0.166476258554 0.136738054768 0.15555644831 0.0087267261627 0.468469730343 
0.015839814351 0.0155518067566 0.00350663542396 0.00674910577046 0.0290532454975 0.161260043072 0.788811567519 0.756823446086 
0.0471124517987 0.126688036583 0.194313711847 0.171768755762 0.161494991331 0.527297377061 0.596728139514 0.154345817643 
0.0745123559951 0.00336934689196 0.00214053762916 0.0282892826483 0.0136986861372 0.78230136672 0.828776378343 0.242287756694 
0.645501432544 0.637292166032 0.194399289279 0.468388014252 0.0680140434003 0.299687535227 0.486450686842 0.220704705725 
0.423793920167 0.351721714676 0.362719421745 0.272332231492 0.0100241116954 0.124507221119 0.158336119013 0.593033129512 
0.177129918726 0.329460017777 0.267699060792 0.111018746372 0.395634048945 0.255996938339 0.571705421444 0.109065663273 
0.146631434482 0.163306138823 0.11591877276 0.0295076324932 0.159976359671 0.117441005005 0.434652218279 0.676148719336 
0.252205707538 0.117640015823 0.150804252691 0.161091139771 0.189685528898 0.268308162371 0.259152853805 0.42119837398 
0.054760774923 0.0540452651296 0.0539002588945 0.0542906524867 0.250910065988 0.481533486917 0.572568118126 0.613012502457 
0.0806173036304 0.078335885622 0.0152410547095 0.00719841542013 0.0398424938629 0.0663595261502 0.364375549129 0.718367442109 
0.0915689241248 0.0849841897882 0.0824773251734 0.166476258554 0.136738054768 0.15555644831 0.0087267261627 0.468469730343 
0.0108438781367 0.0414886784432 0.0715629552866 0.077174603753 0.242284052883 0.46497875767 0.552883568352 0.591937521454 
0.0259559928786 0.130298604794 0.109473449997 0.0513018121988 0.317766714466 0.282762337466 0.412362262635 0.476841087624 
0.0318237971543 0.0678620799764 0.0533570580843 0.011493959042 0.0346543748303 0.63261165744 0.807248754132 0.46909631398 
0.316893562379 0.285690022772 0.00396804100817 0.0352802813445 0.465646836172 0.627483879711 0.445770124666 0.379122486391 
0.130907403261 0.0343674810217 0.0239744261596 0.0822085992297 0.0586273594627 0.474427843568 0.575528447555 0.477870246461 
0.0283135380806 0.0679417112759 0.189242117643 0.19477160537 0.09737020751 0.238993487188 0.390189712961 0.429008151226 
0.0122997654125 0.0101888725073 0.00147744853473 0.523408033508 0.623372552711 0.318847091727 0.620758790944 0.653839897095 
0.0407700573657 0.0390158520472 0.0117856819466 0.022723053286 0.00751873895193 0.256224023143 0.550962352163 0.79553630252 
0.128090532406 0.147393712209 0.151610066175 0.207271294186 0.203869812388 0.0452759315368 0.263697741798 0.293758198247 
0.131839328 0.0499264625253 0.169920317072 0.482356075284 0.286926674823 0.467220138503 0.0239571917728 0.287640492328 
0.0163692205164 0.0136959117044 0.0863638283335 0.540095096683 0.540499738188 0.163812507936 0.202362875745 0.276123752062 
0.0910940076966 0.218590798791 0.608854091732 0.612746628843 0.198153696946 0.0494551392976 0.00124599271303 0.396281769377 
0.0961039083636 0.0806340030638 0.0642603329618 0.0591428782662 0.0625108914521 0.0977085875167 0.466384467977 0.65431607587 
0.18984319562 0.180971454731 0.0150004441496 0.129968619805 0.12523952608 0.454563143267 0.464768414619 0.163306700266 
0.00877620610232 0.000445760015679 0.0758244870361 0.106263428637 0.00467156168733 0.0251370966586 0.523605835439 0.552189728633 
0.169608703101 0.206824434655 0.293807814615 0.410021498947 0.103351511103 0.137552072728 0.571201006684 0.0935711624327 
0.239984214899 0.0227515799059 0.509164783093 0.459557396894 0.179421382846 0.0447795075926 0.00119060353457 0.510113675123 
0.169608703101 0.206824434655 0.293807814615 0.410021498947 0.103351511103 0.137552072728 0.571201006684 0.0935711624327 
0.443541584313 0.413335880027 0.0312933254335 0.139183092044 0.219506535053 0.556065886647 0.451499731424 0.663360803892 
0.124553576355 0.130054492978 0.104798057986 0.199836136439 0.283253021272 0.66160153549 0.594810079069 0.41867126911 
0.000364326721753 0.0010324525261 0.000831175365605 0.0592120499059 0.679905974554 0.618281378101 0.426875101544 0.281693176037 
0.149245346684 0.318255340837 0.250230776966 0.0539037077432 0.0688936996946 0.176936228378 0.270642837043 0.296609836316 
0.00975465734876 0.00962721615857 0.00960134788203 0.00967092434996 0.0376171553473 0.170684509095 0.834911030943 0.801053490988 
0.252530116492 0.103214719861 0.180564432089 0.0865007948235 0.0678109376901 0.0727227060339 0.051116333638 0.734434291024 
0.115550707427 0.442095987348 0.762562488162 0.656065474411 0.271956887748 0.321494041503 0.545061459866 0.247297253264 
0.0267398753304 0.198235665584 0.174311699627 0.0524826812937 0.00699808362905 0.0376572056331 0.739675169671 0.468605464864 
0.281709489507 0.282447586332 0.0965756533064 0.296966838507 0.369743005677 0.0729523376349 0.416757373422 0.0589124649845 
0.107565312005 0.100239999297 0.00758904473888 0.03375392653 0.0532332959839 0.666344744363 0.922675884072 0.53617214141 
0.00736726111895 0.00853392703648 0.0710697062622 0.27940769123 0.483876300729 0.522282092265 0.408609821955 0.105947724348 
0.0722287978925 0.129229327064 0.352067785154 0.700448234336 0.653228511175 0.436141649549 0.552398199784 0.13469898607 
0.250696960394 0.0398367425887 0.414036235181 0.355649634004 0.106201357704 0.505896571593 0.365732035391 0.358218785663 
0.00842929541239 0.0136731748673 0.0533060588276 0.0791508450898 0.21698022195 0.416416569678 0.495140261748 0.530115478089 
0.313359598751 0.164965256888 0.117985107183 0.261603595583 0.405579104415 0.501807123683 0.00412227451202 0.123744972596 
0.00877620610232 0.000445760015679 0.0758244870361 0.106263428637 0.00467156168733 0.0251370966586 0.523605835439 0.552189728633 
0.0445299303549 0.0949570224103 0.0746606748891 0.107538577842 0.564112623551 0.282166112677 0.166267060742 0.63660257302 
0.252622915547 0.132986553981 0.200406575514 0.0848223628922 0.17315446041 0.124594153305 0.729441595418 0.531066938096 
0.0658324063606 0.101815027705 0.0717792006778 0.152876098942 0.612567450281 0.306403337668 0.180549450512 0.691284717047 
0.128090532406 0.147393712209 0.151610066175 0.207271294186 0.203869812388 0.0452759315368 0.263697741798 0.293758198247 
0.188510998841 0.156452019442 0.142479767465 0.0661353346961 0.0774702492841 0.193162034164 0.0583988425483 0.839051362881 
0.0305748827407 0.121906353079 0.201775235202 0.173595982478 0.0719599875792 0.0844204046509 0.502209640415 0.927416117141 
0.00111544961098 0.00108389960197 0.000210827402525 0.0374469802471 0.708128716378 0.643946274979 0.444594957333 0.293386565621 
0.0162071275243 0.0112859187869 0.0321135891602 0.0590783774638 0.201928038247 0.494306510545 0.0013086989934 0.560329904634 
0.038763511062 0.0371121216375 0.00644092866362 0.168558331345 0.17854998508 0.194776061134 0.675806435972 0.522305719416 
0.00736726111895 0.00853392703648 0.0710697062622 0.27940769123 0.483876300729 0.522282092265 0.408609821955 0.105947724348 
0.0407143207097 0.097698841144 0.272126443152 0.280077718535 0.135147667898 0.200832736531 0.228777579549 0.556243370069 
0.00636734938796 0.024361523057 0.0420206675941 0.0453157606621 0.142265416558 0.273026644463 0.629891686039 0.737814001333 
0.0613709322375 0.0258171934295 0.0212859736107 0.0405706156568 0.115345373445 0.537079598747 0.608365222396 0.1437088965 
0.866297981136 0.718971630811 0.654762640896 0.303923441512 0.225560559995 0.0667250770541 0.00795391108031 0.270315510427 
0.129572136939 0.0170914170549 0.1020785588 0.14885652661 0.343380901486 0.335985790481 0.102858573312 0.298628383686 
0.0268425409988 0.0264918224318 0.0264207199586 0.0266121039938 0.103514015255 0.469691032083 0.63438498567 0.549916018067 
0.0792462008725 0.234191524343 0.546712509298 0.313485478336 0.215742097764 0.102460137336 0.74671932174 0.409026915312 
0.32402752534 0.275291113865 0.062951372647 0.399380577816 0.354663678622 0.367727282692 0.584948037042 0.427287236537 
0.23908712042 0.0274864979004 0.414163091011 0.577982460017 0.145688498968 0.193900701467 0.805191150754 0.131905305838 
0.0280599062168 0.208021683997 0.182916699969 0.057099317776 0.0668855088221 0.166769841948 0.0504186189084 0.724411251862 
0.0457233966175 0.0451259729582 0.045004890022 0.0453308624671 0.176325202593 0.80007126554 0.810728841173 0.131090402585 
0.276300083247 0.202930432873 0.133893636431 0.0105649690776 0.0899764411252 0.228272861595 0.251999676067 0.30191347991 
0.18816186146 0.176830093779 0.100917277374 0.000291000147713 0.276506548938 0.310915512746 0.0951829952521 0.276345235436 
0.426838499479 0.203432472433 0.299454842635 0.486220667515 0.138515833425 0.174066671198 0.129035841773 0.137771945543 
0.570311283314 0.404339797843 0.141387186656 0.0979434335469 0.162041695335 0.222273470162 0.3596787821 0.428444649676 
0.0268416909466 0.0480242740219 0.130835611027 0.26030099609 0.242752971795 0.182915029649 0.279788120424 0.311682749764 
0.0150424362984 0.000764042326637 0.129963184424 0.18213548856 0.00800729658832 0.0430882553051 0.846341917435 0.536182390545 
0.0199540627935 0.0344756640372 0.611383442046 0.668748394209 0.088321270767 0.0802134301669 0.229941804311 0.335573694808 
0.3062870523 0.0290373892429 0.649836824358 0.586523899964 0.228992008406 0.0571524577397 0.00144131588211 0.457955708612 
0.0240603142277 0.0012220898189 0.207875445707 0.291324738431 0.0135591498948 0.0807524389497 0.0567610274789 0.815523287747 
0.106481136484 0.198024776124 0.459725496083 0.4264650619 0.0468836593217 0.508194431803 0.303054937092 0.0753660903945 
0.0863053924119 0.0581496013106 0.157299093274 0.161484940793 0.00523739595159 0.514782595453 0.390784679097 0.119872380765 
0.0620967154143 0.0316582519706 0.0973637945933 0.553527923166 0.477922803747 0.217814526863 0.491434673743 0.437145250687 
0.587678788544 0.487735617091 0.502986252575 0.377645520335 0.0139006552047 0.172657041633 0.216511209876 0.583315186453 
0.287187959822 0.283535611102 0.0864895326049 0.208389003059 0.0282580211148 0.116115521133 0.679804308141 0.494928549411 
0.295306168121 0.289127196265 0.0596743589146 0.22858366169 0.737211306984 0.457365105646 0.0786741746398 0.113432101692 
