1.41405730203 1.25805547921 1.11650620464 0.982772273564 
1.41405730203 1.25805547921 1.11650620464 0.982772273564 
1.41405730203 1.25805547921 1.11650620464 0.982772273564 
1.41405730203 1.25805547921 1.11650620464 0.982772273564 
1.41405730203 1.25805547921 1.11650620464 0.982772273564 
1.41405730203 1.25805547921 1.11650620464 0.982772273564 
1.41405730203 1.25805547921 1.11650620464 0.982772273564 
1.41405730203 1.25805547921 1.11650620464 0.982772273564 
1.41405730203 1.25805547921 1.11650620464 0.982772273564 
1.41405730203 1.25805547921 1.11650620464 0.982772273564 
1.41405730203 1.25805547921 1.11650620464 0.982772273564 
1.41405730203 1.25805547921 1.11650620464 0.982772273564 
1.41405730203 1.25805547921 1.11650620464 0.982772273564 
1.41405730203 1.25805547921 1.11650620464 0.982772273564 
1.41405730203 1.25805547921 1.11650620464 0.982772273564 
1.41405730203 1.25805547921 1.11650620464 0.982772273564 
1.41599245129 0.0821489632152 0.0729054188857 0.0641397880496 
1.41405730203 1.25805547921 1.11650620464 0.982772273564 
1.41405730203 1.25805547921 1.11650620464 0.982772273564 
1.41405730203 1.25805547921 1.11650620464 0.982772273564 
1.41405730203 1.25805547921 1.11650620464 0.982772273564 
1.41405730203 1.25805547921 1.11650620464 0.982772273564 
1.41405730203 1.25805547921 1.11650620464 0.982772273564 
1.41405730203 1.25805547921 1.11650620464 0.982772273564 
1.41405730203 1.25805547921 1.11650620464 0.982772273564 
1.41405730203 1.25805547921 1.11650620464 0.982772273564 
1.41405730203 1.25805547921 1.11650620464 0.982772273564 
1.41405730203 1.25805547921 1.11650620464 0.982772273564 
1.41405730203 1.25805547921 1.11650620464 0.982772273564 
1.41405730203 1.25805547921 1.11650620464 0.982772273564 
1.41405730203 1.25805547921 1.11650620464 0.982772273564 
1.41405730203 1.25805547921 1.11650620464 0.982772273564 
1.41405730203 1.25805547921 1.11650620464 0.982772273564 
1.41405730203 1.25805547921 1.11650620464 0.982772273564 
1.41405730203 1.25805547921 1.11650620464 0.982772273564 
1.41405730203 1.25805547921 1.11650620464 0.982772273564 
1.41405730203 1.25805547921 1.11650620464 0.982772273564 
1.41405730203 1.25805547921 1.11650620464 0.982772273564 
1.41405730203 1.25805547921 1.11650620464 0.982772273564 
1.41405730203 1.25805547921 1.11650620464 0.982772273564 
1.41405730203 1.25805547921 1.11650620464 0.982772273564 
1.41405730203 1.25805547921 1.11650620464 0.982772273564 
1.41405730203 1.25805547921 1.11650620464 0.982772273564 
1.41405730203 1.25805547921 1.11650620464 0.982772273564 
1.41405730203 1.25805547921 1.11650620464 0.982772273564 
1.41405730203 1.25805547921 1.11650620464 0.982772273564 
1.41405730203 1.25805547921 1.11650620464 0.982772273564 
1.41405730203 1.25805547921 1.11650620464 0.982772273564 
1.41405730203 1.25805547921 1.11650620464 0.982772273564 
1.41405730203 1.25805547921 1.11650620464 0.982772273564 
1.41405730203 1.25805547921 1.11650620464 0.982772273564 
1.41405730203 1.25805547921 1.11650620464 0.982772273564 
1.41405730203 1.25805547921 1.11650620464 0.982772273564 
1.41405730203 1.25805547921 1.11650620464 0.982772273564 
1.41405730203 1.25805547921 1.11650620464 0.982772273564 
1.41405730203 1.25805547921 1.11650620464 0.982772273564 
1.41405730203 1.25805547921 1.11650620464 0.982772273564 
1.41405730203 1.25805547921 1.11650620464 0.982772273564 
1.41405730203 1.25805547921 1.11650620464 0.982772273564 
1.41405730203 1.25805547921 1.11650620464 0.982772273564 
1.41405730203 1.25805547921 1.11650620464 0.982772273564 
1.41405730203 1.25805547921 1.11650620464 0.982772273564 
1.41405730203 1.25805547921 1.11650620464 0.982772273564 
1.41405730203 1.25805547921 1.11650620464 0.982772273564 
1.41405730203 1.25805547921 1.11650620464 0.982772273564 
1.41405730203 1.25805547921 1.11650620464 0.982772273564 
1.41405730203 1.25805547921 1.11650620464 0.982772273564 
1.41405730203 1.25805547921 1.11650620464 0.982772273564 
1.41405730203 1.25805547921 1.11650620464 0.982772273564 
1.41405730203 1.25805547921 1.11650620464 0.982772273564 
1.41405730203 1.25805547921 1.11650620464 0.982772273564 
1.41405730203 1.25805547921 1.11650620464 0.982772273564 
1.41405730203 1.25805547921 1.11650620464 0.982772273564 
1.41405730203 1.25805547921 1.11650620464 0.982772273564 
1.41405730203 1.25805547921 1.11650620464 0.982772273564 
1.41405730203 1.25805547921 1.11650620464 0.982772273564 
1.41405730203 1.25805547921 1.11650620464 0.982772273564 
1.41405730203 1.25805547921 1.11650620464 0.982772273564 
1.41405730203 1.25805547921 1.11650620464 0.982772273564 
1.41405730203 1.25805547921 1.11650620464 0.982772273564 
1.41405730203 1.25805547921 1.11650620464 0.982772273564 
1.41405730203 1.25805547921 1.11650620464 0.982772273564 
1.41405730203 1.25805547921 1.11650620464 0.982772273564 
1.41405730203 1.25805547921 1.11650620464 0.982772273564 
1.41405730203 1.25805547921 1.11650620464 0.982772273564 
1.41405730203 1.25805547921 1.11650620464 0.982772273564 
1.41405730203 1.25805547921 1.11650620464 0.982772273564 
1.41405730203 1.25805547921 1.11650620464 0.982772273564 
1.41405730203 1.25805547921 1.11650620464 0.982772273564 
1.41405730203 1.25805547921 1.11650620464 0.982772273564 
1.41405730203 1.25805547921 1.11650620464 0.982772273564 
1.41405730203 1.25805547921 1.11650620464 0.982772273564 
1.41405730203 1.25805547921 1.11650620464 0.982772273564 
1.41405730203 1.25805547921 1.11650620464 0.982772273564 
1.41405730203 1.25805547921 1.11650620464 0.982772273564 
1.41405730203 1.25805547921 1.11650620464 0.982772273564 
1.41405730203 1.25805547921 1.11650620464 0.982772273564 
1.41405730203 1.25805547921 1.11650620464 0.982772273564 
1.41405730203 1.25805547921 1.11650620464 0.982772273564 
1.41405730203 1.25805547921 1.11650620464 0.982772273564 
