1.54269631608 0.772927330939 0.645097517238 0.607211003243 
1.36492384208 1.25923404956 1.05097913288 0.989256985925 
1.36492384208 1.25923404956 1.05097913288 0.989256985925 
1.36492384208 1.25923404956 1.05097913288 0.989256985925 
1.36492384208 1.25923404956 1.05097913288 0.989256985925 
1.54269631608 0.772927330939 0.645097517238 0.607211003243 
1.36492384208 1.25923404956 1.05097913288 0.989256985925 
1.54269631608 0.772927330939 0.645097517238 0.607211003243 
1.36492384208 1.25923404956 1.05097913288 0.989256985925 
1.54269631608 0.772927330939 0.645097517238 0.607211003243 
1.36492384208 1.25923404956 1.05097913288 0.989256985925 
1.36492384208 1.25923404956 1.05097913288 0.989256985925 
1.36492384208 1.25923404956 1.05097913288 0.989256985925 
1.36492384208 1.25923404956 1.05097913288 0.989256985925 
1.36492384208 1.25923404956 1.05097913288 0.989256985925 
1.54269631608 0.772927330939 0.645097517238 0.607211003243 
1.54269631608 0.772927330939 0.645097517238 0.607211003243 
1.36492384208 1.25923404956 1.05097913288 0.989256985925 
1.54269631608 0.772927330939 0.645097517238 0.607211003243 
1.36492384208 1.25923404956 1.05097913288 0.989256985925 
1.36492384208 1.25923404956 1.05097913288 0.989256985925 
1.36492384208 1.25923404956 1.05097913288 0.989256985925 
1.36492384208 1.25923404956 1.05097913288 0.989256985925 
1.36492384208 1.25923404956 1.05097913288 0.989256985925 
1.36492384208 1.25923404956 1.05097913288 0.989256985925 
1.36492384208 1.25923404956 1.05097913288 0.989256985925 
1.36492384208 1.25923404956 1.05097913288 0.989256985925 
1.36492384208 1.25923404956 1.05097913288 0.989256985925 
1.36492384208 1.25923404956 1.05097913288 0.989256985925 
1.36492384208 1.25923404956 1.05097913288 0.989256985925 
1.36492384208 1.25923404956 1.05097913288 0.989256985925 
1.54269631608 0.772927330939 0.645097517238 0.607211003243 
1.54269631608 0.772927330939 0.645097517238 0.607211003243 
1.36492384208 1.25923404956 1.05097913288 0.989256985925 
1.08820153256 0.95835477889 1.03566587429 1.09156097118 
1.36492384208 1.25923404956 1.05097913288 0.989256985925 
1.36492384208 1.25923404956 1.05097913288 0.989256985925 
1.54269631608 0.772927330939 0.645097517238 0.607211003243 
1.54269631608 0.772927330939 0.645097517238 0.607211003243 
1.36492384208 1.25923404956 1.05097913288 0.989256985925 
1.36492384208 1.25923404956 1.05097913288 0.989256985925 
1.36492384208 1.25923404956 1.05097913288 0.989256985925 
1.54269631608 0.772927330939 0.645097517238 0.607211003243 
1.54269631608 0.772927330939 0.645097517238 0.607211003243 
1.54269631608 0.772927330939 0.645097517238 0.607211003243 
1.54269631608 0.772927330939 0.645097517238 0.607211003243 
1.36492384208 1.25923404956 1.05097913288 0.989256985925 
1.54269631608 0.772927330939 0.645097517238 0.607211003243 
1.54269631608 0.772927330939 0.645097517238 0.607211003243 
1.54269631608 0.772927330939 0.645097517238 0.607211003243 
1.36492384208 1.25923404956 1.05097913288 0.989256985925 
1.08820153256 0.95835477889 1.03566587429 1.09156097118 
1.54269631608 0.772927330939 0.645097517238 0.607211003243 
1.54269631608 0.772927330939 0.645097517238 0.607211003243 
1.54269631608 0.772927330939 0.645097517238 0.607211003243 
1.36492384208 1.25923404956 1.05097913288 0.989256985925 
1.54269631608 0.772927330939 0.645097517238 0.607211003243 
1.36492384208 1.25923404956 1.05097913288 0.989256985925 
1.36492384208 1.25923404956 1.05097913288 0.989256985925 
1.36492384208 1.25923404956 1.05097913288 0.989256985925 
1.54269631608 0.772927330939 0.645097517238 0.607211003243 
1.36492384208 1.25923404956 1.05097913288 0.989256985925 
1.36492384208 1.25923404956 1.05097913288 0.989256985925 
1.36492384208 1.25923404956 1.05097913288 0.989256985925 
1.54269631608 0.772927330939 0.645097517238 0.607211003243 
1.54269631608 0.772927330939 0.645097517238 0.607211003243 
1.36492384208 1.25923404956 1.05097913288 0.989256985925 
1.36492384208 1.25923404956 1.05097913288 0.989256985925 
1.36492384208 1.25923404956 1.05097913288 0.989256985925 
1.54269631608 0.772927330939 0.645097517238 0.607211003243 
1.54269631608 0.772927330939 0.645097517238 0.607211003243 
1.36492384208 1.25923404956 1.05097913288 0.989256985925 
1.54269631608 0.772927330939 0.645097517238 0.607211003243 
1.54269631608 0.772927330939 0.645097517238 0.607211003243 
1.54269631608 0.772927330939 0.645097517238 0.607211003243 
1.36492384208 1.25923404956 1.05097913288 0.989256985925 
1.36492384208 1.25923404956 1.05097913288 0.989256985925 
1.54269631608 0.772927330939 0.645097517238 0.607211003243 
1.36492384208 1.25923404956 1.05097913288 0.989256985925 
1.53411842291 1.22476546616 1.02221094239 0.962178224081 
1.08820153256 0.95835477889 1.03566587429 1.09156097118 
1.36492384208 1.25923404956 1.05097913288 0.989256985925 
1.36492384208 1.25923404956 1.05097913288 0.989256985925 
1.54269631608 0.772927330939 0.645097517238 0.607211003243 
1.36492384208 1.25923404956 1.05097913288 0.989256985925 
1.36492384208 1.25923404956 1.05097913288 0.989256985925 
1.54269631608 0.772927330939 0.645097517238 0.607211003243 
1.54269631608 0.772927330939 0.645097517238 0.607211003243 
1.54269631608 0.772927330939 0.645097517238 0.607211003243 
1.54269631608 0.772927330939 0.645097517238 0.607211003243 
1.08820153256 0.95835477889 1.03566587429 1.09156097118 
1.36492384208 1.25923404956 1.05097913288 0.989256985925 
1.36492384208 1.25923404956 1.05097913288 0.989256985925 
1.36492384208 1.25923404956 1.05097913288 0.989256985925 
1.08820153256 0.95835477889 1.03566587429 1.09156097118 
1.54269631608 0.772927330939 0.645097517238 0.607211003243 
1.53411842291 1.22476546616 1.02221094239 0.962178224081 
1.36492384208 1.25923404956 1.05097913288 0.989256985925 
1.36492384208 1.25923404956 1.05097913288 0.989256985925 
1.54269631608 0.772927330939 0.645097517238 0.607211003243 
