0.8369734455 0.969686779391 0.993611673303 0.993348872142 
0.8369734455 0.969686779391 0.993611673303 0.993348872142 
0.8369734455 0.969686779391 0.993611673303 0.993348872142 
0.8369734455 0.969686779391 0.993611673303 0.993348872142 
0.8369734455 0.969686779391 0.993611673303 0.993348872142 
0.8369734455 0.969686779391 0.993611673303 0.993348872142 
0.8369734455 0.969686779391 0.993611673303 0.993348872142 
0.8369734455 0.969686779391 0.993611673303 0.993348872142 
0.8369734455 0.969686779391 0.993611673303 0.993348872142 
0.8369734455 0.969686779391 0.993611673303 0.993348872142 
0.8369734455 0.969686779391 0.993611673303 0.993348872142 
0.956191131876 0.955860591031 0.979444152762 0.979184696813 
0.8369734455 0.969686779391 0.993611673303 0.993348872142 
0.8369734455 0.969686779391 0.993611673303 0.993348872142 
0.956191131876 0.955860591031 0.979444152762 0.979184696813 
0.8369734455 0.969686779391 0.993611673303 0.993348872142 
0.8369734455 0.969686779391 0.993611673303 0.993348872142 
0.8369734455 0.969686779391 0.993611673303 0.993348872142 
0.8369734455 0.969686779391 0.993611673303 0.993348872142 
0.8369734455 0.969686779391 0.993611673303 0.993348872142 
1.0487312901 1.05105991636 0.942383166933 0.993348872142 
0.8369734455 0.969686779391 0.993611673303 0.993348872142 
0.8369734455 0.969686779391 0.993611673303 0.993348872142 
0.40691131135 1.10819529553 0.993611673303 0.993348872142 
0.8369734455 0.969686779391 0.993611673303 0.993348872142 
0.8369734455 0.969686779391 0.993611673303 0.993348872142 
0.8369734455 0.969686779391 0.993611673303 0.993348872142 
0.8369734455 0.969686779391 0.993611673303 0.993348872142 
0.8369734455 0.969686779391 0.993611673303 0.993348872142 
0.8369734455 0.969686779391 0.993611673303 0.993348872142 
0.8369734455 0.969686779391 0.993611673303 0.993348872142 
0.8369734455 0.969686779391 0.993611673303 0.993348872142 
1.0487312901 1.05105991636 0.942383166933 0.993348872142 
0.8369734455 0.969686779391 0.993611673303 0.993348872142 
0.40691131135 1.10819529553 0.993611673303 0.993348872142 
0.8369734455 0.969686779391 0.993611673303 0.993348872142 
0.8369734455 0.969686779391 0.993611673303 0.993348872142 
0.8369734455 0.969686779391 0.993611673303 0.993348872142 
0.8369734455 0.969686779391 0.993611673303 0.993348872142 
0.8369734455 0.969686779391 0.993611673303 0.993348872142 
0.8369734455 0.969686779391 0.993611673303 0.993348872142 
0.8369734455 0.969686779391 0.993611673303 0.993348872142 
0.8369734455 0.969686779391 0.993611673303 0.993348872142 
0.8369734455 0.969686779391 0.993611673303 0.993348872142 
0.8369734455 0.969686779391 0.993611673303 0.993348872142 
0.8369734455 0.969686779391 0.993611673303 0.993348872142 
0.8369734455 0.969686779391 0.993611673303 0.993348872142 
0.8369734455 0.969686779391 0.993611673303 0.993348872142 
0.8369734455 0.969686779391 0.993611673303 0.993348872142 
0.8369734455 0.969686779391 0.993611673303 0.993348872142 
0.8369734455 0.969686779391 0.993611673303 0.993348872142 
0.8369734455 0.969686779391 0.993611673303 0.993348872142 
0.8369734455 0.969686779391 0.993611673303 0.993348872142 
0.8369734455 0.969686779391 0.993611673303 0.993348872142 
0.8369734455 0.969686779391 0.993611673303 0.993348872142 
0.8369734455 0.969686779391 0.993611673303 0.993348872142 
0.956191131876 0.955860591031 0.979444152762 0.979184696813 
0.8369734455 0.969686779391 0.993611673303 0.993348872142 
0.8369734455 0.969686779391 0.993611673303 0.993348872142 
0.8369734455 0.969686779391 0.993611673303 0.993348872142 
0.8369734455 0.969686779391 0.993611673303 0.993348872142 
0.8369734455 0.969686779391 0.993611673303 0.993348872142 
0.8369734455 0.969686779391 0.993611673303 0.993348872142 
0.8369734455 0.969686779391 0.993611673303 0.993348872142 
0.8369734455 0.969686779391 0.993611673303 0.993348872142 
0.8369734455 0.969686779391 0.993611673303 0.993348872142 
0.8369734455 0.969686779391 0.993611673303 0.993348872142 
0.8369734455 0.969686779391 0.993611673303 0.993348872142 
0.8369734455 0.969686779391 0.993611673303 0.993348872142 
0.8369734455 0.969686779391 0.993611673303 0.993348872142 
0.8369734455 0.969686779391 0.993611673303 0.993348872142 
0.8369734455 0.969686779391 0.993611673303 0.993348872142 
0.8369734455 0.969686779391 0.993611673303 0.993348872142 
0.8369734455 0.969686779391 0.993611673303 0.993348872142 
0.8369734455 0.969686779391 0.993611673303 0.993348872142 
0.956191131876 0.955860591031 0.979444152762 0.979184696813 
0.8369734455 0.969686779391 0.993611673303 0.993348872142 
0.8369734455 0.969686779391 0.993611673303 0.993348872142 
0.8369734455 0.969686779391 0.993611673303 0.993348872142 
0.8369734455 0.969686779391 0.993611673303 0.993348872142 
0.8369734455 0.969686779391 0.993611673303 0.993348872142 
0.8369734455 0.969686779391 0.993611673303 0.993348872142 
0.8369734455 0.969686779391 0.993611673303 0.993348872142 
0.8369734455 0.969686779391 0.993611673303 0.993348872142 
0.8369734455 0.969686779391 0.993611673303 0.993348872142 
0.8369734455 0.969686779391 0.993611673303 0.993348872142 
0.8369734455 0.969686779391 0.993611673303 0.993348872142 
0.8369734455 0.969686779391 0.993611673303 0.993348872142 
0.8369734455 0.969686779391 0.993611673303 0.993348872142 
0.8369734455 0.969686779391 0.993611673303 0.993348872142 
0.8369734455 0.969686779391 0.993611673303 0.993348872142 
0.8369734455 0.969686779391 0.993611673303 0.993348872142 
0.8369734455 0.969686779391 0.993611673303 0.993348872142 
0.8369734455 0.969686779391 0.993611673303 0.993348872142 
0.8369734455 0.969686779391 0.993611673303 0.993348872142 
0.8369734455 0.969686779391 0.993611673303 0.993348872142 
0.8369734455 0.969686779391 0.993611673303 0.993348872142 
0.8369734455 0.969686779391 0.993611673303 0.993348872142 
0.8369734455 0.969686779391 0.993611673303 0.993348872142 
0.8369734455 0.969686779391 0.993611673303 0.993348872142 
