1.54557578711 0.653729490921 0.570092792983 0.551269033275 
1.52109734816 1.33315089817 1.16261046873 1.12428222967 
1.52109734816 1.33315089817 1.16261046873 1.12428222967 
1.54557578711 0.653729490921 0.570092792983 0.551269033275 
1.52109734816 1.33315089817 1.16261046873 1.12428222967 
1.52109734816 1.33315089817 1.16261046873 1.12428222967 
1.54557578711 0.653729490921 0.570092792983 0.551269033275 
1.54557578711 0.653729490921 0.570092792983 0.551269033275 
1.54557578711 0.653729490921 0.570092792983 0.551269033275 
1.54557578711 0.653729490921 0.570092792983 0.551269033275 
1.52109734816 1.33315089817 1.16261046873 1.12428222967 
1.54557578711 0.653729490921 0.570092792983 0.551269033275 
1.52109734816 1.33315089817 1.16261046873 1.12428222967 
1.54557578711 0.653729490921 0.570092792983 0.551269033275 
1.52109734816 1.33315089817 1.16261046873 1.12428222967 
1.52109734816 1.33315089817 1.16261046873 1.12428222967 
1.54557578711 0.653729490921 0.570092792983 0.551269033275 
1.52109734816 1.33315089817 1.16261046873 1.12428222967 
1.52109734816 1.33315089817 1.16261046873 1.12428222967 
1.52109734816 1.33315089817 1.16261046873 1.12428222967 
1.52109734816 1.33315089817 1.16261046873 1.12428222967 
1.52109734816 1.33315089817 1.16261046873 1.12428222967 
1.52109734816 1.33315089817 1.16261046873 1.12428222967 
1.54557578711 0.653729490921 0.570092792983 0.551269033275 
1.54557578711 0.653729490921 0.570092792983 0.551269033275 
1.54557578711 0.653729490921 0.570092792983 0.551269033275 
1.54557578711 0.653729490921 0.570092792983 0.551269033275 
1.52109734816 1.33315089817 1.16261046873 1.12428222967 
1.52109734816 1.33315089817 1.16261046873 1.12428222967 
1.52109734816 1.33315089817 1.16261046873 1.12428222967 
1.54557578711 0.653729490921 0.570092792983 0.551269033275 
1.54557578711 0.653729490921 0.570092792983 0.551269033275 
1.52109734816 1.33315089817 1.16261046873 1.12428222967 
1.52109734816 1.33315089817 1.16261046873 1.12428222967 
1.54557578711 0.653729490921 0.570092792983 0.551269033275 
1.52109734816 1.33315089817 1.16261046873 1.12428222967 
1.54557578711 0.653729490921 0.570092792983 0.551269033275 
1.52109734816 1.33315089817 1.16261046873 1.12428222967 
1.54557578711 0.653729490921 0.570092792983 0.551269033275 
1.54557578711 0.653729490921 0.570092792983 0.551269033275 
1.54557578711 0.653729490921 0.570092792983 0.551269033275 
1.52109734816 1.33315089817 1.16261046873 1.12428222967 
1.52109734816 1.33315089817 1.16261046873 1.12428222967 
1.52109734816 1.33315089817 1.16261046873 1.12428222967 
1.52109734816 1.33315089817 1.16261046873 1.12428222967 
1.52109734816 1.33315089817 1.16261046873 1.12428222967 
1.54557578711 0.653729490921 0.570092792983 0.551269033275 
1.52109734816 1.33315089817 1.16261046873 1.12428222967 
1.54557578711 0.653729490921 0.570092792983 0.551269033275 
1.52109734816 1.33315089817 1.16261046873 1.12428222967 
1.54557578711 0.653729490921 0.570092792983 0.551269033275 
1.52109734816 1.33315089817 1.16261046873 1.12428222967 
1.52109734816 1.33315089817 1.16261046873 1.12428222967 
1.52109734816 1.33315089817 1.16261046873 1.12428222967 
1.52109734816 1.33315089817 1.16261046873 1.12428222967 
1.52109734816 1.33315089817 1.16261046873 1.12428222967 
1.52109734816 1.33315089817 1.16261046873 1.12428222967 
1.54557578711 0.653729490921 0.570092792983 0.551269033275 
1.54557578711 0.653729490921 0.570092792983 0.551269033275 
1.54557578711 0.653729490921 0.570092792983 0.551269033275 
1.54557578711 0.653729490921 0.570092792983 0.551269033275 
1.52109734816 1.33315089817 1.16261046873 1.12428222967 
1.54557578711 0.653729490921 0.570092792983 0.551269033275 
1.52109734816 1.33315089817 1.16261046873 1.12428222967 
0.409845537586 0.51121780104 1.10494181248 1.1755274555 
1.54557578711 0.653729490921 0.570092792983 0.551269033275 
1.52109734816 1.33315089817 1.16261046873 1.12428222967 
1.54557578711 0.653729490921 0.570092792983 0.551269033275 
1.54557578711 0.653729490921 0.570092792983 0.551269033275 
1.52109734816 1.33315089817 1.16261046873 1.12428222967 
1.52109734816 1.33315089817 1.16261046873 1.12428222967 
1.54557578711 0.653729490921 0.570092792983 0.551269033275 
1.52109734816 1.33315089817 1.16261046873 1.12428222967 
1.54557578711 0.653729490921 0.570092792983 0.551269033275 
1.54557578711 0.653729490921 0.570092792983 0.551269033275 
1.52109734816 1.33315089817 1.16261046873 1.12428222967 
1.52109734816 1.33315089817 1.16261046873 1.12428222967 
1.52109734816 1.33315089817 1.16261046873 1.12428222967 
1.54557578711 0.653729490921 0.570092792983 0.551269033275 
1.52109734816 1.33315089817 1.16261046873 1.12428222967 
1.54557578711 0.653729490921 0.570092792983 0.551269033275 
1.54557578711 0.653729490921 0.570092792983 0.551269033275 
1.54557578711 0.653729490921 0.570092792983 0.551269033275 
1.54557578711 0.653729490921 0.570092792983 0.551269033275 
1.54557578711 0.653729490921 0.570092792983 0.551269033275 
1.52109734816 1.33315089817 1.16261046873 1.12428222967 
1.54557578711 0.653729490921 0.570092792983 0.551269033275 
1.52109734816 1.33315089817 1.16261046873 1.12428222967 
1.54557578711 0.653729490921 0.570092792983 0.551269033275 
1.52109734816 1.33315089817 1.16261046873 1.12428222967 
1.54557578711 0.653729490921 0.570092792983 0.551269033275 
1.52109734816 1.33315089817 1.16261046873 1.12428222967 
1.54557578711 0.653729490921 0.570092792983 0.551269033275 
1.52109734816 1.33315089817 1.16261046873 1.12428222967 
1.52109734816 1.33315089817 1.16261046873 1.12428222967 
1.54557578711 0.653729490921 0.570092792983 0.551269033275 
1.54557578711 0.653729490921 0.570092792983 0.551269033275 
1.52109734816 1.33315089817 1.16261046873 1.12428222967 
1.52109734816 1.33315089817 1.16261046873 1.12428222967 
1.52109734816 1.33315089817 1.16261046873 1.12428222967 
