1.44336366122 0.743972271239 0.624748271778 0.611593664524 
1.44147566689 1.33127234385 1.117942713 1.09450096444 
1.44147566689 1.33127234385 1.117942713 1.09450096444 
1.44147566689 1.33127234385 1.117942713 1.09450096444 
1.44147566689 1.33127234385 1.117942713 1.09450096444 
1.44147566689 1.33127234385 1.117942713 1.09450096444 
1.44147566689 1.33127234385 1.117942713 1.09450096444 
1.44336366122 0.743972271239 0.624748271778 0.611593664524 
1.44147566689 1.33127234385 1.117942713 1.09450096444 
1.44336366122 0.743972271239 0.624748271778 0.611593664524 
1.44336366122 0.743972271239 0.624748271778 0.611593664524 
1.44336366122 0.743972271239 0.624748271778 0.611593664524 
1.44147566689 1.33127234385 1.117942713 1.09450096444 
1.44147566689 1.33127234385 1.117942713 1.09450096444 
1.44147566689 1.33127234385 1.117942713 1.09450096444 
1.44336366122 0.743972271239 0.624748271778 0.611593664524 
1.44147566689 1.33127234385 1.117942713 1.09450096444 
1.44336366122 0.743972271239 0.624748271778 0.611593664524 
1.44336366122 0.743972271239 0.624748271778 0.611593664524 
1.44147566689 1.33127234385 1.117942713 1.09450096444 
1.44147566689 1.33127234385 1.117942713 1.09450096444 
1.44336366122 0.743972271239 0.624748271778 0.611593664524 
1.44147566689 1.33127234385 1.117942713 1.09450096444 
1.44147566689 1.33127234385 1.117942713 1.09450096444 
1.44336366122 0.743972271239 0.624748271778 0.611593664524 
1.44147566689 1.33127234385 1.117942713 1.09450096444 
1.44336366122 0.743972271239 0.624748271778 0.611593664524 
1.44336366122 0.743972271239 0.624748271778 0.611593664524 
1.44147566689 1.33127234385 1.117942713 1.09450096444 
1.44147566689 1.33127234385 1.117942713 1.09450096444 
1.44336366122 0.743972271239 0.624748271778 0.611593664524 
1.44147566689 1.33127234385 1.117942713 1.09450096444 
1.44147566689 1.33127234385 1.117942713 1.09450096444 
1.44147566689 1.33127234385 1.117942713 1.09450096444 
1.44147566689 1.33127234385 1.117942713 1.09450096444 
1.44147566689 1.33127234385 1.117942713 1.09450096444 
1.44147566689 1.33127234385 1.117942713 1.09450096444 
1.44147566689 1.33127234385 1.117942713 1.09450096444 
1.44336366122 0.743972271239 0.624748271778 0.611593664524 
1.44147566689 1.33127234385 1.117942713 1.09450096444 
1.44147566689 1.33127234385 1.117942713 1.09450096444 
1.44147566689 1.33127234385 1.117942713 1.09450096444 
1.44336366122 0.743972271239 0.624748271778 0.611593664524 
1.44336366122 0.743972271239 0.624748271778 0.611593664524 
1.44147566689 1.33127234385 1.117942713 1.09450096444 
1.44336366122 0.743972271239 0.624748271778 0.611593664524 
1.44336366122 0.743972271239 0.624748271778 0.611593664524 
1.44336366122 0.743972271239 0.624748271778 0.611593664524 
1.44147566689 1.33127234385 1.117942713 1.09450096444 
1.44147566689 1.33127234385 1.117942713 1.09450096444 
1.44336366122 0.743972271239 0.624748271778 0.611593664524 
1.44147566689 1.33127234385 1.117942713 1.09450096444 
1.44336366122 0.743972271239 0.624748271778 0.611593664524 
1.44147566689 1.33127234385 1.117942713 1.09450096444 
1.44147566689 1.33127234385 1.117942713 1.09450096444 
1.44336366122 0.743972271239 0.624748271778 0.611593664524 
1.44336366122 0.743972271239 0.624748271778 0.611593664524 
1.44147566689 1.33127234385 1.117942713 1.09450096444 
1.44336366122 0.743972271239 0.624748271778 0.611593664524 
1.44147566689 1.33127234385 1.117942713 1.09450096444 
1.44336366122 0.743972271239 0.624748271778 0.611593664524 
1.44147566689 1.33127234385 1.117942713 1.09450096444 
1.44336366122 0.743972271239 0.624748271778 0.611593664524 
1.44147566689 1.33127234385 1.117942713 1.09450096444 
1.44147566689 1.33127234385 1.117942713 1.09450096444 
1.44336366122 0.743972271239 0.624748271778 0.611593664524 
1.44147566689 1.33127234385 1.117942713 1.09450096444 
1.44147566689 1.33127234385 1.117942713 1.09450096444 
1.44336366122 0.743972271239 0.624748271778 0.611593664524 
1.44147566689 1.33127234385 1.117942713 1.09450096444 
1.44336366122 0.743972271239 0.624748271778 0.611593664524 
1.44147566689 1.33127234385 1.117942713 1.09450096444 
1.44147566689 1.33127234385 1.117942713 1.09450096444 
1.44147566689 1.33127234385 1.117942713 1.09450096444 
1.44147566689 1.33127234385 1.117942713 1.09450096444 
1.44147566689 1.33127234385 1.117942713 1.09450096444 
1.44147566689 1.33127234385 1.117942713 1.09450096444 
1.44336366122 0.743972271239 0.624748271778 0.611593664524 
1.44336366122 0.743972271239 0.624748271778 0.611593664524 
1.44336366122 0.743972271239 0.624748271778 0.611593664524 
1.44336366122 0.743972271239 0.624748271778 0.611593664524 
1.44147566689 1.33127234385 1.117942713 1.09450096444 
1.44147566689 1.33127234385 1.117942713 1.09450096444 
1.44147566689 1.33127234385 1.117942713 1.09450096444 
1.44147566689 1.33127234385 1.117942713 1.09450096444 
1.44336366122 0.743972271239 0.624748271778 0.611593664524 
1.44336366122 0.743972271239 0.624748271778 0.611593664524 
1.44336366122 0.743972271239 0.624748271778 0.611593664524 
1.44147566689 1.33127234385 1.117942713 1.09450096444 
1.44336366122 0.743972271239 0.624748271778 0.611593664524 
1.44336366122 0.743972271239 0.624748271778 0.611593664524 
1.44147566689 1.33127234385 1.117942713 1.09450096444 
1.44336366122 0.743972271239 0.624748271778 0.611593664524 
1.44336366122 0.743972271239 0.624748271778 0.611593664524 
1.44336366122 0.743972271239 0.624748271778 0.611593664524 
1.44147566689 1.33127234385 1.117942713 1.09450096444 
1.44147566689 1.33127234385 1.117942713 1.09450096444 
1.44336366122 0.743972271239 0.624748271778 0.611593664524 
1.44147566689 1.33127234385 1.117942713 1.09450096444 
1.44147566689 1.33127234385 1.117942713 1.09450096444 
