1.13428136269 1.10680978657 1.07665525768 1.03884351375 
1.13428136269 1.10680978657 1.07665525768 1.03884351375 
1.13428136269 1.10680978657 1.07665525768 1.03884351375 
1.13428136269 1.10680978657 1.07665525768 1.03884351375 
1.13428136269 1.10680978657 1.07665525768 1.03884351375 
1.13428136269 1.10680978657 1.07665525768 1.03884351375 
1.15282919398 1.0032326701 0.975899864153 0.941619853446 
1.13428136269 1.10680978657 1.07665525768 1.03884351375 
1.13428136269 1.10680978657 1.07665525768 1.03884351375 
1.13428136269 1.10680978657 1.07665525768 1.03884351375 
1.13428136269 1.10680978657 1.07665525768 1.03884351375 
1.13428136269 1.10680978657 1.07665525768 1.03884351375 
1.13428136269 1.10680978657 1.07665525768 1.03884351375 
1.13428136269 1.10680978657 1.07665525768 1.03884351375 
1.13428136269 1.10680978657 1.07665525768 1.03884351375 
1.13428136269 1.10680978657 1.07665525768 1.03884351375 
1.13428136269 1.10680978657 1.07665525768 1.03884351375 
1.13428136269 1.10680978657 1.07665525768 1.03884351375 
1.13428136269 1.10680978657 1.07665525768 1.03884351375 
1.13428136269 1.10680978657 1.07665525768 1.03884351375 
1.13428136269 1.10680978657 1.07665525768 1.03884351375 
1.13428136269 1.10680978657 1.07665525768 1.03884351375 
1.13428136269 1.10680978657 1.07665525768 1.03884351375 
1.13428136269 1.10680978657 1.07665525768 1.03884351375 
1.13428136269 1.10680978657 1.07665525768 1.03884351375 
1.13428136269 1.10680978657 1.07665525768 1.03884351375 
1.13428136269 1.10680978657 1.07665525768 1.03884351375 
1.13428136269 1.10680978657 1.07665525768 1.03884351375 
1.13428136269 1.10680978657 1.07665525768 1.03884351375 
1.13428136269 1.10680978657 1.07665525768 1.03884351375 
1.13428136269 1.10680978657 1.07665525768 1.03884351375 
1.13428136269 1.10680978657 1.07665525768 1.03884351375 
1.13428136269 1.10680978657 1.07665525768 1.03884351375 
1.13428136269 1.10680978657 1.07665525768 1.03884351375 
1.13428136269 1.10680978657 1.07665525768 1.03884351375 
1.13428136269 1.10680978657 1.07665525768 1.03884351375 
1.13428136269 1.10680978657 1.07665525768 1.03884351375 
1.13428136269 1.10680978657 1.07665525768 1.03884351375 
1.13428136269 1.10680978657 1.07665525768 1.03884351375 
1.13428136269 1.10680978657 1.07665525768 1.03884351375 
1.13428136269 1.10680978657 1.07665525768 1.03884351375 
1.13428136269 1.10680978657 1.07665525768 1.03884351375 
1.13428136269 1.10680978657 1.07665525768 1.03884351375 
1.13428136269 1.10680978657 1.07665525768 1.03884351375 
1.13428136269 1.10680978657 1.07665525768 1.03884351375 
1.13428136269 1.10680978657 1.07665525768 1.03884351375 
1.13428136269 1.10680978657 1.07665525768 1.03884351375 
1.15282919398 1.0032326701 0.975899864153 0.941619853446 
1.13428136269 1.10680978657 1.07665525768 1.03884351375 
1.13428136269 1.10680978657 1.07665525768 1.03884351375 
1.13428136269 1.10680978657 1.07665525768 1.03884351375 
1.13428136269 1.10680978657 1.07665525768 1.03884351375 
1.13428136269 1.10680978657 1.07665525768 1.03884351375 
1.13428136269 1.10680978657 1.07665525768 1.03884351375 
1.13428136269 1.10680978657 1.07665525768 1.03884351375 
1.13428136269 1.10680978657 1.07665525768 1.03884351375 
1.13428136269 1.10680978657 1.07665525768 1.03884351375 
1.13428136269 1.10680978657 1.07665525768 1.03884351375 
1.13428136269 1.10680978657 1.07665525768 1.03884351375 
1.13428136269 1.10680978657 1.07665525768 1.03884351375 
1.13428136269 1.10680978657 1.07665525768 1.03884351375 
1.13428136269 1.10680978657 1.07665525768 1.03884351375 
1.13428136269 1.10680978657 1.07665525768 1.03884351375 
1.13428136269 1.10680978657 1.07665525768 1.03884351375 
1.13428136269 1.10680978657 1.07665525768 1.03884351375 
1.13428136269 1.10680978657 1.07665525768 1.03884351375 
1.13428136269 1.10680978657 1.07665525768 1.03884351375 
1.13428136269 1.10680978657 1.07665525768 1.03884351375 
1.13428136269 1.10680978657 1.07665525768 1.03884351375 
1.13428136269 1.10680978657 1.07665525768 1.03884351375 
1.13428136269 1.10680978657 1.07665525768 1.03884351375 
1.13428136269 1.10680978657 1.07665525768 1.03884351375 
1.13428136269 1.10680978657 1.07665525768 1.03884351375 
1.13428136269 1.10680978657 1.07665525768 1.03884351375 
1.13428136269 1.10680978657 1.07665525768 1.03884351375 
1.13428136269 1.10680978657 1.07665525768 1.03884351375 
1.13428136269 1.10680978657 1.07665525768 1.03884351375 
1.13428136269 1.10680978657 1.07665525768 1.03884351375 
1.13428136269 1.10680978657 1.07665525768 1.03884351375 
1.13428136269 1.10680978657 1.07665525768 1.03884351375 
1.13428136269 1.10680978657 1.07665525768 1.03884351375 
1.13428136269 1.10680978657 1.07665525768 1.03884351375 
1.13428136269 1.10680978657 1.07665525768 1.03884351375 
1.13428136269 1.10680978657 1.07665525768 1.03884351375 
1.13428136269 1.10680978657 1.07665525768 1.03884351375 
1.13428136269 1.10680978657 1.07665525768 1.03884351375 
1.13428136269 1.10680978657 1.07665525768 1.03884351375 
1.13428136269 1.10680978657 1.07665525768 1.03884351375 
1.13428136269 1.10680978657 1.07665525768 1.03884351375 
1.13428136269 1.10680978657 1.07665525768 1.03884351375 
1.13428136269 1.10680978657 1.07665525768 1.03884351375 
1.13428136269 1.10680978657 1.07665525768 1.03884351375 
1.13428136269 1.10680978657 1.07665525768 1.03884351375 
1.13428136269 1.10680978657 1.07665525768 1.03884351375 
1.13428136269 1.10680978657 1.07665525768 1.03884351375 
1.13428136269 1.10680978657 1.07665525768 1.03884351375 
1.13428136269 1.10680978657 1.07665525768 1.03884351375 
1.13428136269 1.10680978657 1.07665525768 1.03884351375 
1.13428136269 1.10680978657 1.07665525768 1.03884351375 
1.13428136269 1.10680978657 1.07665525768 1.03884351375 
