1.36094489338 1.66275085985 1.24231064109 1.12169143986 
1.40337155991 0.97703021199 0.729979212336 0.659037198181 
1.39483857025 1.12867674233 0.843280866294 0.761352785029 
1.36094489338 1.66275085985 1.24231064109 1.12169143986 
1.40337155991 0.97703021199 0.729979212336 0.659037198181 
1.40337155991 0.97703021199 0.729979212336 0.659037198181 
1.40337155991 0.97703021199 0.729979212336 0.659037198181 
1.39483857025 1.12867674233 0.843280866294 0.761352785029 
1.40337155991 0.97703021199 0.729979212336 0.659037198181 
1.40337155991 0.97703021199 0.729979212336 0.659037198181 
1.40337155991 0.97703021199 0.729979212336 0.659037198181 
1.40337155991 0.97703021199 0.729979212336 0.659037198181 
1.40337155991 0.97703021199 0.729979212336 0.659037198181 
1.40337155991 0.97703021199 0.729979212336 0.659037198181 
1.36094489338 1.66275085985 1.24231064109 1.12169143986 
1.40337155991 0.97703021199 0.729979212336 0.659037198181 
1.36094489338 1.66275085985 1.24231064109 1.12169143986 
1.40337155991 0.97703021199 0.729979212336 0.659037198181 
1.39483857025 1.12867674233 0.843280866294 0.761352785029 
1.39483857025 1.12867674233 0.843280866294 0.761352785029 
1.39483857025 1.12867674233 0.843280866294 0.761352785029 
1.40337155991 0.97703021199 0.729979212336 0.659037198181 
1.40337155991 0.97703021199 0.729979212336 0.659037198181 
1.39483857025 1.12867674233 0.843280866294 0.761352785029 
1.39483857025 1.12867674233 0.843280866294 0.761352785029 
1.39483857025 1.12867674233 0.843280866294 0.761352785029 
1.40337155991 0.97703021199 0.729979212336 0.659037198181 
1.36094489338 1.66275085985 1.24231064109 1.12169143986 
1.40337155991 0.97703021199 0.729979212336 0.659037198181 
1.40337155991 0.97703021199 0.729979212336 0.659037198181 
1.40337155991 0.97703021199 0.729979212336 0.659037198181 
1.40337155991 0.97703021199 0.729979212336 0.659037198181 
1.40337155991 0.97703021199 0.729979212336 0.659037198181 
1.40337155991 0.97703021199 0.729979212336 0.659037198181 
1.36094489338 1.66275085985 1.24231064109 1.12169143986 
1.39483857025 1.12867674233 0.843280866294 0.761352785029 
1.40337155991 0.97703021199 0.729979212336 0.659037198181 
1.39483857025 1.12867674233 0.843280866294 0.761352785029 
1.39483857025 1.12867674233 0.843280866294 0.761352785029 
1.40337155991 0.97703021199 0.729979212336 0.659037198181 
1.36094489338 1.66275085985 1.24231064109 1.12169143986 
1.40337155991 0.97703021199 0.729979212336 0.659037198181 
1.40337155991 0.97703021199 0.729979212336 0.659037198181 
1.40337155991 0.97703021199 0.729979212336 0.659037198181 
1.40337155991 0.97703021199 0.729979212336 0.659037198181 
1.40337155991 0.97703021199 0.729979212336 0.659037198181 
1.39483857025 1.12867674233 0.843280866294 0.761352785029 
1.36094489338 1.66275085985 1.24231064109 1.12169143986 
1.36094489338 1.66275085985 1.24231064109 1.12169143986 
1.40337155991 0.97703021199 0.729979212336 0.659037198181 
1.36094489338 1.66275085985 1.24231064109 1.12169143986 
1.40337155991 0.97703021199 0.729979212336 0.659037198181 
1.40337155991 0.97703021199 0.729979212336 0.659037198181 
1.40337155991 0.97703021199 0.729979212336 0.659037198181 
1.40337155991 0.97703021199 0.729979212336 0.659037198181 
1.40337155991 0.97703021199 0.729979212336 0.659037198181 
1.40337155991 0.97703021199 0.729979212336 0.659037198181 
1.40337155991 0.97703021199 0.729979212336 0.659037198181 
1.36094489338 1.66275085985 1.24231064109 1.12169143986 
1.36094489338 1.66275085985 1.24231064109 1.12169143986 
1.40337155991 0.97703021199 0.729979212336 0.659037198181 
1.40337155991 0.97703021199 0.729979212336 0.659037198181 
1.40337155991 0.97703021199 0.729979212336 0.659037198181 
1.40337155991 0.97703021199 0.729979212336 0.659037198181 
1.40337155991 0.97703021199 0.729979212336 0.659037198181 
1.40337155991 0.97703021199 0.729979212336 0.659037198181 
1.39483857025 1.12867674233 0.843280866294 0.761352785029 
1.40337155991 0.97703021199 0.729979212336 0.659037198181 
1.40337155991 0.97703021199 0.729979212336 0.659037198181 
1.40337155991 0.97703021199 0.729979212336 0.659037198181 
1.40337155991 0.97703021199 0.729979212336 0.659037198181 
1.40337155991 0.97703021199 0.729979212336 0.659037198181 
1.36094489338 1.66275085985 1.24231064109 1.12169143986 
1.40337155991 0.97703021199 0.729979212336 0.659037198181 
1.39483857025 1.12867674233 0.843280866294 0.761352785029 
1.40337155991 0.97703021199 0.729979212336 0.659037198181 
1.36094489338 1.66275085985 1.24231064109 1.12169143986 
1.40337155991 0.97703021199 0.729979212336 0.659037198181 
1.40337155991 0.97703021199 0.729979212336 0.659037198181 
1.40337155991 0.97703021199 0.729979212336 0.659037198181 
1.36094489338 1.66275085985 1.24231064109 1.12169143986 
1.40337155991 0.97703021199 0.729979212336 0.659037198181 
1.36094489338 1.66275085985 1.24231064109 1.12169143986 
1.39483857025 1.12867674233 0.843280866294 0.761352785029 
1.40337155991 0.97703021199 0.729979212336 0.659037198181 
1.39483857025 1.12867674233 0.843280866294 0.761352785029 
1.40337155991 0.97703021199 0.729979212336 0.659037198181 
1.40337155991 0.97703021199 0.729979212336 0.659037198181 
1.40337155991 0.97703021199 0.729979212336 0.659037198181 
1.39483857025 1.12867674233 0.843280866294 0.761352785029 
1.39483857025 1.12867674233 0.843280866294 0.761352785029 
1.39483857025 1.12867674233 0.843280866294 0.761352785029 
1.39483857025 1.12867674233 0.843280866294 0.761352785029 
1.39483857025 1.12867674233 0.843280866294 0.761352785029 
1.36094489338 1.66275085985 1.24231064109 1.12169143986 
1.39483857025 1.12867674233 0.843280866294 0.761352785029 
1.39483857025 1.12867674233 0.843280866294 0.761352785029 
1.40337155991 0.97703021199 0.729979212336 0.659037198181 
1.40337155991 0.97703021199 0.729979212336 0.659037198181 
1.39483857025 1.12867674233 0.843280866294 0.761352785029 
