0.463965232778 0.612579761152 0.568618767001 0.783640489167 0.298741445646 0.369956940948 
0.305117450947 0.516708826542 0.35376711803 0.107619002735 0.064571351165 0.652330390085 
0.249622282284 0.179267563363 0.0507293675466 0.174304240557 0.325087808901 0.767244842097 
0.339266212493 0.379036862295 0.0276226129058 0.389934944494 0.477573303758 0.614275756337 
0.00461868456021 0.00716389995032 0.0987476859617 0.642298702971 0.735153698359 0.66481348551 
0.146607501989 0.520701750984 0.547850787445 0.295234867851 0.043842544628 0.56556975181 
0.0286866842033 0.0416084846758 0.794166050116 0.858735329172 0.335223070533 0.406204558808 
0.139253189029 0.457640618941 0.826088167728 0.0626400835478 0.070145287649 0.440800773854 
0.105602695053 0.172444149574 0.486465685937 0.061034552617 0.746474125763 0.0890211345688 
0.067784092939 0.0611300826565 0.0741351521209 0.282208282684 0.886136739114 0.549838176982 
0.991506321745 0.437767858246 0.0420877890051 0.463176798959 0.197217678233 0.0879554065912 
0.0606009012091 0.00512067794834 0.0293322845493 0.000828941673916 0.675615979595 0.986125128899 
0.566189969663 0.824819534344 0.499891995167 0.0658115364441 0.420578266167 0.393409494217 
0.043249520871 0.142136086609 0.256570344798 0.0194495765459 0.070724776043 0.816313475325 
0.0185992427542 0.131802542197 0.524076622517 0.853162461138 0.787370615191 0.0938996457338 
0.139649387515 0.135670729664 0.0605817033611 0.571735731358 0.498848723478 0.470044710215 
0.00135987096818 0.00121656557187 0.163761668457 0.163161019808 0.686655190457 0.803810283919 
0.436960845608 0.113943756534 0.0104129871875 0.278552468011 0.357800506303 0.79239490356 
0.0897963632806 0.0755641891654 0.190164663332 0.183612854595 0.286745137244 0.921216518992 
0.420328510295 0.0582738681479 0.253924466674 0.13763220366 0.539905211796 0.204798907293 
0.878064591919 0.630586100672 0.178444113903 0.515466986145 0.185538958645 0.0827458857623 
0.138740327623 0.116750658774 0.293814250479 0.283695665204 0.44304905664 0.820487355767 
0.000238527990925 0.00578159285098 0.00513139762653 0.000772547188574 0.962008463743 1.02072931191 
0.0478141758217 0.0731469352382 0.433289891679 0.229689469286 0.657928383281 0.606950221072 
0.0265254566151 0.187969567607 0.579076507516 0.514168721749 0.629733288081 0.599316001002 
0.00258255785906 0.00298710000494 0.0887065107808 0.942368192392 0.821545177904 0.248126724863 
0.10795879045 0.115046629845 0.0849383131252 0.455433786526 0.67464432248 0.679776081867 
0.340365499985 0.495841115078 0.317198354678 0.252087633378 0.72208636733 0.666137647433 
0.000249665031638 0.0146503727913 0.449541788249 0.612407353623 0.507532007493 0.540088536491 
0.067052636825 0.101959004971 0.270795539654 0.41441735944 0.426939256958 0.695906984002 
0.356745720505 0.0271623202168 0.0290457724518 0.410025357528 0.502179791622 0.645925563129 
0.067784092939 0.0611300826565 0.0741351521209 0.282208282684 0.886136739114 0.549838176982 
0.0910600613908 0.613872193817 0.540194454922 0.0409587701497 0.0749724188361 0.757372549707 
0.20024420259 0.181693824823 0.259303572478 0.491272881048 0.50895103065 0.400761031293 
0.098266701886 0.131872540867 0.0789048723611 0.214426173352 0.662819145686 0.738793418814 
0.14441515987 0.156956232572 0.0556649527575 0.201499087329 0.304489175104 0.874551316664 
0.499742154418 0.358892221208 0.101559802638 0.348963494103 0.498468290648 0.663393619742 
0.0138522768836 0.0196247087125 0.0365497334485 0.607294763302 0.942954721953 0.787830897453 
0.0316170965551 0.424870511919 0.928712767637 0.860930593709 0.24512583077 0.506322205862 
0.126014001209 0.0656160431376 0.252702439704 0.624024362274 0.71772809439 0.203077443719 
0.640937180176 0.182035921467 0.0164547390055 0.122659932119 0.606358026641 0.589721010315 
0.432972351373 0.727193646083 0.761237042875 0.243089638952 0.169752755 0.339475757693 
0.165615652126 0.157091377518 0.41882157137 0.897771168778 0.598734135379 0.361269668678 
0.25229828779 0.294447346752 0.246670568237 0.732567486733 0.456348611741 0.57648796966 
0.0614756110797 0.0721231800766 0.0382603305386 0.534805524692 0.770811947183 0.690586085495 
0.00643325362807 0.0455914668486 0.18128232847 0.197437089729 0.539042218446 0.769569389351 
0.742243808124 0.766900678073 0.412559841039 0.566521841268 0.20542539454 0.0495476462094 
0.0884799764883 0.70347244967 0.664730266219 0.187880556593 0.273755245041 0.563246447706 
0.126762579092 0.120238170956 0.320567264809 0.512708673623 0.215618916208 0.756134732182 
0.198855125568 0.398749634334 0.685642623128 0.612725569441 0.322284420101 0.499202937905 
0.199285048591 0.119249504199 0.0372272028662 0.578879607995 1.00362695509 0.427810724639 
0.322589830652 0.278875141282 0.800065861705 0.769156557281 0.221746273913 0.0633575130127 
0.0821287106859 0.459287250939 0.800188945613 0.187077279219 0.463677207935 0.145348501447 
0.212293554551 0.163304297128 0.141508766854 0.952974312841 0.296652670092 0.367370243323 
0.0320354128888 0.101844586633 0.132817940374 0.00462041016406 0.433337797064 0.933229974382 
0.640937180176 0.182035921467 0.0164547390055 0.122659932119 0.606358026641 0.589721010315 
0.0602099333443 0.0404567243715 0.0607961629564 0.946795403945 0.953788686992 0.125111497547 
0.0449031351534 0.0501286811801 0.0351883612713 0.603688261383 0.89163502959 0.634969163296 
0.672420607048 0.861843860583 0.665213222375 0.134488805506 0.442713861759 0.161062849872 
0.430409130343 0.490115307464 0.102473817298 0.307231389185 0.755297391009 0.340231395686 
0.126815264436 0.121520695083 0.0885322448332 0.476868878852 0.265006950503 0.698439358016 
0.000952180451825 0.00029515734515 0.0225558399936 0.0303454974697 0.548596795785 0.981246473255 
0.126218581167 0.108413716464 0.449712440148 0.807145193903 0.744901088203 0.0888334881129 
0.137827543099 0.106022300274 0.0918719817414 0.584274363285 0.0290975766265 0.782325258314 
0.111041998341 0.291109075916 0.502523862337 0.497267566372 0.172608697667 0.624125926995 
0.00561813036403 0.00424029679066 0.166555349869 1.06346683101 0.862077843216 0.0615449196339 
0.0914037024164 0.205609306136 0.271164174096 0.648129385862 0.812042963338 0.586729684923 
0.101680926201 0.166040117506 0.468399898538 0.0371678359546 0.456080677428 0.593164080897 
0.0799222780067 0.635433695169 0.970377559645 0.908407336018 0.528076037578 0.286567069504 
0.784871630205 0.527374308922 0.433764940985 0.0781092590166 0.499163640908 0.466919426976 
0.172013400197 0.603333857101 0.6448547096 0.446173530071 0.314265791541 0.468841759061 
0.825423345348 0.4962542068 0.167176292043 0.502090210642 0.442620208446 0.161028773952 
0.165615652126 0.157091377518 0.41882157137 0.897771168778 0.598734135379 0.361269668678 
0.2520169181 0.0400158192046 0.583609833444 0.709390251712 0.839551246111 0.130901038109 
0.111501357291 0.0423543337093 0.400305247118 0.533085245159 0.57354577791 0.70807506397 
0.027783424024 0.154147707085 0.405731803868 0.386912828312 0.141858509381 0.837655741277 
0.153641631514 0.0462025112731 0.0294529804346 0.440113316678 0.703156709484 0.539387739294 
0.360655075982 0.903525228277 0.760632647333 0.237124185762 0.345509920271 0.53969231845 
0.0733800375901 0.0509366950251 0.0619505453996 0.737444649301 0.900714799516 0.118148240559 
0.00470409833377 0.0531629046523 0.600255710594 0.647271070866 0.261341825658 0.43556101781 
0.0470613376119 0.0525380186434 0.0368796188984 0.63270365115 0.857530375356 0.563447174621 
0.2863796579 0.329088376535 0.0902771034771 0.14880690768 0.622284234258 0.954526941133 
0.0280715735063 0.0238738854832 0.171671716904 0.0329913050093 0.196139470805 0.967348787353 
0.00652247829581 0.0170436575953 0.507668608643 0.522237597294 0.231438416894 0.899966017871 
0.259317687777 0.342276097643 0.219581711069 0.556176701859 0.630988445844 0.0977544913105 
0.00770035385336 0.0201212805382 0.59933895563 0.616540107868 0.248045286053 0.869839491062 
0.00565764792956 0.130046050092 0.313048686324 0.20649659019 0.154595742511 0.70937142653 
0.564928181776 0.339641514159 0.114417181686 0.30286259599 0.097223381707 0.620018536644 
0.0668220572032 0.0106101070217 0.154744550094 0.188089530944 0.583777176413 0.949622865811 
0.522204927274 0.543735086635 0.246612346121 0.398888850221 0.0676732875486 0.469321496463 
0.00764313008588 0.0607718031377 0.0882270293921 0.676894696418 0.999760888909 0.711971273766 
0.0422311275278 0.23430473289 0.616712728101 0.588111968607 0.142421958428 0.727509111441 
0.174506070701 0.121132922883 0.147324855968 0.380304197711 0.852593362298 0.889592664915 
0.0619605464813 0.1196075504 0.222804905841 0.786768233938 0.854796864481 0.554591155186 
0.244265670167 0.236560711692 0.161573564903 0.403489814103 0.584206885195 0.293739373587 
0.0433475525583 0.563790836246 0.644691952266 0.366037592951 0.00924360409853 0.636316824454 
0.00643325362807 0.0455914668486 0.18128232847 0.197437089729 0.539042218446 0.769569389351 
0.269344109811 0.0869272012 0.250624440746 0.604856469686 0.597038384397 0.616725791491 
0.0225311025179 0.136218610049 0.137789646028 0.0264783943079 0.15742360767 0.776422062534 
0.165615652126 0.157091377518 0.41882157137 0.897771168778 0.598734135379 0.361269668678 
