0.0302238000968 0.0074910096693 0.0118364774836 0.0190932888128 0.794221243594 0.962486042001 
0.000732009183176 0.00200107321548 0.166368578722 0.171497681918 0.142557435562 0.918967830667 
0.0165239783127 0.0311169261728 0.874710963518 0.959479910892 0.461433456168 0.248313556336 
0.282974057773 0.495793070604 0.44401662927 0.274136038919 0.346279162634 0.736829423373 
0.153715377313 0.155535526321 0.0890552359353 0.591617560628 0.935777182002 0.576215270413 
0.324498032245 0.0299152326881 0.0855515176291 0.681193374638 0.957773127816 0.159920255053 
0.236328354018 0.356965430023 0.49858774449 0.600898637005 0.623830040374 0.61229624183 
0.484665589126 0.849172600989 0.760492329212 0.489820144344 0.461440268996 0.248317229971 
0.09929288618 0.480829822527 0.516889089616 0.427488647635 0.722680891355 0.49093071037 
0.261399790373 0.0948934492701 0.144528027312 0.570203229717 0.197888673267 0.54349162053 
0.470687274728 0.492033832399 0.439804129773 0.367132121457 0.770970879573 0.419097763739 
0.484665589126 0.849172600989 0.760492329212 0.489820144344 0.461440268996 0.248317229971 
0.2260757583 0.223946002236 0.150963086002 0.774679079357 0.852279914043 0.276052001043 
0.280835864816 0.25612859381 0.10108256498 0.601870615493 0.846240512377 0.141237340852 
0.181368304469 0.558803976346 0.831031958666 0.762378647233 0.463360705099 0.215088601155 
0.00149799947764 0.00460519298318 0.00946108594742 0.494144102079 1.05463655015 0.817405757765 
0.342839230769 0.124457636311 0.189555984534 0.747853825489 0.228117878618 0.45290541846 
0.00327948963363 0.00262398257166 0.00766734365567 0.32954562012 0.921896186047 0.714462116016 
0.0279058651258 0.0633820729456 0.112671440148 0.256815839186 0.900468673426 0.873839687995 
0.0699657108752 0.0502570935611 0.535652896732 0.614938292182 0.153261201264 0.485068706352 
0.00327948963363 0.00262398257166 0.00766734365567 0.32954562012 0.921896186047 0.714462116016 
0.352417049273 0.34278822782 0.251765399146 0.427985610447 0.44911794551 0.554720001924 
0.143768220692 0.268235982721 0.219666114158 0.127350834914 0.706154598197 0.612258351 
0.125609042044 0.388441769129 0.513561224699 0.417430204871 0.558865330424 0.7746223872 
0.19235336937 0.0193083651032 0.0185490920277 0.749875315063 0.829670947727 0.398700317822 
0.0353631703676 0.38977532029 0.528083167969 0.0284969143634 0.04066584778 0.759545958828 
0.642909039805 0.239728818588 0.346692709965 0.151013103812 0.111675096904 0.737657483 
0.161837482622 0.14031798865 0.00535972284597 0.65788819894 0.874231983371 0.430164348357 
0.501992897098 0.0503899785865 0.0242771230015 0.342328613808 0.86110909419 0.366731854202 
0.312328089406 0.333243357639 0.360063914459 0.408207599824 0.546517299016 0.757496900496 
0.18114386401 0.135371744162 0.118668073522 0.746113515996 0.834547088192 0.46779944957 
0.396269263938 0.486069031477 0.832455350534 0.786917899209 0.152883380869 0.433128270369 
0.171086515661 0.144372115391 0.0805382947895 0.879467044333 0.85805412128 0.365428995277 
0.642909039805 0.239728818588 0.346692709965 0.151013103812 0.111675096904 0.737657483 
0.157065043144 0.482826241092 0.99194860725 0.781667941408 0.151863157325 0.430235178167 
0.105728617391 0.0383816209422 0.0584572625396 0.824765392661 0.999461905693 0.558015394634 
0.08620337078 0.0678322542914 0.0738382261089 0.19130670795 0.673108904873 0.873208905205 
0.240143655434 0.420750814922 0.376811122584 0.262066205011 0.389395625201 0.618471330231 
0.540723317713 0.468005081971 0.451003933151 0.412561833807 0.547185729251 0.0449382571551 
0.405680348382 0.604899299653 0.430285816284 0.0855303499552 0.366967188267 0.733053946589 
0.211913885103 0.015911644398 0.0190599208697 0.083150742844 0.389561146117 0.949819511857 
0.332307180856 0.280418872136 0.156432484131 0.922046459146 0.467603470229 0.251640571643 
0.19235336937 0.0193083651032 0.0185490920277 0.749875315063 0.829670947727 0.398700317822 
0.816276140637 0.349690559174 0.210141425727 0.491008793332 0.410415397976 0.248018964053 
0.0372244545326 0.0648561718951 0.330831913554 0.943517939899 0.955324050779 0.429162061648 
0.0874896885786 0.0758562136491 0.00289735565616 0.355651367625 0.857035961001 0.785594991161 
0.08620337078 0.0678322542914 0.0738382261089 0.19130670795 0.673108904873 0.873208905205 
0.153715377313 0.155535526321 0.0890552359353 0.591617560628 0.935777182002 0.576215270413 
0.25362212898 0.0226749203999 0.072818334375 0.783762755504 0.616551148421 0.308340442012 
0.0968923966159 0.0870315862591 0.0535717062398 0.755835237491 0.915929062056 0.511335786864 
0.117503882484 0.192291098972 0.237016809333 0.33365768982 0.763899465105 0.817584261186 
1.0776996274 1.13367301434 0.520404608283 0.305931589852 0.123811466493 0.36605335062 
0.149255717474 0.159250752989 0.13175152158 0.297364687163 0.930214490948 0.405196317787 
0.480109819533 0.544228006413 0.60302699178 0.0553731634234 0.0940356373669 0.636658686946 
0.0854023267452 0.14879633223 0.759011270665 0.911103871777 0.42251287115 0.304656579638 
0.151247768178 0.0374871569222 0.0592337197892 0.0990973671346 0.71333808982 0.925425499723 
0.604399839377 0.81489113128 0.536647657298 0.180916582023 0.06779628496 0.671486945993 
0.541706969847 0.389702962653 0.381372788284 0.210372166155 0.17294161933 0.39622003634 
0.008394063314 0.00701160981419 0.0815508649614 0.429774544645 0.555608265971 0.630387818248 
0.149255717474 0.159250752989 0.13175152158 0.297364687163 0.930214490948 0.405196317787 
0.319262042385 0.0288817979291 0.0838876709989 0.347803379989 0.149634546397 0.742777570736 
0.01245477621 0.0217000366329 0.110692159493 0.132864649086 0.489997099981 1.02402658144 
0.0924210237403 0.1395986693 0.194982887214 0.234987738395 0.630261189478 0.873330704875 
0.126680033579 0.106899513115 0.0596340642121 1.00480958733 0.975171214838 0.00507456560713 
0.00327948963363 0.00262398257166 0.00766734365567 0.32954562012 0.921896186047 0.714462116016 
0.223368623188 0.0205921671038 0.0588894185824 0.46889725371 0.888375033881 0.662885478743 
0.521367271587 0.0891832890342 0.879615415078 0.244880086608 0.203389624354 0.429123525637 
0.230795386405 0.251439345787 0.571704123409 0.326607480715 0.0968145841321 0.705322055399 
0.162491098788 0.108983726423 0.58875130251 0.87461287403 0.471735862763 0.368184404842 
0.630496183102 0.663242807778 0.31738293379 0.397750018592 0.835269513034 0.454092192626 
0.319262042385 0.0288817979291 0.0838876709989 0.347803379989 0.149634546397 0.742777570736 
0.26154913595 0.290257620593 0.250464087246 0.447240875538 0.430666702449 0.778883801728 
0.18189839279 0.209511371995 0.514027880081 0.358383320671 0.327538548615 0.500189406332 
0.0210438357479 0.00158002458822 0.00189248750713 0.173764959764 1.10686574708 0.928129365432 
0.522153314416 0.410875247685 0.320904177935 0.336554777719 0.0997643445808 0.726818938483 
0.00620933765571 0.00135201163703 0.0161782465919 0.233186818151 0.971267380024 0.814367350484 
0.0802758617142 0.182328741484 0.324117797147 0.738790359542 0.822007968301 0.440932911535 
0.097953942595 0.146056616233 0.103894965048 0.0474927767923 0.981881132015 0.952888414911 
0.158740972022 0.118629700943 0.0783877400647 0.246118446879 0.660115521151 0.914720970058 
0.172681226028 0.184244963842 0.261620509487 0.356891296566 0.540860328532 0.848536241814 
1.24199737407 0.624640785677 0.121971463021 0.330591137506 0.21357591352 0.0581675709131 
0.178468375599 0.130112387123 0.0840132852639 0.917413765551 0.895078243373 0.381218728713 
0.188713353722 0.0189429803597 0.0181980717876 0.735684803104 0.845057513265 0.467712426027 
0.793966509311 0.724115178713 0.220220169977 0.150754381864 0.399899540222 0.275865932608 
0.12924659075 0.201770558214 0.15406554513 0.303453393662 0.94926132861 0.413503381541 
0.081324049315 0.126764970678 0.213657482189 0.648704673165 0.938844178601 0.524141153062 
0.252265603845 0.214552400061 0.177708428307 0.867960390899 0.880204801217 0.112878085389 
0.396272976113 0.462347949198 0.521775571564 0.670056238311 0.699696558116 0.371449208109 
0.501992897098 0.0503899785865 0.0242771230015 0.342328613808 0.86110909419 0.366731854202 
0.201301426355 0.336744440813 0.609006335462 0.643403239124 0.26948443719 0.379982741121 
0.642909039805 0.239728818588 0.346692709965 0.151013103812 0.111675096904 0.737657483 
0.174223740644 0.538780997838 0.712325698404 0.479951042408 0.0656218817185 0.64994658857 
0.00327948963363 0.00262398257166 0.00766734365567 0.32954562012 0.921896186047 0.714462116016 
0.148466445611 0.0553603486725 0.241160932345 0.875353907717 0.854040987407 0.363717507995 
0.0123067039109 0.0595536549749 0.294346839182 0.862141467164 0.97581292418 0.513298620489 
0.0372244545326 0.0648561718951 0.330831913554 0.943517939899 0.955324050779 0.429162061648 
0.149255717474 0.159250752989 0.13175152158 0.297364687163 0.930214490948 0.405196317787 
0.161837482622 0.14031798865 0.00535972284597 0.65788819894 0.874231983371 0.430164348357 
0.011166911497 0.0638242427 0.258438302371 0.7574383702 0.857301448697 0.489967446102 
0.168038264436 0.145694253101 0.00709773633117 0.654392179295 0.728099827684 0.390502316966 
