0.070560882012 0.0485807222916 0.108011350156 0.560793985773 0.711281687816 0.399052061835 
0.068950275032 0.0439594720388 0.551979579938 0.791510518039 0.40862817578 0.17187934932 
0.349350418717 0.727061221633 0.663166376649 0.382048885526 0.494191091785 0.408886000473 
0.0125842776682 0.00288006168364 0.0109123472129 0.787482234273 0.908317122636 0.557571203066 
0.046967024296 0.0766322885283 0.16988140727 0.222628820331 0.350364218371 0.882893396535 
0.0325799737544 0.017521821469 0.143964122834 0.34692917269 0.693473421457 0.80756410932 
0.364070244068 0.724467980956 0.644816184145 0.150950983298 0.143519033834 0.0784405301887 
0.592724958824 0.67722144515 0.622048785635 0.733124311866 0.24986192485 0.273836382141 
0.0361642000684 0.033783234791 0.00137038231339 0.549101297995 0.749465242746 0.787636584646 
0.399968861128 0.278930914642 0.285319905416 0.127308812602 0.300126576686 0.539391967059 
0.070560882012 0.0485807222916 0.108011350156 0.560793985773 0.711281687816 0.399052061835 
0.0214399926579 0.0215884258808 0.245268098333 0.583593699505 0.302456382588 0.811086894418 
0.014469145852 0.456604975702 0.475880197162 0.147243819303 0.545795970855 0.905913455121 
0.0580610559585 0.0504191843436 0.0314070614943 0.193005344179 0.929504433947 0.297412450736 
0.154655336574 0.321865782341 0.29357987974 0.2798048303 0.588804597147 0.492865259197 
0.00217969743061 0.00746113745774 0.220038083733 0.229715555138 0.372037133743 0.937509620053 
0.654473292777 0.302466582743 0.419584786018 0.0102890636976 0.344512614265 0.512984094714 
0.176309747648 0.143179086798 0.175274257571 0.560272805491 0.543257260231 0.661924786013 
0.0811314094421 0.0558795162884 0.0519086518068 0.542618662055 0.595371840422 0.521591128822 
0.225658884752 0.280258128256 0.321465711987 0.41468699506 0.0237986244179 0.794359929031 
0.245348348946 0.580510000476 0.779064906631 0.519469852539 0.143653437846 0.121774588264 
0.679828542001 0.0729275166047 0.0785246649301 0.332165615789 0.451343364082 0.292770878749 
0.536620096283 0.0575650473091 0.0619831272662 0.262193382215 0.395582119826 0.483884465171 
0.329734156055 0.224237006859 0.014180705853 0.522069645383 0.403756127794 0.273315082477 
0.0560632803629 0.0301513643091 0.24773155541 0.596991982077 0.647253035468 0.691814058189 
0.138647536005 0.150122901455 0.0757092385988 0.291175369634 0.736001031712 0.641796347663 
0.0180240039956 0.0181488002009 0.206190316405 0.857446769525 0.725540550852 0.510253440114 
0.502491241192 0.327886348849 0.543083572001 0.665826709411 0.0544523258379 0.32895780505 
0.0678904672434 0.13232098746 0.252371796381 0.45535606993 0.765549782766 0.729938043241 
0.196034573456 0.319853173373 0.709062650201 1.03426708575 0.571779041445 0.0527183532444 
0.552579375659 0.486163883045 0.183399215138 0.0267711120764 0.472371164838 0.797811689088 
0.712057746046 0.498846178695 0.342223460725 0.0944010445182 0.122043274762 0.177059773796 
0.30291446909 0.246294331643 0.307173426735 0.774240650526 0.517640670672 0.448029454626 
0.223035635721 0.0167946658801 0.0712084786319 0.119747064652 0.785924280937 0.8567594804 
0.00933417029316 0.0587192282578 0.744929570294 0.816678567304 0.313750064803 0.563835976511 
0.163109765938 0.146320164121 0.217822235266 0.461304560736 0.660453836901 0.699229597132 
0.520220876362 0.83715194592 0.640151972508 0.16531107098 0.157172277256 0.0859063717907 
0.0622645736708 0.485058251627 0.809309304947 0.830750383955 0.489354675687 0.0151344489941 
0.0282365982784 0.0305737135526 0.0143696492772 0.232471320553 0.905608628563 0.555908478241 
0.00853663211564 0.0308021800058 0.878668049866 0.926849198057 0.121453309994 0.358453563734 
0.0214399926579 0.0215884258808 0.245268098333 0.583593699505 0.302456382588 0.811086894418 
0.018705644524 0.590295374762 0.851847323114 0.749879981933 0.566461865846 0.468687182676 
0.00278805124353 0.011699828755 0.0851823732489 0.641477332967 0.933576021523 0.775833695857 
0.658540300534 0.00784476676623 0.203678072847 0.190903637611 0.506099679832 0.554239366422 
0.043967265606 0.0606482619852 0.473830869744 0.69599351433 0.43628197187 0.65061587803 
0.279432302399 0.129140382397 0.179144875076 0.00439215086483 0.399817345918 1.00855310951 
0.184570438837 0.0600625900882 0.0351644845399 0.22840384136 0.856885531573 0.963385040101 
0.11805134134 0.0634891256701 0.521642808421 0.859025503754 0.474943973816 0.392959778241 
0.324814188689 0.0962084257906 0.333021648787 0.943497793593 0.490027120502 0.0911131236711 
0.106404582226 0.105067567811 0.0290518015749 0.062029519706 0.826505477503 0.891877472894 
0.329734156055 0.224237006859 0.014180705853 0.522069645383 0.403756127794 0.273315082477 
0.20521730259 0.141290763201 0.314136969155 0.327474302274 0.257575595923 0.868913076422 
0.0260052282575 0.0301669030705 0.179969116429 0.368873021829 0.737336783436 0.858646199432 
0.219485588851 0.272591177119 0.277347894139 0.463540324079 0.358490734691 0.242669283065 
0.00667375074296 0.0123402071582 0.0721254716731 0.178130124252 0.862769143825 0.916653896775 
0.0614859460085 0.119838364127 0.228564071412 0.412399518325 0.743840122669 0.752076642181 
0.0178911920918 0.183849008877 0.181234135466 0.0285909598036 0.862058547213 0.836100414191 
0.292998529647 0.311826408368 0.273861094833 0.618455794895 0.495391406268 0.779852386609 
0.348341027519 0.724960497233 0.661250265813 0.316269203152 0.0818597330563 0.570110382678 
0.288386528328 0.428943178598 0.313768890905 0.0888607783084 0.253011799103 0.853516907859 
0.309968390164 0.325232508321 0.240746023652 0.361111233455 0.672316294995 0.524783367684 
0.597419501344 0.168812185827 0.532751548723 0.702272298473 0.537489242281 0.274458456377 
0.224942279925 0.307329269964 0.373690251861 0.0470348906824 0.466361852699 0.728383928872 
0.0369463576963 0.179508132348 0.195198983103 0.110313142603 0.724008052514 0.789259871703 
0.036200619685 0.0409898166958 0.112022770836 0.256270793757 0.503229439858 0.869364452268 
0.371447990229 0.252604659982 0.0159746850748 0.504023643939 0.485542604653 0.820058572172 
0.114158586228 0.292026546776 0.548832016375 0.552569507617 0.273046977083 0.841029545633 
0.225658884752 0.280258128256 0.321465711987 0.41468699506 0.0237986244179 0.794359929031 
0.115504200455 0.0932018718036 0.543694016778 0.924519289268 0.297392073646 0.154437831818 
0.0404457381579 0.222010576911 0.689655677043 0.829265566017 0.581746146721 0.534112133545 
0.00608335230913 0.00756611472045 0.0407720833586 0.207593217046 0.985871574955 1.03556196463 
0.0394646175397 0.0397377725982 0.451463853093 1.07421922416 0.32955814908 0.350207238976 
0.0198401082374 0.0271068364543 0.846366927203 1.03118860094 0.316356740308 0.336177201658 
0.081507503663 0.403722387208 0.956409529241 0.912610074287 0.0475926730081 0.322773866261 
0.161192731692 0.042410268143 0.108533858597 0.16960693688 0.813525995068 0.789574487581 
0.198845311223 0.184417033794 0.505071476779 0.572734273896 0.240868707309 0.560382428207 
0.0188004930714 0.0256864541671 0.802017919736 0.977155003389 0.303696333915 0.365641180408 
0.0946159910433 0.102447050216 0.0516655645587 0.198703825006 0.869318249787 0.870181463821 
0.125508034038 0.261205009992 0.238250031035 0.227070854699 0.767610397823 0.786358308458 
0.272245476792 0.264167461271 0.152496017856 0.842830488569 0.465945765116 0.0454525705733 
0.089595148509 0.103933009747 0.166011118309 0.30737567747 0.771635937983 0.747719397585 
0.0293126531269 0.301214408247 0.296930279489 0.0468437686014 0.835597428325 0.55193578607 
0.415501287508 0.264601002431 0.0571555169073 0.0574837791005 0.642225373386 0.787513619447 
0.0118925850461 0.0128769749031 0.0145047299545 0.792514599369 0.914121685974 0.555102006924 
0.219485588851 0.272591177119 0.277347894139 0.463540324079 0.358490734691 0.242669283065 
0.363119854447 0.326150788165 0.0156165184654 0.4927230367 0.474656318867 0.801671369976 
0.0477401179072 0.0604021274842 0.287299528522 0.874720605066 0.775435613843 0.487612077752 
0.182561617701 0.0182093807712 0.243798877695 0.516318115293 0.739217351514 0.782621754852 
0.651465237424 0.648059023994 0.38522802547 0.299889778327 0.334930148561 0.480404450364 
0.61309899791 0.181324311734 0.0681662901103 0.677448636321 0.511746789919 0.423412640272 
0.0046310678083 0.00963832996852 0.0404710096709 0.823117064964 0.882610584945 0.547794175881 
0.108064552681 0.0284320802349 0.345011538006 0.65715027285 0.408847467687 0.750463231866 
0.107517794301 0.110749774461 0.832452161285 0.790605922209 0.488528363008 0.11405856898 
0.403090541947 0.377934242625 0.0368405297642 0.298332581005 0.452169466898 0.360603433637 
0.759132259206 0.0920875228297 0.364848037021 0.100642043343 0.130111824114 0.188767929905 
0.281395997822 0.0354547437497 0.102917011774 0.633861962733 0.754095445436 0.263291257883 
0.115504200455 0.0932018718036 0.543694016778 0.924519289268 0.297392073646 0.154437831818 
0.552579375659 0.486163883045 0.183399215138 0.0267711120764 0.472371164838 0.797811689088 
0.00059200302409 0.00202676672208 0.09721586398 0.883868074336 0.818310215428 0.315386662492 
0.0324535787942 0.00741287272814 0.63611392319 1.05075528428 0.137690219122 0.406378795227 
