0.362414165701 0.341087372003 0.142167912667 0.167783679535 0.430241977856 0.19058732 
0.0284097839441 0.00958916015409 0.0205428630698 0.72598138016 0.834202579404 0.485387085765 
0.653208456495 0.315468789341 0.153234059432 0.0243434382105 0.53003215898 0.0892018520807 
0.0648040153456 0.244343191996 0.612006215688 0.352636028467 0.222566639994 0.408140769968 
0.0706660455381 0.226900690256 0.39511847438 0.361823690002 0.103957684933 0.844559096071 
0.019768918701 0.0066726017426 0.014294734067 0.505173622805 0.804501241087 0.681987258924 
0.127327704381 0.408996299956 0.43401919576 0.119117100698 0.670432746343 0.409543096681 
0.367431896905 0.3948008817 0.360562471631 0.0611922346615 0.346206304958 0.660026159117 
0.143538696327 0.104898536946 0.1189404565 0.663118801651 0.409921736999 0.525530010228 
0.603029973164 0.78400484733 0.509467784749 0.201175186629 0.0720637258021 0.519358556602 
0.107920475867 0.0654720084668 0.254787189114 0.328111978841 0.199672817347 0.769240251182 
0.219824750677 0.124467284324 0.229080569124 0.371692421465 0.642356299317 0.706235941695 
0.485054628585 0.391033604418 0.0718888674004 0.277624628596 0.156975437019 0.659317894199 
0.0439586093384 0.129150665116 0.126782302785 0.0551056853848 0.441651152844 0.845250272899 
0.213431488094 0.00618719486463 0.740425765349 0.609699362927 0.0676956793085 0.127760533248 
0.0690078912999 0.0654299521777 0.213982564424 0.851949652085 0.894129906112 0.170328929801 
0.150252552754 0.142462216349 0.219879006569 0.201221590658 0.685361789268 0.503402581496 
0.0274481716513 0.368755025841 0.541071150873 0.00980587018614 0.67386463912 0.345879935647 
0.00630790169211 0.0147737249918 0.0162533994596 0.193977472288 0.907949852857 0.875406310602 
0.532046509116 0.531710075324 0.0807506693698 0.31461965683 0.308026184098 0.16154444058 
0.628476165848 0.00147598025569 0.292399044218 0.0347316588573 0.609532568423 0.212928441109 
0.0268548700363 0.0300507388104 0.1008605463 0.181947306793 0.242084852157 1.03369883488 
0.177721130584 0.812695731055 0.820661878854 0.312551039753 0.34095531293 0.0399018939119 
0.521826818382 0.08843444344 0.196263706176 0.402151288623 0.172846530903 0.626668277893 
0.16374939477 0.032326530385 0.339991890671 0.422697637302 0.512509521461 0.552176865104 
0.11819319521 0.379504947354 0.660859204756 0.605171743212 0.0876858426946 0.357104527181 
0.361897414266 0.0387999978006 0.043458164963 0.272517549556 0.576851993096 0.648562575073 
0.352641586333 0.354049088487 0.0625110518606 0.49136253884 0.855433847122 0.531865636207 
0.320921844294 0.32220274349 0.149953229456 0.977704054822 0.174127554257 0.00814765780051 
0.012334260243 0.0158923641988 0.0895316194958 0.652897141063 0.677807260568 0.386366738849 
0.102893142904 0.132574959655 0.183106413332 0.936539951884 0.982908375919 0.191016168071 
0.338452240281 0.405387840166 0.478188553928 0.2330331334 0.0563105401522 0.453645617572 
0.00791573168415 0.0326234243843 0.398770638175 0.648826589018 0.515072149337 0.327006019895 
0.00973432768267 0.0228811927925 0.238240868657 0.291966919935 0.403261837068 0.907109839641 
0.11402308677 0.521412863917 0.499343029581 0.06621592967 0.214186078726 0.711884526917 
0.224133546407 0.212512606351 0.328653743623 0.289005374785 0.827261473291 0.244603188107 
0.423386724983 0.359942327868 0.170604634257 0.392361492143 0.364734470035 0.452126711951 
0.11037876794 0.011390242647 0.0699308542015 0.172242630177 0.274763630441 0.848899244134 
0.0433693884659 0.0417198209971 0.00911803694104 0.000723191747004 0.787798143182 0.990952851004 
0.000291888050811 0.418979009249 0.716844637749 0.448746604999 0.200980163935 0.464908608848 
0.00882068764067 0.0318945954509 0.108886380582 0.0501506138389 0.781580567489 0.918073609042 
0.0137848926006 0.0112933644578 0.0228265659034 0.185975812932 0.810914917455 0.977798461436 
0.288061443388 0.289211186916 0.0510632444545 0.401378071058 0.941201870275 0.850831755047 
0.0450612039809 0.272904644459 0.944218017075 0.936495036835 0.166788255171 0.00779586486169 
0.16646497575 0.172702468345 0.114103961401 0.342753307807 0.137400634931 0.775271537147 
0.20725801646 0.415786945679 0.424190628012 0.30174899069 0.403792714408 0.765045655188 
0.162819978996 0.0279570071417 0.0441279042644 0.761067392735 0.710936668629 0.424848186451 
0.361856167903 0.0558689949328 0.119386012433 0.49882021306 0.831806331031 0.622702964952 
0.0525916297409 0.267773578534 0.389098617401 0.396116593864 0.684566037262 0.752656258745 
0.175031283055 0.135069920609 0.763116962291 0.978895282279 0.404726187566 0.115283251295 
8.37765867392e-05 0.120287670925 0.546122364207 0.84869924678 0.670070692598 0.0930290494977 
0.00427266908331 0.014189880719 0.10381656389 0.511391097589 0.86628691681 0.71782863513 
0.0278759259443 0.0925777634486 0.677319964054 0.865901958096 0.563926039997 0.0949187314582 
0.00523572023727 0.01023750986 0.325102759076 0.556605839148 0.608310410164 0.529505364615 
0.179642017067 0.203562470602 0.356647484578 0.555320762468 0.497029562989 0.502434648712 
0.109426743121 0.011731918513 0.0131404194092 0.0824009559233 0.699692928162 1.01505977049 
0.251828940068 0.0888245657504 0.069114721382 0.294704474967 0.452978905295 0.700407579849 
0.120995246674 0.0459282165988 0.420927912693 0.604906660696 0.393314210641 0.74986199638 
0.077350100996 0.100913234395 0.226641872138 0.406047877536 0.854353867421 0.847733837957 
0.027777182252 0.0652920467655 0.67982564232 0.739174288509 0.190956778545 0.692348844915 
0.0055644598437 0.0944179139302 0.492382080617 0.519188815578 0.274800376164 0.702114610549 
0.349589974304 0.096644767617 0.305316822574 0.337580504857 0.966305137298 0.285748737897 
0.484029520276 0.00113673975145 0.266228075191 0.34769029021 0.219445119491 0.402413788048 
0.571601962084 0.494267337568 0.284393114068 0.353815327598 0.100438034122 0.170957341363 
0.0156858765179 0.0520938518201 0.381130551068 0.481700824998 0.55809022124 0.736657843458 
0.0858418652832 0.0325844470284 0.106574285102 0.11177256005 0.47755002594 0.913971040826 
0.821508917097 0.402385043779 0.427710808065 0.098086358011 0.0688110528903 0.204434003073 
0.500206490353 0.484861149165 0.0998548363756 0.527218762637 0.601972593428 0.331801923914 
0.561165379934 0.675076422217 0.470216770299 0.455649770255 0.243127781531 0.0493401011885 
0.0280394138253 0.127126646045 0.626906233011 0.651314738817 0.135081641649 0.143011404015 
0.146331780243 0.163745984581 0.549587082205 0.991427495721 0.25194036481 0.225340694415 
0.261702730088 0.296550074773 0.519564505984 0.808992019234 0.641157905609 0.308828491808 
0.0137848926006 0.0112933644578 0.0228265659034 0.185975812932 0.810914917455 0.977798461436 
0.499088653192 0.2153180966 0.172898554007 0.0938260858367 0.746663456627 0.116490169694 
0.0466285996555 0.15320750262 1.05249834513 1.13938866251 0.257395238066 0.0982090145827 
0.0235575009755 0.0774028764582 0.531739061605 0.587550309798 0.226672832888 0.63168175629 
0.265457860202 0.29704864959 0.248006996713 0.452339398646 0.548449416977 0.590912318017 
0.0154404134543 0.207435859049 0.42590408554 0.445905856064 0.540648907233 0.582505051565 
0.336575076423 0.21092255091 0.239210626574 0.187145591699 0.605569159785 0.799345045074 
0.0279340292219 0.126648847954 0.624550042967 0.668496115832 0.2303504254 0.422421502146 
0.00659710114633 0.018331289035 0.255036914585 0.444334213622 0.951644745409 0.110236817119 
0.603029973164 0.78400484733 0.509467784749 0.201175186629 0.0720637258021 0.519358556602 
0.147296010425 0.0559116468441 0.182870736468 0.483262408319 0.941071713121 0.51379518339 
0.139080878398 0.133753020424 0.054038818688 0.603174751483 0.760900765699 0.0881015514021 
0.426216374649 0.510509058753 0.602187737016 0.382747454938 0.616109154028 0.10372045494 
0.155194054008 0.188647022773 0.643166517933 0.517854127627 0.508455657302 0.746053722805 
0.0839717373101 0.135055099594 0.465742788289 0.491938246298 0.412358868719 0.781279695741 
0.16374939477 0.032326530385 0.339991890671 0.422697637302 0.512509521461 0.552176865104 
0.0271712378584 0.0132727993652 0.00456791196719 0.022921247793 0.424555806489 0.960925614402 
0.0137960227697 0.0383347807388 0.533338180847 0.251646276661 0.299172214971 0.815869218487 
0.338998592499 0.212441303333 0.240933067741 0.149486384759 0.240364613766 0.92604534226 
0.213431488094 0.00618719486463 0.740425765349 0.609699362927 0.0676956793085 0.127760533248 
0.0235575009755 0.0774028764582 0.531739061605 0.587550309798 0.226672832888 0.63168175629 
0.14163558709 0.0151851178029 0.0738778427071 0.69456880327 0.23933458779 0.438904538386 
0.324922738897 0.229713074745 0.453344901954 0.00405904609307 0.217585676197 0.267571836113 
0.0433693884659 0.0417198209971 0.00911803694104 0.000723191747004 0.787798143182 0.990952851004 
0.208986587121 0.294177797594 0.309806750668 0.150410020026 0.594127381822 0.526909474252 
0.026026380302 0.0864353074407 0.632380372842 0.991030887587 0.782445461173 0.103187219095 
0.0633530012281 0.203419339034 0.415929761843 0.402071075195 0.161179693524 0.909476391822 
0.162819978996 0.0279570071417 0.0441279042644 0.761067392735 0.710936668629 0.424848186451 
