0.126712763072 0.135468939516 0.17752831699 0.143260680014 0.719270910472 0.686679266716 
0.268727822507 0.023669143633 0.490254261754 0.607582469769 0.35526911666 0.252137853459 
0.0382388538332 0.0992166701572 0.10788976905 0.14185204818 0.691634395848 0.698148200461 
0.489085263847 0.0927312339277 0.236280417555 0.275032187451 0.610617503638 0.490233958147 
0.0107177876583 0.0265445402255 0.0687947630473 0.00545724270244 0.780727253154 0.93086880637 
0.0325796160167 0.00467276068576 0.216139126326 0.241072389257 0.654167076877 0.746157518103 
0.348971168101 0.297491013442 0.061407798598 0.335100550933 0.422361607309 0.246252614909 
0.0342262329211 0.0184256819399 0.0427681001845 0.446715825303 0.851153129636 0.529491336238 
0.111978315081 0.149452698072 0.186409374906 0.295360737676 0.630848955104 0.554941062685 
0.196936171232 0.132724030774 0.305034380532 0.717427804097 0.786369870598 0.315082815591 
0.0896465309297 0.0413901444016 0.0110928806438 0.406228437466 0.503102663339 0.68345921788 
0.0327608886405 0.201846488924 0.248152238177 0.0517593717989 0.286574957462 0.695232153519 
0.450554330496 0.406087935371 0.434822163812 0.512897951713 0.10004914933 0.0449554690863 
0.281012062956 0.283791718806 0.271106575648 0.402545273155 0.140736485942 0.588122689126 
0.191626437781 0.434843547835 0.486163049441 0.507893821617 0.691219214752 0.207504671574 
0.426275138584 0.394242083517 0.235281410957 0.370478360231 0.324767156329 0.497275077165 
0.221993386833 0.109095441863 0.311678312665 0.152421701882 0.313941338635 0.724487642179 
0.505658051661 0.219231096994 0.025406371237 0.171015892105 0.615695575887 0.665569811744 
0.0992108727856 0.0700555078625 0.693300882863 0.607912945233 0.174789434424 0.458293611914 
0.00803919477481 0.00428177130527 0.131702049341 0.204792156138 0.590176940455 0.775548255017 
0.22651717511 0.0724224126514 0.286111640807 0.6193731205 0.626073559935 0.313879883811 
0.0555236274922 0.0342366192765 0.107935920554 0.304611330275 0.938100236113 0.623110196773 
0.186147601708 0.167776142432 0.413589690147 0.783506092237 0.448565695657 0.0201542871698 
0.585470189664 0.374116901822 0.637967038244 0.287682491084 0.00611478447261 0.0937873012177 
0.683915463323 0.411979959565 0.445715510681 0.0595185991038 0.16406900647 0.473186154058 
0.0548503424735 0.449773392202 0.954884654755 0.561715474206 0.00714084762166 0.109470559812 
0.706492030181 0.515970155836 0.173552023905 0.487263893246 0.137173864052 0.107547734925 
0.214181707607 0.615239908741 0.837809551962 0.669854769546 0.277804382686 0.237933496653 
0.15147732915 0.110426017628 0.0641146934023 0.837522972452 0.260463380501 0.456882118756 
0.0144098107898 0.0969217880341 0.660163399168 0.876161188477 0.57973971233 0.271552364255 
0.0126273605991 0.00319710662394 0.0070515768834 0.0889178340607 0.810415550371 0.932769648854 
0.160700780955 0.212132619036 0.281768112757 0.410809978866 0.528687347964 0.309143565385 
0.00421335951032 0.0212460618298 0.107338197486 0.110127278547 0.133766728571 0.938927061315 
0.059130263416 0.0292940603699 0.0975856184018 0.0701713216331 0.831403605829 0.816154697582 
0.4344856898 0.345227520767 0.0863205622886 0.630363064892 0.819293021301 0.0891619481976 
0.449682246901 0.301051044034 0.299541357212 0.293423793975 0.0307616589738 0.344286055018 
0.690438735668 0.497966892969 0.309595641966 0.65194886393 0.127180700105 0.0571687993394 
0.0126131162812 0.00468157393566 0.232618450448 0.609112034971 0.74214690612 0.594602297987 
0.206746750653 0.150992643989 0.0507879535244 0.472180836315 0.699211351322 0.104215724861 
0.00792169664804 0.0148245625678 0.0707199321694 0.0851180924627 0.176625255214 0.965360013099 
0.778111006295 0.161240132899 0.522165868306 0.188339715504 0.0771083386409 0.150717298465 
0.133314161559 0.186645345169 0.162303936879 0.0617942066756 0.151073022153 0.909082286637 
0.278837410973 0.204485152169 0.349174669984 0.304559472686 0.328724764241 0.553377277897 
0.00190919066014 0.00303408840967 0.00511900853129 0.267868956897 0.927047325206 0.766329752728 
0.0697277372131 0.0602890112693 0.053998341122 0.583140194664 0.623900892804 0.418922714335 
0.0552814807329 0.0455151051275 0.00436602085107 0.00599273182131 0.901942338129 0.890995640929 
0.218078595646 0.0630585476336 0.197250518607 0.191033780414 0.0212135622101 0.811190201672 
0.377700048814 0.227520542866 0.423744599625 0.582470101536 0.155980112712 0.449856477488 
0.690438735668 0.497966892969 0.309595641966 0.65194886393 0.127180700105 0.0571687993394 
0.325985879228 0.0942605496945 0.294851907069 0.294588833754 0.217578447833 0.740749324824 
0.36708025187 0.227413013438 0.359077320435 0.528507723341 0.351846087142 0.0636396931918 
0.0101743587162 0.0995049233997 0.312095168074 0.756246605248 0.747500047822 0.0629663447669 
0.524863175837 0.227557598594 0.0382388313554 0.515204545808 0.187124047703 0.500498236995 
0.307994803908 0.0776928598902 0.166954647424 0.113512108591 0.905054831765 0.451640769813 
0.00600543729469 0.030282718395 0.1529924797 0.156967949291 0.133080359247 0.93148882437 
0.086755037472 0.163994677719 0.527207542386 0.757550189946 0.591745344957 0.353642567071 
0.320438742687 0.43202308389 0.536940649218 0.520998451286 0.00767583391768 0.104897438809 
0.0282799328917 0.231895747828 0.492322876685 0.395614896438 0.641851524763 0.662157036986 
0.131593812814 0.118606398142 0.15461406823 0.399542208956 0.495128227869 0.394203496763 
0.134096094453 0.233219627905 0.663398157084 0.795172343433 0.412396641863 0.292693824518 
0.00556949675151 0.0262704654306 0.572593100718 0.629168991674 0.246647808499 0.532705990695 
0.365864758067 0.765580777842 0.702338813292 0.15089894321 0.131223909061 0.616901764681 
0.0208367430341 0.0135534765722 0.107987881597 0.62422347064 0.757424740633 0.469165943557 
0.542673799307 0.332328606298 0.0148970939662 0.303149652128 0.524312403668 0.288410485996 
0.210270110388 0.161866440609 0.210046722154 0.750790534844 0.685609497408 0.0798038552576 
0.361879359838 0.253906237747 0.163133292024 0.00305171887012 0.352315023133 0.799625750152 
0.000126533778224 0.000348119474453 0.0745361843435 0.180882395931 0.880863067708 0.966964555912 
0.131689760921 0.438327000239 0.617918946384 0.478660790507 0.0936243068273 0.413889823251 
0.00102368361394 0.00180450490298 0.0238362871226 0.385019413196 0.912063122956 0.809279920163 
0.21871110351 0.19097951688 0.152874411238 0.32562149279 0.00376324075747 0.7355097405 
0.0465633768669 0.0117896321723 0.0260028452212 0.327885003991 0.901970653822 0.881876624746 
0.433487948186 0.0767934694015 0.307847485119 0.294975696715 0.495459262377 0.67717401585 
0.21871110351 0.19097951688 0.152874411238 0.32562149279 0.00376324075747 0.7355097405 
0.233891132471 0.203614915811 0.0753077360382 0.0499532287085 0.521620202475 0.6025392541 
0.0127208202073 0.0443429744529 0.164355548239 0.25880895967 0.622395387693 0.726375081745 
0.527622799115 0.44922266708 0.110918726726 0.148070226989 0.226255612241 0.770290916455 
0.180218178369 0.0174079583655 0.171131567685 0.559679707691 0.226476341927 0.628093154148 
0.162738503502 0.0934914065707 0.00982053531438 0.0944350686781 0.576135867096 0.688003709594 
0.0252193900857 0.0063853811172 0.0140834844543 0.751975460554 0.981926819954 0.610855813971 
0.0305377348707 0.144876251364 0.301503714841 0.496677318709 0.615508377642 0.490063502433 
0.6868857307 0.756531689064 0.617101658359 0.322949184101 0.422785978612 0.0477868381962 
0.00792169664804 0.0148245625678 0.0707199321694 0.0851180924627 0.176625255214 0.965360013099 
0.000126533778224 0.000348119474453 0.0745361843435 0.180882395931 0.880863067708 0.966964555912 
0.13011318805 0.185825678343 0.385958306985 0.478126946047 0.299780716853 0.749142543811 
0.132801035839 0.123851482433 0.0903250997177 0.177180439783 0.701476362858 0.787833939988 
0.0351081343866 0.0160471388148 0.105963921489 0.394350879061 0.555045126202 0.598508578291 
0.0441488558764 0.137541259022 0.242514186236 0.639245750027 0.914215581376 0.329843908619 
0.117060181004 0.0600705017799 0.10065337122 0.273361393376 0.874544191593 0.539950303319 
0.0135833082833 0.0236239753763 0.0671991344851 0.0705295280072 0.00878847151992 0.855167314947 
0.0437301480978 0.0308789922283 0.305593035062 0.2679556114 0.187348094031 0.830027050445 
0.362123057834 0.452897247941 0.441325608795 0.329719086136 0.472263208004 0.302600481051 
0.130979156456 0.196285244662 0.197660171624 0.126230527896 0.429919636847 0.602663564254 
0.0207917412525 0.104843516984 0.529682654467 0.780347269666 0.661109610952 0.530777495259 
0.406757669171 0.707432219687 0.773839407608 0.319500435352 0.418270793261 0.0472755210117 
0.479582240188 0.0131154484172 0.319458279468 0.312933967614 0.0328088611476 0.367184372052 
0.0728179860573 0.126644835942 0.36024403134 0.415371513287 0.33749350791 0.778841709143 
0.0695704452567 0.0603621599313 0.0246687893371 0.668825141538 0.875720215777 0.336530426884 
0.0658256797481 0.052447972817 0.335609246406 0.493640487126 0.530747454057 0.786146866567 
0.0408487275631 0.0217569692622 0.669203354253 0.695755611778 0.405600769972 0.0733761337389 
0.554462854728 0.140388675887 0.105911848185 0.15484390552 0.236607217902 0.805533179114 
