0.0236864332208 0.133852139475 0.890770138932 0.929209457931 0.241458433755 0.0169968471448 
0.7536336747 0.901114432414 0.454896935324 0.315418921533 0.30771538794 0.247797672689 
0.528140461452 0.523337306937 0.207481098661 0.0779020041942 0.0196004257869 0.689512403812 
0.317889959487 0.251172898066 0.000781365970565 0.0537085999036 0.00516572113668 0.716973871222 
0.174177093756 0.265507368539 0.204295954738 0.338747877134 0.820554162899 0.611729710263 
0.375415273039 0.336283783911 0.714800001516 0.0906991545534 0.0173771504176 0.0967434426406 
0.00546347931856 0.0113825959554 0.0125849648319 0.0139608011811 0.502270232032 0.998516511238 
0.35150399275 0.26492692433 0.189824607665 0.538369587858 0.290509154653 0.5527163048 
0.7536336747 0.901114432414 0.454896935324 0.315418921533 0.30771538794 0.247797672689 
0.0796336313568 0.0776332966572 0.0405690783457 0.303723740184 0.844448697511 0.822312730083 
0.217890959065 0.159599234252 0.0706745028822 0.0667406742281 0.0917863763506 0.902601922994 
0.485844685135 0.072947898953 0.333178919506 0.748484322844 0.489199545955 0.00106284227042 
0.113308650343 0.113320265477 0.017080012294 0.139382866703 0.534789816039 0.843058405676 
0.240508487179 0.0284685657148 0.00467305151566 0.452996261483 0.872208942035 0.00254181517859 
0.0789867752553 0.484779215207 0.799534791627 0.730954532033 0.577854224131 0.315864418188 
0.0260929912676 0.0191123402685 0.0215726305565 0.0965847893323 0.540466726496 0.912933774163 
0.112143525785 0.202774981901 0.297770908534 0.726197181661 0.893036199292 0.612126850515 
0.0260929912676 0.0191123402685 0.0215726305565 0.0965847893323 0.540466726496 0.912933774163 
0.336754896801 0.908687588252 0.762206645402 0.347146178286 0.319877515156 0.150848209492 
0.266217037437 0.169924718805 0.263989501149 0.575594376573 0.43148167811 0.468754984975 
0.0260929912676 0.0191123402685 0.0215726305565 0.0965847893323 0.540466726496 0.912933774163 
0.140720568393 0.15337833203 0.293614640438 0.738214672366 0.530811683417 0.610418528931 
0.0120739271182 0.0376055356662 0.364788445591 1.02391977476 0.961307824 0.436233203454 
0.709198195247 0.664144093401 0.358062762714 0.0807818085123 0.296697992865 0.638040958165 
0.122559609276 0.137212917974 0.0668885576847 0.0115631977721 0.27969572121 0.957461004179 
0.210099560252 0.214014496044 0.0496305197351 0.204390231717 0.701750910439 0.720644646306 
0.0842642415833 0.104397074509 0.357498571498 0.465182861879 0.232146816051 0.529220077719 
0.0819323961353 0.0123017298284 0.0561867147986 0.143848980331 0.543022484134 0.796187253015 
0.302159969293 0.282711782998 0.0129598237947 0.0115538810498 0.781243248127 0.321351498201 
0.169374611964 0.482718831404 0.693353541393 0.676693059372 0.319600519187 0.368246408599 
0.26991317863 0.322733262498 0.16292068669 0.345665744489 0.853767600087 0.230069315988 
0.485844685135 0.072947898953 0.333178919506 0.748484322844 0.489199545955 0.00106284227042 
0.264712689488 0.137378866434 0.146383194354 0.373813061544 0.905493196151 0.67505980767 
0.160388887985 0.160586676673 0.0207762852454 0.0970622134214 0.641990941016 0.941308926581 
0.0352871269954 0.0314794521666 0.165342042285 0.347971982882 0.791341404359 0.808884165198 
0.297755303021 0.23885311377 0.0479929985969 0.427363384303 0.396970340048 0.446956107498 
0.161274517267 0.430829947854 0.630836130258 0.559385356059 0.0678351452192 0.695638232281 
0.23800597482 0.300648823422 0.489273540223 0.679797216643 0.169463579188 0.768781329501 
0.28084200272 0.222606155443 0.648993914367 0.941461763214 0.142077320451 0.25173004741 
0.0668939834616 0.0683691360549 0.445117428303 0.698334558292 0.208937679467 0.551731686806 
0.071002180888 0.0354569890953 0.0416101244022 0.254802460148 0.847601354354 0.902188187655 
0.100982035926 0.0707775611456 0.0641678605142 0.0153781663547 0.675454985245 0.879586051754 
0.427440032448 0.123783056747 0.00821480372594 0.112610189288 0.267098056442 0.749162508072 
0.244718096257 0.213330438242 0.067384897726 0.202092477472 0.335966170548 0.69130870675 
0.221173332253 0.245418314577 0.197591847101 0.450963735987 0.304162578783 0.549137122757 
0.315275569879 0.505709988646 0.509582467509 0.0816188688122 0.190610654108 0.5292591461 
0.0146354597778 0.0138356605235 0.0190582560063 0.00751456091504 0.958031659138 0.933350885601 
0.0260929912676 0.0191123402685 0.0215726305565 0.0965847893323 0.540466726496 0.912933774163 
0.343345201846 0.337316892501 0.0985017306969 0.700499413259 0.11408259683 0.338026446952 
0.114166880236 0.190706552486 0.152246090005 0.140384475261 0.822788499877 0.793525793886 
0.512560661977 0.55866538014 0.228000726003 0.0809540350642 0.578169462069 0.0650820334821 
0.205298332801 0.115995077627 0.210179197835 0.763990288107 0.0331194705911 0.486522433614 
0.152039807149 0.0957184620045 0.0909753449094 0.0915167152444 0.492248205668 0.852891271403 
0.879263588118 1.05132922978 0.53072781521 0.367998966048 0.346373143741 0.0447066842171 
0.0777682712255 0.132226800178 0.542544340196 0.747043854356 0.503935675485 0.547479722571 
0.249602760775 0.333469035986 0.233018914394 0.220789582555 0.457963803313 0.676871900773 
0.216101359013 0.0637599085037 0.0739388646557 0.96963117036 0.53146778653 0.432460560229 
0.24101351035 0.246328462146 0.171995038368 0.0121777064723 0.823423402456 0.338705484198 
0.7536336747 0.901114432414 0.454896935324 0.315418921533 0.30771538794 0.247797672689 
0.169732773867 0.053011592964 0.0525039650593 0.0639435808575 0.681569188491 0.98581365896 
0.00546347931856 0.0113825959554 0.0125849648319 0.0139608011811 0.502270232032 0.998516511238 
0.435947286612 0.871197592486 0.694519909999 0.362588099504 0.305024733678 0.245630315872 
0.818997859518 0.448349141856 0.0641271139877 0.31839340941 0.460941706545 0.375063369223 
0.354304561969 0.298932027976 0.427641242137 0.402384181569 0.518760359697 0.65707743537 
0.542809157155 0.552902431982 0.167909668413 0.204493702353 0.465042743868 0.216606469223 
0.0256781110434 0.427939816176 0.513969609044 0.0360720081625 0.621057059959 0.604516087798 
0.218921738992 0.189551128931 0.490132586003 0.987143154898 0.526322099112 0.356528932104 
0.147476952927 0.147724297419 0.0629398653591 0.10448787752 0.82868201216 0.848425066714 
0.270285409756 0.140270962806 0.172882509667 0.241346244399 0.240642603946 0.882216913306 
0.284968908028 0.231491606902 0.282584487553 0.540731311535 0.334532419428 0.646075672293 
0.255203317685 0.183536975266 0.259119713582 0.534264602964 0.683090631989 0.696256247163 
0.169374611964 0.482718831404 0.693353541393 0.676693059372 0.319600519187 0.368246408599 
0.270214733734 0.451371812099 0.360342442623 0.332267864363 0.806299949354 0.0179191771312 
0.136068387912 0.285529503764 0.412363952682 0.742672760498 0.731055319994 0.373969005078 
0.786289337614 0.461239809201 0.580055852379 0.408577656763 0.0209806672226 0.0881340148598 
0.693029690946 0.665088078421 0.273689416926 0.0464442459902 0.367628814276 0.723262338733 
0.379432936937 0.506922016185 0.516999455976 0.752998593155 0.501303906409 0.0407924694147 
0.283077967435 0.426901240622 0.341671570057 0.321491995756 0.414472529517 0.524969232848 
1.07404364716 0.970927234644 0.230553072394 0.220343139263 0.325453090544 0.157426967544 
0.512560661977 0.55866538014 0.228000726003 0.0809540350642 0.578169462069 0.0650820334821 
0.572335068863 0.535880981348 0.35732054316 0.293833986877 0.31255159026 0.420274322542 
0.200044342905 0.0332571277096 0.205188771602 0.905915975061 0.799506690538 0.151606860392 
0.174177093756 0.265507368539 0.204295954738 0.338747877134 0.820554162899 0.611729710263 
0.0292920753815 0.860132808992 0.859815772663 0.294649832039 0.0459423848777 0.584501309851 
0.0622590705273 0.124418691216 0.0991865154513 0.0658069658649 0.458227775465 0.967594573393 
0.379432936937 0.506922016185 0.516999455976 0.752998593155 0.501303906409 0.0407924694147 
0.273554147302 0.36224942797 0.632152507403 0.917030814843 0.138390363853 0.24519576763 
0.318651792735 0.732887786301 0.568944893753 0.236996044453 0.639108935795 0.343258598324 
0.00916447883062 0.0275824564132 0.10096779589 0.104911568701 0.0354556765938 0.970349994942 
0.265644791306 0.0200685029256 0.0223979284958 0.434774175756 0.79304849875 0.0882208152995 
0.449839973276 0.0290769582277 0.409786249 0.467422678601 0.240713868505 0.409134958599 
0.152039807149 0.0957184620045 0.0909753449094 0.0915167152444 0.492248205668 0.852891271403 
0.00656660409285 0.029566785967 0.276241159481 0.571679294323 0.771546408679 0.652191307226 
0.247511132843 0.243165425248 0.0710079487151 0.917499047986 0.842100631841 0.430784755883 
0.0280698792585 0.0368528734903 0.343954703682 0.766730582685 0.654899209839 0.47876299406 
0.255203317685 0.183536975266 0.259119713582 0.534264602964 0.683090631989 0.696256247163 
0.418251889106 0.0400794523326 0.0554922972424 0.133823139552 0.221276078958 0.431075500674 
0.456970888425 0.511987084978 0.23069566705 0.326885482596 0.419955236751 0.197990134976 
0.015476603425 0.0270165014763 0.0522111485174 0.0976300204188 0.546315601666 0.922814200078 
0.00967718037067 0.0301495921826 0.0508469551927 0.110669141445 0.595787731778 0.850040850562 
