0.612030808365 0.231812751756 0.752177100782 0.4137152456 0.0175299086494 0.104029527376 
0.0340097010747 0.181189902612 0.178025671454 0.110213247557 0.889584825937 0.839269521517 
0.121793898165 0.0910293162111 0.194843556609 0.463465841191 0.552587194923 0.590153271215 
0.0118532480597 0.0207927495254 0.434181142969 0.848033352641 0.725224652618 0.212551275812 
0.135854537229 0.215345513713 0.220253602829 0.618644630407 0.923784619369 0.193875715614 
0.530568315241 0.20095801679 0.6520603099 0.360552220462 0.0832452579029 0.293002978078 
0.0835575612064 0.0463337284429 0.349042151614 0.595121674771 0.646015399509 0.438406784214 
0.00147539504894 0.00104707831801 0.000440520252506 0.0959460364532 0.918539833434 0.856671361468 
0.246572341407 0.139182002758 0.790977322763 0.0842446672563 0.377180073211 0.421192452989 
0.0364574688175 0.298529184119 0.362424867711 0.042698629825 0.710895355279 0.435350197363 
0.141395482597 0.0703121154803 0.47141861663 0.00926596777244 0.231215548866 0.64161221544 
0.129182304968 0.0400500628124 0.16189710401 0.0947069734601 0.300395702859 0.911188161111 
0.198021082292 0.117355500557 0.0521051811069 0.258584516085 0.489798891587 0.796330927641 
0.522298063511 0.390368070223 0.382832115993 0.445349547538 0.5601681916 0.206424177284 
0.240849610811 0.174547415643 0.138458737548 0.0326202304549 0.829223204592 0.476665435406 
0.231747998893 0.236879302363 0.140188295821 0.326544191813 0.539351400781 0.690920245252 
0.127167923271 0.134205412172 0.249724128045 0.119980705714 0.398711269627 0.769607924572 
0.11662641724 0.244770668705 0.297479610603 0.127945172259 0.0612056830745 0.724412534231 
0.0598175477143 0.0682367097907 0.249879966069 0.44354982991 0.753837363519 0.829530396489 
0.324564401692 0.266051584271 0.150740114024 0.457116994602 0.662271971549 0.492862740372 
0.101390583216 0.0859274234307 0.101236468038 0.0483040180071 0.777567449223 0.80436360548 
0.47438978917 0.8203350883 0.660371243665 0.0190839477012 0.296078925086 0.230001617528 
0.166397585053 0.133228852248 0.0742975431531 0.12482518803 0.697783731919 0.716685096079 
0.124963422537 0.0387420918281 0.143277909571 0.112321349391 0.906600472081 0.855323716361 
0.101950106887 0.0369602363256 0.0380580211479 0.59667948423 0.803513746162 0.588507184089 
0.0975016445611 0.281641226252 0.387643782355 0.277338774049 0.206440372579 0.698689757774 
0.376311936102 0.343831598239 0.13722359678 0.457979492647 0.610315634681 0.317517237232 
0.284275179569 0.117468996873 0.036804099586 0.490423766672 0.776154892855 0.0315258732347 
0.324564401692 0.266051584271 0.150740114024 0.457116994602 0.662271971549 0.492862740372 
0.129182304968 0.0400500628124 0.16189710401 0.0947069734601 0.300395702859 0.911188161111 
0.355763362311 0.2666345827 0.323193298435 0.184275304325 0.38369339147 0.720460118224 
0.240423816013 0.19563831369 0.324642305392 0.713452944482 0.759252804279 0.0429947748313 
0.424039902001 0.102159514477 0.488310369558 0.415342693566 0.562067138024 0.545111810027 
0.151147593114 0.0325399634358 0.248259631926 0.753755860938 0.706423145121 0.0857637407025 
0.224868197174 0.216709233346 0.0507256379806 0.644396061656 0.929765955914 0.435230016084 
0.139584046704 0.0907923776058 0.227448134745 0.269882430017 0.511199483075 0.831126422974 
0.00941921712756 0.0095888856958 0.0053914695434 0.114318626434 0.757387521707 0.747790583491 
0.0861426285703 0.125905924818 0.313181781427 0.446651352695 0.50986829449 0.719535757422 
0.50396053536 0.192683526154 0.597130426999 0.0914854593789 0.29507515387 0.35728759758 
0.0548972499141 0.052399314326 0.1052546409 0.752864962461 0.423031058197 0.485839285463 
0.517082507342 0.267700825485 0.397425490522 0.447946217491 0.563434411655 0.207628138649 
0.571394522011 0.363817123863 0.225795086383 0.203894599004 0.479398621082 0.212813957301 
0.162566417769 0.0730728801986 0.183528792455 0.265817026426 0.244608489542 0.677369547711 
0.00323829723117 0.00306998055996 0.579960471728 0.664337751167 0.634037766413 0.729430812836 
0.0557311161713 0.0351270121093 0.575937177989 0.540169032911 0.0764553634852 0.558438013796 
0.223593999554 0.321442519024 0.223752854799 0.0136165092424 0.747418483071 0.822466587864 
0.147783765747 0.0136937147761 0.212159383001 0.107163653357 0.901429032616 0.591746775198 
0.526098300532 0.27236842807 0.40435502997 0.373791519884 0.377663020471 0.524489458364 
0.122156621768 0.099401599123 0.164945041273 0.69241317997 0.838352469638 0.175940245167 
0.0957078801129 0.359754968403 0.939528813191 0.866343556463 0.31250778606 0.388328060675 
0.0429572836105 0.0270757280615 0.443928796415 0.41635957271 0.0914738483923 0.760898491664 
0.530568315241 0.20095801679 0.6520603099 0.360552220462 0.0832452579029 0.293002978078 
0.135854537229 0.215345513713 0.220253602829 0.618644630407 0.923784619369 0.193875715614 
0.249724553412 0.0624976154397 0.117623921402 0.722780778291 0.886976056326 0.459030275208 
0.771399819598 0.554253312279 0.378608761553 0.377695723833 0.185920436531 0.230502649716 
0.357137640567 0.367086086931 0.420781098489 0.933152853366 0.00602205847309 0.173287255588 
0.291336072419 0.052900133702 0.449204820723 0.713854185591 0.661936702474 0.110621898777 
0.0549768272562 0.118866006472 0.550485880883 0.518266409754 0.0717246970558 0.505953372446 
0.633435516068 0.196382593917 0.793866241318 0.441586664647 0.0548009531681 0.380289511915 
0.0429572836105 0.0270757280615 0.443928796415 0.41635957271 0.0914738483923 0.760898491664 
0.405088965055 0.207493000608 0.655578939878 0.478601441372 0.315032939043 0.381456310453 
0.244672694681 0.121669085399 0.815752267368 0.0160347909014 0.298846858373 0.509843917368 
0.0118532480597 0.0207927495254 0.434181142969 0.848033352641 0.725224652618 0.212551275812 
0.208047652841 0.5564961247 0.596044639573 0.000813245789734 0.377970821129 0.595273451957 
0.326432491384 0.344497343656 0.641033451175 0.30798507335 0.437745346389 0.534430788654 
0.566321325695 0.678773761756 0.462707210804 0.154947134026 0.380379677874 0.528262598114 
0.0115434913753 0.00727576880089 0.325043564834 1.04716271639 1.00179959146 0.146919800943 
0.0109963790429 0.173273923068 0.410814196911 0.627738855561 0.579293799284 0.148724615854 
0.336453978269 0.168931256985 0.436242004859 0.637878675941 0.441577187484 0.270207750037 
0.0552748977617 0.0468448646565 0.055188985495 0.0263332907678 0.850597093953 0.891273047481 
0.336727299388 0.386520782432 0.256422781487 0.0463186945622 0.77116605204 0.472264500087 
0.237683567547 0.342436009698 0.837801091195 0.707419890347 0.140916409047 0.280970889428 
0.336453978269 0.168931256985 0.436242004859 0.637878675941 0.441577187484 0.270207750037 
0.423883946602 0.785594474356 0.83197075204 0.549158864856 0.35963466321 0.232787291883 
0.673078233755 0.348462000943 0.517323819732 0.478220705543 0.381582704703 0.180232053004 
0.846895123185 0.71686430836 0.475193207829 0.392424859522 0.0820059667144 0.181273796646 
0.529043396253 1.06320099058 0.930557526374 0.242348370386 0.207000572907 0.319427318865 
0.147783765747 0.0136937147761 0.212159383001 0.107163653357 0.901429032616 0.591746775198 
0.393172162761 0.728675575162 0.771691439694 0.509370422101 0.33437381679 0.259756902745 
0.13848590631 0.117365319903 0.138276928909 0.0659772070213 0.741354660445 0.827200128974 
0.771794582567 0.594043590643 0.13926486968 0.0742363162139 0.312578286164 0.0963644102233 
0.135854537229 0.215345513713 0.220253602829 0.618644630407 0.923784619369 0.193875715614 
0.291396110947 0.299178528539 0.106509958016 0.0759216070639 0.953981079343 0.200215105612 
0.189051623177 0.142666870589 0.0497448625003 0.246871757604 0.467612498511 0.760257787458 
0.124963422537 0.0387420918281 0.143277909571 0.112321349391 0.906600472081 0.855323716361 
0.0424259080153 0.0601263740694 0.253017530357 0.743183278009 0.699519872976 0.167240947456 
0.0115434913753 0.00727576880089 0.325043564834 1.04716271639 1.00179959146 0.146919800943 
0.0816292133762 0.0993447714121 0.367687863494 0.488096793551 0.204071911342 0.503362878967 
0.138528760196 0.21958447362 0.22458925724 0.258654325492 0.645254094636 0.830155316864 
0.370388621043 0.0771282806559 0.294666085398 0.348633686455 0.0234678830118 0.716147007505 
0.135854537229 0.215345513713 0.220253602829 0.618644630407 0.923784619369 0.193875715614 
0.119169824501 0.138762440112 0.0779477451451 0.140861748259 0.959061384441 0.624945426026 
0.0321270356496 0.0368277793295 0.28916677224 0.893308711305 0.844997309801 0.135903672797 
0.449936192272 0.41110118316 0.164071783841 0.547581967206 0.663858110336 0.0406854747461 
0.612327421329 0.579824592801 0.0891400803728 0.231481830512 0.458586579074 0.502976156105 
0.0993603173589 0.449465988286 0.709349355915 0.537032441708 0.0957087960521 0.281024439565 
0.135854537229 0.215345513713 0.220253602829 0.618644630407 0.923784619369 0.193875715614 
0.386146766479 0.299075496467 0.425017238596 0.264437274431 0.000164882877545 0.502876660724 
0.427536846186 0.753753769633 0.599856118846 0.0685544478521 0.534384510497 0.39715651279 
0.246572341407 0.139182002758 0.790977322763 0.0842446672563 0.377180073211 0.421192452989 
