0.1321569252 0.111838435856 0.0329927243533 0.0466737954796 0.699849015803 0.736013491662 
0.0208872194726 0.182437477686 0.289685538798 0.207789041055 0.478215050105 0.817405770279 
0.703859102496 0.72166909926 0.411730475095 0.391085928459 0.31152989022 0.552614429081 
0.372249791205 0.108221050501 0.0647997911805 0.310352766533 0.804417980283 0.621671856027 
0.285128618585 0.161643997235 0.0609173559614 0.0679295581403 0.719999549071 0.630859871102 
0.84360773717 0.713907140707 0.210605989324 0.0777046630107 0.151932216738 0.713062284141 
0.0716934791278 0.061652218225 0.119286897464 0.240087556898 0.71363623106 0.823070034487 
0.000476777200955 0.00353950337052 0.874784154454 0.896380461796 0.322195972919 0.136426535615 
0.072277320864 0.160913345348 0.490822739037 0.95557314807 0.84903920112 0.149096732025 
0.00773672467049 0.0031206864345 0.242823696461 0.682730803555 0.780690720824 0.663739204763 
0.00340358217178 1.85019501116e-05 0.00753755292222 1.03775917574 0.838562626184 0.199267275692 
1.02549919291 0.0230711805477 0.255020257577 0.513288871923 0.144280584289 0.22784921329 
0.308952307587 0.228085344313 0.211122215594 0.0123003569185 0.496531561046 0.755220193785 
0.285128618585 0.161643997235 0.0609173559614 0.0679295581403 0.719999549071 0.630859871102 
0.18362722705 0.188273609722 0.260439534355 0.981111913024 0.871731060187 0.153082449479 
0.133945687568 0.552938976217 0.897121271945 0.480642468659 0.0361509805284 0.503251224873 
0.165872387406 0.203662616269 0.147075014353 0.0971039841997 0.15257359343 0.922571380785 
0.0520173571487 0.0542959682665 0.616602003754 0.728120070761 0.490027108427 0.635795909829 
0.00989973468761 0.0454646384536 0.0860988467704 0.272130033016 0.917776726549 0.927671891584 
0.416058322818 0.356062456996 0.301611682186 0.609071841396 0.240910530793 0.665963903934 
0.116877643711 0.105028821258 0.293575711345 0.772951975279 0.527764261003 0.251049570335 
0.0260556554626 0.0515951638827 0.100208547933 0.103714176752 0.455092869368 0.997981643224 
0.113048882047 0.0906252795127 0.269598831987 0.470292670577 0.0790786044132 0.830808098699 
0.171274788084 0.090987437598 0.151865197231 0.100266633006 0.157543271616 0.952620326332 
0.0102530373242 0.0159108865443 0.0976378059411 0.822963514298 0.890101488662 0.526620696023 
0.195280038246 0.107838892825 0.385437810254 1.03589612007 0.846500110989 0.120537131022 
0.638666085646 0.842069957303 0.906293333328 0.219309761138 0.0724693483508 0.198019625409 
0.186488197851 0.159596482982 0.135190133225 0.290678998611 0.230057417482 0.799101565307 
0.386972948177 0.392266775018 0.243733953122 0.315536007808 0.219318192512 0.876636506101 
0.0443383388412 0.0548315995442 0.547854083209 0.80141616162 0.628806906557 0.508669345967 
0.0506157380708 0.0430346859484 0.370511246921 0.460555248093 0.729858021494 0.882100697794 
0.181944464341 0.155707958594 0.131896258776 0.283596678426 0.402032157237 0.934273712889 
0.0695897325805 0.0610956774148 0.040017593737 0.575278439565 0.951276125894 0.782482210525 
0.0357837856848 0.039986789571 0.0847853382052 0.456377807784 0.989313125904 0.875044324233 
0.00717285128721 0.00505221842509 0.0660353528914 0.299377811966 1.06171615962 1.02024321644 
0.151114116045 0.150970323733 0.140176464841 0.66799900623 0.70676108252 0.673895331465 
0.219619253395 0.434887967503 0.844644126714 0.87419331298 0.425235489237 0.212120052996 
0.212224798742 0.337583501358 0.419136598941 0.629899748095 0.622161870154 0.218064260787 
0.0277350041242 0.0441368064433 0.177556633159 0.126911970071 0.900504598354 0.685759128883 
0.0440623067785 0.0479270356088 0.197772970178 0.447504561068 0.455994544411 0.808938997474 
0.306262022362 0.133346943875 0.270314446925 0.391383750532 0.915178982687 0.164064502031 
0.039954407088 0.0417046021307 0.473610491483 0.559267229443 0.440538320513 0.741344963039 
0.0929055940907 0.24175816019 0.277881702856 0.5007827166 0.751023868793 0.0724008135087 
0.000675947336613 0.00525623702784 0.180720548553 0.659083850517 0.966273585766 0.80252216407 
0.0254015130861 0.0533605577482 0.0477909885336 0.0199485317739 0.560713312987 0.909007387576 
0.010863248705 0.101781616265 0.207740762351 0.144932587117 0.794857107638 0.912469564744 
0.122288113574 0.146943316218 0.570808677563 0.55231282682 0.0320656099274 0.447701113977 
0.0658926877593 0.0100750365561 0.399733065355 0.781897046899 0.647664236883 0.660542089267 
0.292005008451 0.385003446986 0.414366976339 0.129850339903 0.492402230503 0.615467057435 
0.170346007157 0.0221898332085 0.156312207978 0.605273265102 0.870153050553 0.365879734069 
0.0849348805178 0.0680877778831 0.202552556257 0.69086518872 0.792007627789 0.612080471892 
0.027119966201 0.0283079501058 0.321473899492 0.328612126002 0.119206124667 0.910288108909 
0.4852642984 0.699237128269 0.62337000144 0.437407396286 0.262626898114 0.725995807565 
0.0487866563319 0.0509237469894 0.578305998783 0.597725309982 0.178404232599 0.73909100149 
0.946378655366 0.970325211526 0.553595134805 0.499886164773 0.0839713649194 0.207321126448 
0.515538408251 0.4083748678 0.129794515869 0.159262525388 0.72009638907 0.512842635344 
0.0399000158986 0.047944483754 0.138883678615 0.299520003261 0.856507890999 0.884486701921 
0.0483157195157 0.00911413815536 0.32938441231 1.08865123205 0.984509123392 0.0949200145628 
0.0716934791278 0.061652218225 0.119286897464 0.240087556898 0.71363623106 0.823070034487 
0.0141263799508 0.132355034649 0.365135075186 0.255429308228 0.123676542065 0.944423024267 
0.143130280351 0.0290193465079 0.595369366904 0.627438819922 0.088921138642 0.577110579836 
0.0466392218888 0.16223550071 0.341402819965 0.424372701179 0.672517307982 0.812797601303 
0.387437779824 0.327871098874 0.0967234353335 0.0356867236829 0.137870611665 0.944465745534 
0.0759593192811 0.229441574434 0.489573470324 0.914378697775 0.88082051871 0.10926023323 
0.0274777970758 0.0647352367804 0.0674747255028 0.0675135817949 0.502001747713 0.909459379647 
0.84360773717 0.713907140707 0.210605989324 0.0777046630107 0.151932216738 0.713062284141 
0.48125875966 0.109678168581 0.464696011727 0.470913916904 0.171998113403 0.620432302627 
0.122077806728 0.0186179437983 0.494554852689 0.915024021222 0.0730057960862 0.367538786735 
0.0376942657503 0.0302174864127 0.0898931299549 0.643181264579 0.859988371142 0.654903754142 
0.446571674204 0.625611169136 0.898670671564 0.842507077383 0.10116230313 0.112463565127 
0.96066613303 0.432588026485 0.238897617108 0.48083823114 0.135158220725 0.213442137543 
0.3864844724 0.339310570258 0.0992420940299 0.0128994224959 0.520714265952 0.792002650599 
0.29921023445 0.0869868732519 0.0520853162901 0.249458042258 0.758996359098 0.707594292039 
0.285128618585 0.161643997235 0.0609173559614 0.0679295581403 0.719999549071 0.630859871102 
0.180472459487 0.260050130246 0.523273388002 0.606994532084 0.0653545798998 0.781314981948 
0.472448998899 0.0669549058545 0.564165892169 0.274375675124 0.55535811739 0.0477830750567 
0.254555879906 0.119194457724 0.32014085823 0.189294132352 0.787262041195 0.483754014384 
0.509243643701 0.50028720509 0.376237492628 0.475206518216 0.590710520566 0.672524812648 
0.137987245608 0.0782271849022 0.0294521792998 0.0483022026758 0.724266424474 0.76169342394 
0.343447706864 0.809132094821 0.915265347803 0.492319343942 0.0518450577974 0.341335375538 
0.146932574252 0.208713188325 0.367337097052 0.56145604841 0.855273386071 0.702724671765 
0.222959602777 0.170649024829 0.44033747196 0.661761496618 0.653632849033 0.229096218716 
0.0461198902526 0.0467607790634 0.0889918909666 0.184126206586 0.262006687594 1.07359130153 
0.0777359620744 0.060148885065 0.0649400635158 0.504543126588 0.724249592465 0.851511568979 
0.072277320864 0.160913345348 0.490822739037 0.95557314807 0.84903920112 0.149096732025 
0.265151541774 0.292175619609 0.349727571406 0.619441970649 0.0359644689138 0.502119805254 
0.0461198902526 0.0467607790634 0.0889918909666 0.184126206586 0.262006687594 1.07359130153 
0.027521927496 0.00519165403764 0.187626120461 0.361638558935 0.772379640313 0.835901992469 
0.295971295576 0.235308791882 0.0843998263249 0.0481309446518 0.487110011314 0.89183312942 
0.0658926877593 0.0100750365561 0.399733065355 0.781897046899 0.647664236883 0.660542089267 
0.00340358217178 1.85019501116e-05 0.00753755292222 1.03775917574 0.838562626184 0.199267275692 
0.165303287923 0.217949465266 0.234572012601 0.0735078260749 0.47115300547 0.862617600369 
0.186488197851 0.159596482982 0.135190133225 0.290678998611 0.230057417482 0.799101565307 
0.00336973058549 0.0457700275923 1.07684476455 1.02539775117 0.155357009463 0.329201024356 
0.250678791124 0.0313522937668 0.355617691374 0.0942926901814 0.928549169902 0.327404334879 
0.515538408251 0.4083748678 0.129794515869 0.159262525388 0.72009638907 0.512842635344 
0.173734559835 0.168655743748 0.295556217095 0.266634872272 0.129102726205 0.985855919644 
0.776234532599 0.0693244033243 0.022352685844 0.180122083914 0.480928338392 0.44074005656 
0.875711077569 0.496454697665 0.18709488175 0.0912823559328 0.310175315491 0.550211530696 
0.392141942682 0.114004128727 0.0682625485097 0.191131253338 0.451001900611 0.800081857734 
