0.149219075248 0.0239944128926 0.15513413227 0.00162587838804 0.21789525004 0.940525006797 
0.433919844282 0.382381453902 0.121910248048 0.35083713381 0.727305063984 0.14655784818 
0.059691246895 0.006648118184 0.400258722527 0.844625616678 0.725421913756 0.491510643592 
0.0252555181889 0.0301181607233 0.0764630818916 0.157329951979 0.510954736762 0.857571986784 
0.210138201604 0.263232010663 0.374403166064 0.464174776495 0.591444732843 0.402670186477 
0.102061596274 0.0172838040781 0.289841927169 0.354380275255 0.436148138326 0.733265794154 
0.213836746225 0.186961146757 0.597667578982 0.562821350296 0.57093079777 0.561908358208 
0.592601846299 0.00343266288738 0.269141074569 0.307754130533 0.353877765408 0.332170560623 
0.0432764479733 0.0435076976611 0.276431584415 0.646677112087 0.57446542353 0.347404334459 
0.149219075248 0.0239944128926 0.15513413227 0.00162587838804 0.21789525004 0.940525006797 
0.0297407505565 0.0789098448395 0.302756436649 0.402913987879 0.721583498887 0.115886116932 
0.29006017418 0.294076445043 0.0879316156123 0.534760331143 0.55083083361 0.00690850686623 
0.0624921098937 0.00273672784172 0.0322797315891 0.207905768402 0.745618454 0.595226092767 
0.222698060039 0.00975375027961 0.11503359781 0.254532160616 0.577279196369 0.317743341673 
0.0695095254251 0.120534429904 0.157855121762 0.502280148866 0.91060734094 0.419360828212 
0.000390190286423 4.21492287935e-05 0.00102347315699 0.0508617841671 0.847887615559 0.957426189223 
0.00999908663733 0.0117913324819 0.0362795115267 0.862728371604 0.855721445752 0.234262555789 
0.00928136508994 0.0567940379849 0.579786979783 0.675706949815 0.375579488226 0.375417923476 
0.142287231596 0.20112669906 0.313835339535 0.346474650404 0.357796656837 0.85406412618 
0.0677410042297 0.0580332548648 0.145800682165 0.847392200181 0.774128163872 0.324146619889 
0.15970341912 0.250332787935 0.386563802478 0.190434392039 0.19829108902 0.623758750761 
0.0072174076311 0.00308321728673 0.002904951563 0.0604510656554 0.884441997287 0.768215169741 
0.0359589414649 0.0321830457534 0.14738365309 0.457366775858 0.718206152283 0.583216941346 
0.00927671557673 0.493336480893 0.473104064496 0.149785138173 0.430297541455 0.375989091084 
0.0132569272081 0.00157647461888 0.0678597378011 0.352335099661 0.838649642286 0.892355377072 
0.176856635918 0.0299503998908 0.502250253372 0.61408528799 0.388015199891 0.426888217265 
0.0262050206801 0.0306485059947 0.0321671746827 0.124731160159 0.701243215562 0.805002606917 
0.278502396801 0.138756831043 0.513858118962 0.750456299021 0.699087194814 0.0975636765117 
0.230584447115 0.130140331517 0.190867787228 0.289730480757 0.176427845176 0.554984970864 
0.0234669798015 0.00621087761263 0.00988718345424 0.00915400438015 0.691892206424 0.908599266597 
0.24044170106 0.285427192709 0.136343726594 0.242287347967 0.812631085055 0.0634705851206 
0.673329391609 0.557608739549 0.462691696743 0.341473685306 0.280349169845 0.21848170178 
0.63338713001 0.0701355680403 0.0825087470246 0.26969386581 0.663390223914 0.211339562411 
0.423770134706 0.255566392541 0.0528326559238 0.275809111148 0.0651022280715 0.522064462523 
0.387096145756 0.150411557309 0.118032640853 0.499854512661 0.146484821274 0.0703860879647 
0.127229920086 0.130562583393 0.00478202942936 0.190006135857 0.591829672017 0.822544876046 
0.286346904369 0.161612371726 0.237025600882 0.530014124175 0.535763063223 0.260576188704 
0.00596839774339 0.158626275188 0.390635810857 0.826924534862 0.752384246834 0.1189064223 
0.0220120309293 0.0593585253415 0.430696369995 0.448089297548 0.0229522359995 0.851773695807 
0.0757676420549 0.0221227300082 0.118876004246 0.428485681379 0.655243369412 0.691991016861 
0.208516082994 0.361581838585 0.473537059391 0.467449792504 0.698484199584 0.473258071927 
0.9465577115 0.750764858632 0.25614330117 0.334739490986 0.329284487994 0.256621908166 
0.101155620829 0.337364717025 0.521346016651 0.353179108431 0.69020656581 0.467901395592 
0.0470406407833 0.0874155351456 0.0876384489175 0.180812809615 0.531076700676 0.725343908196 
0.149984191781 0.0578788043499 0.396831778817 0.475225120411 0.0158314986363 0.725087543736 
0.0852647438569 0.0864451764923 0.0396642470319 0.39796923033 0.608576595354 0.642705699541 
0.0109738243277 0.00848507755766 0.056173047344 0.291656790651 0.694217611677 0.738670895059 
0.0624921098937 0.00273672784172 0.0322797315891 0.207905768402 0.745618454 0.595226092767 
0.172440792431 0.213929434369 0.390680837326 0.433143057165 0.173695368182 0.812114273439 
0.141679445893 0.300395721312 0.722829274718 0.6428559316 0.0978245648598 0.300043914781 
0.430539828984 0.345686321114 0.52757252783 0.468062853585 0.282569027092 0.391704904437 
0.0424728740413 0.0336872048439 0.0114929802663 0.243385568929 0.900616559656 0.569542619123 
0.620718264152 0.573308065498 0.288522771351 0.00755606061641 0.571586545236 0.215399941928 
0.385989903483 0.369052367991 0.216641447546 0.0440230286568 0.218469748558 0.562735602779 
0.433919844282 0.382381453902 0.121910248048 0.35083713381 0.727305063984 0.14655784818 
0.00756017149728 0.00335583106172 0.00304292981491 0.0633219330511 0.926444769475 0.764923283262 
0.0439817272198 0.0780120795285 0.0578409170514 0.00740742808758 0.618432593073 0.846212070442 
0.324761248634 0.305976228854 0.121573442175 0.203673552123 0.0249255173967 0.693509403101 
0.184243644796 0.0535974075626 0.166525247482 0.431175624472 0.627384491253 0.739093913613 
0.507631440094 0.523321788175 0.0415089467492 0.301140275657 0.764777672422 0.165881107884 
0.0170587864541 0.0342262936735 0.171187327003 0.261748945996 0.692130360079 0.926962007083 
0.286346904369 0.161612371726 0.237025600882 0.530014124175 0.535763063223 0.260576188704 
0.340980836131 0.294369688499 0.127426093985 0.177755396203 0.341541808864 0.852746633792 
0.136120411462 0.231600699202 0.175309511325 0.11369476933 0.796349336977 0.837413486195 
0.410074495464 0.0454077983813 0.0848065329283 0.755234445057 0.661991392237 0.108112303673 
0.121827959463 0.211258372513 0.244596672922 0.113099978918 0.355514183813 0.815630460247 
0.0484713283743 0.0380630041653 0.0200171986145 0.362578257438 0.737067745574 0.758051496396 
0.332188750936 0.238376579249 0.121293483856 0.0102693424923 0.752404362586 0.414142645545 
0.343339620649 0.347112211052 0.0028685593415 0.0548451600469 0.21545619943 0.912449389667 
0.00489687330589 0.00129971415578 0.0215348346873 0.665950039246 0.934970173894 0.515603711079 
0.266225671826 0.0288000339898 0.603102406729 0.706244802959 0.110878491821 0.599910087806 
0.129619618382 0.465573341951 0.561234965804 0.486892918616 0.553449280401 0.548775875826 
0.0369931177569 0.0416582972609 0.63513711122 1.02516370886 0.619246062755 0.195051805307 
0.999504584549 0.330029282907 0.117260512169 0.0110359617967 0.141603995744 0.103584351964 
0.242696948046 0.271378508342 0.563993583927 0.798979916921 0.700336628807 0.114376366592 
0.0935954714127 0.49005922438 0.482381796318 0.326783254732 0.638621190151 0.432929113237 
0.286346904369 0.161612371726 0.237025600882 0.530014124175 0.535763063223 0.260576188704 
0.149219075248 0.0239944128926 0.15513413227 0.00162587838804 0.21789525004 0.940525006797 
0.108063037831 0.0116899076383 0.137559787405 0.524429045245 0.950762601233 0.437854651141 
0.0624921098937 0.00273672784172 0.0322797315891 0.207905768402 0.745618454 0.595226092767 
0.29617203926 0.503919057299 0.377451216072 0.149617450431 0.4298158028 0.375568129424 
0.522034954053 0.0578053612713 0.0680032779432 0.233109553491 0.677918129421 0.459322826081 
0.0538858414446 0.0371506987878 0.10039132632 0.207124131515 0.608358781213 0.830897880598 
0.375568845532 0.273618424819 0.624293562063 0.3840769068 0.546701782611 0.294995157538 
0.18844000615 0.202946347267 0.107266439884 0.484431080912 0.899625044957 0.526121048382 
0.0110493761623 0.01619779978 0.450938148327 0.811782216884 0.547225957584 0.304128849367 
0.222698060039 0.00975375027961 0.11503359781 0.254532160616 0.577279196369 0.317743341673 
0.395629416698 0.0669997336718 0.586516073483 0.373473840711 0.531608880607 0.286850462667 
0.018682884019 0.06710619999 0.0808946020099 0.0701787140456 0.523456188065 0.854915820948 
0.286173563731 0.154515628846 0.0228380626934 0.18238731581 0.519675981613 0.694012379501 
0.108063037831 0.0116899076383 0.137559787405 0.524429045245 0.950762601233 0.437854651141 
0.316031091464 0.537708057537 0.407016810521 0.263966463288 0.765010854 0.156568696663 
0.232964668454 0.289015210173 0.527803384108 0.585169295778 0.150652304513 0.643628272547 
0.0432764479733 0.0435076976611 0.276431584415 0.646677112087 0.57446542353 0.347404334459 
0.0917738893455 0.147679229761 0.145514607935 0.509272946453 0.923285065485 0.425199654587 
0.195748641969 0.0581920608501 0.00317886081776 0.0373405868587 0.360982732177 0.842794656821 
0.325518944818 0.0298467814394 0.518797416463 0.731913166929 0.114908809161 0.621714881268 
0.427131770011 0.687325501142 0.620789385255 0.427047106244 0.583609493751 0.183825265874 
0.00117949436717 0.00162281347307 0.129521731771 0.503319726912 0.771051707199 0.686434214853 
0.0538858414446 0.0371506987878 0.10039132632 0.207124131515 0.608358781213 0.830897880598 
