0.102684670335 0.00615645052436 0.0577539708574 0.170693271408 0.403259269198 0.783963535913 
0.300661000101 0.379810905851 0.53348093944 0.0269538808393 0.370124286381 0.559121063764 
0.0122612590797 0.00198889122838 0.00893807770171 0.0150671281728 0.842037955917 0.833453044047 
0.157779518605 0.0703665835323 0.0340093564243 0.0172052827055 0.313208662252 0.733364654011 
0.0696501138199 0.34948909516 0.479142087675 0.232631484251 0.140678752015 0.797312837574 
0.493362072056 0.538813614004 0.207214375762 0.300267379072 0.472941342739 0.246124033848 
0.0786395380465 0.12163136208 0.394006631047 0.253993636222 0.477673098727 0.569475733901 
0.0137374302456 0.539156828622 0.717594314869 0.0250823554936 0.306813432263 0.127971144763 
0.0458765392304 0.0495652160302 0.0277293635156 0.0891955939436 0.624296496551 0.806981904766 
0.0251662503299 0.132854126499 0.718389531373 0.71291003487 0.179303810012 0.0734667703463 
0.0153970744628 0.0261461851154 0.0303755867524 0.0137709971491 0.434386377204 0.742831076567 
0.0259182683508 0.0259152736479 0.00361710054917 0.165819285913 0.738677053142 0.826309141355 
0.192488961403 0.320600523163 0.462313230527 0.242095871323 0.215954881391 0.301979673831 
0.0990735809507 0.0559038634753 0.0177029444179 0.156621358327 0.824678594251 0.85771297213 
0.00889982807724 0.00377435007657 1.94774632594e-05 0.462239981403 0.825928422036 0.659822803418 
0.300661000101 0.379810905851 0.53348093944 0.0269538808393 0.370124286381 0.559121063764 
0.0570591003514 0.0160543038051 0.0177966591679 0.936017798231 0.155040469055 0.118010829282 
0.298322342092 0.21921222269 0.507184097598 0.416519557275 0.560012062494 0.408897359852 
0.100725023129 0.10058641308 0.11286168409 0.0710227289934 0.00447181009707 0.836092114427 
0.267150997455 0.390529809933 0.359707073101 0.272590213338 0.251205409524 0.650280632798 
0.233312562943 0.254936737491 0.438789507511 0.779468213982 0.434184737287 0.205151078655 
0.52201303998 0.365299795648 0.0184696511869 0.544851149483 0.0428061761889 0.249339468101 
0.345008089386 0.489433296401 0.393370771359 0.561620746717 0.67641661226 0.0716641830191 
0.0202944563081 0.107135644749 0.579320552597 0.899165931038 0.696180906824 0.0737586411468 
0.0137174793433 0.00562710877441 0.00582281965241 0.0328316117475 0.465412620884 0.912953190141 
0.49935356824 0.234956379758 0.704959758689 0.540611759792 0.05187812304 0.339606312187 
0.575832057341 0.093405700489 0.419764982923 0.12071681907 0.197285241866 0.545197719615 
0.0155865672099 0.0201595200308 0.0974411837387 0.65610714675 0.86399548855 0.595801675087 
0.116688789841 0.236914356078 0.716245093547 0.579368283193 0.333138971495 0.256237354421 
0.205607570849 0.177200383225 0.59769161075 0.677622369816 0.749687601068 0.125087307237 
0.437170207031 0.364355621095 0.0541106960283 0.207959051449 0.131651931093 0.609323491631 
0.399004727607 0.279219739706 0.0141174135773 0.4164610753 0.044270539606 0.519295831162 
0.159691829095 0.18257237982 0.237593839723 0.655808825004 0.639569904629 0.36820921565 
0.425155770983 0.45638092778 0.142086898296 0.172727008497 0.582226856531 0.179695214627 
0.0257105914338 0.0485678063514 0.0617631748575 0.00220286855723 0.442921755845 0.858663312059 
0.00531473821908 0.0280568486091 0.15171337387 0.186637967123 0.318232055585 0.745126917008 
0.0899721002601 0.0471486702539 0.0212991011151 0.168289417339 0.332623817805 0.778825192463 
0.133008111404 0.230958847816 0.392514014852 0.38661560472 0.41400589063 0.684742296937 
0.352982730104 0.52318614745 0.435202354299 0.0556299312878 0.455678997933 0.406925274134 
0.102684670335 0.00615645052436 0.0577539708574 0.170693271408 0.403259269198 0.783963535913 
0.561191419023 0.451567090085 0.234289127619 0.227847668332 0.270821747135 0.0890089352598 
0.112077567589 0.173349785256 0.561540740774 0.361993581022 0.549399745126 0.393290523402 
0.00264716851767 0.00336182026958 0.128337938586 0.243482336078 0.589627852981 0.824067563591 
0.157271311293 0.588750594308 0.559861309134 0.207170041008 0.09735130164 0.570028073772 
0.0105968336009 0.0559413349129 0.30249470971 0.469503084082 0.662754169527 0.670106690537 
0.0591780923378 0.196232889709 0.427592691122 0.333299882077 0.752171569999 0.715883604369 
0.283835515911 0.24462018625 0.825096598378 0.624694643273 0.291794660004 0.064115465635 
0.261865960134 0.317817088502 0.347464560448 0.384156381787 0.226626054531 0.796697932246 
0.031248737148 0.0891120012626 0.301568037281 0.902736581684 0.936548695591 0.310203057156 
0.882287369937 0.550654663113 0.0527671631902 0.313161908493 0.200201618607 0.245355181811 
0.120696188927 0.12068224252 0.0168442337038 0.157013666848 0.400318666211 0.778246705285 
0.0645098380844 0.0329367577904 0.0231694270131 0.107750243672 0.400028081211 0.858463956163 
0.699608651061 0.296699151035 0.000324671879584 0.487228136086 0.0467551473531 0.306069659032 
0.673103062229 0.511302929406 0.156029631971 0.122701512214 0.105769537551 0.635585770748 
0.278901106595 0.27244258331 0.580135904113 0.0761864445907 0.556731431885 0.688418306172 
0.670099922615 0.697058926074 0.634871727725 0.166412557054 0.0507668444581 0.332331523737 
0.0400578001498 0.0242921686792 0.118925140537 0.424623917982 0.961019098967 0.826917643652 
0.0485170099559 0.2505946618 0.574505232157 0.408615758853 0.339309191596 0.507084082644 
0.473115723876 0.549650304141 0.427763218253 0.701826940924 0.639144720842 0.0392328460735 
0.002185287594 0.14897708552 0.261144617504 0.376170487436 0.577928233882 0.324604611668 
0.0744783450372 0.0315857423571 0.000163249010526 0.447555176127 0.307841678457 0.587573406452 
0.354278079362 0.337921861911 0.442174498962 0.537812755431 0.190397274884 0.628252509531 
0.124246624176 0.107080440866 0.361179133564 0.409480279584 0.686887708938 0.653747987413 
0.0250897657735 0.511838951466 0.625572664609 0.439254445668 0.295670596924 0.0622031586659 
0.102684670335 0.00615645052436 0.0577539708574 0.170693271408 0.403259269198 0.783963535913 
0.00453179024358 0.308943993753 0.541553513266 0.36539973904 0.332260945408 0.501922087096 
0.0222483271699 0.500066553672 0.53418181033 0.13006569089 0.524354350241 0.251335220291 
0.00156326885445 0.0119305512053 0.0541065731314 0.459733378668 0.897942207216 0.717354980662 
0.363647815236 0.379221238461 0.0494421409341 0.514498256733 0.89830150817 0.334102223997 
0.275319403383 0.185607117486 0.304371304422 0.724540298347 0.0562406573186 0.218799377588 
0.00156326885445 0.0119305512053 0.0541065731314 0.459733378668 0.897942207216 0.717354980662 
0.37350992955 0.320586223625 0.207989224061 0.850140969467 0.816990585945 0.536777264599 
0.441849447923 0.360331600102 0.116772652685 0.240224517877 0.304507486502 0.622710763611 
0.0424920091933 0.0615560623805 0.047727338882 0.361114750038 0.973956931187 0.23950735437 
0.0471257619908 0.0104063715663 0.0335178048394 2.47981776011e-06 0.0107732834957 0.850776008861 
0.0365558490758 0.0102854509422 0.0114017105075 0.956058913518 0.731030590262 0.0774517252837 
0.703571696219 0.234596382325 0.48204386872 0.30714338503 0.290095927245 0.38712766748 
0.0051376035087 0.0110336441808 0.370734748105 0.501518237335 0.424851330268 0.420163492203 
0.0781702058632 0.0492247176805 0.332408514349 0.577392067598 0.449776184531 0.556161486686 
0.768283929553 0.124623315291 0.560056863391 0.161062424144 0.200348826185 0.0634721513799 
0.229793536635 0.239634574934 0.0312430861402 0.325117574124 0.72269989992 0.636635506949 
0.605460099634 0.22129943147 0.604853796028 0.493379518908 0.532165676145 0.460829848621 
0.0104975671414 0.0542208954977 0.124305063849 0.0884112909092 0.337844354636 0.83560831366 
0.0317044474834 0.241960760461 0.940991158759 0.823684357839 0.304976636284 0.0670126695011 
0.14453075434 0.197988043134 0.539394005738 0.78678321455 0.601083153782 0.314499925071 
0.0892277514201 0.295876703299 0.644717190233 0.325462697355 0.186363663403 0.51501528435 
0.670099922615 0.697058926074 0.634871727725 0.166412557054 0.0507668444581 0.332331523737 
0.539853663104 0.557824478289 0.0647885250948 0.0496561545268 0.615272574286 0.011565359397 
0.614650174761 0.641335562462 0.0885650016341 0.336635219405 0.192761230997 0.532695345012 
0.120696188927 0.12068224252 0.0168442337038 0.157013666848 0.400318666211 0.778246705285 
0.244381059348 0.19976852183 0.476730727037 0.4940107497 0.629194032758 0.283947327568 
0.291303991306 0.00865784864094 0.234762079037 0.560364614082 0.817075554407 0.327057515005 
0.269105144728 0.0385287685986 0.524961680936 0.543989984375 0.692849921586 0.312676071323 
0.126058105544 0.216328260591 0.625293336741 0.803090526896 0.455664947788 0.113253319721 
0.137247920242 0.180400567249 0.70973509783 0.559032893328 0.191971467761 0.571307420266 
0.193409289095 0.188930502996 0.402306297205 0.0858696497734 0.68042597994 0.0132418172637 
0.0570591003514 0.0160543038051 0.0177966591679 0.936017798231 0.155040469055 0.118010829282 
0.00348289997048 0.00982504382784 0.0533419005715 0.456858976567 0.892327976874 0.712869743643 
0.181203381211 0.303778741432 0.313365560139 0.2727322517 0.525431632739 0.608348892807 
0.268252091667 0.293114576327 0.504500067659 0.766837711432 0.0484470364088 0.317145311135 
