0.166725776296 0.0485195932062 0.156209681745 0.0883736718337 0.0520434022007 0.981582521015 
0.177692978053 0.216697344235 0.517426351018 0.451894808084 0.231727067961 0.794289140053 
0.38289137329 0.0972330258705 0.387829965439 0.614324369157 0.365198357647 0.171821427357 
0.108363673819 0.110070939037 0.116318210576 0.254148459972 0.657463205435 0.816918923203 
0.238704318244 0.00645404142418 0.0974692764169 0.628906208866 0.746273340145 0.444772646405 
0.255750253087 0.170447727997 0.353314257025 0.823162705205 0.317760146129 0.328802232296 
0.155160509988 0.169527991079 0.13355343655 0.0796854804725 0.771893345625 0.741580514985 
0.267544692028 0.24055602747 0.452591595409 0.656124007124 0.73858983448 0.152601008802 
0.0264200550487 0.0450529917452 0.256973139211 0.64001019247 0.729095492922 0.586818755776 
0.307850037492 0.373271223584 0.339675768328 0.0221374529577 0.185233150157 0.496063555592 
0.0610291572407 0.0780476408688 0.436610340452 0.497099936084 0.408907532796 0.519345743485 
0.456949171761 0.516285863643 0.495090234779 0.166086234233 0.337774097947 0.15890021438 
0.0639447617946 0.197684809351 0.450113189238 0.637898188255 0.742418737089 0.269381015128 
0.255021509788 0.339670104065 0.428329282057 0.370969273662 0.303847807653 0.630890952603 
0.211445647185 0.165043029864 0.0191985939137 0.210367362792 0.77171543188 0.951985657973 
0.00712378699548 0.00325406071954 0.0377415855066 0.262628211401 0.575248970701 0.986869582479 
0.689251107447 0.588582424426 0.0636179564901 0.110508297529 0.625190282093 0.525604785409 
0.222825603886 0.168976921004 0.522561851772 0.934815669469 0.302960077889 0.329876009614 
0.545404903498 0.557803990028 0.4878170067 0.330792548483 0.0669417401494 0.427180962713 
0.0683116313984 0.381669440711 0.458617495536 0.397487241964 0.892292189637 0.52663346715 
0.274082366195 0.0933778223454 0.269768382622 0.179112905498 0.414926626585 0.728151330736 
0.176629716131 0.0339864170535 0.72542301286 0.642405703121 0.542814638229 0.235194097656 
0.158118777879 0.267393772843 0.301252936095 0.190870302575 0.317425450565 0.879972652191 
0.63801461381 0.400956335115 0.136839713481 0.20974203312 0.226557953842 0.562488606076 
0.00308446548769 0.00175756921159 0.0181942159643 0.843558904519 1.00627108625 0.603496060677 
0.000575148625108 0.000262697022924 0.00304694255289 0.0212092119172 0.595347786367 1.05358921532 
0.765383192735 0.601629283383 0.405371876585 0.103136796047 0.507057913546 0.133373148889 
0.0394977607158 0.0446479211244 0.0575166813805 0.788235071377 0.91738871341 0.106716926348 
0.0272838236586 0.0155466435909 0.160938222947 1.04874513764 0.922551894316 0.328172124174 
0.551860555694 0.431610445519 0.222623796722 0.634144123773 0.535833741723 0.232166210038 
0.13424034124 0.126252389516 0.0799735626167 0.0548425585296 0.545392145765 0.919371760029 
0.0826726305425 0.0736334383352 0.132862445238 0.440905822342 0.893849160534 0.858784962588 
0.0639447617946 0.197684809351 0.450113189238 0.637898188255 0.742418737089 0.269381015128 
0.0790692693427 0.149814255968 0.72761219571 0.578446046702 0.0663954743397 0.423693555091 
0.141322345138 0.109638950146 0.173333578636 0.854676923059 0.821285870003 0.451687696007 
0.0619807122781 0.0658436286538 0.498010377811 0.660528784163 0.334436681882 0.285659097841 
0.53939134723 0.428840448945 0.0513160300973 0.870017892972 0.631528100542 0.273672593044 
0.192302307366 0.205980986661 0.207600847877 0.399472315966 0.46844912701 0.54868847431 
0.67868999561 0.526423518741 0.0108478026732 0.29554897324 0.553188848721 0.455489834934 
0.200215626104 0.00510497484942 0.505084831884 0.173463657964 0.492847348721 0.805082662458 
0.119900483942 0.205832829216 0.402833949507 0.58196367029 0.667782680779 0.629361251408 
0.116339286424 0.0223855284636 0.680977232342 0.765434784525 0.553570431558 0.178051046897 
0.454946841413 0.245192928177 0.460815074526 0.729933384157 0.43392622291 0.159032589621 
0.399668951057 0.451567595389 0.43302872509 0.125560299802 0.0270019525557 0.942427052636 
0.216239181014 0.440260795856 0.503481860455 0.145743833904 0.108957167384 0.434974468517 
0.239001755179 0.407556926935 0.740019073164 0.346137229089 0.0700474765359 0.447008249272 
0.0237181998616 0.0135149098813 0.139905787931 0.911689293518 0.879866320085 0.524436628832 
0.100446893666 0.225266000569 0.377193471607 0.27710661098 0.605591582634 0.92824872713 
0.373508991016 0.401046953596 0.455357753278 0.690288792656 0.825021750941 0.0221139172096 
0.452525204203 0.161318091831 0.0879037228418 0.481822698037 0.70647715452 0.799267738415 
0.0725799218587 0.136869472934 0.295030941839 0.635363167615 0.997691958686 0.467243213858 
0.315296164835 0.163651129291 0.460247773227 0.770507646058 0.27260924379 0.440878762831 
0.340962517611 0.348713915355 0.304960638013 0.227890641983 0.322478806633 0.77890097576 
0.0679778854504 0.0869340563794 0.486322387883 0.584525670689 0.444010053249 0.394025824297 
0.00241511121398 0.199518140115 0.439870331779 0.723380208698 0.869855143567 0.59305530241 
0.132813649462 0.105592892205 0.012634255424 0.65594564319 0.921672781138 0.607772956295 
0.363349330846 0.355366782699 0.215624126423 0.306707014831 0.469267841537 0.533445840087 
0.0790692693427 0.149814255968 0.72761219571 0.578446046702 0.0663954743397 0.423693555091 
0.258444984552 0.201728155206 0.023466346365 0.642086373931 1.01406176119 0.296312156837 
0.33141990404 0.560461984627 0.631433001238 0.400071853577 0.250462589171 0.163824689789 
0.297051206625 0.115545929726 0.112674058004 0.321839766617 0.0619043414118 0.827064917214 
0.0686440379728 0.11784116757 0.548000096664 0.579746621439 0.107167812888 0.68842073096 
0.264524331991 0.210308808887 0.0251652008537 0.42666589803 0.652744712897 0.912155717528 
0.158573086327 0.0656241035766 0.121583811726 0.328588576301 1.02918300597 0.719394178145 
0.144283097518 0.620188393769 0.76042076343 0.435342819815 0.459908183614 0.557166333559 
0.687252321404 0.441260916695 0.318715215629 0.04503101841 0.0999227971744 0.461265180111 
0.00264435212221 0.21845413405 0.69517008794 0.65961237807 0.35558234286 0.574459529009 
0.167286207928 0.00900754314216 0.143308243877 0.253649580798 0.517869758978 0.920617925957 
0.0165187376714 0.00109112192712 0.253531245975 0.35004050664 0.672823574942 0.863755630417 
0.685479982435 0.656143564396 0.516170531667 0.383460686438 0.483252007755 0.0693674262616 
0.4801608205 0.215602523493 0.190595843393 0.527591777887 0.0897786555793 0.497816942598 
0.269477646199 0.267163114766 0.424303299198 0.77971001103 0.420325887103 0.67909809144 
0.169329339565 0.126140499179 0.0807489096015 0.66945372994 0.761716375315 0.721513149133 
0.253472641618 0.349181897216 0.624695349538 0.837487522662 0.605680472564 0.194835037222 
0.182807756576 0.135169334239 0.311246332436 0.152553432483 0.534253271815 0.774863588194 
0.109182249955 0.135192570471 0.408839451024 0.604948804995 0.704070232407 0.255453813245 
0.458470592738 0.358570114661 0.147097693828 0.242645703432 0.343358426101 0.829347194992 
0.0264200550487 0.0450529917452 0.256973139211 0.64001019247 0.729095492922 0.586818755776 
0.44864381583 0.892611589428 0.87469332902 0.196338823244 0.1015813173 0.376131729551 
0.0395100431243 0.0673746317834 0.384291641516 0.957106131639 0.885152794114 0.187520800437 
0.271771963762 0.172707441355 0.0612570234594 0.356913333835 0.900854194236 0.183036063552 
0.592888128074 0.579862687712 0.298843632169 0.235266303812 0.755490833387 0.327204927321 
0.285284160125 0.254091765496 0.458480585911 0.724530345336 0.401013564544 0.647885501931 
0.257722552887 0.556057087364 0.545435740394 0.0241088510455 0.69834958194 0.606745000121 
0.118344486547 0.0612861414889 0.127031799118 0.277557068179 0.718019563607 0.89218395013 
0.0485112397245 0.0620390400111 0.347055634825 0.395137535692 0.509119595898 0.751205821017 
0.447525702969 0.524944325641 0.400803438042 0.252551331379 0.514502357736 0.46090893098 
0.381013386391 0.462536338501 0.5612600726 0.581306190967 0.233032919137 0.316984843315 
0.0859204373443 0.0593566606565 0.515091408237 0.595106590596 0.110007416145 0.706666451342 
0.714472942456 0.0709471195576 0.332128256195 0.363678661456 0.74754607906 0.289481057304 
0.255021509788 0.339670104065 0.428329282057 0.370969273662 0.303847807653 0.630890952603 
0.640850212635 0.0533049630048 0.614278173805 0.0543124868005 0.124731972321 0.501300662801 
0.392998892198 0.299023610108 0.0785018998649 0.0807623120066 0.571409170666 0.875840844255 
0.249032021755 0.189482626985 0.0497437963766 0.0958462493822 0.928432811634 0.892021243501 
0.00294112311615 0.00167589106919 0.0173486867425 0.804360050905 1.01956876245 0.657547921776 
0.0895572997426 0.0575016626301 0.301226947245 0.795539643835 0.570690624701 0.506514108592 
0.106928106326 0.129806948102 0.157511880998 0.313851379937 0.622036202931 0.843977954929 
0.229191178914 0.2837908349 0.595619594467 0.235946898384 0.757676362702 0.328152196554 
0.0619807122781 0.0658436286538 0.498010377811 0.660528784163 0.334436681882 0.285659097841 
0.954054669067 0.725917667025 0.18824797933 0.113824260024 0.559600400727 0.147219241487 
