0.649839254065 0.615624061397 0.389603556539 0.195632416396 0.469884775572 0.5847357116 
0.75214254161 0.0295008383966 0.510184981076 0.389801839846 0.202144435761 0.0922391233318 
0.344745305152 1.06827480086 0.975856961049 0.303275846314 0.264282518391 0.140671666597 
0.00208070872079 0.0195531331483 0.157816425165 0.197413597095 0.497390462859 0.999984166437 
0.794393427422 0.741688368125 0.441351944221 0.05102691236 0.242058015664 0.0379925112291 
0.247463520147 0.288589110046 0.629234589627 0.78952552811 0.294111521451 0.553483614423 
0.215872135017 0.416585640234 0.508015850718 0.182666166543 0.69721301032 0.632865854451 
0.0542347402991 0.593297465716 0.996698921901 0.659514952857 0.445739068368 0.0923799971866 
0.343684822735 0.330141864159 0.327113636424 0.221553562181 0.427929582556 0.854549041358 
0.757526672133 0.201669557144 0.335853523957 0.452704796011 0.552736424273 0.120845170413 
0.464060374067 0.0502721482907 0.20280564786 0.690735269094 0.505469319948 0.175330096907 
0.103604266312 0.218694941314 0.754092712084 0.986932174605 0.691136590001 0.341595373975 
0.794393427422 0.741688368125 0.441351944221 0.05102691236 0.242058015664 0.0379925112291 
0.219643119989 0.270495254902 0.145355578855 0.369126362862 0.870306394709 0.772176283086 
0.465346169286 0.284940907575 0.366123945897 0.93349795954 0.292168033187 0.600225114709 
0.00182127991139 0.0730824231488 0.680950767153 0.978300113795 0.763848900753 0.456132900489 
0.391041947439 0.728611329645 0.655141393918 0.387366687685 0.112955154339 0.00452764279638 
0.527212886806 0.55792599781 0.587364412595 0.379979908654 0.283033172804 0.532617268908 
0.0693187476843 0.0928153945059 0.307300389557 0.377087441593 0.286810471431 0.964244953743 
0.661393443322 0.082166456772 0.0975047043317 0.477306254781 0.251486494505 0.741885890112 
0.100608233973 0.212370712391 0.732285827904 0.728137944132 0.241392543163 0.712089335271 
0.382762147541 0.0755980178102 0.105782987284 0.29371993833 0.0258491504953 0.945230117014 
0.111332656763 0.0924769247531 0.802140874885 1.02624180382 0.0363700621893 0.540055749136 
0.605394050062 0.729495066855 0.477844154497 0.666345075768 0.326756097603 0.614970486418 
0.594344515107 0.678925757729 0.212402104871 0.223458436368 0.819720704484 0.509262134192 
0.757526672133 0.201669557144 0.335853523957 0.452704796011 0.552736424273 0.120845170413 
0.3047455115 0.0114891435623 0.267350312512 0.846184053225 0.690340577105 0.637774118246 
0.345915266959 0.797596440656 0.963816771559 0.460423890188 0.449376305965 0.0297575580199 
0.331005276062 0.343071634356 0.154118503071 0.341167181256 0.397244834222 0.922927139839 
0.559916290207 0.674694724272 0.441948056475 0.587622723229 0.0415867331049 0.771499176773 
0.00686399021436 0.00488406133816 0.211699810619 0.448094219863 0.884162990561 0.898414851885 
0.313107168059 0.266364515294 0.167319119741 0.604075240902 0.852823771786 0.870454488774 
0.0197821144543 0.00639593546641 0.352867502972 0.988006768404 0.930460262654 0.412406609844 
0.136948730881 0.116504143867 0.0731830304224 0.760630726219 0.868672986527 0.142719796616 
0.532698409745 0.455977703621 0.022365653512 0.11955386804 0.250830248814 0.81279874225 
0.370867088832 0.60028676963 0.674449586669 0.400399228421 0.826949564325 0.610839740289 
0.00506609964874 0.132418282428 0.988875481555 0.936650546028 0.0331949282738 0.492866528399 
0.00446675189274 0.416332351235 1.00053016987 0.987639345472 0.459857924094 0.15280780865 
0.105304994402 0.380687174413 0.578812609816 0.602943781113 0.588152846675 0.654997366863 
0.00406804453989 0.106331026087 0.794060620771 0.752124330857 0.0292475249781 0.604350240523 
0.111332656763 0.0924769247531 0.802140874885 1.02624180382 0.0363700621893 0.540055749136 
0.125027204144 0.259221942144 0.248942400698 0.0415327145421 0.916618453693 0.841387803501 
0.313838422263 0.382141225336 0.176221351684 0.0056235919399 0.0676877942039 0.823893202637 
0.310581637371 0.35818353798 0.260567019851 0.441533578293 0.568351984553 0.685686160297 
0.1912611614 0.301907556313 0.240737799513 0.54417138887 1.0732282112 0.55321223921 
0.047916157088 0.0474517860672 0.342141081635 1.11480480433 0.905293013106 0.0299936756251 
0.0375409666238 0.0646312323169 0.172239848727 0.85546384522 0.804205810792 0.132092225603 
0.0645227481656 0.0517346712459 0.0564874097226 0.340599077517 0.597882438406 0.928337933908 
0.758924076867 0.517239417786 0.845512349905 0.52795380752 0.170137004886 0.00706424758092 
0.904145920365 0.112324166233 0.133292059767 0.652492892104 0.241760409069 0.150184720575 
0.407661866429 0.0159894773967 0.276520647809 0.308563374781 0.658918036039 0.598078673071 
0.472879981129 0.674674932998 0.952371700014 0.457310253795 0.266732582262 0.436424310703 
0.448874840252 0.372851646726 0.630068709491 0.673210771038 0.666340431082 0.29310190174 
0.871585055925 0.104529161179 0.518411565633 0.343283295642 0.578407396941 0.173319569256 
0.420170693712 0.599472691026 0.846216146272 0.462365786856 0.574306987154 0.441254290855 
0.136262238965 0.0760130314053 0.169665047901 0.292321137029 0.967398968283 0.871312734173 
0.00351868346867 0.537556168823 0.821303735055 0.563619035555 0.251734812619 0.742618905762 
0.0267822370485 0.0359339757921 0.191236182306 0.623108544877 1.00025349318 0.946420278414 
0.757526672133 0.201669557144 0.335853523957 0.452704796011 0.552736424273 0.120845170413 
0.661761464151 0.555581983128 0.737264111874 0.476953573712 0.322534254535 0.435131274004 
0.364412483946 0.233055325085 0.346841891181 0.234915480964 0.453738062795 0.906116102176 
0.111332656763 0.0924769247531 0.802140874885 1.02624180382 0.0363700621893 0.540055749136 
0.128187843583 0.270587628966 0.444274907706 0.339920673879 0.395793438093 0.91955331764 
0.280140815486 0.307015690101 0.0744964730356 0.553378513918 1.09138673037 0.562580503585 
0.135043527761 0.114883361736 0.0721649220993 0.750048984243 0.861665311324 0.185524514383 
0.0428397852394 0.137211057031 0.277267237693 0.265969554664 0.890897755282 0.907919623583 
0.490315296655 0.115139338875 0.366023305405 0.066093095097 0.778759341058 0.48379022062 
0.0559313373752 0.0983907527486 0.0973078276358 0.326715712642 1.07338463674 0.983714220619 
0.170044608356 0.10267431822 0.653059526875 1.15161860489 0.579353624861 0.0699392353387 
0.0375409666238 0.0646312323169 0.172239848727 0.85546384522 0.804205810792 0.132092225603 
0.00639451669206 0.0600913913032 0.485007191096 0.606698671658 0.69563679556 0.875089870706 
0.0935162164163 0.215625646784 0.334823580722 0.500684619309 0.901645591127 0.78174676311 
0.100701155537 0.068632171604 0.11219045299 0.117259593092 0.645670088434 0.977846841204 
0.649839254065 0.615624061397 0.389603556539 0.195632416396 0.469884775572 0.5847357116 
0.18401067187 0.294942191647 0.67143986943 0.512265291964 0.122714628456 0.851054598301 
0.197130281862 0.610854770133 0.558008907321 0.173417423089 0.29563270549 0.893698688949 
0.729585369698 0.624508455669 0.0306320884661 0.163741370555 0.249720222272 0.676750443753 
0.313838422263 0.382141225336 0.176221351684 0.0056235919399 0.0676877942039 0.823893202637 
0.0794974543681 0.0286647418489 0.107864055322 0.268472356401 0.8854503815 0.944119851376 
0.0795796650186 0.124128302617 0.119576667555 0.118713541608 0.152345455599 1.0259270511 
0.320401273816 0.369508200083 0.268805349569 0.334460958698 0.0266923682575 0.976079747516 
0.445944168497 0.515066868602 0.625955035575 0.668815425568 0.661989940914 0.29118510632 
0.164176727291 0.378551590923 0.45744229881 0.21852425125 0.449402798748 0.892732472825 
0.273492001903 0.356485474368 0.406387734872 0.61458086313 0.599504459085 0.667648428426 
0.170044608356 0.10267431822 0.653059526875 1.15161860489 0.579353624861 0.0699392353387 
0.14392084293 0.0472910741799 0.112696527999 0.769378498758 0.952094665754 0.482386414656 
0.341887905672 1.02813691416 0.94926903401 0.356533922709 0.0289008636996 0.597907171084 
0.0884816336988 0.296633989737 0.351095173161 0.577440005211 0.948103169061 0.65430576454 
0.0660107578744 0.00580026822341 0.183123692452 0.48701945861 0.649081971415 1.0183476865 
0.0724490314568 0.903268479895 0.891750547741 0.0569836084182 0.364793987215 0.763190693283 
0.249056126198 0.206875009914 0.375861769371 0.361368259387 0.420766368987 0.977603788461 
0.0947892857155 0.074936178568 0.0296920439121 0.209372958031 0.65343936488 0.989618973383 
0.527212886806 0.55792599781 0.587364412595 0.379979908654 0.283033172804 0.532617268908 
0.520530930416 0.510946139937 0.191042589991 0.806973537839 0.491602543158 0.68017109571 
0.420966435498 0.349669918319 0.641625385015 0.595063337736 0.265779104056 0.784076555581 
0.14018869836 0.163486448233 0.356462936418 0.475285755174 0.420403218467 0.839510865102 
0.649839254065 0.615624061397 0.389603556539 0.195632416396 0.469884775572 0.5847357116 
0.136262238965 0.0760130314053 0.169665047901 0.292321137029 0.967398968283 0.871312734173 
0.672385311254 0.196511771136 0.453694218735 0.356125894986 0.73523887459 0.220615351887 
0.0603812861937 0.0501548771507 0.435041233264 0.834929131866 0.740210112091 0.671924451727 
