0.118841777726 0.617438324505 0.773095792336 0.558572864791 0.339187474207 0.189396317203 
0.718240379528 0.675633237338 0.260495373297 0.251569641189 0.399595661705 0.516807366288 
0.073171391058 0.185704141113 0.397243127188 0.461904591848 0.407096614323 0.704458714941 
0.0750064215309 0.436910535879 0.480655801217 0.31076939096 0.434538753929 0.704228704309 
0.124617227594 0.020073695214 0.0725893388419 0.181533713498 0.840971651716 0.951339568737 
0.253968235842 0.0773937966512 0.0909877184008 0.155874618241 0.794800695579 0.875918746416 
0.670322942736 0.822986434411 0.52939856241 0.328571713395 0.215239069691 0.547217680279 
0.152850713416 0.186681084985 0.121570787369 0.262224800196 0.884064210866 0.65646145271 
0.21746863397 0.199865392236 0.104565173032 0.603151876009 0.724980532764 0.517852943222 
0.220923146482 0.193340003357 0.101787895543 0.317820254005 0.351618763161 0.717538963935 
0.0666718344307 0.135924214979 0.126028415 0.0934194038934 0.79381518204 0.997102403601 
0.276196556514 0.337326963396 0.219674687845 0.165940578697 0.547300074605 0.788692749168 
0.519126604354 0.212941290761 0.401682037607 0.366597608729 0.13509628819 0.730934401125 
0.306213341886 0.112799783279 0.508561140865 1.03389925973 0.368343570642 0.277241357909 
0.0447977125038 0.113693671544 0.243204213203 0.275414458092 0.385185522303 0.883623400642 
0.188201268995 0.18140142313 0.312565929143 0.788322172682 0.626490881127 0.53939222708 
0.00229505421369 0.00968122930453 0.693021652255 0.775651865089 0.389982299026 0.662458536921 
0.557748833482 0.428946711743 0.232623572885 0.416620514613 0.0758513193379 0.821260041006 
0.285387650852 0.000354187343336 0.265805113007 0.424737282033 0.729017956726 0.775100425251 
0.486166846349 0.458710919805 0.0154614793681 0.56666602266 0.831795310427 0.113875433192 
0.147386419789 0.158461962556 0.145568607259 0.370413197406 0.471103150562 0.759461704675 
0.328035078117 0.181768333701 0.518821072914 0.706665039376 0.0789606742495 0.125196276588 
0.200311658623 0.0737887892936 0.332678942336 0.676332607371 0.276682165291 0.498071454104 
0.361718425581 0.655876492383 0.695219714443 0.44004613516 0.426238731562 0.470759627278 
0.267865013723 0.277853319466 0.360648284375 0.280993795643 0.761155280327 0.173531288477 
0.637233063159 0.613244569436 0.0982242004268 0.0809902500072 0.0656625543532 0.710917573322 
0.0615883425408 0.0915887546839 0.158287873366 0.668615392945 0.952434939781 0.707255646962 
0.196080633058 0.0315852285687 0.114216666239 0.285636735636 0.835849499688 0.900540557866 
0.212227441606 0.0781782052499 0.117188615502 0.224411950615 0.850609967508 0.65536464022 
0.145463796432 0.164592991959 0.257408274708 0.295830633342 0.609440266391 0.619897829714 
0.0506807917055 0.06644772492 0.269113097624 0.932469600295 0.919084453259 0.470890273717 
0.365431738367 0.414623434974 0.414285374513 0.188779873638 0.68110243799 0.536062943204 
0.393888041262 0.478083830771 0.285935687574 0.158015134555 0.85836068528 0.755693627209 
0.693278544633 0.308295991663 0.125866465753 0.088602315742 0.0718352416749 0.777766651924 
0.722828511461 0.654022414546 0.433078285467 0.486927267487 0.388717276748 0.141015393455 
0.05323339032 0.0911803613362 0.244580447864 0.337954402762 0.577002120589 1.04538739342 
0.901260119531 0.91574523688 0.422687489743 0.0174790061269 0.542368286527 0.139071306615 
0.0157207080664 0.0758678206033 0.326664040506 0.689953413059 0.774379955598 0.665714429575 
0.191033486769 0.250464383681 0.193972497778 0.408939785361 0.767580453886 0.453352002682 
0.0115144982299 0.0485707725175 0.0667188983693 0.229547365739 1.00541574296 0.950737337425 
0.0331042148857 0.128728412393 0.207078245957 0.286005883389 0.855746987439 0.97846846297 
0.267865013723 0.277853319466 0.360648284375 0.280993795643 0.761155280327 0.173531288477 
0.0821885069447 0.0455155432428 0.0270975801604 0.77920002893 1.04084254021 0.572425483932 
0.285387650852 0.000354187343336 0.265805113007 0.424737282033 0.729017956726 0.775100425251 
0.207694919166 0.376597424081 0.39918788137 0.25266978614 0.358849311411 0.90729842481 
0.509098721281 0.581845020099 0.352667456801 0.302928381738 0.0707197589072 0.765686176869 
0.293512993073 0.261654665218 0.0135141129089 0.268449030247 0.806430739552 0.48766962919 
0.658708343085 0.727151146695 0.364046911155 0.050159463312 0.305496671689 0.0309163749296 
0.148854751078 0.170124982639 0.249428010144 0.500928148379 0.410525182598 0.680194879716 
0.39901974628 0.167581300706 0.631090586335 0.859582811029 0.0960501326505 0.152361547149 
0.301646641377 0.667516969597 0.698801005724 0.268483536878 0.426726668404 0.54332241478 
0.0558644198843 6.9316442027e-05 0.241500087198 0.940503612649 0.927003253863 0.474950320479 
0.123652523772 0.475332523962 0.721853111504 0.809874506175 0.736357405936 0.48761958391 
0.00727696389155 0.0167830228405 0.146443589361 0.97550006868 0.903600204513 0.0390031206662 
0.0467790297115 0.23759947047 0.435775036798 0.555808489731 0.70690121591 0.777317833504 
0.117346589903 0.609670131475 0.76336922168 0.563010951627 0.439056737647 0.55903080285 
0.101428744495 0.124724692398 0.0883433997459 0.190267346212 0.859792257072 0.866393258242 
0.146128463682 0.167009129934 0.101227423535 0.360250451645 0.807241186349 0.532281554508 
0.505092001326 0.379011299208 0.0750798774598 0.362501818203 0.535464519936 0.676171270689 
0.0739028011151 0.0937036780786 0.0925156974878 0.461343953084 0.871452631279 0.5641440076 
0.0600684396764 0.118583697525 0.243968716214 0.25207711282 0.385865029969 0.885182751185 
0.0447977125038 0.113693671544 0.243204213203 0.275414458092 0.385185522303 0.883623400642 
0.519126604354 0.212941290761 0.401682037607 0.366597608729 0.13509628819 0.730934401125 
0.279524409908 0.289947476346 0.37634626902 0.209215392268 0.776050725647 0.825127247958 
0.593596011246 0.778264798653 0.602728337357 0.478038555837 0.198312497826 0.684097203716 
0.505092001326 0.379011299208 0.0750798774598 0.362501818203 0.535464519936 0.676171270689 
0.152850713416 0.186681084985 0.121570787369 0.262224800196 0.884064210866 0.65646145271 
0.259997863727 0.513272702659 0.588635733752 0.0884791057101 0.0717353296368 0.776684622763 
0.360454927348 0.109776009631 0.166553413374 0.552446346691 0.864976396241 0.023308497848 
0.281021186307 0.103519751088 0.155175430489 0.297155380855 0.892667012419 0.539854459467 
0.00948776337592 0.0955577367359 0.591449631375 0.783249922668 0.599338381683 0.516000390853 
0.505092001326 0.379011299208 0.0750798774598 0.362501818203 0.535464519936 0.676171270689 
0.14031205036 0.123516533174 0.00692753727437 0.232324549296 0.602016572533 0.855990007615 
0.20504092177 0.197322225391 0.0504411657887 0.637671899103 0.818058471209 0.483187421143 
0.505092001326 0.379011299208 0.0750798774598 0.362501818203 0.535464519936 0.676171270689 
0.255630391934 0.069770394765 0.131959826082 0.279650316426 0.849916634455 0.690180979976 
0.662561090609 0.0701806411079 0.0537101345756 0.181396641222 0.585289378388 0.400886538277 
0.78359588804 0.423790072532 0.697259101339 0.659205580783 0.19645269915 0.204424748507 
0.403319592321 0.359542685262 0.0185699135779 0.368878988813 0.954055821062 0.277958904033 
0.593169535952 0.209736590194 0.193772205374 0.164349025187 0.226019304315 0.736416335825 
0.0288531410325 0.0576659557037 0.205241230791 0.628908775551 0.890920451295 0.755243626281 
0.0300097388692 0.00331081943215 0.0226752111342 0.0591492879725 1.12453671093 1.07276874586 
0.693278544633 0.308295991663 0.125866465753 0.088602315742 0.0718352416749 0.777766651924 
0.0771318005587 0.160802419429 0.197213505406 0.411186620015 0.693776411247 0.492532399995 
0.242142134688 0.306681757108 0.326015499475 0.254010150291 0.688060837839 0.156834544216 
1.02325447352 0.783713906272 0.121888984368 0.0901626273809 0.258179472574 0.213897887603 
0.0796955747 0.22102503327 0.552423495009 0.542308778375 0.0290224535223 0.762969053875 
0.38399448133 0.0912152044101 0.221715453153 0.16414155564 0.974015094316 0.499053752316 
0.147386419789 0.158461962556 0.145568607259 0.370413197406 0.471103150562 0.759461704675 
0.0898279366755 0.117773613704 0.476982774314 0.905773754191 0.693094972961 0.59677154906 
0.270801036542 0.314780498988 0.63033009484 1.02002933112 0.363402003598 0.273517556956 
0.242142134688 0.306681757108 0.326015499475 0.254010150291 0.688060837839 0.156834544216 
0.662561090609 0.0701806411079 0.0537101345756 0.181396641222 0.585289378388 0.400886538277 
0.613215349579 0.583204883316 0.415793961859 0.523704341794 0.453238570283 0.320946924637 
0.320900312682 0.391924965623 0.255230104516 0.321355123711 0.694679787726 0.158346491086 
0.0172590668301 0.100572785324 0.252208033775 0.45520121274 0.863355172321 0.900988332991 
0.0536682044935 0.00820604107048 0.246578196914 0.340714837977 0.581715219517 1.05392896289 
0.124330145042 0.248486224476 0.884397266174 0.991914158733 0.0997502799397 0.158243272589 
0.23219235212 0.210077425912 0.0279865629618 0.645454366796 0.528972403231 0.659368854004 
0.293512993073 0.261654665218 0.0135141129089 0.268449030247 0.806430739552 0.48766962919 
