0.531594055157 0.577647785183 0.308498533902 0.33614651641 0.191575263395 0.592906499585 
0.174877472252 0.201592514781 0.482653301051 0.525524800404 0.014158728312 0.606197188654 
0.349787027612 0.0304394151201 0.100786759636 0.316882706637 0.20146730577 0.755821839683 
0.00123241886929 0.00929755536199 0.112514788384 0.216310388981 0.707229197312 0.853308861172 
0.0652511219952 0.00112273531807 0.057071386109 0.13499808047 0.153221540276 0.787229544598 
0.0114910026593 0.00642182852021 0.0337993974051 0.159803247616 0.426014768182 0.693784038126 
0.178192777263 0.0575306944921 0.153868354617 0.115792652775 0.716953708319 0.77986406088 
0.635897219185 0.553378038026 0.0596629208365 0.2563553026 0.649991401836 0.334725818851 
0.0942435363026 0.110764775754 0.188703194493 0.521193993557 0.721968399861 0.677386210725 
0.100601772655 0.151122337338 0.218669415469 0.100812057868 0.423100945373 0.744418618057 
0.598488603957 0.294976263866 0.449850416235 0.0323937654032 0.260943798799 0.24393343405 
0.00216147317177 0.00951691693015 0.227318612187 0.270354480476 0.32038871317 0.737903494149 
0.00123241886929 0.00929755536199 0.112514788384 0.216310388981 0.707229197312 0.853308861172 
0.282209100073 0.176029884475 0.0584116048665 0.500024464972 0.763473672838 0.0369087594101 
0.087769348174 0.0152178901553 0.0025268257748 0.707306758589 0.75356621333 0.589157257744 
0.0443739011892 0.0476854184209 0.262638678664 0.943176308996 0.842930087357 0.224129137983 
0.162477616742 0.213225554946 0.339032044025 0.631846617697 0.811786587657 0.622992916471 
0.149374824216 0.00257036044396 0.057071386109 0.0380047736393 0.153221540276 0.787229544598 
0.419740161456 0.277782784471 0.5832574316 0.29752552976 0.0857883866678 0.243792157118 
0.0867571258782 0.143596319775 0.119643434023 0.0719348273374 0.948161093705 0.693858910126 
0.0162960038759 0.074567958043 0.190761252463 0.162943845016 0.296687394359 0.81088368592 
0.192747047166 0.200266839734 0.0817370433081 0.0519821788678 0.00268865628648 0.864212558591 
0.00649931396506 0.00706228821787 0.00347933635378 0.13300402828 0.917966198861 0.82574580678 
0.204030987662 0.176229779481 0.0236115604398 0.172725531416 0.0176103809471 0.904284326133 
0.0819810875877 0.00141062943004 0.0313222764583 0.0224194381503 0.372242461669 0.845227567186 
0.0652511219952 0.00112273531807 0.057071386109 0.13499808047 0.153221540276 0.787229544598 
0.00575608088335 0.00321677481526 0.263554761003 0.327660050305 0.388300178915 0.894310345386 
0.178192777263 0.0575306944921 0.153868354617 0.115792652775 0.716953708319 0.77986406088 
0.624282189663 0.574038340135 0.096984730378 0.157193649664 0.168025732584 0.520703824063 
0.0443739011892 0.0476854184209 0.262638678664 0.943176308996 0.842930087357 0.224129137983 
0.80523934699 0.73611048117 0.624835298398 0.0541036071431 0.075725335244 0.381513614542 
0.523138019785 0.422452407884 0.180158176872 0.0137409980151 0.200443062944 0.573904330284 
0.04184475755 0.0285163385657 0.0280502493092 0.264815784812 0.806309714353 0.886726952158 
0.178192777263 0.0575306944921 0.153868354617 0.115792652775 0.716953708319 0.77986406088 
0.428000314022 0.502480833722 0.599866450952 0.768408338973 0.0709955409911 0.388287112457 
0.00775014223134 0.0169459904361 0.411776516268 0.862885377996 0.787085030084 0.343351904324 
0.218450378704 0.20246403925 0.0435418524 0.0176160186498 0.363855699163 0.773161420555 
0.80523934699 0.73611048117 0.624835298398 0.0541036071431 0.075725335244 0.381513614542 
0.736034003268 0.0991997104267 0.343994769727 0.462899912245 0.0976339006157 0.277451735328 
0.0682059789008 0.0606176698938 0.0491115647155 0.137077730837 0.155581957198 0.799356437999 
0.0355067421091 0.00478534166749 0.0165943181637 0.494767680492 0.944926323618 0.356955011383 
0.501339074827 0.37440977875 0.0279939674892 0.339578534277 0.154614145498 0.430628304019 
0.404118917814 0.077793620858 0.168513760523 0.81941512534 0.731663749259 0.252625033644 
0.184769656871 0.242480257169 0.385547493322 0.801976292509 0.882135382223 0.384815626632 
0.80523934699 0.73611048117 0.624835298398 0.0541036071431 0.075725335244 0.381513614542 
0.0443739011892 0.0476854184209 0.262638678664 0.943176308996 0.842930087357 0.224129137983 
0.00605214211051 0.00427943679986 0.00408869412161 0.133611184848 0.922156555218 0.829515165583 
0.379964985367 0.254093485997 0.399836247669 0.89359816759 0.225987033761 0.0859301123532 
0.628583438347 0.0717470588241 0.186439925446 0.300838497988 0.614370713728 0.294874701356 
0.612102672414 0.601819035789 0.25896304316 0.729274103379 0.712729547556 0.117611685006 
0.0819810875877 0.00141062943004 0.0313222764583 0.0224194381503 0.372242461669 0.845227567186 
0.423869222549 0.505279568865 0.336857696819 0.401280971342 0.686316615059 0.281657660838 
0.710462271033 0.21920343613 0.273150209716 0.205945944542 0.328144017844 0.32413590527 
0.273454548843 0.180971368357 0.379983585374 0.314127366732 0.675196116507 0.380500049877 
0.175326199547 0.356005228692 0.520264156801 0.722681401622 0.633618999965 0.46858638875 
0.0119907636134 0.013117422787 0.0255571436855 0.714011274959 0.95590962637 0.603844768715 
0.254301137836 0.382007112769 0.552752727012 0.254839728745 0.460112351452 0.37133153854 
0.425062388203 0.523949287746 0.794056620601 0.934908329751 0.166105869661 0.105590358342 
0.318935185933 0.261182386653 0.0179530962298 0.0289227859269 0.636830701355 0.75476025426 
0.00123241886929 0.00929755536199 0.112514788384 0.216310388981 0.707229197312 0.853308861172 
0.496944402384 0.10664643662 0.239186639691 0.455741564205 0.521522630416 0.685095862059 
0.635897219185 0.553378038026 0.0596629208365 0.2563553026 0.649991401836 0.334725818851 
0.0697619146437 0.0962937524183 0.0790135004571 0.0220038781459 0.599620274614 0.755375361244 
0.542536012238 0.505006021892 0.264287460976 0.323264827519 0.52996304162 0.517302074475 
0.213097953581 0.350950516578 0.421115669442 0.473736809081 0.3611636691 0.294610611884 
0.569379018455 0.0495489820441 0.164059586682 0.515820661602 0.230920883307 0.590950594856 
0.0515068118622 0.0675942967281 0.107475990034 0.149446883387 0.67699128309 0.92723416335 
0.590442407876 0.547233604915 0.117688238614 0.0476216610919 0.722093959579 0.626726248105 
0.0114910026593 0.00642182852021 0.0337993974051 0.159803247616 0.426014768182 0.693784038126 
0.464110236483 0.188582378828 0.10801515938 0.894278855567 0.621099261009 0.185791174191 
0.0239287162336 0.068739601153 0.653213176927 0.769029707131 0.486504467372 0.0429803903812 
0.457412845836 0.497040003643 0.244885730139 0.371893096592 0.88703283662 0.386952038381 
0.790776447836 0.0688156637538 0.227852629425 0.716394242025 0.263434144714 0.401743546564 
0.00422467172699 0.0312128351113 0.525057207975 0.925388805302 0.79564409979 0.448376684297 
0.0929785910403 0.0909370639547 0.12740920755 0.0746080318216 0.438636411321 0.68687071192 
0.128911678015 0.146861621832 0.144642295048 0.832286814767 0.985804789848 0.193692788085 
0.287757478219 0.432264702491 0.625473944656 0.237852125883 0.0474362014538 0.346579003531 
0.682531895334 0.233156059649 0.0722142087098 0.777425477764 0.587294210717 0.0331738135858 
0.542536012238 0.505006021892 0.264287460976 0.323264827519 0.52996304162 0.517302074475 
0.1535789411 0.467525497627 0.392587724099 0.1042634941 0.45219032723 0.434856002228 
0.136796270856 0.123990875318 0.00150676985881 0.0841248659914 0.654279391695 0.896127373643 
0.542536012238 0.505006021892 0.264287460976 0.323264827519 0.52996304162 0.517302074475 
0.0224160824468 0.0887735240413 0.414848361358 0.444922526992 0.130285658605 0.707701578333 
0.0593953483388 0.0394161316185 0.829477108168 0.926977446624 0.187239656967 0.180671960635 
0.143931057187 0.185033190894 0.182810305514 0.560546811208 0.871334462764 0.534222119299 
0.379226489159 0.263484812809 0.305712245526 0.419694669765 0.216738928719 0.151300000596 
0.586264563006 0.76468153027 0.510648785481 0.410344914879 0.684795998385 0.352781689129 
0.16065899901 0.105243867247 0.628684176669 0.788176648071 0.0979631622422 0.347217691637 
0.113024553936 0.123645109044 0.240902093553 1.07558529263 0.98229094474 0.261183987238 
0.825458410126 0.773187864735 0.136360314522 0.486424009967 0.412010656308 0.211758185459 
0.197173483511 0.18130438864 0.0412382854315 0.168898875055 0.0172200764998 0.884250837487 
0.192501036096 0.107582210644 0.810496894255 0.765371290054 0.0707149112535 0.386752457214 
0.281259209405 0.425583453274 0.718240404214 0.762712723882 0.576179610886 0.0325459911064 
0.152214044614 0.21537795776 0.156337560319 0.0863739699117 0.470388212161 0.677792763177 
0.23346652984 0.393755694349 0.491293108745 0.531307678395 0.390181690661 0.0769825974148 
0.32849072755 0.25229364758 0.294731356959 0.749353747273 0.47405692349 0.041880707715 
0.254301137836 0.382007112769 0.552752727012 0.254839728745 0.460112351452 0.37133153854 
0.208907846369 0.188687868182 0.0851705393967 0.730546759944 0.621087484426 0.574831702824 
0.0812637798888 0.302157132705 0.460383665606 0.175227345545 0.389358672399 0.571646276809 
0.0239287162336 0.068739601153 0.653213176927 0.769029707131 0.486504467372 0.0429803903812 
