0.922083300518 0.986787235781 0.237058309398 0.0978945575197 0.101491009891 0.21650603152 
0.0829017678201 0.0759814797889 0.104341124268 0.0949611138521 0.323571701053 0.802480578201 
0.00555106154605 0.00505235724607 0.0153631407848 0.387768656553 0.846423381977 0.779778516162 
0.12817628807 0.164050161523 0.140702722959 0.471117325901 0.834236372175 0.0331388025217 
0.505878952331 0.521354946695 0.088954853297 0.655720742642 0.161671410581 0.42266222139 
0.565807561611 0.321615775031 0.236663023952 0.111007814857 0.42057049799 0.0185763100035 
0.12817628807 0.164050161523 0.140702722959 0.471117325901 0.834236372175 0.0331388025217 
0.00290928110678 0.00264491646573 0.0124119401349 0.186532784868 0.782775390582 0.877840649072 
0.199504959243 1.07448151858 0.976910227292 0.377242108052 0.0271046233163 0.108377852375 
0.00655451184139 0.0343519007636 0.0848343972366 0.247632153229 0.674230218647 0.723202811156 
0.251931231718 0.0181478381175 0.0140374348595 0.524496925318 0.831875185969 0.405395099994 
0.184171628934 0.138682256377 0.308654189416 0.762787412877 0.167920910821 0.130265409073 
0.561615712042 0.556405800079 0.255616748877 0.0862487874237 0.102239131129 0.0756054455878 
0.565807561611 0.321615775031 0.236663023952 0.111007814857 0.42057049799 0.0185763100035 
0.139242798356 0.104420144244 0.0802830392355 0.346731479823 0.196392707354 0.718490432921 
0.783582653121 0.056447283113 0.0436645865237 0.524496925318 0.211133704761 0.405395099994 
0.392554269907 0.106876985298 0.369397907036 0.162781548581 0.368580380215 0.0371115076996 
0.539252651815 0.370999676147 0.512512802677 0.55114300705 0.289737225834 0.254679300584 
0.052386789515 0.306115078031 0.771469968945 0.813434696775 0.399017799709 0.323214654173 
0.00374093478506 0.00785571380143 0.0130007981447 0.106030002589 0.918632941083 0.896764907025 
0.276016629262 0.299214548858 0.138695934169 0.355426034523 0.110434204983 0.687359529282 
0.689319635331 0.503561186872 0.452738020524 0.00538449936082 0.0994908038697 0.403232507601 
0.00641565086838 0.163024082181 0.202073452404 0.0626674802205 0.355962079353 0.897469985099 
0.790277594964 0.801817030406 0.221786492263 0.38425462651 0.377264226838 0.203911315735 
0.128511159815 0.195863999321 0.229930131206 0.49594479334 0.587558903335 0.426012143983 
0.173683189632 0.598075115268 0.811993436661 0.68907843906 0.425248801341 0.356058858806 
0.187957351265 0.204664265124 0.105769596875 0.56240970616 0.775257282043 0.642526956654 
0.142311628112 0.0697396006739 0.0820524694405 0.354373363503 0.200721268142 0.734326418778 
0.0687648534337 0.146867284068 0.448640830301 0.737537040486 0.661785244932 0.124260988784 
0.134139784344 0.452406785672 0.696508851592 0.62886323399 0.443390712412 0.416550468748 
0.618965596422 0.600156425912 0.10284013705 0.706212710132 0.55706341475 0.159098510653 
0.161879458724 0.609446253027 0.495795148802 0.0501236262625 0.168347478552 0.551143011599 
0.027336616496 0.00807708577526 0.000299875596244 0.06237266347 0.746678709703 0.868685299076 
0.230844074459 0.0290674021871 0.227940013846 0.0909155110712 0.398383528456 0.6697377 
0.711677032826 0.704779465303 0.110015443525 0.253187691373 0.285523368512 0.509266852857 
0.0239806901076 0.0500839451199 0.31841948834 0.426091518746 0.396433046982 0.592487056418 
0.0907748978317 0.0379877813576 0.0118390238421 0.0709876325949 0.235379071178 0.876095614252 
0.676056344571 0.676930606307 0.17664915328 0.57220610322 0.527535343146 0.298777404234 
0.215124516259 0.0125085337066 0.123805290021 0.0215296411574 0.314979707675 0.767465835511 
0.0151489438668 0.0237867444833 0.115106676654 0.755094775408 0.8934852302 0.446505791341 
0.0548180437573 0.0498513942422 0.393089157622 0.940271702862 0.822585399079 0.123585054293 
0.323027374798 0.337630083329 0.12963862986 0.689252562357 0.512842794676 0.190539056617 
0.0606535971035 0.012928698412 0.0224600199449 0.317499775031 0.879946072733 0.807745880906 
0.274011394266 0.0266333867924 0.200006358843 0.147851838423 0.491204300115 0.276920326565 
0.197338363794 0.0909563849412 0.262121650468 0.822369164545 0.841623609929 0.130481575266 
0.0726722454205 0.0527817381957 0.170798866333 0.115898468911 0.0699700566326 0.824540195687 
0.646707604727 0.195162667155 0.724227375161 0.516098081421 0.264394682142 0.132321316744 
0.161475518166 0.119047507672 0.0518120163196 0.825041425901 0.74726506058 0.112265342807 
0.640392600338 0.567756257871 0.0218806484705 0.298215606857 0.688681492175 0.557023505554 
0.858450542895 0.182996324113 0.3179078294 0.673248226165 0.0275120510884 0.11000705761 
0.0649329720026 0.129230087284 0.182536294198 0.0253416090356 0.200555872273 0.886317783504 
0.198792102075 0.179957799364 0.0786569783119 0.096853398441 0.722855552677 0.841601426996 
0.316456984758 0.309490306611 0.257432429408 0.330038669483 0.606033898467 0.0562602295004 
0.783582653121 0.056447283113 0.0436645865237 0.524496925318 0.211133704761 0.405395099994 
0.28142498706 0.430976883975 0.445687205391 0.125124194773 0.0886940720335 0.675219508346 
0.25777336163 0.208626594476 0.124461366537 0.109409325406 0.453685563545 0.385139520983 
0.00157777773322 0.0102223983705 0.221356896614 0.332381622735 0.652479032529 0.821958580905 
0.697523998119 0.710532645572 0.0816740634856 0.469130625636 0.188845637968 0.36259748991 
0.320713739525 0.0180982399391 0.189103274082 0.190626769743 0.175731594128 0.418490165445 
0.0665484591937 0.35841248996 0.32586518596 0.125832039524 0.024173035761 0.85338418025 
0.0583763815784 0.032751109851 0.632512522966 0.737239306712 0.262874835821 0.0559141812882 
0.593327447264 0.735458036393 0.32777446885 0.0856631091815 0.192002576341 0.417932547641 
0.58218322759 0.589974338428 0.097290655823 0.270319472898 0.440436670101 0.848708964443 
0.00543995737362 0.102945435899 0.423879827722 0.566613608604 0.508967953515 0.568899468411 
0.17567142785 0.0809696527747 0.233341595568 0.732075837906 0.897328972866 0.544824214713 
0.390299723386 0.0686371329802 0.31870202615 0.462262385878 0.371849702367 0.326535883965 
0.046454929612 0.287532281412 0.350579518018 0.317211097343 0.489106268745 0.841713800034 
0.720123550143 1.12250978985 0.691839730863 0.227787920467 0.0973625339575 0.267285534238 
0.258747565425 0.176340384894 0.251009608124 0.0104103315856 0.367625990688 0.690840840956 
0.00556515029155 0.00552711185278 0.000895680541382 0.182795263314 0.767091409811 0.860251280909 
0.702007272346 0.369757899344 0.0586893921741 0.50588393385 0.555973192502 0.429989207928 
0.0548180437573 0.0498513942422 0.393089157622 0.940271702862 0.822585399079 0.123585054293 
0.0690912245175 0.0178697428955 0.0261459666925 0.159411052371 0.644941546651 0.88804855536 
0.0453815709065 0.114560607849 0.159764114682 0.412101685957 0.739658602245 0.0293772784132 
0.507371838945 0.776994611608 0.803516082473 0.2255870825 0.0964217818362 0.2647027552 
0.0185122775124 0.0159339231704 0.379525874747 0.0302418523801 0.735949590357 0.787912244802 
0.515144752568 0.436395163838 0.240374170975 0.493224764112 0.0722473475405 0.426449720789 
0.114104923523 0.486775068263 0.386434143777 0.106123902747 0.280873140701 0.711643314288 
0.171462969033 0.176869479732 0.0550167623854 0.419752941592 0.237753954043 0.86981004 
0.333461844075 0.363102790318 0.136890157379 0.27601380141 0.0107341321522 0.802702703735 
0.322188336366 0.697346424882 0.746570577491 0.661318852556 0.369173975636 0.288488810409 
0.0137871363453 0.0287403820606 0.18040601665 0.275282119481 0.584539860564 0.857522614568 
0.699355812641 0.581827148728 0.234565535598 0.0740167713788 0.295901976298 0.44128452958 
0.0029590691789 0.0994579258957 0.143432551496 0.159675785465 0.646886999117 0.900440436817 
0.0995025694925 0.0749255980225 0.166756134362 0.412109341576 0.172143762764 0.682105779667 
0.00470104284946 0.173496638848 0.328710848342 0.351167805364 0.476216686439 0.617247689274 
0.205381607821 0.313022769007 0.367466469877 0.571623374605 0.477090989138 0.297411233749 
0.532696090191 0.11286667236 0.0686154828428 0.00605661838747 0.526709307134 0.486471452288 
0.242402419024 0.285290660249 0.122390701455 0.189780109505 0.616300380629 0.783862351853 
0.111633840141 0.411354145787 0.393004682318 0.401722660477 0.778910644014 0.540112820358 
0.617768133371 0.178759777797 0.258396984576 0.121202697476 0.459194079105 0.0202859794367 
0.138170627464 0.453030681123 0.373398400339 0.131256107299 0.796139819363 0.275678154044 
0.052386789515 0.306115078031 0.771469968945 0.813434696775 0.399017799709 0.323214654173 
0.0121833793065 0.065582667486 0.0759004199487 0.18235967061 0.870402966574 0.92749711945 
0.14873507576 0.248122004624 0.256890081111 0.154794109712 0.00769005476587 0.404260242492 
0.0548180437573 0.0498513942422 0.393089157622 0.940271702862 0.822585399079 0.123585054293 
0.285254911786 0.213917578581 0.164470910299 0.710325317055 0.191514048752 0.367721379987 
0.293648218266 0.299124218372 0.031854864138 0.439743517903 0.818506559064 0.423237157218 
0.0944280859511 0.150962006101 0.0921638661257 0.0115623608343 0.376857028159 0.979943374064 
0.148836558711 0.109729393508 0.0477564613913 0.760463637793 0.773579163772 0.413118564481 
