0.00326549358205 0.0021953652456 0.730902005598 0.939478652695 0.0734844235652 0.0264900911374 
0.484912591649 0.551432481357 0.302070648357 0.0774667544907 0.38298031351 0.321320992692 
0.0336171500336 0.319934052491 0.588498361835 0.557976399646 0.185258495739 0.409375071892 
0.0889164840802 0.560211480527 0.740400229442 0.604252194506 0.162226204537 0.354442859845 
0.43519628477 0.422934663074 0.268664024172 0.576195691935 0.0438731857535 0.326230451003 
0.393269360767 0.455334891914 0.280436592866 0.201328508086 0.345900122612 0.302754354056 
0.0931817660825 0.111720105676 0.165018239999 0.216821329605 0.173426580515 0.559228756097 
0.325012787847 0.0208333155053 0.16555704911 0.231576594376 0.508988663969 0.386519027885 
0.0652238303621 0.0933199601513 0.191839275484 0.519698635648 0.470557195043 0.353795549804 
0.0861170362364 0.0447448109061 0.121107110172 0.455832418089 0.771477012825 0.530012356536 
0.691654900723 0.651866662023 0.464097242516 0.0505051171973 0.121846241999 0.179119435894 
0.412142235967 0.030121095477 0.277592268706 0.0974962278111 0.155285480897 0.574225578959 
0.544545703139 0.466754042423 0.243556136657 0.191166527558 0.456046127236 0.358257666365 
0.426113481502 0.117322634145 0.0567163973208 0.380404265393 0.369506872853 0.355041972051 
0.384911954592 0.315811676032 0.204540409998 0.554358592767 0.68283942117 0.152985252427 
0.240932166526 0.255829193095 0.179164179727 0.444407105401 0.616300519032 0.216771432058 
0.153826002952 0.466436804353 0.3939965018 0.00655181231596 0.215568504675 0.49288955549 
0.0918152413546 0.110740396094 0.0984562085488 0.0771527654941 0.170371791104 0.836644522283 
0.0748790387335 0.0158247949289 0.105527027049 0.299102536944 0.581739498236 0.771972121137 
0.131361138727 0.116645935721 0.0440653927107 0.0133428135625 0.379835591158 0.869204677379 
0.0740047315814 0.0324573588439 0.105971718565 0.920517543623 0.774374943484 0.040990768413 
0.0601088521372 0.129661371936 0.126178516148 0.0579756861931 0.988114277025 0.918734984655 
0.0794547277726 0.0102115011903 0.251977678615 0.78905302741 0.603580330809 0.538588834935 
0.0656615050762 0.0734342293093 0.0985463192625 0.807424335679 0.786148933543 0.156741760992 
0.398134319644 0.0979127476395 0.320594125133 0.00732554004117 0.241025845745 0.551107188335 
0.276583414534 0.668031080935 0.642187533986 0.187750344316 0.140195352732 0.268005898715 
0.191180484146 0.0404037164729 0.269431127013 0.763665783794 0.676537155802 0.417531942384 
0.687493028038 0.599673270348 0.460843121811 0.067840667842 0.154958978812 0.381831994888 
0.0326490969095 0.0600527974375 0.0839317445226 0.311382527181 0.572245580431 0.754325907113 
0.00927978743453 0.0825401199132 0.178250246115 0.55087784926 0.939561819427 0.516460310332 
0.0936617296145 0.0372699973544 0.0182096162968 0.410899414821 0.884263774013 0.885732610624 
0.0980986592906 0.0246278327094 0.295602639473 0.240371111271 0.595681183581 0.842302004079 
0.102877158361 0.172938624752 0.476549665251 0.852182499429 0.735715286939 0.0153879603515 
0.139442808178 0.0377040195601 0.449341177088 0.935341452884 0.162721337531 0.190526326948 
0.285287544289 0.223157857068 0.0679047969446 0.0157473915474 0.0587085898297 0.63617042768 
0.20129905012 0.226087917672 0.15324958393 0.182361528871 0.0722547047152 0.714934007488 
0.506153183179 0.619449360016 0.398928704758 0.00532848062206 0.614911773687 0.317803640101 
0.00106973072769 0.00544671327829 0.0508183650074 0.134724629841 0.839381444841 0.929842385912 
0.546250727357 0.628066485768 0.400248850028 0.380873717801 0.0282426516561 0.406076397259 
0.625831247275 0.0523998218837 0.0995126263224 0.14611651891 0.310338065656 0.0273887380372 
0.239850361908 0.086272020846 0.152120907425 0.261865798386 0.0674351450852 0.669526083458 
0.0681995166449 0.0600230805229 0.21628357901 0.677279236896 0.518079611552 0.462281882529 
0.20129905012 0.226087917672 0.15324958393 0.182361528871 0.0722547047152 0.714934007488 
0.0234095849701 0.0396498133138 0.0559952407847 0.153959066672 0.668613528219 0.787602408464 
0.260028183308 0.199044079118 0.0431838060127 0.167705726436 0.575634188707 0.595815588642 
0.394915963946 0.141559285884 0.287077113163 0.657995232765 0.152250616613 0.462826715289 
0.49373773767 0.0316485821186 0.250374820503 0.315658250527 0.605570520944 0.0469977048208 
0.409827774429 0.301088719656 0.0928806236879 0.511511845542 0.864307657153 0.420304794456 
0.723052846164 0.0528437552725 0.487001726804 0.171045149878 0.188048018824 0.110083281989 
0.0672214358591 0.0294823085509 0.0962582912342 0.836142655778 0.844585121587 0.515224583403 
0.057874055714 0.0874807008379 0.114177170993 0.334601439133 0.689348564296 0.633551718951 
0.530201806091 0.0519297609778 0.380660112486 0.121888261975 0.481331890198 0.254922315718 
0.108553375991 0.11109646069 0.097003120943 0.231735883371 0.196079382385 0.75926128239 
0.293733177295 0.164863540251 0.479385843925 0.0114512431132 0.285482400403 0.752102422465 
0.691654900723 0.651866662023 0.464097242516 0.0505051171973 0.121846241999 0.179119435894 
0.0540380560747 0.122215123754 0.232346020118 0.276859804782 0.236838560226 0.566905634203 
0.192022932495 0.109079271431 0.182410389138 0.175606323279 0.602752302989 0.623888650809 
0.325729746579 0.337037289163 0.265288074349 0.204826650895 0.294066706337 0.432450213138 
0.0966483568854 0.114893442058 0.0951018297406 0.134341226268 0.270355089175 0.641260503476 
0.319163671168 0.284149239892 0.0599749967638 0.571724543951 0.330724458607 0.464820217274 
0.0333805517207 0.0325972127249 0.25903408656 0.765658353129 0.6732326641 0.466156870528 
0.204650757396 0.198407691401 0.183059696886 0.43018806281 0.78369579451 0.202914635453 
0.0830542767793 0.0500834784096 0.806793839465 0.866208983489 0.186481366844 0.148413539508 
0.209078893137 0.188175465428 0.00185445634875 0.199854587633 0.563823446474 0.601261773763 
0.32137927415 0.0884859673521 0.0427760213796 0.286904901466 0.462154361728 0.691662334605 
0.651530950942 0.0262207698675 0.120367471866 0.162948997402 0.684109496115 0.450094689712 
0.352288602537 0.590085195784 0.487106093295 0.358758212091 0.688255256523 0.0534271284346 
0.360612238732 0.582294042638 0.542252216962 0.356045788368 0.429369327046 0.181131086538 
0.282838053751 0.106165864755 0.0125795856889 0.131516782816 0.149664144893 0.70611415404 
0.307846236423 0.209256065574 0.495824982815 0.186706940965 0.713114671298 0.455275482865 
0.285400026094 0.400776898697 0.536311454756 0.723666859231 0.370607824629 0.407452766491 
0.284725900292 0.150865693674 0.000432319762128 0.594872175174 0.722532320031 0.224609248971 
0.169958721147 0.182338390338 0.0950658866512 0.13676540997 0.755729358873 0.803830112832 
0.0218687011997 0.021663926436 0.0280009292183 0.492915428366 0.742098033525 0.711676270247 
0.288464239857 0.326220172689 0.20097235448 0.282547628699 0.812914028774 0.500014862548 
0.0540426558364 0.0215047276082 0.0105067754756 0.237088283978 0.84719248939 0.94203329771 
0.00762192393783 0.00339346772456 0.18521177559 0.38892594968 0.592867488264 0.764101000199 
0.326837869808 0.52340348698 0.413037358247 0.375844141964 0.8342185474 0.000558201191106 
0.0691470779241 0.0672596988073 0.0809545078827 0.355983306364 0.114866904245 0.706989997217 
0.199075635237 0.212955453768 0.153356965479 0.505744061891 0.659814631606 0.512453258505 
0.0084220255541 0.00374969159156 0.204654119178 0.429752827564 0.581843345723 0.741661031116 
0.185990298727 0.136905999341 0.448528428606 0.639591906989 0.567056879265 0.26890618941 
0.0142056573151 0.00632469910227 0.345195462426 0.724874875604 0.474722102442 0.161887266645 
0.116426762238 0.219478775179 0.785756690806 0.934508766828 0.257748932902 0.417567938718 
0.00919730228447 0.0707571535066 0.614711763327 0.793088314797 0.441659597087 0.260005343869 
0.00740182987653 0.0903248152879 0.146002768633 0.375106659033 0.673013303933 0.681534738625 
0.27750806944 0.0960594929968 0.582597848854 0.209082020902 0.202205878348 0.323891220092 
0.185665801946 0.183545025528 0.223911174433 0.129163075133 0.0795972506153 1.01873826453 
0.350893100875 0.00555682046895 0.198742897367 0.404627966622 0.400958507464 0.501696569702 
0.0450529359408 0.103325425762 0.112337010524 0.0818361023525 0.0884082796546 0.74653407636 
0.3023733314 0.171764178755 0.409491523099 0.464525908536 0.0741483830649 0.481773170238 
0.247716776593 0.284819049764 0.181506868126 0.172720699152 0.0257058771749 0.797495223139 
0.112999558656 0.0845347599021 0.0712049866185 0.119124925868 0.909199644848 0.895097263405 
0.0301173293173 0.0775952007531 0.106155932143 0.464152174197 0.896913309365 0.598875760899 
0.0500378639719 0.0568274929861 0.0350124605832 0.221371148357 0.804079803777 0.662871658117 
0.12034705833 0.181941990814 0.350673375024 0.702354225248 0.575815113501 0.0592039822485 
0.00919730228447 0.0707571535066 0.614711763327 0.793088314797 0.441659597087 0.260005343869 
0.426324802015 0.0629354966645 0.169387480498 0.0269829045708 0.0227539103048 0.435280779832 
0.168520795024 0.0131486931036 0.237411712251 0.254844806329 0.084528599774 0.687000548673 
0.022248470754 0.00835117560625 0.00329821391462 0.464608028817 0.699480376865 0.670800564474 
