0.0356114231316 0.229173107116 0.423637255662 0.367946788447 0.333077547869 0.946307003227 
0.10155709082 0.104558622266 0.0618515958021 0.134490867062 0.958321630434 0.825995740568 
0.105268867664 0.0512497852869 0.292466989786 0.397494837862 0.737540447482 0.267152185313 
0.0609455927352 0.226286266396 0.467222053225 0.404393151683 0.0849692872211 0.781492702423 
0.485350129064 0.0470158827348 0.433607188732 0.646219192817 0.370745060095 0.402565376006 
0.758993976916 0.7310029061 0.307362261042 0.0520750698143 0.0260688714257 0.172108050988 
0.21002128799 0.208168273774 0.377113994054 0.678137747098 0.0176125675584 0.649921308463 
0.739426725743 0.130902960099 0.385596115172 0.219821087459 0.441786728914 0.422916062033 
0.0296410769979 0.264763839684 0.391961921932 0.223093103899 0.151210950041 0.834818824534 
0.774086220627 0.659821337942 0.484663924312 0.152997900502 0.0236766610588 0.501742140265 
0.487964145729 0.143695142196 0.335014987498 0.169567596759 0.728911127887 0.483104693068 
0.088991960221 0.228554872228 0.35019821463 0.346775341675 0.613371209046 0.78448355229 
0.674468875446 0.679085071815 0.445958290852 0.932908271473 0.319189944686 0.0368626235994 
0.0737177149401 0.0671799399947 0.0197759293737 0.845785988173 0.0290850813277 0.364739448309 
0.0340136051425 0.0267543714868 0.00535851823175 0.279140800064 0.979740422719 0.925518006149 
0.319570423733 0.359239157103 0.697068134362 0.786049927074 0.082176300655 0.176298196311 
0.381933773872 0.281605492713 0.0558724612259 0.592466684031 1.0960880204 0.447235597152 
0.119293594962 0.76769786507 0.780952369093 0.282554329714 0.523955539304 0.60465287798 
0.00705090248381 0.0757513588985 0.144587571066 0.420306054348 0.990549337787 0.867502669526 
0.343114822103 0.318503461411 0.28174054278 0.31397131325 0.714282831251 0.758187614294 
0.165279064542 0.185795415695 0.360517520202 0.406538114727 0.0854202475095 0.785638266579 
0.0128630720177 0.0896514857485 0.24612300976 0.604502296397 0.971050844657 0.398058119449 
0.227225994413 0.749595600477 0.963697825232 0.308616841632 0.0865031300381 0.185579166429 
4.45741787641e-05 4.11055458173e-05 1.78670379095e-05 0.000803464362314 1.05463000169 1.0047918094 
0.314363034293 0.511118637978 0.549537282419 0.0106077100883 0.361711891534 0.725533365135 
0.0970230234278 0.0918088999383 0.413578681625 0.787855104031 0.800492206982 0.10495688223 
0.0606767381436 0.0104347296358 0.0652722870281 0.0487213635521 0.572827509037 1.13073412275 
0.479399462349 0.206887353968 0.348164154723 0.260423282302 0.361805314986 0.905434060914 
0.448326896675 0.263779025776 0.178024440844 0.525518511486 0.652005923778 0.681950025875 
0.215294367866 0.198439111757 0.0885843026477 0.503799807571 0.899244114767 0.208510941154 
0.642786100872 0.669669639634 0.629836728679 0.368888755957 0.484600291281 0.703329101427 
0.296085430858 0.0286817657109 0.264519750923 0.510419393448 0.683933022255 0.717228372753 
0.337275489464 0.117964423272 0.536584499705 0.654445251258 0.268877949599 0.620401973426 
0.0153853139951 0.0507549454676 0.0652513983427 0.052281914493 0.852353515572 1.06191466247 
0.20828916134 0.426095138796 0.421749175265 0.328954600857 0.748372089741 0.794373371524 
0.307769640758 0.309876094456 0.203496807597 0.607521602713 0.688848806334 0.622626205947 
0.466280276814 0.226065936016 0.144666170963 0.164257323034 0.439853303681 0.862157702801 
0.21002128799 0.208168273774 0.377113994054 0.678137747098 0.0176125675584 0.649921308463 
0.0509119910848 0.0138720277398 0.0518118115197 0.415201406326 0.878840519171 0.570732036412 
0.125143912493 0.154325396433 0.265292330535 0.45892135061 0.82307926816 0.908380188968 
0.0296410769979 0.264763839684 0.391961921932 0.223093103899 0.151210950041 0.834818824534 
0.0772332657338 0.68987096351 0.85702621947 0.245233535871 0.222500210266 0.370713752029 
0.0124624696044 0.0252555069699 0.757829975419 0.92139838543 0.490767888035 0.0697078321175 
0.166452167583 0.169040424965 0.947172494701 0.920946778974 0.369144857731 0.169743750213 
0.088991960221 0.228554872228 0.35019821463 0.346775341675 0.613371209046 0.78448355229 
0.826140750197 0.704191962134 0.517255869357 0.163286501679 0.0231542130167 0.377905548119 
0.821274136217 0.251092322707 0.174817196109 0.224439726729 0.339956244755 0.891903127385 
0.372171291218 0.310742541519 0.369136894859 0.743054049934 0.611161000857 0.391095117663 
0.70825797414 0.216539306424 0.150760398829 0.241650404307 0.730312556065 0.763855932458 
0.189488120791 0.0707061431035 0.179543129871 0.56355286672 0.307310155163 0.776566473176 
0.312250682345 0.0991135989154 0.677260818138 0.440999514897 0.398440322542 0.155225164255 
0.613111941074 1.0282681716 0.979321282946 0.0918703266441 0.178011170831 0.460547486347 
0.0337863490043 0.0574964375882 0.54578479935 0.384214334966 0.794563137606 0.594877993609 
0.00212306468763 0.020953482115 0.321434976529 0.460770376492 0.746617905512 0.823992639199 
0.248003669179 0.507338690566 0.79691442312 0.716526535692 0.171551109811 0.257643727312 
0.0377403775276 0.0716314115627 0.629781418216 0.605948879312 0.328410873838 0.829884053502 
0.240310377388 0.116409261615 0.566044790547 0.765794740084 0.847275666849 0.03536899822 
0.678531196982 0.328971237035 0.239040988482 0.411264256287 0.283312197266 0.647920436115 
0.122505253542 0.0908204089724 0.341289502317 0.535350233869 0.622782313906 0.657266902354 
0.186436045732 0.0330052726959 0.108695953655 0.410087393911 0.805132354473 0.203349656355 
0.125928268827 0.810394368506 0.824386061979 0.259392182861 0.0193955350994 0.715532227485 
0.0936985883609 0.0619642849661 0.398078584961 0.93172359637 0.868520209979 0.113882464264 
0.0376979822708 0.405001775196 0.462504085625 0.322783178776 0.734331165741 0.779468926849 
0.0964179481873 0.0359776411769 0.216173582621 0.857961343366 0.588650266529 0.461122927867 
0.466048535951 0.333492061844 0.00620908401674 0.232124197206 0.398054619784 0.777393063265 
0.464554598932 0.551946493182 0.568566006674 0.57235413798 0.559379326598 0.00407276658759 
0.163390357074 0.222953174922 0.605970007374 0.683313426259 0.240897914353 0.107560363012 
0.176755421836 0.0303972424989 0.190143281882 0.490498325742 0.963014437743 0.223302286276 
0.477606614106 0.0821358184762 0.453152784918 0.19173637545 0.824213196673 0.546274377575 
0.469612918163 0.407404789016 0.115783265221 0.0501972345261 0.681326341287 0.723204291164 
0.0254049970219 0.0426075997161 0.0609882139731 0.122492693963 0.889077714186 1.10766855769 
0.0722954994024 0.465248281341 0.473280750208 0.171236300258 0.458543922833 0.898792299729 
0.448329106936 0.357789890933 0.23557529516 0.473928485422 0.26920654434 0.397386864071 
0.117683012282 0.0663969561666 0.370923426484 0.369598422401 0.824320727572 0.756843412735 
0.267505636974 0.374088734043 0.535908382664 0.944941001316 0.931076043363 0.00505416639731 
0.448329106936 0.357789890933 0.23557529516 0.473928485422 0.26920654434 0.397386864071 
0.00506007759347 0.0187880758076 0.499171812405 0.679618776326 0.712491200483 0.747177846687 
0.0105121470435 0.383320091021 0.592794835257 0.38513863555 0.0971303850587 0.739532531456 
0.154302333515 0.133862403056 0.03804297182 0.0714426404121 1.07556571128 0.686228536838 
0.213391619256 0.230515539952 0.572570107489 0.207846449973 0.535471228166 0.0850576190451 
0.724596762568 0.489196280001 0.178418367556 0.793316522444 0.0544934298226 0.500863177125 
0.0722954994024 0.465248281341 0.473280750208 0.171236300258 0.458543922833 0.898792299729 
0.152695098003 0.0569770768834 0.144681055514 0.437762974182 0.132200104647 0.83465193629 
0.0377890360725 0.337543754608 0.579609802709 0.511143857866 0.634170048852 0.66329434547 
0.833638756712 0.311066571957 0.276854410094 0.502469747101 0.346153173368 0.791625918802 
0.0649213647479 0.214169291033 0.629403107996 0.883912724556 0.842908413579 0.444850155737 
0.330424853069 0.589658163098 0.813629119153 0.247721802431 0.224758325243 0.374475988053 
0.0610672554403 0.392990508513 0.423637255662 0.196502346399 0.333077547869 0.946307003227 
0.0377403775276 0.0716314115627 0.629781418216 0.605948879312 0.328410873838 0.829884053502 
0.155200665157 0.0913143338355 0.146338457041 0.937329043374 0.873745715789 0.114568074288 
0.601711013566 0.554603411664 0.24757885676 0.371251378944 0.299406244646 0.785523547435 
0.237144224703 0.292442262827 0.502721765573 0.679349681162 0.524449197654 0.578673692446 
0.123614968553 0.0697437776241 0.389620279127 0.388228490906 0.865874144721 0.755073032841 
0.16443402158 0.245038612891 0.950108480331 0.979345875577 0.15103045808 0.0909048152568 
0.444843675284 0.428438219314 0.341227758739 0.840386280312 0.691223258637 0.442334623557 
0.518218081113 0.0891199339634 0.481517574562 0.0581200297522 0.788756470805 0.414238815978 
0.412202889078 0.375311486918 0.151574705449 0.260885828509 0.736558629466 0.301979153707 
0.484987189448 0.381480496896 0.0764118707445 0.751765266199 0.0254876903128 0.540043774165 
0.219583204838 0.125313844513 0.923844652931 0.750774805528 0.231348979821 0.408354334742 
0.166452167583 0.169040424965 0.947172494701 0.920946778974 0.369144857731 0.169743750213 
