0.0410599395418 0.111126899885 0.414175150602 1.07036356937 0.953579136831 0.098680096735 
0.037885332135 0.102534968302 0.382152619167 0.987606913267 0.919631368619 0.299644201077 
0.0143161602856 0.118378605687 0.30165296263 0.66229452613 0.820046639666 0.356250914902 
0.0867760142659 0.0881948970411 0.0464053073102 0.150102741677 0.781754850392 0.909884156326 
0.324292109505 0.207663003522 0.151220670923 0.849877412994 0.345670307251 0.458325124245 
0.586688411164 0.415657909495 0.0666059540533 0.335348530215 0.423576482686 0.0186032331253 
0.101092362768 0.0408918461994 0.175841462813 0.7230277198 0.838295117628 0.698392933619 
0.323003932298 0.0434170333797 0.496950020246 0.216520217022 0.336701091911 0.667638744116 
0.118238803527 0.299683615374 0.708020706269 0.0531763513008 0.522149326199 0.0229456148088 
0.00715610285386 0.00488669915265 0.0233761247161 1.04301684274 1.06489226803 0.403663057899 
0.0410599395418 0.111126899885 0.414175150602 1.07036356937 0.953579136831 0.098680096735 
0.466159394894 0.457996563858 0.0755405710484 0.0407992057059 0.611220981534 0.657694009576 
0.141441507931 0.0639845060676 0.107479591998 0.155133979631 0.834499120426 0.85842247336 
0.024255707807 0.725922965236 0.715004469073 0.318234094033 0.706080189986 0.276566585163 
0.210080675229 0.148873743402 0.328811305731 0.4139521817 0.60644808778 0.652557777813 
0.00555707696974 0.00393709349421 0.00115628199307 0.282236564015 0.889887281837 0.772108262204 
0.344138081967 0.406218734179 0.33442578435 0.667766103595 0.595266909496 0.284626292222 
0.290949718211 0.339262802903 0.459316771384 0.788546809484 0.313102884933 0.23851269698 
0.224073934458 0.317662209569 0.661959776405 0.136809972377 0.186664975212 0.58425103757 
0.0992846461803 0.230591566055 0.449334856014 0.476860653664 0.614973634357 0.875579793778 
0.867137692677 0.763418937771 0.329556799253 0.462993148843 0.285348850229 0.0219294671816 
0.0904457878154 0.0793002270151 0.50163056251 0.713900879068 0.0785800660854 0.40047970692 
0.408761253782 0.44982874641 0.550345019823 0.393660684589 0.497230174942 0.0218478635202 
0.171597274601 0.159046901901 0.171675353093 0.110010058466 0.254580476722 0.868844180068 
0.586000849134 0.495009604214 0.0523159835073 0.671029083538 0.773744370066 0.240996479384 
0.210080675229 0.148873743402 0.328811305731 0.4139521817 0.60644808778 0.652557777813 
0.467296560469 0.433119160052 0.46750918626 0.37333885637 0.647604108091 0.309656228734 
0.190513215451 0.196737919313 0.21676022574 0.671862356597 0.84007985703 0.625178937958 
0.541061811366 0.549908710086 0.289344265579 0.626980150658 0.259757752809 0.0533979670779 
0.0904457878154 0.0793002270151 0.50163056251 0.713900879068 0.0785800660854 0.40047970692 
0.0363252337644 0.131116980736 0.481566967783 0.871624006254 0.762230619307 0.357657805403 
0.268354811769 0.358158810607 0.226844886203 0.081272070846 0.70151744795 0.86372948943 
0.796997714748 0.810029415157 0.280122277574 0.150949998163 0.205957776372 0.644642258115 
0.626775147202 0.361406081442 0.92938068422 0.368723658477 0.277406294834 0.173649407668 
0.114842748721 0.0198255337121 0.548102391519 1.01418740392 0.5588719301 0.228671543084 
0.373562582607 0.470982168483 0.5846877614 0.79361474558 0.881314438621 0.144145067221 
0.079537284259 0.537155935331 0.476273815921 0.0357708482939 0.554533185764 0.658173007591 
0.282068367789 0.462045799887 0.52244844079 0.326609375355 0.608582271543 0.24068220936 
0.400675335955 0.256575601976 0.0876225898041 0.347594440568 0.142999943317 0.754355383302 
0.739675530848 0.722726048872 0.0305058355092 0.225345613924 0.529066814755 0.0749250921625 
0.0703650206889 0.179071635818 0.271816809103 0.856160035899 0.941018587967 0.227513423673 
0.0815717578401 0.550895773547 0.499873778593 0.149759378148 0.539730145534 0.508351362034 
0.210080675229 0.148873743402 0.328811305731 0.4139521817 0.60644808778 0.652557777813 
0.079537284259 0.537155935331 0.476273815921 0.0357708482939 0.554533185764 0.658173007591 
0.306265090143 0.16776524437 0.27629312446 0.570815542606 0.703648767056 0.44583539355 
0.107655626805 0.72705345036 0.644648044372 0.048416705743 0.475413414332 0.0208867803426 
0.383444164427 0.419099344396 0.323060898892 0.397362675368 0.146552933125 0.773465502235 
0.547433092695 0.312205914125 0.079748288653 0.226693970094 0.671836786988 0.608605959701 
0.00658182722683 0.0223408176742 0.517244170947 0.800756387205 0.696724449821 0.599060893795 
0.562782962721 0.398721340839 0.0638919999249 0.270261353186 0.322594903033 0.639665466873 
0.526942573117 0.56376312405 0.304032669685 0.395205388196 0.827932648224 0.32905093609 
0.594612826194 0.364815868966 0.182282659164 0.393709807256 0.448179732579 0.328318368259 
0.00381609521148 0.00445783126327 0.00636101633932 0.347392903258 1.02089160664 0.916481593746 
0.26794581069 0.0517207649174 0.560698796129 0.180772998782 0.651502679931 0.613637346326 
0.622695017939 0.789895367645 0.719926328564 0.496334408613 0.0582355713955 0.52015335125 
0.24959525282 0.401520192921 0.550084830311 0.495759975047 0.274029002217 0.392386697559 
0.263233582288 0.186496137882 0.054772416144 0.707287573959 0.78491640972 0.578270108364 
0.318270646403 0.294992790652 0.318415463325 0.453290893512 0.975557509182 0.21957425028 
0.475643946016 0.215169096431 0.361435755698 0.281131765339 0.15711289709 0.309889469915 
0.0939806901615 0.0905428532949 0.410515403976 0.503883872792 0.222733554234 0.537484898711 
0.0344374060074 0.00735519878049 0.026657948108 0.206556583777 0.876850808088 0.884738896424 
0.733167942712 0.166618105561 0.322337895531 0.123637684135 0.347699997571 0.602534090976 
0.342218268768 0.0660573511176 0.716120061842 0.230881844583 0.688204508031 0.242448339802 
0.101092362768 0.0408918461994 0.175841462813 0.7230277198 0.838295117628 0.698392933619 
0.16345489691 0.130082714925 0.302365963187 0.216663840441 0.796167915559 0.725592981297 
0.0197511264429 0.0202898884463 0.0199436129625 0.177844088109 0.803114436925 0.814107377635 
0.0442811935321 0.299053564688 0.265158346908 0.017934588314 0.506310840307 0.906663386618 
0.00324075302819 0.189500856647 0.413289559024 0.949029614862 0.915973592386 0.206159917795 
0.889791565247 0.442482607414 0.032950059679 0.0634462777525 0.369607505051 0.107696756144 
0.301644166808 0.243463391741 0.0830207137879 0.377009851878 0.959459359154 0.420533203109 
0.101092362768 0.0408918461994 0.175841462813 0.7230277198 0.838295117628 0.698392933619 
0.136660966623 0.0968217776485 0.0914217574281 0.937546745415 0.51663879502 0.219323904334 
0.794537176091 0.832393464604 0.473761240099 0.339713657045 0.239690663598 0.263544839455 
0.00899157769658 0.0305202654157 0.706618247425 1.09393030541 0.778903425623 0.198193940364 
0.410113524043 0.665505378015 0.498133859832 0.312844812291 0.84143480975 0.169074331696 
0.0820896418617 0.554393308602 0.491557477872 0.0415434092253 0.654943910818 0.593301562249 
0.616430004707 0.621930643289 0.340257539609 0.054851537941 0.372309260791 0.414160315631 
0.40618816831 0.645458371367 0.546880687638 0.391182654729 0.494100191996 0.021709979899 
0.0724762942245 0.411946946515 0.597687490796 0.553207271981 0.603917371166 0.681960743826 
0.0352946834976 0.0250056384257 0.0073439454704 0.18178860673 0.889715784518 0.901900192094 
0.239523412587 0.223831356315 0.136155894646 0.518563339349 0.473563519007 0.793758669918 
0.339915916731 0.221224688949 0.030346428745 0.389237432846 0.742596029221 0.797518391162 
0.436948867982 0.626426714117 0.514612345758 0.489927662667 0.573518456502 0.273139407575 
0.658160858543 0.597592165469 0.190207454481 0.107182655087 0.247940964866 0.600540286787 
0.426299337676 0.277444900848 0.03805842183 0.488155016068 0.862067129398 0.794117528955 
0.709006530445 0.711488028897 0.349367098757 0.784321178129 0.192970669582 0.0495394993341 
0.253590502052 0.277969769896 0.169750034255 0.0174599397465 0.966040961124 0.423420849411 
0.142357669637 0.368258964149 0.689784270907 0.514887557225 0.34689315436 0.460948298058 
0.788855385919 0.672621842805 0.114917914452 0.326667794471 0.724792417416 0.283897525365 
0.174989077154 0.123976535988 0.0318949537115 0.810480265009 0.890811252962 0.215371609311 
0.00388260603625 0.0131788156544 0.305121577098 1.11282761322 1.0197763871 0.246559696026 
0.282068367789 0.462045799887 0.52244844079 0.326609375355 0.608582271543 0.24068220936 
0.0361285792437 0.0329867203661 0.00605929848712 0.508680288921 1.06916405795 0.487448604417 
0.0630474847092 0.00583388501489 0.303721047812 0.87419826703 0.776220858103 0.0604240039489 
0.164025837255 0.00421574520788 0.120852634598 0.726762963574 0.905204208634 0.493164312811 
0.074071623941 0.255089138978 0.678887474322 0.163008101293 0.301347237878 0.589329109684 
0.373562582607 0.470982168483 0.5846877614 0.79361474558 0.881314438621 0.144145067221 
0.525580558624 0.473171438647 0.299973742899 0.463823071191 0.492544730152 0.588946584755 
0.354800006806 0.204581949827 0.526096600568 0.208724222144 0.164399820417 0.324264810241 
0.393186941796 0.051520423267 0.0988652210269 0.597562328147 0.466339690715 0.345931748708 
