0.0870112001568 0.512836406855 1.19399041784 0.993741845341 
0.507206690742 0.259547235257 0.951394387562 0.896957040135 
0.143457112662 0.892997825938 1.20803633794 0.750000887192 
0.22641094939 0.793169478148 1.22702233289 0.859064481416 
0.389444287397 0.199285828309 0.963962447138 1.00822695872 
0.17025575812 0.217625937706 0.849094836126 1.08901700149 
0.181944177357 1.07236183806 1.24314820693 0.465969127378 
0.481794045158 0.808961023996 1.03016386417 0.828102746283 
0.162933075734 0.960312314841 1.25109261351 0.670990283436 
0.679304150919 1.07995457005 1.01321663158 0.30773610291 
0.600353885782 0.568472113286 0.544364245402 1.00248215096 
0.496697979298 0.496288447135 0.661025821436 1.05141466183 
0.998343706276 0.935294556099 0.522678792481 0.705128184603 
0.982744571179 0.93055630667 0.545966991114 0.698849504853 
0.354496955459 0.563577446406 1.04855184761 0.993850043452 
0.470184016766 0.571827405769 0.898694575733 1.00839945772 
0.0437678333985 0.0778524546297 1.09577340441 1.10913728519 
0.552409997563 1.141428565 1.14621922576 0.273103453377 
0.755350647231 0.918641036606 0.884577603393 0.68990032878 
0.648329731832 1.11217288616 1.01907670285 0.447868605312 
0.330006422707 0.482984742352 0.963605654322 0.99648946973 
0.0841856337256 0.49618280215 1.25537557134 1.05119083424 
0.756211326321 0.342567995302 0.860640144061 0.683603345548 
0.69362486376 0.918641036606 0.949312142555 0.68990032878 
0.982744571179 0.93055630667 0.545966991114 0.698849504853 
0.218169828448 0.496777352783 1.17777191982 1.05245049494 
0.118820944285 0.700319843328 1.23560545001 0.914482657708 
0.481794045158 0.808961023996 1.03016386417 0.828102746283 
1.22738707536 1.1622073044 0.556548020844 0.277259745787 
0.660290940479 1.04972744745 1.04848455612 0.484837316172 
1.23654296913 1.2053233296 0.42710604406 0.164091077884 
0.0348461296913 0.216912587143 1.21271394146 1.10014570468 
0.146526993738 0.194060917283 0.885948074001 1.14063222527 
0.930075606396 1.18885206898 0.841715937472 0.162781911022 
0.427637467754 0.566365530345 0.955249662832 0.998767035943 
0.589407754949 0.798222700992 0.988152616828 0.859540173158 
0.295739308158 0.50732385263 1.01454207273 0.996067060162 
0.86125443704 0.759263409447 0.766908275946 0.700036310472 
0.552409997563 1.141428565 1.14621922576 0.273103453377 
0.0348461296913 0.216912587143 1.21271394146 1.10014570468 
0.990383457735 1.06760532943 0.725825173573 0.304216445113 
0.580229844685 0.496288447135 0.0954965147604 1.05141466183 
0.118214827151 0.93055630667 1.24958224322 0.698849504853 
0.806196579338 0.869056994365 0.717879410363 0.652659349595 
0.197227773411 0.212605549112 0.775867374635 1.13884835036 
0.295739308158 0.50732385263 1.01454207273 0.996067060162 
0.0348461296913 0.216912587143 1.21271394146 1.10014570468 
0.77540126744 0.95946951641 0.906831686417 0.299230097109 
0.0348461296913 0.216912587143 1.21271394146 1.10014570468 
0.218169828448 0.496777352783 1.17777191982 1.05245049494 
1.13926613447 1.07876594188 0.520915634097 0.307397331925 
0.572953677074 0.57919235265 0.489585876457 0.946571831996 
0.886546357905 0.401610623933 0.830418592033 0.302867861327 
0.648329731832 1.11217288616 1.01907670285 0.447868605312 
0.69362486376 0.918641036606 0.949312142555 0.68990032878 
0.0269543206056 0.212178782024 1.25872907691 1.13656220365 
0.552409997563 1.141428565 1.14621922576 0.273103453377 
0.0348461296913 0.216912587143 1.21271394146 1.10014570468 
0.127941042655 0.219475369227 1.02432504329 1.08953412374 
0.982744571179 0.93055630667 0.545966991114 0.698849504853 
0.0348461296913 0.216912587143 1.21271394146 1.10014570468 
0.749938509254 0.710113188241 0.549976394058 0.926414574992 
0.633235319551 1.08627927117 1.00552110475 0.462625156562 
0.580229844685 0.496288447135 0.0954965147604 1.05141466183 
0.0269543206056 0.212178782024 1.25872907691 1.13656220365 
0.648329731832 1.11217288616 1.01907670285 0.447868605312 
0.186836131507 1.10119452441 1.25470614793 0.424913704524 
0.600353885782 0.568472113286 0.544364245402 1.00248215096 
0.205208379851 0.504193648383 1.10779853478 0.989920922522 
0.0348461296913 0.216912587143 1.21271394146 1.10014570468 
0.571801078418 0.541435575478 0.553353246678 1.03903634199 
0.162933075734 0.960312314841 1.25109261351 0.670990283436 
0.767497022906 1.17099469889 0.966290519153 0.261735672378 
0.146526993738 0.194060917283 0.885948074001 1.14063222527 
1.11685061248 1.05754077478 0.543659141108 0.48844651436 
0.749938509254 0.710113188241 0.549976394058 0.926414574992 
0.789511322745 0.404008233244 0.956375755587 0.414954107527 
0.0348461296913 0.216912587143 1.21271394146 1.10014570468 
0.462491935035 0.498552941782 0.779573665203 1.05621239433 
0.147686522527 1.1625493601 1.25150893899 0.170397533349 
0.340372749861 0.583890010597 1.00677302528 0.954249688052 
0.496697979298 0.496288447135 0.661025821436 1.05141466183 
0.0348461296913 0.216912587143 1.21271394146 1.10014570468 
0.658099067009 0.938000960804 1.0151454655 0.707270335771 
0.992519955323 0.956304804907 0.585730207179 0.668189896054 
0.87515104681 1.11864573304 0.813105920784 0.297780613945 
0.134607929592 0.79336674886 1.25109261351 0.854310827109 
0.0437678333985 0.0778524546297 1.09577340441 1.10913728519 
0.507206690742 0.259547235257 0.951394387562 0.896957040135 
0.295739308158 0.50732385263 1.01454207273 0.996067060162 
0.513382817746 1.06078783667 1.11260050371 0.41168158113 
0.552409997563 1.141428565 1.14621922576 0.273103453377 
0.197227773411 0.212605549112 0.775867374635 1.13884835036 
0.218169828448 0.496777352783 1.17777191982 1.05245049494 
0.373942729536 0.454780785672 0.862558282842 1.05911536691 
0.767497022906 1.17099469889 0.966290519153 0.261735672378 
0.77540126744 0.95946951641 0.906831686417 0.299230097109 
0.50508599847 0.732216869507 0.947416342449 0.893206497736 
0.127941042655 0.219475369227 1.02432504329 1.08953412374 
0.990383457735 1.06760532943 0.725825173573 0.304216445113 
