0.790608103781 0.825805547783 0.0830563048025 0.880300235916 
0.0648186027939 0.141694494754 1.10786748135 1.12813595542 
0.808124432587 0.453704879875 0.158556717452 0.786948450868 
0.295144364308 1.03121213028 1.17922234294 0.609325965732 
1.03686149972 1.04605069149 0.775905605869 0.108042967812 
0.790608103781 0.825805547783 0.0830563048025 0.880300235916 
0.20302068719 0.284827478119 0.802451883908 1.08234136983 
0.0377218869206 0.131819280216 1.21625306424 1.13229558515 
1.04635305226 0.730790429935 0.777214678479 0.127740812976 
1.18903437343 1.17366121456 0.0371112462693 0.391751442415 
0.790608103781 0.825805547783 0.0830563048025 0.880300235916 
0.790608103781 0.825805547783 0.0830563048025 0.880300235916 
0.629900642556 0.192332490246 0.817938019459 0.89976690878 
0.20302068719 0.284827478119 0.802451883908 1.08234136983 
0.0993057691816 0.107970511146 0.832012836176 1.11172564172 
0.420944908662 0.238393574516 1.01029040124 0.848402764697 
0.0906230551592 0.0326212816181 0.980999318321 1.15673261638 
0.382361329574 0.835772712478 1.09476330742 0.888962266493 
1.03686149972 1.04605069149 0.775905605869 0.108042967812 
0.959270946408 1.23151651136 0.796253666499 0.493955748075 
0.603342312065 0.595544815723 0.0319154757538 0.917572214644 
0.790608103781 0.825805547783 0.0830563048025 0.880300235916 
0.996533676176 0.983650426965 0.0368662026671 0.675805291743 
0.726508815414 0.789853486749 0.803377351888 0.682393760722 
0.0906230551592 0.0326212816181 0.980999318321 1.15673261638 
0.520741388589 0.833138990667 0.806420569291 0.77014957059 
0.701037216767 0.951215447485 0.759875345261 0.740509360414 
0.733660488384 0.224014063688 0.795237260516 0.774971232852 
0.552791023753 0.313060888903 0.981489703272 0.587021276443 
0.790608103781 0.825805547783 0.0830563048025 0.880300235916 
0.105955297344 0.0323533306628 0.821290625417 1.1472311024 
0.552791023753 0.313060888903 0.981489703272 0.587021276443 
0.790608103781 0.825805547783 0.0830563048025 0.880300235916 
0.790608103781 0.825805547783 0.0830563048025 0.880300235916 
1.31338914298 0.737373315679 0.188849053008 0.128891894508 
1.18903437343 1.17366121456 0.0371112462693 0.391751442415 
0.649039928731 1.35418456592 1.09676453258 0.126153184855 
0.0377218869206 0.131819280216 1.21625306424 1.13229558515 
0.0156982973816 1.29689554371 1.21009490559 0.102766309734 
0.733660488384 0.224014063688 0.795237260516 0.774971232852 
0.959270946408 1.23151651136 0.796253666499 0.493955748075 
0.420944908662 0.238393574516 1.01029040124 0.848402764697 
1.05138556294 1.09819040528 0.0817102384134 0.609137005207 
0.63648760858 1.01809668982 0.90936932008 0.681635267369 
1.18903437343 1.17366121456 0.0371112462693 0.391751442415 
0.701037216767 0.951215447485 0.759875345261 0.740509360414 
0.799096633992 1.12106303327 0.829720419718 0.621824773869 
0.63648760858 1.01809668982 0.90936932008 0.681635267369 
0.520741388589 0.833138990667 0.806420569291 0.77014957059 
1.04131851316 1.36462318769 0.773475030591 0.127125973811 
0.173150602011 0.604985490416 1.05359618977 0.949964350087 
0.420944908662 0.238393574516 1.01029040124 0.848402764697 
0.0377218869206 0.131819280216 1.21625306424 1.13229558515 
0.420944908662 0.238393574516 1.01029040124 0.848402764697 
0.420944908662 0.238393574516 1.01029040124 0.848402764697 
0.790608103781 0.825805547783 0.0830563048025 0.880300235916 
0.0872110522755 0.139538939381 0.944426247198 1.11342709878 
0.520741388589 0.833138990667 0.806420569291 0.77014957059 
0.50603274792 0.649651294075 0.689740599214 0.974061732854 
0.520741388589 0.833138990667 0.806420569291 0.77014957059 
0.790608103781 0.825805547783 0.0830563048025 0.880300235916 
0.529039460398 0.259647820434 1.12056761404 0.621755643935 
1.18903437343 1.17366121456 0.0371112462693 0.391751442415 
0.520741388589 0.833138990667 0.806420569291 0.77014957059 
1.18903437343 1.17366121456 0.0371112462693 0.391751442415 
0.552791023753 0.313060888903 0.981489703272 0.587021276443 
0.987725403857 0.996479440651 0.756151074867 0.260774512438 
1.18903437343 1.17366121456 0.0371112462693 0.391751442415 
0.790608103781 0.825805547783 0.0830563048025 0.880300235916 
0.117549704313 0.259802548504 1.26917648672 0.621721004237 
0.947082499194 1.11668696243 0.589941981918 0.644591282319 
1.18903437343 1.17366121456 0.0371112462693 0.391751442415 
0.942644130245 1.32536662446 0.827669921293 0.126811701917 
1.04131851316 1.36462318769 0.773475030591 0.127125973811 
0.420944908662 0.238393574516 1.01029040124 0.848402764697 
0.629900642556 0.192332490246 0.817938019459 0.89976690878 
0.613165665753 0.831986445532 0.796207049795 0.875861302875 
0.790608103781 0.825805547783 0.0830563048025 0.880300235916 
0.520741388589 0.833138990667 0.806420569291 0.77014957059 
0.235623556657 0.300400090472 0.787860611602 1.13919361696 
0.947082499194 1.11668696243 0.589941981918 0.644591282319 
0.709197108909 0.836202804414 0.584499139727 0.880300235916 
0.733660488384 0.224014063688 0.795237260516 0.774971232852 
0.733660488384 0.224014063688 0.795237260516 0.774971232852 
0.790608103781 0.825805547783 0.0830563048025 0.880300235916 
0.511969661253 1.11906787961 1.08441163079 0.601693122048 
0.420944908662 0.238393574516 1.01029040124 0.848402764697 
0.629900642556 0.192332490246 0.817938019459 0.89976690878 
0.523690635403 0.528335126361 0.743075964742 0.992607896103 
0.613165665753 0.831986445532 0.796207049795 0.875861302875 
0.701037216767 0.951215447485 0.759875345261 0.740509360414 
0.0377218869206 0.131819280216 1.21625306424 1.13229558515 
0.420944908662 0.238393574516 1.01029040124 0.848402764697 
0.668574168294 0.820464331982 0.955212857085 0.715999682399 
0.701037216767 0.951215447485 0.759875345261 0.740509360414 
0.481211644975 1.05183765413 1.08550703829 0.702674989772 
0.0993057691816 0.107970511146 0.832012836176 1.11172564172 
0.225209517977 0.786870993488 1.21631393255 0.891737658119 
0.0377218869206 0.131819280216 1.21625306424 1.13229558515 
0.790608103781 0.825805547783 0.0830563048025 0.880300235916 
