0.426835904448 0.371974436205 0.181148758676 1.12051563424 
0.316537192403 0.275175691557 1.14716626767 0.754453218876 
0.750478600268 0.483890343894 0.27810556579 0.983602997942 
1.09959958653 1.02160846675 0.426194872584 0.409348651021 
0.319383746415 0.336281139518 1.18744069326 0.474541435325 
0.304724032169 0.808660656217 1.13293689834 0.452759904586 
0.137391089245 0.407942358198 1.15674387156 1.10298257983 
0.73044085044 0.299942267649 0.818576877214 0.743863918751 
0.825074049677 0.335829993035 0.369971477431 0.951838269525 
0.0872414296998 0.508247555755 1.24109519636 1.13663746397 
0.728441689335 0.676776478539 0.467497635135 1.00290816761 
0.872736390853 0.945660419203 0.840136274109 0.559179327856 
0.0872414296998 0.508247555755 1.24109519636 1.13663746397 
1.20687401333 1.212638459 0.270046692162 0.347216574102 
0.795352022311 0.738940919404 0.470118064909 0.959067356049 
0.872736390853 0.945660419203 0.840136274109 0.559179327856 
0.344978846028 0.522241615623 0.915296948061 1.0933800372 
0.455533534158 0.296672247559 0.193329281271 1.1473132668 
0.0334220077745 0.608759948823 1.21355019245 0.958986862229 
0.542283150649 0.736663775178 0.813661067073 0.94481107008 
0.455533534158 0.296672247559 0.193329281271 1.1473132668 
0.818434614504 0.713238626482 0.184797190925 0.951967396559 
0.576937425419 0.73860014979 0.754807899441 0.947294591192 
1.20687401333 1.212638459 0.270046692162 0.347216574102 
0.541191190758 0.487561753507 0.366476958322 1.0933707194 
0.256069143294 0.643815639905 1.2186739476 0.848364615793 
0.139924146945 0.121641719375 1.17807033483 1.12277030297 
1.3081497357 1.21536633401 0.477453321058 0.00470850832761 
0.696497939911 0.963758835849 0.780537614979 0.703237109382 
0.970566109837 0.377847279669 0.03893087927 0.823556829391 
0.366580380279 0.740664844723 1.12046376226 0.990096928708 
0.0872414296998 0.508247555755 1.24109519636 1.13663746397 
1.40456965082 0.546807327968 0.0403237196606 0.00470710947229 
0.716822436595 1.06155575203 0.963706143767 0.633138607765 
0.516108143879 0.217733828193 0.476968438667 1.08072642134 
0.0872414296998 0.508247555755 1.24109519636 1.13663746397 
0.123859412184 1.23163479991 1.18848914156 0.285557171401 
0.63491214637 1.28281621614 1.11888624331 0.0046675334712 
0.421662722352 0.529184060038 1.16627183896 0.00455515590883 
0.0872414296998 0.508247555755 1.24109519636 1.13663746397 
0.137391089245 0.407942358198 1.15674387156 1.10298257983 
0.506556991152 0.54483672811 0.468141295468 1.06072639554 
0.716822436595 1.06155575203 0.963706143767 0.633138607765 
0.137391089245 0.407942358198 1.15674387156 1.10298257983 
1.15290233657 1.15069116904 0.133515150191 0.591013489959 
0.872736390853 0.945660419203 0.840136274109 0.559179327856 
0.872736390853 0.945660419203 0.840136274109 0.559179327856 
0.728441689335 0.676776478539 0.467497635135 1.00290816761 
1.29382892887 1.30000849713 0.284749489636 0.293531339612 
0.413052632011 0.88448915665 1.07373413912 0.869346394476 
0.426835904448 0.371974436205 0.181148758676 1.12051563424 
0.968587196061 1.23999081368 0.747763524749 0.349963318794 
0.0872414296998 0.508247555755 1.24109519636 1.13663746397 
0.250962737932 0.502043263445 1.12966820786 1.13001723126 
0.0872414296998 0.508247555755 1.24109519636 1.13663746397 
0.0872414296998 0.508247555755 1.24109519636 1.13663746397 
0.97152627024 1.24375342115 0.737713081187 0.279111490161 
0.872736390853 0.945660419203 0.840136274109 0.559179327856 
0.137391089245 0.407942358198 1.15674387156 1.10298257983 
0.968587196061 1.23999081368 0.747763524749 0.349963318794 
0.629377194985 0.80573362681 0.749940884527 0.911661213413 
0.926811344917 1.21076322233 0.953491043174 0.004690646231 
0.137391089245 0.407942358198 1.15674387156 1.10298257983 
0.980561824644 0.580677273141 0.355747017796 0.757995168707 
1.09959958653 1.02160846675 0.426194872584 0.409348651021 
1.01020302097 0.641753724132 0.492682938811 0.391196531075 
0.292716112129 0.908907748481 1.17933272821 0.627828410804 
0.994216210989 1.27280111965 0.73866089083 0.158480571673 
0.594012629878 0.243920581947 0.822769957792 0.90884210732 
0.21137764131 0.975005998222 1.23034265855 0.856977099796 
0.683008060665 0.846328000376 0.757086656126 0.859421978521 
0.319383746415 0.336281139518 1.18744069326 0.474541435325 
0.728441689335 0.676776478539 0.467497635135 1.00290816761 
0.456284081594 0.921906840024 1.12348663464 0.849323560771 
0.818434614504 0.713238626482 0.184797190925 0.951967396559 
0.728441689335 0.676776478539 0.467497635135 1.00290816761 
0.872736390853 0.945660419203 0.840136274109 0.559179327856 
0.245799471162 0.7632294966 1.16979887243 0.814341114049 
0.21137764131 0.975005998222 1.23034265855 0.856977099796 
0.497915020584 0.711733165536 0.925302332641 0.951421754138 
0.237555676646 1.38390405051 1.25850315936 0.00472004879736 
0.319383746415 0.336281139518 1.18744069326 0.474541435325 
0.930029503136 0.995285141268 0.444769652001 0.741413110838 
0.123859412184 1.23163479991 1.18848914156 0.285557171401 
1.3250654053 1.19375431371 0.372162735425 0.204180407729 
0.63491214637 1.28281621614 1.11888624331 0.0046675334712 
0.872736390853 0.945660419203 0.840136274109 0.559179327856 
0.594535988982 0.761129859061 0.746160158237 0.926412003674 
0.0872414296998 0.508247555755 1.24109519636 1.13663746397 
0.21137764131 0.975005998222 1.23034265855 0.856977099796 
1.23914755399 1.32609147128 0.452267636834 0.00445974143247 
0.403598022013 0.431918279348 0.448394056249 1.08370327635 
0.516108143879 0.217733828193 0.476968438667 1.08072642134 
0.506556991152 0.54483672811 0.468141295468 1.06072639554 
0.366580380279 0.740664844723 1.12046376226 0.990096928708 
0.21137764131 0.975005998222 1.23034265855 0.856977099796 
1.3250654053 1.19375431371 0.372162735425 0.204180407729 
0.0334220077745 0.608759948823 1.21355019245 0.958986862229 
0.516108143879 0.217733828193 0.476968438667 1.08072642134 
0.994216210989 1.27280111965 0.73866089083 0.158480571673 
