1.18888749092 1.20055987171 0.664938131961 0.116241159639 
1.18888749092 1.20055987171 0.664938131961 0.116241159639 
0.23771608083 0.147124326425 1.14438116439 1.11574752791 
1.18888749092 1.20055987171 0.664938131961 0.116241159639 
0.0876662350956 0.226560480289 1.11928533497 1.17082285308 
0.745017501912 0.640753000969 0.55934976665 0.883696179412 
1.18888749092 1.20055987171 0.664938131961 0.116241159639 
1.18888749092 1.20055987171 0.664938131961 0.116241159639 
0.233640019991 0.603783482153 1.12069775547 1.03770941952 
0.0879684382603 0.220917370549 1.12314345706 1.17485863666 
0.856387648309 1.00274666429 0.839130528571 0.555906809627 
0.367316236985 0.469724251703 1.05085652649 1.11233080638 
0.233640019991 0.603783482153 1.12069775547 1.03770941952 
0.616981629823 0.563790524034 0.418013092504 1.10590179686 
0.808233346951 1.09933647051 0.987359800062 0.520355823351 
0.773673489183 0.989368268985 1.05351707184 0.115644667861 
0.585683944229 0.568390941586 0.583326952754 1.11492580559 
0.808233346951 1.09933647051 0.987359800062 0.520355823351 
1.32283380694 0.683951828682 0.426584948135 0.11703782621 
0.734343640525 0.99883429413 0.971643288214 0.673150304766 
0.626695019139 0.608190900002 0.578858240414 1.0755144747 
1.29573433056 0.966878476208 0.057383731687 0.17074252609 
0.358944583513 0.859819664447 1.17661383504 0.875877499572 
1.13625313012 1.03829243083 0.407357224404 0.558278093721 
1.32283380694 0.683951828682 0.426584948135 0.11703782621 
0.620754789317 0.320952049913 0.420569500251 1.11266497603 
0.242253968294 0.221370441628 0.419735536005 1.23417659111 
1.36769741029 1.19306525746 0.194702345364 0.115515411168 
1.32283380694 0.683951828682 0.426584948135 0.11703782621 
0.23771608083 0.147124326425 1.14438116439 1.11574752791 
0.78409310239 1.06650176005 0.9751525164 0.556694060396 
0.387960245322 0.527695799162 0.992228729257 1.14669630031 
1.18888749092 1.20055987171 0.664938131961 0.116241159639 
0.72163998192 0.981555225104 0.985803262228 0.732563723841 
1.13010591221 0.628711045635 0.585038520308 0.51912457885 
1.32283380694 0.683951828682 0.426584948135 0.11703782621 
0.358944583513 0.859819664447 1.17661383504 0.875877499572 
0.603556816259 0.609484142176 0.657724066153 1.07780144262 
1.23708983462 1.20055987171 0.58645169156 0.116241159639 
0.876103566324 1.1916511526 0.986017003621 0.181961838076 
1.18888749092 1.20055987171 0.664938131961 0.116241159639 
0.417167085021 0.421264984803 0.659248251423 1.17619903725 
0.23771608083 0.147124326425 1.14438116439 1.11574752791 
1.18888749092 1.20055987171 0.664938131961 0.116241159639 
0.483914886429 0.373165703381 0.655137970296 1.07917620585 
0.808233346951 1.09933647051 0.987359800062 0.520355823351 
1.14543146974 1.15667732714 0.659627025739 0.322420658503 
0.623866022174 0.848566528532 0.962756005785 0.855400075357 
0.712469046529 0.548322045866 0.973275191853 0.736657478389 
0.0879684382603 0.220917370549 1.12314345706 1.17485863666 
0.562565803073 0.868493199156 1.05676406168 0.884713146536 
0.722139998513 0.555764868067 0.986486316114 0.733071315776 
0.924411510784 0.47795335596 0.420069079759 0.893005625538 
0.712469046529 0.548322045866 0.973275191853 0.736657478389 
0.562565803073 0.868493199156 1.05676406168 0.884713146536 
1.23708983462 1.20055987171 0.58645169156 0.116241159639 
1.11537785089 1.0824422193 0.578858240414 0.519896092663 
0.184420961586 0.221111472189 0.877907072252 1.232678968 
0.734343640525 0.99883429413 0.971643288214 0.673150304766 
0.352153979481 0.422210608291 0.881580960693 1.17883929145 
1.23708983462 1.20055987171 0.58645169156 0.116241159639 
1.11537785089 1.0824422193 0.578858240414 0.519896092663 
0.585683944229 0.568390941586 0.583326952754 1.11492580559 
0.616981629823 0.563790524034 0.418013092504 1.10590179686 
1.08210956672 1.09273391592 0.662568811527 0.530370000942 
0.876103566324 1.1916511526 0.986017003621 0.181961838076 
0.563352134836 0.32188365439 0.661969940367 1.11126693925 
0.367316236985 0.469724251703 1.05085652649 1.11233080638 
1.18888749092 1.20055987171 0.664938131961 0.116241159639 
1.13157184425 1.23275142765 0.651645499487 0.318519218833 
0.992276095981 0.552032287364 0.574418733633 0.73201630436 
0.623051682074 0.796755191421 1.03603268408 0.731176403426 
0.091653758824 0.181868275804 1.17019265547 1.22407438926 
0.358944583513 0.859819664447 1.17661383504 0.875877499572 
1.18888749092 1.20055987171 0.664938131961 0.116241159639 
0.233640019991 0.603783482153 1.12069775547 1.03770941952 
0.80783179425 0.622949608206 0.659911569524 0.835762226433 
0.808233346951 1.09933647051 0.987359800062 0.520355823351 
0.808233346951 1.09933647051 0.987359800062 0.520355823351 
0.442651309345 0.518303842518 0.847096601855 1.10472166759 
0.992584467458 0.861214878038 0.144157299258 0.877298790331 
0.459700225932 1.18796446745 1.19287293681 0.52122230988 
0.992276095981 0.552032287364 0.574418733633 0.73201630436 
0.995020484049 1.19295867161 0.881580960693 0.115505089821 
1.06940002345 1.07989962774 0.664938131961 0.563663064597 
0.734343640525 0.99883429413 0.971643288214 0.673150304766 
0.648956098996 0.335533128279 0.424261337898 1.10573144307 
0.184420961586 0.221111472189 0.877907072252 1.232678968 
0.706426899799 0.9033742633 1.05310218572 0.523807246757 
0.808233346951 1.09933647051 0.987359800062 0.520355823351 
1.23708983462 1.20055987171 0.58645169156 0.116241159639 
1.13010591221 0.628711045635 0.585038520308 0.51912457885 
0.876103566324 1.1916511526 0.986017003621 0.181961838076 
0.603556816259 0.609484142176 0.657724066153 1.07780144262 
1.13010591221 0.628711045635 0.585038520308 0.51912457885 
0.184420961586 0.221111472189 0.877907072252 1.232678968 
1.18888749092 1.20055987171 0.664938131961 0.116241159639 
0.549720435223 0.423910714031 0.659940388736 1.05194021112 
1.01451045796 1.02447131795 0.671119967422 0.690428374078 
0.091653758824 0.181868275804 1.17019265547 1.22407438926 
