0.131446662102 0.0885220553437 1.24690125582 0.971331661158 
0.576967541669 0.672328244282 0.568000726113 0.98122498029 
0.567371597383 1.17178041724 1.14306176044 0.53180965233 
0.955666362466 1.11361653991 0.556280034244 0.644425328983 
0.291038171164 0.311773056538 0.570158041147 1.09832723718 
0.652094967335 0.180021255761 1.08468253494 0.132323884009 
0.142830557489 0.124060268146 1.16056344761 1.10142281615 
0.460232518088 0.512890934816 0.611781536677 1.03653176604 
0.148923615655 0.219350204419 1.17155087542 1.00272265551 
0.131446662102 0.0885220553437 1.24690125582 0.971331661158 
0.873815456104 1.13401722645 0.828622324907 0.55787038951 
0.576967541669 0.672328244282 0.568000726113 0.98122498029 
0.466288372148 0.543356567061 0.568000726113 1.03119137715 
0.466288372148 0.543356567061 0.568000726113 1.03119137715 
0.280306342328 0.412861718528 1.23875476297 0.65548893887 
0.652094967335 0.180021255761 1.08468253494 0.132323884009 
0.205672138272 0.138508062523 1.2352530605 0.720349497807 
0.148923615655 0.219350204419 1.17155087542 1.00272265551 
0.17955635082 1.05234691531 1.25079646812 0.648483819626 
0.307067844991 0.266712081713 1.17347015475 0.972462920173 
0.955666362466 1.11361653991 0.556280034244 0.644425328983 
0.17955635082 1.05234691531 1.25079646812 0.648483819626 
0.142830557489 0.124060268146 1.16056344761 1.10142281615 
0.565711750552 0.491362785325 1.1723993945 0.351417441982 
0.576967541669 0.672328244282 0.568000726113 0.98122498029 
0.955666362466 1.11361653991 0.556280034244 0.644425328983 
1.10786260112 1.10773733501 0.202548713468 0.58967552361 
0.466288372148 0.543356567061 0.568000726113 1.03119137715 
0.286198991929 0.248585992433 1.17347087657 0.995377101938 
0.417959672563 0.540664587736 0.847393982906 0.990771427161 
1.10378448136 1.14360247826 0.412448860565 0.565469429518 
0.466288372148 0.543356567061 0.568000726113 1.03119137715 
0.17955635082 1.05234691531 1.25079646812 0.648483819626 
0.914393877753 0.979534851519 0.572316973518 0.738894623841 
0.450518719624 0.930447542571 1.05671967628 0.67898101509 
0.536490326741 0.563056705308 0.854713558206 0.980284918279 
1.14824958408 1.22905115324 0.571361283884 0.348789016109 
0.142830557489 0.124060268146 1.16056344761 1.10142281615 
1.11981539172 1.30489531178 0.557212410879 0.340151405755 
0.298862359475 0.575866755599 1.14276108155 1.04047491513 
1.10378448136 1.14360247826 0.412448860565 0.565469429518 
0.576967541669 0.672328244282 0.568000726113 0.98122498029 
0.508895713013 0.980569431716 1.06736088984 0.672091461902 
0.466288372148 0.543356567061 0.568000726113 1.03119137715 
0.466288372148 0.543356567061 0.568000726113 1.03119137715 
0.562582921301 0.595965654806 0.203127264243 0.999627034348 
0.610443873369 1.26073634526 1.14306176044 0.349965182436 
0.691108784476 0.763846207178 0.389702782051 0.891670440253 
0.279481729654 0.577209785346 1.15320631205 1.03098874343 
0.53408812506 1.27275157465 1.1068612776 0.331771857166 
0.613007267305 0.714324438163 0.562466518451 0.949296816673 
0.226015132864 1.14436741871 1.20916442314 0.574987431836 
0.17955635082 1.05234691531 1.25079646812 0.648483819626 
0.284905862875 0.332265801758 0.55814443474 1.07518468634 
0.685084393074 1.08369400323 1.02427662297 0.667801363125 
0.929139379415 1.23310179753 0.854875505496 0.342293690968 
1.22020630328 1.2642238896 0.415416843181 0.350933342542 
0.652094967335 0.180021255761 1.08468253494 0.132323884009 
0.203501825365 0.321909625747 1.01975200413 1.10926382843 
0.142830557489 0.124060268146 1.16056344761 1.10142281615 
1.06557566744 1.12251540372 0.133759391915 0.648431767966 
1.02704586531 1.12457273404 0.37750369822 0.650765649695 
0.17955635082 1.05234691531 1.25079646812 0.648483819626 
0.131446662102 0.0885220553437 1.24690125582 0.971331661158 
1.02704586531 1.12457273404 0.37750369822 0.650765649695 
0.307067844991 0.266712081713 1.17347015475 0.972462920173 
0.652094967335 0.180021255761 1.08468253494 0.132323884009 
1.06557566744 1.12251540372 0.133759391915 0.648431767966 
0.17955635082 1.05234691531 1.25079646812 0.648483819626 
0.280306342328 0.412861718528 1.23875476297 0.65548893887 
0.0839765111533 0.492177458513 1.26468465684 1.05940230311 
0.450518719624 0.930447542571 1.05671967628 0.67898101509 
0.466288372148 0.543356567061 0.568000726113 1.03119137715 
0.118044885767 0.691843653475 1.29622106908 0.979079529446 
0.652094967335 0.180021255761 1.08468253494 0.132323884009 
1.10378448136 1.14360247826 0.412448860565 0.565469429518 
0.131446662102 0.0885220553437 1.24690125582 0.971331661158 
0.226015132864 1.14436741871 1.20916442314 0.574987431836 
0.466621459473 0.513229965591 0.568406475371 1.03192800812 
0.298862359475 0.575866755599 1.14276108155 1.04047491513 
0.142830557489 0.124060268146 1.16056344761 1.10142281615 
0.298862359475 0.575866755599 1.14276108155 1.04047491513 
0.783234357867 0.822018245123 0.847650167269 0.744928642536 
0.652094967335 0.180021255761 1.08468253494 0.132323884009 
0.226015132864 1.14436741871 1.20916442314 0.574987431836 
0.148923615655 0.219350204419 1.17155087542 1.00272265551 
0.944408199648 0.9911725953 0.815946194465 0.338484744519 
0.500966870095 0.648040580491 0.84993905291 0.940887070745 
0.665214087643 1.12251540372 0.994568142792 0.648431767966 
0.466288372148 0.543356567061 0.568000726113 1.03119137715 
0.17955635082 1.05234691531 1.25079646812 0.648483819626 
0.691108784476 0.763846207178 0.389702782051 0.891670440253 
0.466288372148 0.543356567061 0.568000726113 1.03119137715 
0.307067844991 0.266712081713 1.17347015475 0.972462920173 
0.455798231935 1.08618460922 1.10500919602 0.628550542872 
0.148923615655 0.219350204419 1.17155087542 1.00272265551 
0.576967541669 0.672328244282 0.568000726113 0.98122498029 
0.955666362466 1.11361653991 0.556280034244 0.644425328983 
0.131446662102 0.0885220553437 1.24690125582 0.971331661158 
0.205672138272 0.138508062523 1.2352530605 0.720349497807 
