0.053585356495 0.636068372921 1.26115085156 1.08063621075 
0.973372607052 1.29703198804 0.833805485572 0.327141312715 
0.060371977205 1.03696744632 1.19862065717 0.678857097215 
0.301208510707 0.539681041308 0.990057288891 1.09591298024 
0.895968388028 1.19388986234 0.84124554414 0.590117123752 
0.518886982279 0.652112441808 0.706367134082 0.96634183191 
0.51293335387 0.919032033669 1.0346739389 0.879548090653 
0.0966950146412 1.14778277603 1.25039040655 0.58261175553 
0.842511943565 0.902683266701 0.530061056406 0.887937447383 
0.663967147318 0.778380886647 0.747598617444 0.943016210676 
0.0495370050198 0.866830867312 1.26551601143 0.894402638025 
0.765028107133 1.21162760836 1.01729740157 0.272457251443 
0.053585356495 0.636068372921 1.26115085156 1.08063621075 
0.053585356495 0.636068372921 1.26115085156 1.08063621075 
0.175812379769 0.242601769078 0.913983350393 1.2030682496 
1.06912982728 1.26786475246 0.723532060521 0.328400189885 
1.00752974413 1.1948141695 0.716617605874 0.486898461547 
0.371580083925 0.826394963232 1.09084935234 0.881856154316 
0.383819195471 0.607881105249 1.02977627831 1.08422230608 
0.053585356495 0.636068372921 1.26115085156 1.08063621075 
0.866208817087 1.18218378506 0.85821196815 0.478723630479 
0.0495370050198 0.866830867312 1.26551601143 0.894402638025 
1.19152953942 1.27772204586 0.530782590958 0.273679161545 
0.27361575654 0.608522312278 1.14752464428 1.07919159459 
1.06912982728 1.26786475246 0.723532060521 0.328400189885 
0.0365754819467 0.415902456159 1.22030109224 1.15979089836 
0.601312584737 0.843828138596 0.87491397196 0.953644982178 
0.107936124272 1.28121546727 1.27339861045 0.331858399711 
0.383819195471 0.607881105249 1.02977627831 1.08422230608 
0.0367151649193 0.415127315337 1.22496163952 1.16422015225 
0.0214827841633 0.255008783366 1.24339851545 1.21141530717 
1.01209348889 1.08437610721 0.512015008496 0.632433397542 
0.0849041498553 0.100686790679 0.712606782146 1.22951277093 
0.183116803677 0.249914310347 0.846859111961 1.17978536999 
0.053585356495 0.636068372921 1.26115085156 1.08063621075 
0.0717575822375 0.851773856306 1.23261344275 0.917960826408 
0.00832165376509 0.101446758115 1.21766222735 1.23576216671 
0.719696845163 0.841402753237 0.645573657207 0.950903919724 
0.227691645116 0.216519414311 0.427776834367 1.13096371753 
1.06912982728 1.26786475246 0.723532060521 0.328400189885 
0.053585356495 0.636068372921 1.26115085156 1.08063621075 
0.501215755564 0.651182758288 0.868253504071 1.05032312394 
0.347828650932 0.804831846269 1.07823419071 0.896033935513 
0.934428868246 1.24513895102 0.841268888906 0.494081124159 
0.0214827841633 0.255008783366 1.24339851545 1.21141530717 
0.110538893571 0.245839390923 1.14006373783 1.21912383464 
0.053585356495 0.636068372921 1.26115085156 1.08063621075 
1.01209348889 1.08437610721 0.512015008496 0.632433397542 
1.00752974413 1.1948141695 0.716617605874 0.486898461547 
0.785388751834 1.21365665006 1.00801900352 0.328159274171 
0.0364589472995 0.432776798926 1.21641289295 1.15609566243 
1.02927990631 0.972767635568 0.234350050084 0.693569560732 
0.497973761556 1.10749448532 1.14749280175 0.586839802261 
0.053585356495 0.636068372921 1.26115085156 1.08063621075 
0.0364589472995 0.432776798926 1.21641289295 1.15609566243 
0.371580083925 0.826394963232 1.09084935234 0.881856154316 
0.053585356495 0.636068372921 1.26115085156 1.08063621075 
0.508609491094 1.13114834638 1.12379198327 0.488552445048 
0.490206702504 0.653207154074 0.837695931851 1.08063975297 
0.530810090678 0.629479728206 0.716617605874 1.06944243722 
0.508609491094 1.13114834638 1.12379198327 0.488552445048 
0.053585356495 0.636068372921 1.26115085156 1.08063621075 
0.0495370050198 0.866830867312 1.26551601143 0.894402638025 
0.0495370050198 0.866830867312 1.26551601143 0.894402638025 
0.508609491094 1.13114834638 1.12379198327 0.488552445048 
0.51293335387 0.919032033669 1.0346739389 0.879548090653 
0.155171542588 0.243476300394 1.00055534462 1.20740510937 
0.383819195471 0.607881105249 1.02977627831 1.08422230608 
0.053585356495 0.636068372921 1.26115085156 1.08063621075 
1.06912982728 1.26786475246 0.723532060521 0.328400189885 
0.227691645116 0.216519414311 0.427776834367 1.13096371753 
1.00752974413 1.1948141695 0.716617605874 0.486898461547 
0.492713459617 0.672445252211 0.853523907613 1.03250593997 
0.891044829216 1.04458813373 0.766335486787 0.686340707695 
0.352111123761 0.783095998441 1.03369083918 0.892624980153 
0.27361575654 0.608522312278 1.14752464428 1.07919159459 
0.583239086384 0.551216594957 0.192086807288 1.01409350288 
0.0365754819467 0.415902456159 1.22030109224 1.15979089836 
0.0575701857167 0.70296905582 1.24809816405 1.05588509435 
0.490206702504 0.653207154074 0.837695931851 1.08063975297 
0.497973761556 1.10749448532 1.14749280175 0.586839802261 
0.053585356495 0.636068372921 1.26115085156 1.08063621075 
0.685086066536 1.0749519428 1.01108697729 0.628684744407 
0.0364589472995 0.432776798926 1.21641289295 1.15609566243 
1.00752974413 1.1948141695 0.716617605874 0.486898461547 
0.842511943565 0.902683266701 0.530061056406 0.887937447383 
0.490206702504 0.653207154074 0.837695931851 1.08063975297 
0.5350396783 1.23801415166 1.16133166628 0.207495640418 
0.685086066536 1.0749519428 1.01108697729 0.628684744407 
0.524097794959 1.21269603702 1.16344990656 0.329766438165 
0.0214827841633 0.255008783366 1.24339851545 1.21141530717 
0.053585356495 0.636068372921 1.26115085156 1.08063621075 
0.0495370050198 0.866830867312 1.26551601143 0.894402638025 
0.501215755564 0.651182758288 0.868253504071 1.05032312394 
0.053585356495 0.636068372921 1.26115085156 1.08063621075 
0.497973761556 1.10749448532 1.14749280175 0.586839802261 
0.685086066536 1.0749519428 1.01108697729 0.628684744407 
0.053585356495 0.636068372921 1.26115085156 1.08063621075 
0.383819195471 0.607881105249 1.02977627831 1.08422230608 
0.524097794959 1.21269603702 1.16344990656 0.329766438165 
