0.379008744977 0.336479304263 0.280422876365 1.1164482215 
0.16372731271 0.110423611953 1.20577743755 1.12921164504 
1.07907377631 1.08152226979 0.63180403363 0.527074198689 
0.266249250129 0.179568138391 1.21787359146 0.955489280289 
0.810515026376 0.937322641031 0.844083094236 0.485688767347 
0.00566254721614 0.692321437379 1.21137681826 0.901790235599 
1.1425171519 0.991530430275 0.0823930000205 0.572410935573 
0.558599858808 0.316437027837 1.00939973507 0.951887945373 
0.0750875851931 0.111663043317 1.27266416526 1.14188856538 
1.07907377631 1.08152226979 0.63180403363 0.527074198689 
0.746654136776 0.817412000618 0.772711444499 0.898372213873 
0.286603388086 0.436031799607 1.02305013679 1.10398665302 
0.408038670759 0.27519608486 1.20577743755 0.29987841401 
0.379008744977 0.336479304263 0.280422876365 1.1164482215 
0.819302255485 0.711029263813 0.081062558266 0.931069413486 
1.32176924831 0.290301096977 0.280028125654 0.134552900029 
0.746654136776 0.817412000618 0.772711444499 0.898372213873 
0.36356410816 0.987344051766 1.14493662272 0.477425690889 
0.496883321875 0.4208759593 0.0351261200432 1.09057257401 
0.856232634523 1.05752222015 0.843124694706 0.282102566765 
0.891633201342 1.05601914031 0.87798344828 0.293774484619 
0.746654136776 0.817412000618 0.772711444499 0.898372213873 
0.629133538394 0.289665394464 0.866772199005 0.855103394795 
0.746654136776 0.817412000618 0.772711444499 0.898372213873 
0.278682658451 0.999310000395 1.17306092903 0.48763018264 
0.798409158307 0.707773056063 0.260641732244 0.926804575432 
0.634698196727 0.96561484735 0.99575917786 0.557444480454 
0.134279107569 0.199686751382 1.27771943235 0.897633461038 
0.379008744977 0.336479304263 0.280422876365 1.1164482215 
1.14292053384 0.251020396887 0.271947984391 0.584910951568 
0.746654136776 0.817412000618 0.772711444499 0.898372213873 
0.22481544422 1.06626590682 1.26901642284 0.490338230319 
1.08232785139 1.18489630753 0.780768160155 0.134273082707 
0.746654136776 0.817412000618 0.772711444499 0.898372213873 
0.634698196727 0.96561484735 0.99575917786 0.557444480454 
0.379008744977 0.336479304263 0.280422876365 1.1164482215 
1.05398989526 0.928989457107 0.238152752891 0.726130878026 
1.11625024849 0.983865893231 0.230117771011 0.567984604511 
0.264938297223 0.277906812568 1.24068078099 0.971123285185 
0.698072033178 1.07620700427 1.06980588773 0.524482820525 
0.819302255485 0.711029263813 0.081062558266 0.931069413486 
0.379008744977 0.336479304263 0.280422876365 1.1164482215 
0.22481544422 1.06626590682 1.26901642284 0.490338230319 
0.264938297223 0.277906812568 1.24068078099 0.971123285185 
0.93127341345 0.841949545133 0.302323293526 0.821862059134 
0.264938297223 0.277906812568 1.24068078099 0.971123285185 
0.118055543418 0.687673019994 1.24279459594 0.934160932364 
0.856232634523 1.05752222015 0.843124694706 0.282102566765 
0.634698196727 0.96561484735 0.99575917786 0.557444480454 
1.11625024849 0.983865893231 0.230117771011 0.567984604511 
0.810515026376 0.937322641031 0.844083094236 0.485688767347 
0.118055543418 0.687673019994 1.24279459594 0.934160932364 
0.264938297223 0.277906812568 1.24068078099 0.971123285185 
1.11625024849 0.983865893231 0.230117771011 0.567984604511 
0.383022350846 1.04018745299 1.13185265279 0.281480650701 
0.264938297223 0.277906812568 1.24068078099 0.971123285185 
0.00566254721614 0.692321437379 1.21137681826 0.901790235599 
1.30253559023 1.15467058934 0.275953260432 0.13259196391 
0.83841901009 0.184142460042 0.281921084615 0.979834630617 
0.118055543418 0.687673019994 1.24279459594 0.934160932364 
0.650394017967 0.803293565223 0.845471467274 0.785144945182 
0.240571953766 0.430458817908 1.25275351798 0.131019321534 
0.891633201342 1.05601914031 0.87798344828 0.293774484619 
0.362824991686 0.244702333895 1.17439558029 0.570183859239 
0.394072194474 0.265776584868 1.24101291638 0.517505583804 
1.11625024849 0.983865893231 0.230117771011 0.567984604511 
0.566117082583 0.699204195196 0.837734815142 0.898771952345 
0.264938297223 0.277906812568 1.24068078099 0.971123285185 
0.741142179112 1.14260757116 1.06154222746 0.304417829294 
0.250603213419 0.722656764497 1.17355086788 0.918567411782 
0.348029597731 0.429847118962 0.854075104001 1.0761090502 
1.07907377631 1.08152226979 0.63180403363 0.527074198689 
0.118055543418 0.687673019994 1.24279459594 0.934160932364 
0.240571953766 0.430458817908 1.25275351798 0.131019321534 
0.763773626919 0.82452214894 0.98364885189 0.513707636493 
0.55829048504 0.770512606053 1.00884068972 0.951360640095 
0.129243255917 0.752841190853 1.22980130961 0.863962015275 
1.01371746265 0.222643412993 0.271947984391 0.778723754575 
0.698072033178 1.07620700427 1.06980588773 0.524482820525 
0.235094851903 0.362442362279 1.0609817891 1.18395679669 
0.00566254721614 0.692321437379 1.21137681826 0.901790235599 
0.810515026376 0.937322641031 0.844083094236 0.485688767347 
0.52129134104 0.114491431825 0.282214202689 1.1591865661 
0.698072033178 1.07620700427 1.06980588773 0.524482820525 
0.118055543418 0.687673019994 1.24279459594 0.934160932364 
0.605281930103 0.74757619979 0.833911160754 0.822677067778 
1.05398989526 0.928989457107 0.238152752891 0.726130878026 
0.161764129195 0.446229274975 1.19131947639 1.11566932166 
0.286603388086 0.436031799607 1.02305013679 1.10398665302 
0.00566254721614 0.692321437379 1.21137681826 0.901790235599 
0.351211738007 0.534325385181 0.99575917786 1.04478375682 
0.217436554119 0.961108246207 1.24257603125 0.582190328638 
0.30403867029 0.266902359551 1.27979233051 0.5320160088 
0.746654136776 0.817412000618 0.772711444499 0.898372213873 
0.819302255485 0.711029263813 0.081062558266 0.931069413486 
0.929408778215 1.01748564303 0.752998179064 0.579659821546 
0.908708850461 0.195035973207 0.0360648353625 0.876722484616 
0.52129134104 0.114491431825 0.282214202689 1.1591865661 
1.08232785139 1.18489630753 0.780768160155 0.134273082707 
0.22481544422 1.06626590682 1.26901642284 0.490338230319 
