0.991372851486 1.06438495405 0.435248946741 0.658044976061 
1.20563644102 1.29442848726 0.433026772794 0.072311286523 
0.989613363275 0.513770763792 0.839273980651 0.152505430044 
0.292982648477 0.71654045142 1.15408312935 0.99869897127 
0.22065973548 0.243187636911 0.517369606358 1.17809842592 
0.877236182656 1.29192396082 0.905586466516 0.252169678278 
0.274463255703 0.671248311749 1.15237862442 1.01796968246 
0.687045541139 0.715519250336 0.422493876444 0.997275381564 
0.498380012858 1.23475655211 1.12849546585 0.413734504197 
0.446952432789 0.709758246388 0.981364064903 0.989244342386 
0.369683104923 0.587055241361 0.986458493914 1.05946056492 
0.373126790357 0.69863434813 1.03151284805 0.955132808352 
0.380484307296 0.392146441649 0.950868435267 1.05421468277 
0.498380012858 1.23475655211 1.12849546585 0.413734504197 
0.446961796675 0.232045187086 0.826807502779 1.0587286786 
0.808026283764 1.3171397065 0.971774724017 0.149119474563 
0.369683104923 0.587055241361 0.986458493914 1.05946056492 
1.20233744706 1.29088653117 0.434582049056 0.147621599735 
1.09048508477 1.20181554842 0.515365782235 0.564386847877 
0.691183465788 0.712368773387 0.961914029887 0.673552550818 
0.493690386063 0.625197729819 0.915910254455 0.991340105426 
0.262060567881 0.721116471357 1.18461198417 1.00507810167 
0.606594276131 0.963268072949 0.890203755683 0.692104855772 
0.373126790357 0.69863434813 1.03151284805 0.955132808352 
0.627857859697 1.14638597482 1.10016463269 0.0744816964179 
0.770085777729 0.775591209701 0.0249316605137 0.963194999028 
0.22065973548 0.243187636911 0.517369606358 1.17809842592 
0.22065973548 0.243187636911 0.517369606358 1.17809842592 
1.20233744706 1.29088653117 0.434582049056 0.147621599735 
0.22065973548 0.243187636911 0.517369606358 1.17809842592 
0.373126790357 0.69863434813 1.03151284805 0.955132808352 
0.877236182656 1.29192396082 0.905586466516 0.252169678278 
0.096248236967 0.235394954198 1.15857029125 1.17056260523 
0.244832897157 0.598782526602 1.1490936701 1.05410987884 
0.466299666126 1.2831203815 1.17288014991 0.25487784369 
0.991372851486 1.06438495405 0.435248946741 0.658044976061 
0.568588485103 0.613015492137 0.448269946828 1.05491100136 
0.687045541139 0.715519250336 0.422493876444 0.997275381564 
0.446952432789 0.709758246388 0.981364064903 0.989244342386 
0.280104086456 0.511434660034 1.09590367296 1.05004367106 
0.22065973548 0.243187636911 0.517369606358 1.17809842592 
0.978241863687 1.31821584729 0.842807218051 0.256157306347 
1.09048508477 1.20181554842 0.515365782235 0.564386847877 
0.54804563628 0.722455653353 0.848561721809 0.997922603839 
0.472225990466 0.687373672989 0.876088200755 0.948231283543 
0.913283645983 1.1565599977 0.928058826217 0.153819044099 
0.627857859697 1.14638597482 1.10016463269 0.0744816964179 
0.262060567881 0.721116471357 1.18461198417 1.00507810167 
0.829644795306 1.09367045061 0.854645242433 0.691186528031 
0.767182861907 0.675977579521 0.839536071849 0.75909144901 
0.684354136424 0.754221714633 0.525085425322 1.01491183653 
0.786711577955 1.19307621279 0.941232484901 0.560281397507 
0.211215952975 0.581207547787 1.16033114763 1.04890540073 
0.472225990466 0.687373672989 0.876088200755 0.948231283543 
0.280104086456 0.511434660034 1.09590367296 1.05004367106 
1.20233744706 1.29088653117 0.434582049056 0.147621599735 
0.119995826972 0.301249727852 1.14414977011 1.14918833784 
0.807962688068 0.86869069244 0.450334775766 0.789468217984 
0.472225990466 0.687373672989 0.876088200755 0.948231283543 
0.22065973548 0.243187636911 0.517369606358 1.17809842592 
0.528116076433 1.2915968904 1.13944959733 0.150989646255 
0.280104086456 0.511434660034 1.09590367296 1.05004367106 
0.292982648477 0.71654045142 1.15408312935 0.99869897127 
0.818179360893 0.868433188432 0.983985550868 0.151297996355 
0.654287417551 0.862507638702 0.715990982884 0.765831517622 
1.10712937089 1.22015908974 0.514984733096 0.526400868182 
0.683773268051 1.0858276253 0.998867321948 0.686228625025 
0.22065973548 0.243187636911 0.517369606358 1.17809842592 
0.989613363275 0.513770763792 0.839273980651 0.152505430044 
0.991372851486 1.06438495405 0.435248946741 0.658044976061 
1.10712937089 1.22015908974 0.514984733096 0.526400868182 
0.373126790357 0.69863434813 1.03151284805 0.955132808352 
0.654287417551 0.862507638702 0.715990982884 0.765831517622 
0.413443011659 0.523574489105 0.916392334104 1.04275811117 
0.464373758497 0.701308428075 0.901990580059 0.947642256532 
0.472626922186 0.512189102977 1.18879521533 0.258338825826 
0.81730673635 0.884547005539 0.98293606931 0.15113643064 
0.501669207314 0.483093223921 0.930713049479 1.00736466958 
0.498380012858 1.23475655211 1.12849546585 0.413734504197 
0.807962688068 0.86869069244 0.450334775766 0.789468217984 
0.808026283764 1.3171397065 0.971774724017 0.149119474563 
0.311561114335 0.583360577708 1.02624657501 1.01250509426 
0.498380012858 1.23475655211 1.12849546585 0.413734504197 
0.466299666126 1.2831203815 1.17288014991 0.25487784369 
0.446952432789 0.709758246388 0.981364064903 0.989244342386 
0.446952432789 0.709758246388 0.981364064903 0.989244342386 
1.20233744706 1.29088653117 0.434582049056 0.147621599735 
0.913283645983 1.1565599977 0.928058826217 0.153819044099 
0.22065973548 0.243187636911 0.517369606358 1.17809842592 
0.385246053057 0.581808120562 0.909395698819 1.02715781934 
0.807962688068 0.86869069244 0.450334775766 0.789468217984 
1.10712937089 1.22015908974 0.514984733096 0.526400868182 
0.446961796675 0.232045187086 0.826807502779 1.0587286786 
0.440194758022 1.0765712315 1.15362918863 0.682503714798 
0.244832897157 0.598782526602 1.1490936701 1.05410987884 
0.464373758497 0.701308428075 0.901990580059 0.947642256532 
1.14515915455 1.19261876968 0.426921635339 0.528153283026 
0.446952432789 0.709758246388 0.981364064903 0.989244342386 
0.989613363275 0.513770763792 0.839273980651 0.152505430044 
0.472225990466 0.687373672989 0.876088200755 0.948231283543 
