1.00384957259 0.956804229317 0.163943985128 0.80590971749 
0.693219667691 0.66095075352 0.163953003864 1.03547870227 
0.425186626788 0.498323226983 0.714771013427 1.12039249861 
0.507867501243 1.10304171975 1.07998438474 0.615745679296 
0.520092740691 0.495882083524 0.163714268072 1.11453347395 
0.79879496892 1.08287601218 0.869341570296 0.668350937924 
0.117689466877 0.11289958884 0.938743538281 1.23597507558 
0.676386348518 0.855352105091 0.893789014439 0.907544330981 
0.971083571981 0.804825604158 0.808926230083 0.505310162602 
1.03370580091 0.643672715581 0.168821295809 0.829879500915 
0.581321387691 0.841731332091 0.915308048862 0.930639942463 
0.479466606666 0.205500688653 0.558165584678 1.14223506423 
1.18989631917 1.26122544169 0.545878823516 0.235169280823 
0.366401992597 0.454292755934 1.11358361026 0.814618208252 
0.472195465513 1.10557501972 1.10745964723 0.620703954447 
1.21781248571 1.18445973963 0.29077751567 0.494457721084 
1.18989631917 1.26122544169 0.545878823516 0.235169280823 
0.971083571981 0.804825604158 0.808926230083 0.505310162602 
0.713820565161 0.902691197757 0.883237018362 0.837440980437 
0.998489285101 0.0201690129265 0.452288109441 0.740907241434 
0.308495778077 0.670024447767 1.09771865346 1.05004314906 
0.691841545758 0.573391385231 0.80751345963 0.941556656466 
0.693219667691 0.66095075352 0.163953003864 1.03547870227 
0.129629075497 0.107432855688 0.748184286628 1.15562179662 
0.509731831478 1.02152184302 1.12562925177 0.501076468844 
1.34592633278 0.520574914388 0.193579966854 0.240046732333 
1.12178637574 1.06650945701 0.189184806523 0.668384471378 
1.13931343967 0.788671792333 0.560743200613 0.503954875042 
0.889908030335 0.849227403962 0.176398848433 0.927196609306 
0.303391407387 0.710345569207 1.11606787772 1.02384835493 
0.705010925371 0.63811636157 0.286712002604 1.07407997583 
0.877870449765 0.505229189868 0.628018811607 0.834950959934 
1.19166145347 0.74202979183 0.168434351411 0.631192424121 
0.622218328136 0.510301527958 0.971784790084 0.647915748394 
0.44007941803 0.637217882323 0.879682870138 1.04463088033 
0.557861941597 1.18148614103 1.08215790798 0.493052428415 
0.354104219677 0.749701818407 1.08524224891 0.995544398283 
0.472323555591 0.497611927226 0.549849445185 1.12521787795 
0.923398506475 0.454292755934 0.451261890314 0.814618208252 
1.39872776186 1.01458087606 0.210887307715 0.0790771408044 
1.24915221908 1.13334500013 0.298261663611 0.507182883157 
0.79879496892 1.08287601218 0.869341570296 0.668350937924 
0.621456123339 0.430191736031 0.561538799358 1.07890495782 
0.472323555591 0.497611927226 0.549849445185 1.12521787795 
0.693219667691 0.66095075352 0.163953003864 1.03547870227 
0.923398506475 0.454292755934 0.451261890314 0.814618208252 
0.157688857914 0.167139418422 0.537743394451 1.19497992168 
0.506946147455 1.1869385431 1.11947746602 0.49833797256 
0.572483736901 0.805886209162 1.11052280291 0.505976090154 
0.346257990053 0.752040541898 1.09533260469 0.998650088954 
0.161667720089 0.415472823301 1.11182702862 1.14728901035 
1.23156148344 0.852529312313 0.564994751882 0.243404703027 
0.954360136869 1.01156938445 0.541749835241 0.736228635455 
0.537377376639 0.756466819647 1.10712430309 0.632253435728 
1.39872776186 1.01458087606 0.210887307715 0.0790771408044 
0.566738905065 0.619614867745 0.739495577299 1.08830185816 
0.305161223687 0.646080698231 1.08678196228 1.05857321686 
0.592683200762 0.800546643217 0.93319838733 0.948829501862 
0.439249832107 0.480230682679 0.738413712637 1.15745047756 
0.399249484124 0.497828502346 0.78664768987 1.11890824992 
0.903661160376 0.957512835517 0.552669128937 0.828640843542 
0.346257990053 0.752040541898 1.09533260469 0.998650088954 
0.691841545758 0.573391385231 0.80751345963 0.941556656466 
1.18989631917 1.26122544169 0.545878823516 0.235169280823 
0.531067714451 0.480676952746 0.287176207849 1.15852608707 
1.34506876039 1.27625392319 0.17736674339 0.239417977709 
0.455508925934 0.735185512984 1.13969897063 0.683989799069 
0.789519918033 0.836847357852 0.544469658294 0.915431174172 
0.537377376639 0.756466819647 1.10712430309 0.632253435728 
0.510066239857 0.718020803123 1.08142678956 0.672913287862 
0.510066239857 0.718020803123 1.08142678956 0.672913287862 
0.346257990053 0.752040541898 1.09533260469 0.998650088954 
0.0659311365004 0.169437880197 1.1173191138 1.20167588944 
0.971083571981 0.804825604158 0.808926230083 0.505310162602 
0.613822915285 0.35326434909 0.628018811607 1.05722614093 
0.510066239857 0.718020803123 1.08142678956 0.672913287862 
0.691841545758 0.573391385231 0.80751345963 0.941556656466 
0.804412246177 0.441105164522 0.875455246795 0.679512102483 
0.952177558945 0.861831725137 0.288884285902 0.914419462393 
0.581321387691 0.841731332091 0.915308048862 0.930639942463 
0.509731831478 1.02152184302 1.12562925177 0.501076468844 
0.44007941803 0.637217882323 0.879682870138 1.04463088033 
0.789519918033 0.836847357852 0.544469658294 0.915431174172 
0.972024632029 0.768212252242 0.809710188427 0.505799870873 
0.691841545758 0.573391385231 0.80751345963 0.941556656466 
1.18989631917 1.26122544169 0.545878823516 0.235169280823 
0.843695999522 0.888869790414 0.551057841518 0.884818952946 
1.05508081465 1.11157336584 0.551516655688 0.624071720556 
0.129629075497 0.107432855688 0.748184286628 1.15562179662 
0.425186626788 0.498323226983 0.714771013427 1.12039249861 
1.33875930336 1.27756159238 0.17653453997 0.238294809256 
0.971083571981 0.804825604158 0.808926230083 0.505310162602 
1.16008939726 1.03476002626 0.195645987523 0.68789404596 
1.11011176098 1.1766579751 0.546369691754 0.49103747504 
0.509731831478 1.02152184302 1.12562925177 0.501076468844 
0.899100949276 1.136995694 0.895277368623 0.508816670718 
1.03900068962 1.13594009038 0.738447866292 0.50834425859 
0.399249484124 0.497828502346 0.78664768987 1.11890824992 
0.693219667691 0.66095075352 0.163953003864 1.03547870227 
0.0196228514546 0.0865709678163 0.390745896757 0.461294576044 
