0.515110656345 1.13633487859 0.992151827137 0.32845567015 
0.731044380217 0.756554937624 0.338308755145 0.734182981186 
0.455423005442 0.542496579767 0.515924743658 1.02126144666 
0.393516295427 0.287504227101 0.88619050387 0.883949819951 
0.297348147105 0.496421661474 0.87393392329 1.00939124224 
0.692540016649 0.802375842665 0.832609622156 0.0253256411634 
0.205936255417 0.245308929463 0.533748878519 1.09959073769 
0.92626007177 0.23396851949 0.619147129678 0.00828444927913 
0.150692676371 0.0633965729982 0.566330704509 1.1039713772 
0.731044380217 0.756554937624 0.338308755145 0.734182981186 
0.297348147105 0.496421661474 0.87393392329 1.00939124224 
1.0023369724 1.06884713006 0.145581645085 0.579191233563 
0.600398773351 1.073095676 0.945727855082 0.560504390401 
1.1320110254 1.12401078748 0.0886962724157 0.3837930269 
0.83267101162 0.880989906991 0.215298844467 0.842372780788 
0.254929622973 0.562374985121 1.02747846013 1.06625170519 
0.515110656345 1.13633487859 0.992151827137 0.32845567015 
0.0934284120283 0.51742966987 1.10225927445 0.987537099122 
0.556281792046 1.21607664451 0.992509405941 0.0150823146095 
1.18986759596 1.26882168164 0.15105834497 0.0620219296722 
0.858506180576 0.361186192288 0.568622125839 0.540908205046 
0.198532494687 1.17800758438 1.16373848345 0.382973272199 
0.393516295427 0.287504227101 0.88619050387 0.883949819951 
0.600398773351 1.073095676 0.945727855082 0.560504390401 
0.505127741848 0.522754166423 0.402467456331 1.0618840551 
0.731044380217 0.756554937624 0.338308755145 0.734182981186 
0.89553313812 1.19037524742 0.74004807535 0.0603467175712 
0.66857782064 0.707374249898 0.208108448682 0.944124437019 
0.455423005442 0.542496579767 0.515924743658 1.02126144666 
0.518980773145 0.92757677543 0.941719760969 0.779054677938 
0.92626007177 0.23396851949 0.619147129678 0.00828444927913 
1.00263822049 1.19433722443 0.547848626773 0.259123743283 
1.10589889275 1.05608573539 0.393590793515 0.0154320312308 
1.0023369724 1.06884713006 0.145581645085 0.579191233563 
0.455423005442 0.542496579767 0.515924743658 1.02126144666 
0.820455680379 1.11210758109 0.768574120803 0.567622145756 
0.393516295427 0.287504227101 0.88619050387 0.883949819951 
0.455423005442 0.542496579767 0.515924743658 1.02126144666 
0.692540016649 0.802375842665 0.832609622156 0.0253256411634 
0.455423005442 0.542496579767 0.515924743658 1.02126144666 
1.09851120935 1.1334371168 0.390961466487 0.0153286496996 
0.198532494687 1.17800758438 1.16373848345 0.382973272199 
0.216688517128 0.237922140069 0.415480040259 1.09639054187 
0.858506180576 0.361186192288 0.568622125839 0.540908205046 
0.515110656345 1.13633487859 0.992151827137 0.32845567015 
0.48447713435 0.866572593857 0.947704577837 0.849325517541 
0.393516295427 0.287504227101 0.88619050387 0.883949819951 
0.393516295427 0.287504227101 0.88619050387 0.883949819951 
0.715234217952 0.756738157252 0.215653188659 0.925806951313 
0.92626007177 0.23396851949 0.619147129678 0.00828444927913 
0.600398773351 1.073095676 0.945727855082 0.560504390401 
0.849744659791 1.12951146515 0.741290357356 0.374454810814 
0.981307759266 1.03804927358 0.479090764343 0.580905544859 
0.600398773351 1.073095676 0.945727855082 0.560504390401 
0.393516295427 0.287504227101 0.88619050387 0.883949819951 
0.393516295427 0.287504227101 0.88619050387 0.883949819951 
0.647375925938 0.172275713125 0.655070661552 0.8796848403 
0.139330268654 0.249216127971 0.936897891836 1.12620462039 
0.455423005442 0.542496579767 0.515924743658 1.02126144666 
0.297348147105 0.496421661474 0.87393392329 1.00939124224 
0.216688517128 0.237922140069 0.415480040259 1.09639054187 
0.606867397706 0.703115477081 0.832685516287 0.519381528157 
0.436650257334 0.522141834419 0.658665653984 1.07320495624 
0.92626007177 0.23396851949 0.619147129678 0.00828444927913 
0.48447713435 0.866572593857 0.947704577837 0.849325517541 
1.00263822049 1.19433722443 0.547848626773 0.259123743283 
0.600398773351 1.073095676 0.945727855082 0.560504390401 
0.576797550578 0.687077467819 0.516864309698 0.909623916369 
0.250091463102 0.683747807099 1.10364275631 0.947938764026 
0.715234217952 0.756738157252 0.215653188659 0.925806951313 
0.692540016649 0.802375842665 0.832609622156 0.0253256411634 
1.09851120935 1.1334371168 0.390961466487 0.0153286496996 
0.393516295427 0.287504227101 0.88619050387 0.883949819951 
0.648328979202 1.15876163245 0.945641657924 0.376715666492 
0.455423005442 0.542496579767 0.515924743658 1.02126144666 
0.647375925938 0.172275713125 0.655070661552 0.8796848403 
0.606867397706 0.703115477081 0.832685516287 0.519381528157 
0.0925942041414 0.549417024196 1.09241744237 1.04271475163 
0.393516295427 0.287504227101 0.88619050387 0.883949819951 
0.393516295427 0.287504227101 0.88619050387 0.883949819951 
0.216688517128 0.237922140069 0.415480040259 1.09639054187 
0.858506180576 0.361186192288 0.568622125839 0.540908205046 
0.606867397706 0.703115477081 0.832685516287 0.519381528157 
0.515110656345 1.13633487859 0.992151827137 0.32845567015 
0.515110656345 1.13633487859 0.992151827137 0.32845567015 
0.968476987154 1.0633851994 0.420535147787 0.491738699995 
0.178005696343 0.985836135004 1.13079468991 0.582104774177 
0.515110656345 1.13633487859 0.992151827137 0.32845567015 
1.18986759596 1.26882168164 0.15105834497 0.0620219296722 
0.66857782064 0.707374249898 0.208108448682 0.944124437019 
0.858506180576 0.361186192288 0.568622125839 0.540908205046 
0.529180900246 0.56429394531 0.142741215152 1.05299154301 
1.00263822049 1.19433722443 0.547848626773 0.259123743283 
0.297348147105 0.496421661474 0.87393392329 1.00939124224 
0.515110656345 1.13633487859 0.992151827137 0.32845567015 
0.66857782064 0.707374249898 0.208108448682 0.944124437019 
0.139330268654 0.249216127971 0.936897891836 1.12620462039 
0.600398773351 1.073095676 0.945727855082 0.560504390401 
0.505127741848 0.522754166423 0.402467456331 1.0618840551 
0.66857782064 0.707374249898 0.208108448682 0.944124437019 
