0.561434293867 0.805106100318 0.856254232833 0.796104575694 
0.782964607213 0.403453016516 0.797125337459 0.624917432369 
0.572097415835 1.01876074558 0.983388050409 0.555905784832 
1.16639791699 1.11047286462 0.0153754209138 0.0536650183287 
0.782964607213 0.403453016516 0.797125337459 0.624917432369 
0.710598951514 0.780711620067 0.637522950972 0.802457985105 
0.782964607213 0.403453016516 0.797125337459 0.624917432369 
0.305822329669 0.836218078619 1.11834332333 0.829201378519 
0.789052214586 0.781948609666 0.316667108617 0.821216792367 
0.897201697332 0.698491153988 0.639842327968 0.533868032641 
0.782964607213 0.403453016516 0.797125337459 0.624917432369 
0.889687196692 1.02498872926 0.600437993392 0.387306349948 
0.782964607213 0.403453016516 0.797125337459 0.624917432369 
0.782964607213 0.403453016516 0.797125337459 0.624917432369 
0.354411444457 0.631116709767 0.912866256469 0.859219013941 
0.602285951352 0.821131847291 0.800827660366 0.794669776996 
0.628131999174 1.06190455788 0.971701018888 0.504008707619 
0.782964607213 0.403453016516 0.797125337459 0.624917432369 
0.572097415835 1.01876074558 0.983388050409 0.555905784832 
0.664713933027 1.12374914255 0.964986645107 0.329289924198 
0.170810512876 0.227563904498 1.01188123824 1.08073749087 
1.10658202125 1.0966203936 0.316667108617 0.3213377686 
0.602285951352 0.821131847291 0.800827660366 0.794669776996 
0.782964607213 0.403453016516 0.797125337459 0.624917432369 
1.05765357381 1.00694232298 0.0162753388264 0.598868598328 
0.782964607213 0.403453016516 0.797125337459 0.624917432369 
0.232730038621 0.636359774922 1.0968868045 0.960387896756 
0.501287833191 0.683434958666 0.683036929443 0.846409668903 
1.10658202125 1.0966203936 0.316667108617 0.3213377686 
0.782964607213 0.403453016516 0.797125337459 0.624917432369 
0.305822329669 0.836218078619 1.11834332333 0.829201378519 
0.897201697332 0.698491153988 0.639842327968 0.533868032641 
0.782964607213 0.403453016516 0.797125337459 0.624917432369 
0.561434293867 0.805106100318 0.856254232833 0.796104575694 
0.232730038621 0.636359774922 1.0968868045 0.960387896756 
0.515259943446 0.510620688389 0.262515437343 0.933147886854 
0.396594514933 0.15768243977 0.275687787467 1.06848802156 
0.501287833191 0.683434958666 0.683036929443 0.846409668903 
0.710598951514 0.780711620067 0.637522950972 0.802457985105 
0.382818885835 0.36182561769 0.986037286259 0.928097538891 
1.16639791699 1.11047286462 0.0153754209138 0.0536650183287 
0.959606130001 1.05428809541 0.629083786468 0.321128487694 
0.0276808823273 0.322928696552 1.17234034615 0.845320037196 
0.959606130001 1.05428809541 0.629083786468 0.321128487694 
0.843422216834 1.14988761122 0.786271450321 0.0547767530399 
0.602285951352 0.821131847291 0.800827660366 0.794669776996 
0.711285821095 0.969738011422 0.785332192841 0.5897982927 
0.385335990654 0.381866155294 0.267861077165 1.03815266856 
0.561434293867 0.805106100318 0.856254232833 0.796104575694 
0.293176253459 0.420419019061 0.859227223184 1.05702400841 
0.561434293867 0.805106100318 0.856254232833 0.796104575694 
0.354897422009 0.483851991068 0.837604487315 1.06985938723 
0.789052214586 0.781948609666 0.316667108617 0.821216792367 
1.16639791699 1.11047286462 0.0153754209138 0.0536650183287 
0.417859785717 0.815652617104 1.0126305286 0.806534608506 
0.461653169673 0.45749641854 0.320915317347 1.03357848339 
0.602285951352 0.821131847291 0.800827660366 0.794669776996 
0.99802562284 0.358435152572 0.31982508079 0.588220066164 
0.461551620098 0.183509106851 0.320844722028 1.03997781985 
0.889687196692 1.02498872926 0.600437993392 0.387306349948 
0.58607330251 0.418717660409 1.00741184534 0.569488829406 
0.813630760123 1.06771229143 0.801222203094 0.570219814425 
0.602285951352 0.821131847291 0.800827660366 0.794669776996 
0.515259943446 0.510620688389 0.262515437343 0.933147886854 
0.698394261242 1.01772318815 0.901037145507 0.60089742104 
0.591553254494 0.411704549689 0.389824429561 0.936598566837 
0.611938770158 1.0345286535 0.976482382592 0.564511543566 
0.611938770158 1.0345286535 0.976482382592 0.564511543566 
1.16639791699 1.11047286462 0.0153754209138 0.0536650183287 
0.897201697332 0.698491153988 0.639842327968 0.533868032641 
1.00392619053 0.86766850883 0.0227480825715 0.521601303964 
0.170810512876 0.227563904498 1.01188123824 1.08073749087 
0.542938629844 0.37786999082 0.357786736614 0.955317888311 
0.710598951514 0.780711620067 0.637522950972 0.802457985105 
0.525913604766 0.700656039858 1.02526952453 0.56084676309 
1.16639791699 1.11047286462 0.0153754209138 0.0536650183287 
0.305822329669 0.836218078619 1.11834332333 0.829201378519 
0.170810512876 0.227563904498 1.01188123824 1.08073749087 
0.628131999174 1.06190455788 0.971701018888 0.504008707619 
0.572097415835 1.01876074558 0.983388050409 0.555905784832 
0.782964607213 0.403453016516 0.797125337459 0.624917432369 
0.461551620098 0.183509106851 0.320844722028 1.03997781985 
0.572097415835 1.01876074558 0.983388050409 0.555905784832 
1.16639791699 1.11047286462 0.0153754209138 0.0536650183287 
1.16639791699 1.11047286462 0.0153754209138 0.0536650183287 
0.396594514933 0.15768243977 0.275687787467 1.06848802156 
0.583944535879 0.551922613292 1.00375261039 0.567419899348 
0.602285951352 0.821131847291 0.800827660366 0.794669776996 
0.461551620098 0.183509106851 0.320844722028 1.03997781985 
0.591553254494 0.411704549689 0.389824429561 0.936598566837 
0.283571207822 0.975548021704 1.02823815701 0.458976603207 
0.293176253459 0.420419019061 0.859227223184 1.05702400841 
0.0215415066707 0.0420476185522 1.0126305286 1.12905672897 
0.782964607213 0.403453016516 0.797125337459 0.624917432369 
0.293176253459 0.420419019061 0.859227223184 1.05702400841 
0.460180594043 0.819464997673 0.984847741994 0.810304882165 
0.515259943446 0.510620688389 0.262515437343 0.933147886854 
0.756386035415 0.992591026764 0.770065489693 0.603700176712 
0.385335990654 0.381866155294 0.267861077165 1.03815266856 
0.58607330251 0.418717660409 1.00741184534 0.569488829406 
