0.640773789037 1.06749921415 0.918042692791 0.413388502231 
1.24136755806 1.06645133667 0.0819006683245 0.507009212909 
1.32823204324 1.25220638588 0.13385321865 0.279533592823 
1.15786438381 1.14800910158 0.647104095081 0.280270878138 
0.620139746525 0.597119000654 0.299292805495 1.01114247279 
0.97552224892 0.882319448939 0.393741371401 0.746147163665 
0.656639322872 0.6510474016 0.633759567787 0.982996990625 
0.615513325633 0.528780346574 0.0767140176092 1.03652618995 
0.0354675462848 0.965244529187 1.19950042182 0.724479986183 
1.37476128613 1.18104980725 0.0821038993203 0.0530712710484 
1.02703625996 0.882319448939 0.0787144362102 0.746147163665 
0.752818241396 1.21364818762 1.01778124181 0.271752607131 
0.752818241396 1.21364818762 1.01778124181 0.271752607131 
0.634449035133 0.560299635729 0.306198895896 1.03120452238 
0.603106724002 0.532620033313 0.291072159691 1.04405334719 
0.903478441001 0.979668165875 0.627496517586 0.733824974052 
0.0365697020722 0.883322173094 1.23677393111 0.746995224743 
0.713612343487 0.83955957771 0.710559441377 0.760313979479 
0.712943698356 1.05416888597 1.02144166719 0.459957917794 
0.656639322872 0.6510474016 0.633759567787 0.982996990625 
0.640773789037 1.06749921415 0.918042692791 0.413388502231 
0.776408297102 1.14800910158 1.04967421862 0.280270878138 
0.86541613017 0.815451174229 0.509776411902 0.786047887309 
0.752818241396 1.21364818762 1.01778124181 0.271752607131 
0.0699178281181 0.215908062094 1.18459554608 1.1136478223 
1.37476128613 1.18104980725 0.0821038993203 0.0530712710484 
0.477495096379 0.883584591709 1.06737394777 0.800187706451 
0.0354675462848 0.965244529187 1.19950042182 0.724479986183 
0.46690676073 0.702378248778 0.926199066407 0.94124090848 
1.32823204324 1.25220638588 0.13385321865 0.279533592823 
0.329129862021 0.609039213436 1.09384328953 1.02493203761 
0.201366783356 0.6218337736 1.24162697727 1.02334485889 
0.0467824086375 1.27316951903 1.23286407057 0.0507735188127 
0.0467824086375 1.27316951903 1.23286407057 0.0507735188127 
0.201366783356 0.6218337736 1.24162697727 1.02334485889 
1.32823204324 1.25220638588 0.13385321865 0.279533592823 
0.0301048007466 0.0929619996184 1.22320674992 1.17080348599 
0.311164006105 0.921010274019 1.22405727471 0.834084377971 
1.32823204324 1.25220638588 0.13385321865 0.279533592823 
0.987915611047 0.2599535081 0.633412165821 0.600476136799 
0.776408297102 1.14800910158 1.04967421862 0.280270878138 
0.488802019657 1.15054702304 1.1904288407 0.55215514869 
1.37476128613 1.18104980725 0.0821038993203 0.0530712710484 
0.656639322872 0.6510474016 0.633759567787 0.982996990625 
0.150371795019 0.149086125332 0.633759567787 1.17925213564 
0.713292893526 0.757265945495 0.511753249918 0.915782661755 
0.384776422955 0.6510474016 1.08782007649 0.982996990625 
1.32823204324 1.25220638588 0.13385321865 0.279533592823 
0.412397570774 0.620378154361 0.96167756783 1.01337920447 
0.0467824086375 1.27316951903 1.23286407057 0.0507735188127 
0.634449035133 0.560299635729 0.306198895896 1.03120452238 
0.518206979006 0.609664873803 0.77989864078 1.06000854343 
0.0467824086375 1.27316951903 1.23286407057 0.0507735188127 
1.24066688249 1.06950487284 0.136658181627 0.554156599387 
0.382957584214 0.708645785117 1.08267793758 0.978349963317 
1.11217628242 1.25430615443 0.575053444872 0.506840279639 
0.948815704264 1.02882901694 0.611377797061 0.617230147916 
0.776408297102 1.14800910158 1.04967421862 0.280270878138 
0.0354675462848 0.965244529187 1.19950042182 0.724479986183 
1.09161506042 1.2842803402 0.780737299635 0.160472367974 
1.37007212069 1.28723705966 0.0818238323006 0.0528899527862 
1.33734893574 1.1489088798 0.0821038993203 0.280490613778 
0.0354675462848 0.965244529187 1.19950042182 0.724479986183 
1.15786438381 1.14800910158 0.647104095081 0.280270878138 
0.0365697020722 0.883322173094 1.23677393111 0.746995224743 
0.417349280439 0.505696790862 0.973224588379 1.0367685409 
1.37476128613 1.18104980725 0.0821038993203 0.0530712710484 
0.0354675462848 0.965244529187 1.19950042182 0.724479986183 
0.518206979006 0.609664873803 0.77989864078 1.06000854343 
1.32823204324 1.25220638588 0.13385321865 0.279533592823 
0.373472656914 0.711985580769 1.05586257858 0.954116525149 
0.776408297102 1.14800910158 1.04967421862 0.280270878138 
0.745517533859 0.702474019267 0.534873096736 0.957159120611 
0.776408297102 1.14800910158 1.04967421862 0.280270878138 
0.610596642953 0.891584013817 0.957696249558 0.807432832439 
1.37476128613 1.18104980725 0.0821038993203 0.0530712710484 
0.752818241396 1.21364818762 1.01778124181 0.271752607131 
0.0433442845336 1.04695500494 1.28608981682 0.54781239108 
1.15786438381 1.14800910158 0.647104095081 0.280270878138 
0.776408297102 1.14800910158 1.04967421862 0.280270878138 
1.32823204324 1.25220638588 0.13385321865 0.279533592823 
0.484216137103 0.586719527765 0.960535660645 0.976138164979 
0.752818241396 1.21364818762 1.01778124181 0.271752607131 
0.0354675462848 0.965244529187 1.19950042182 0.724479986183 
0.687622995475 1.01672911222 1.01821181555 0.531994485126 
1.12198065236 1.1124305929 0.647104095081 0.400049743186 
0.201366783356 0.6218337736 1.24162697727 1.02334485889 
1.37476128613 1.18104980725 0.0821038993203 0.0530712710484 
0.625249269829 0.924501886669 1.05049692356 0.741731052524 
0.776408297102 1.14800910158 1.04967421862 0.280270878138 
0.0699178281181 0.215908062094 1.18459554608 1.1136478223 
0.0467824086375 1.27316951903 1.23286407057 0.0507735188127 
1.32823204324 1.25220638588 0.13385321865 0.279533592823 
0.048802159329 1.17878416397 1.28608981682 0.0529692959544 
0.615513325633 0.528780346574 0.0767140176092 1.03652618995 
0.634449035133 0.560299635729 0.306198895896 1.03120452238 
0.776408297102 1.14800910158 1.04967421862 0.280270878138 
0.592918055812 0.558683721389 0.539177119753 1.05955395158 
1.32823204324 1.25220638588 0.13385321865 0.279533592823 
0.656639322872 0.6510474016 0.633759567787 0.982996990625 
