0.235730246022 1.25613666741 1.17694394158 0.121109841126 
0.139146346678 1.10911217961 1.1548209091 0.43993757276 
1.09293560221 1.20885614218 0.647785039384 0.382141880584 
1.03595593723 1.14583308809 0.631405499397 0.464515679971 
1.09293560221 1.20885614218 0.647785039384 0.382141880584 
0.668301871209 1.16423965919 1.05405569784 0.225228275122 
1.18159417457 1.13940066361 0.203050619969 0.447674777897 
0.454446148069 0.536629493185 0.912025487708 1.10003382009 
0.947763382959 0.92277109063 0.831890556359 0.120938624866 
1.24030659436 1.18174081683 0.245127986969 0.213807901062 
1.25460942473 1.00490157456 0.247954905507 0.216275763452 
0.207372103662 0.384506370721 1.03254709418 1.11644593664 
1.09293560221 1.20885614218 0.647785039384 0.382141880584 
1.25460942473 1.00490157456 0.247954905507 0.216275763452 
0.87930583627 0.889786230094 0.457542945014 0.855818367599 
1.09293560221 1.20885614218 0.647785039384 0.382141880584 
1.03595593723 1.14583308809 0.631405499397 0.464515679971 
0.0853968147564 0.455061731746 1.18588072656 1.10714204659 
0.270232891363 0.399829855997 0.953022930411 1.15238904101 
1.25460942473 1.00490157456 0.247954905507 0.216275763452 
1.09293560221 1.20885614218 0.647785039384 0.382141880584 
0.763930000514 1.02024129403 0.858785416126 0.663696018664 
1.03595593723 1.14583308809 0.631405499397 0.464515679971 
0.735034083608 1.19278574445 0.960887624968 0.216867995316 
1.1431785834 1.08521320475 0.476750947999 0.505844778225 
1.30360970076 0.108993802643 0.482413893433 0.236930781035 
0.653940941842 1.21252102064 1.03140516414 0.220384145267 
0.233906424841 0.708934351429 1.01063701051 0.934541786783 
0.37177441852 0.291933846904 0.551756345117 1.13000963984 
0.574142227134 0.84948397562 0.944965752822 0.891409364723 
1.1431785834 1.08521320475 0.476750947999 0.505844778225 
0.133348531067 0.404161456524 1.16894025493 1.14502536764 
0.0758196113568 0.404028122438 1.21082454599 1.15048448797 
0.0861302994961 0.453450519144 1.19606626428 1.11665288286 
1.09293560221 1.20885614218 0.647785039384 0.382141880584 
0.235730246022 1.25613666741 1.17694394158 0.121109841126 
1.24030659436 1.18174081683 0.245127986969 0.213807901062 
0.638672331646 0.534024957463 0.219496974887 1.0946938413 
0.712473427337 0.723380071552 0.955304306983 0.488724143328 
0.133348531067 0.404161456524 1.16894025493 1.14502536764 
1.03595593723 1.14583308809 0.631405499397 0.464515679971 
0.0332797638923 0.0653809170454 1.26393882852 0.992521701128 
0.712473427337 0.723380071552 0.955304306983 0.488724143328 
0.233906424841 0.708934351429 1.01063701051 0.934541786783 
0.80840922972 0.89415227428 0.650091274605 0.855818367599 
1.1431785834 1.08521320475 0.476750947999 0.505844778225 
0.735034083608 1.19278574445 0.960887624968 0.216867995316 
1.1431785834 1.08521320475 0.476750947999 0.505844778225 
1.09293560221 1.20885614218 0.647785039384 0.382141880584 
0.697121737228 0.80003220295 0.871726162488 0.872468736709 
1.30360970076 0.108993802643 0.482413893433 0.236930781035 
1.03595593723 1.14583308809 0.631405499397 0.464515679971 
0.947763382959 0.92277109063 0.831890556359 0.120938624866 
1.09293560221 1.20885614218 0.647785039384 0.382141880584 
0.0388353654475 0.0762947905218 1.2668861409 0.887849758573 
0.735034083608 1.19278574445 0.960887624968 0.216867995316 
0.139492986556 0.0345113981877 1.22280263414 1.19779427029 
1.09293560221 1.20885614218 0.647785039384 0.382141880584 
1.26610738126 1.05865316737 0.217574874216 0.479708802048 
1.1431785834 1.08521320475 0.476750947999 0.505844778225 
0.112598780475 0.600011612519 1.17694394158 1.06003117094 
1.09293560221 1.20885614218 0.647785039384 0.382141880584 
0.653940941842 1.21252102064 1.03140516414 0.220384145267 
0.235730246022 1.25613666741 1.17694394158 0.121109841126 
0.574142227134 0.84948397562 0.944965752822 0.891409364723 
0.0320792959817 0.762765864778 1.21834875694 0.956714857639 
1.09293560221 1.20885614218 0.647785039384 0.382141880584 
0.270232891363 0.399829855997 0.953022930411 1.15238904101 
0.863850828789 1.15368697889 0.866863403586 0.459872974374 
0.675411187116 0.876647225098 0.84457748143 0.845291213316 
0.693167317944 0.703778452843 0.99290909167 0.634929189178 
1.09293560221 1.20885614218 0.647785039384 0.382141880584 
0.235730246022 1.25613666741 1.17694394158 0.121109841126 
0.17276156001 0.920598286683 1.22883583228 0.870537302836 
0.653940941842 1.21252102064 1.03140516414 0.220384145267 
0.414220473869 0.296048497512 0.258442449586 1.14593925939 
1.25460942473 1.00490157456 0.247954905507 0.216275763452 
1.30360970076 0.108993802643 0.482413893433 0.236930781035 
0.653940941842 1.21252102064 1.03140516414 0.220384145267 
0.317774383567 0.553591989105 1.06823650051 1.06792860602 
1.09293560221 1.20885614218 0.647785039384 0.382141880584 
0.83250404489 1.23174750633 0.917907599466 0.120202482634 
1.03595593723 1.14583308809 0.631405499397 0.464515679971 
0.235730246022 1.25613666741 1.17694394158 0.121109841126 
1.1431785834 1.08521320475 0.476750947999 0.505844778225 
0.112598780475 0.600011612519 1.17694394158 1.06003117094 
1.1431785834 1.08521320475 0.476750947999 0.505844778225 
0.0552284230264 0.108498640011 1.281282165 0.236930781035 
0.112598780475 0.600011612519 1.17694394158 1.06003117094 
0.0861302994961 0.453450519144 1.19606626428 1.11665288286 
1.03595593723 1.14583308809 0.631405499397 0.464515679971 
1.21723973985 1.23174750633 0.444593234325 0.120202482634 
1.03595593723 1.14583308809 0.631405499397 0.464515679971 
1.03595593723 1.14583308809 0.631405499397 0.464515679971 
0.235730246022 1.25613666741 1.17694394158 0.121109841126 
0.0530348201153 1.27634904427 1.23039285863 0.227512678726 
0.0861302994961 0.453450519144 1.19606626428 1.11665288286 
1.03595593723 1.14583308809 0.631405499397 0.464515679971 
0.0861302994961 0.453450519144 1.19606626428 1.11665288286 
0.112598780475 0.600011612519 1.17694394158 1.06003117094 
