0.250652479369 0.999210364583 1.23100468921 0.677262398301 
0.579427003349 0.522601010216 0.204101385175 1.00515497942 
0.901007212252 1.05274745292 0.821451033804 0.430750705532 
0.378399929372 0.891997712604 1.16976580499 0.436178027302 
0.245820858149 0.579473143279 1.16373606355 0.904535348978 
0.992705717974 1.15988908005 0.838515894662 0.0990809479352 
0.413362316403 0.65229162391 1.06350333822 0.691172226679 
0.629020104957 0.734954474684 0.782835341313 0.853653611871 
0.247559310304 0.54553700307 1.10419041636 1.00708905645 
0.821800268485 0.914864610834 0.735960036971 0.57956604597 
0.629020104957 0.734954474684 0.782835341313 0.853653611871 
0.0991566437919 0.712370754816 1.24621463582 0.96235014867 
0.82063444304 0.991573943735 0.854045653215 0.685665237825 
0.347154224703 0.323704717342 0.143408695819 1.11928991474 
0.0994631792947 0.686637976842 1.25006712462 0.965325135211 
1.09626660679 1.02221957305 0.141772202422 0.665845930848 
0.821800268485 0.914864610834 0.735960036971 0.57956604597 
0.250652479369 0.999210364583 1.23100468921 0.677262398301 
0.980127549435 0.862178084961 0.324249745976 0.713267515305 
0.82063444304 0.991573943735 0.854045653215 0.685665237825 
0.725845808906 1.03250897669 0.986935416511 0.632503561307 
0.301564094313 0.552564425972 1.06348713205 1.02006242931 
0.521466918415 0.504492338136 0.55597512592 1.00345262273 
0.306355080706 0.892515818296 1.13586124691 0.722059498043 
0.179645901253 0.423480951501 1.15836487127 1.00664094341 
1.36468583925 1.27250888333 0.144162653609 0.100887995356 
1.36468583925 1.27250888333 0.144162653609 0.100887995356 
0.306355080706 0.892515818296 1.13586124691 0.722059498043 
0.579122637892 0.21925429547 1.09110955524 0.681346449126 
0.846800661516 1.16479942027 0.97068827072 0.099254733608 
0.751726256459 0.661262376899 0.317533276174 0.876273236857 
1.36468583925 1.27250888333 0.144162653609 0.100887995356 
0.85056518805 0.941720063808 0.901510649621 0.263460416684 
0.465959682563 0.597875587014 0.854479697585 1.04310535005 
0.387861621236 0.710688692558 1.08044504482 0.958972186166 
0.0994631792947 0.686637976842 1.25006712462 0.965325135211 
0.250652479369 0.999210364583 1.23100468921 0.677262398301 
1.36468583925 1.27250888333 0.144162653609 0.100887995356 
0.49559706766 0.704982722391 0.939022262451 0.890415920475 
1.21166360085 0.858519187427 0.572623881266 0.0668102341156 
0.82063444304 0.991573943735 0.854045653215 0.685665237825 
1.00791780596 0.90906984124 0.201618909904 0.695173402305 
0.465959682563 0.597875587014 0.854479697585 1.04310535005 
0.151235472 0.370776678458 1.00541787101 1.10247251537 
0.143090241387 1.02798643248 1.19951772603 0.605113216108 
1.1570266527 0.819806273313 0.579508462662 0.391985443436 
0.250652479369 0.999210364583 1.23100468921 0.677262398301 
0.70243710984 0.999210364583 0.985743115276 0.677262398301 
0.179645901253 0.423480951501 1.15836487127 1.00664094341 
0.0994631792947 0.686637976842 1.25006712462 0.965325135211 
0.413362316403 0.65229162391 1.06350333822 0.691172226679 
0.378399929372 0.891997712604 1.16976580499 0.436178027302 
0.49559706766 0.704982722391 0.939022262451 0.890415920475 
0.0516440648807 0.37104394319 1.10320646178 1.12576896571 
0.576347763474 1.0004189059 1.085881317 0.677262398301 
1.36468583925 1.27250888333 0.144162653609 0.100887995356 
0.82063444304 0.991573943735 0.854045653215 0.685665237825 
0.336261702314 0.979642872244 1.17901728576 0.663998834852 
0.74208914732 1.3124282718 1.07572788954 0.0485513032643 
1.36468583925 1.27250888333 0.144162653609 0.100887995356 
0.829185425046 0.773177937124 0.144784031199 0.93729363886 
0.0994631792947 0.686637976842 1.25006712462 0.965325135211 
0.378399929372 0.891997712604 1.16976580499 0.436178027302 
0.821800268485 0.914864610834 0.735960036971 0.57956604597 
1.09708362323 1.0613732893 0.549483101049 0.37167536269 
0.579122637892 0.21925429547 1.09110955524 0.681346449126 
0.378399929372 0.891997712604 1.16976580499 0.436178027302 
0.306355080706 0.892515818296 1.13586124691 0.722059498043 
0.49559706766 0.704982722391 0.939022262451 0.890415920475 
0.992705717974 1.15988908005 0.838515894662 0.0990809479352 
1.36468583925 1.27250888333 0.144162653609 0.100887995356 
1.25470470679 1.20250500045 0.21726963346 0.523916941559 
0.980127549435 0.862178084961 0.324249745976 0.713267515305 
0.821800268485 0.914864610834 0.735960036971 0.57956604597 
0.70243710984 0.999210364583 0.985743115276 0.677262398301 
0.821800268485 0.914864610834 0.735960036971 0.57956604597 
0.82063444304 0.991573943735 0.854045653215 0.685665237825 
0.306355080706 0.892515818296 1.13586124691 0.722059498043 
0.901007212252 1.05274745292 0.821451033804 0.430750705532 
0.981088620106 1.18545096344 0.828702704083 0.0979209500625 
0.306355080706 0.892515818296 1.13586124691 0.722059498043 
0.605823006719 0.707850708594 0.84583473227 0.924562375931 
0.387861621236 0.710688692558 1.08044504482 0.958972186166 
0.70243710984 0.999210364583 0.985743115276 0.677262398301 
0.959389442065 0.959848562269 0.556214775404 0.65140448468 
0.992705717974 1.15988908005 0.838515894662 0.0990809479352 
0.250652479369 0.999210364583 1.23100468921 0.677262398301 
0.74208914732 1.3124282718 1.07572788954 0.0485513032643 
0.250652479369 0.999210364583 1.23100468921 0.677262398301 
0.367367395365 0.522577450467 0.948065284378 1.00510966396 
0.465959682563 0.597875587014 0.854479697585 1.04310535005 
0.70243710984 0.999210364583 0.985743115276 0.677262398301 
0.235534431316 0.714933877994 1.19964979822 0.964700657161 
0.629020104957 0.734954474684 0.782835341313 0.853653611871 
0.301564094313 0.552564425972 1.06348713205 1.02006242931 
0.70243710984 0.999210364583 0.985743115276 0.677262398301 
0.821800268485 0.914864610834 0.735960036971 0.57956604597 
0.49559706766 0.704982722391 0.939022262451 0.890415920475 
0.821800268485 0.914864610834 0.735960036971 0.57956604597 
0.387861621236 0.710688692558 1.08044504482 0.958972186166 
