0.748703369856 1.15768083085 0.891001295781 0.531145455865 
0.232030735429 1.05511576203 1.28598207487 0.706777392362 
0.29837898288 1.35681907475 1.30921642925 0.154814960306 
0.0962530578499 0.890422719369 1.29920829766 0.84670879894 
0.840832816853 1.07257465172 0.728334956147 0.718472688894 
0.856279258443 1.23742644599 0.909685440353 0.0432556804647 
0.29837898288 1.35681907475 1.30921642925 0.154814960306 
0.945112740657 1.19240553377 0.777304093798 0.398072930502 
0.29837898288 1.35681907475 1.30921642925 0.154814960306 
0.804914790135 0.468931152153 0.957896204113 0.571024366993 
1.10769273481 1.25181380574 0.56101655809 0.0399547378561 
0.952425262319 1.00309031853 0.334333500622 0.707137908792 
0.232030735429 1.05511576203 1.28598207487 0.706777392362 
0.775964676834 0.817243108107 0.328145775234 0.849804135224 
0.588404012143 0.672124264777 0.468994659022 1.04044882561 
0.192605619613 0.875839164634 1.28598207487 0.865387415264 
0.804914790135 0.468931152153 0.957896204113 0.571024366993 
0.0962530578499 0.890422719369 1.29920829766 0.84670879894 
1.21347489567 1.03086719048 0.0641495173028 0.04078059977 
0.423978116773 0.612700713722 0.926705596514 0.996432508257 
0.840832816853 1.07257465172 0.728334956147 0.718472688894 
0.594125550301 0.504720290833 0.0646248258709 0.98587583893 
0.515624323478 1.13550568072 1.07165997767 0.51907023409 
0.59394482435 1.14175867425 1.01958104393 0.521928754699 
0.59498393571 1.3102703999 1.08667541064 0.06057826635 
0.840832816853 1.07257465172 0.728334956147 0.718472688894 
1.06292271627 1.21415755401 0.468994659022 0.571065217325 
0.200046192407 0.909673448831 1.29861053535 0.855023735766 
0.856279258443 1.23742644599 0.909685440353 0.0432556804647 
0.588404012143 0.672124264777 0.468994659022 1.04044882561 
1.1655411123 1.36617730221 0.455611077023 0.0633952579046 
1.0724065272 1.22298849126 0.31704219862 0.396738451121 
0.200046192407 0.909673448831 1.29861053535 0.855023735766 
0.200046192407 0.909673448831 1.29861053535 0.855023735766 
1.11926139327 0.981450781387 0.330894276831 0.414073318528 
0.423978116773 0.612700713722 0.926705596514 0.996432508257 
0.509358489726 0.787595314592 0.923526703617 0.925660696092 
0.200046192407 0.909673448831 1.29861053535 0.855023735766 
0.588404012143 0.672124264777 0.468994659022 1.04044882561 
0.840832816853 1.07257465172 0.728334956147 0.718472688894 
1.11783279127 1.17729651734 0.330471927813 0.41354477948 
0.588404012143 0.672124264777 0.468994659022 1.04044882561 
1.13225372759 1.06534964288 0.573456071746 0.0408411001112 
0.413541397516 0.0818332550998 0.445864029252 1.04513383916 
0.588404012143 0.672124264777 0.468994659022 1.04044882561 
0.588404012143 0.672124264777 0.468994659022 1.04044882561 
0.29837898288 1.35681907475 1.30921642925 0.154814960306 
0.594125550301 0.504720290833 0.0646248258709 0.98587583893 
0.840832816853 1.07257465172 0.728334956147 0.718472688894 
0.856279258443 1.23742644599 0.909685440353 0.0432556804647 
0.840832816853 1.07257465172 0.728334956147 0.718472688894 
0.377302949288 1.33489529237 1.25801221343 0.310561096619 
1.06414951774 0.210578327447 0.441997212158 0.405724054174 
1.11783279127 1.17729651734 0.330471927813 0.41354477948 
0.856279258443 1.23742644599 0.909685440353 0.0432556804647 
0.710358454078 1.04997666687 1.07067328911 0.0440838156701 
0.619145688174 0.933871738211 0.964633213852 0.87776880347 
1.21347489567 1.03086719048 0.0641495173028 0.04078059977 
0.588404012143 0.672124264777 0.468994659022 1.04044882561 
0.642801959481 0.950122074494 1.10345036148 0.557371974734 
1.11783279127 1.17729651734 0.330471927813 0.41354477948 
1.21347489567 1.03086719048 0.0641495173028 0.04078059977 
0.423978116773 0.612700713722 0.926705596514 0.996432508257 
0.856279258443 1.23742644599 0.909685440353 0.0432556804647 
1.1655411123 1.36617730221 0.455611077023 0.0633952579046 
0.840832816853 1.07257465172 0.728334956147 0.718472688894 
0.423978116773 0.612700713722 0.926705596514 0.996432508257 
0.856279258443 1.23742644599 0.909685440353 0.0432556804647 
0.945112740657 1.19240553377 0.777304093798 0.398072930502 
1.06292271627 1.21415755401 0.468994659022 0.571065217325 
1.13225372759 1.06534964288 0.573456071746 0.0408411001112 
0.840832816853 1.07257465172 0.728334956147 0.718472688894 
0.642801959481 0.950122074494 1.10345036148 0.557371974734 
0.804914790135 0.468931152153 0.957896204113 0.571024366993 
0.562497511668 0.998607959069 1.09981840247 0.73894750081 
0.840832816853 1.07257465172 0.728334956147 0.718472688894 
1.17188954159 1.27320901386 0.458092693013 0.0637406652385 
0.29837898288 1.35681907475 1.30921642925 0.154814960306 
0.985793588678 0.479172177052 0.52688097204 0.555913965579 
0.989663295464 0.507544880925 0.813944549178 0.415628163655 
0.351726696922 0.519886582446 1.09070550908 1.0155008989 
1.21347489567 1.03086719048 0.0641495173028 0.04078059977 
1.11147202719 1.33527587512 0.517233406406 0.0395030502107 
0.377302949288 1.33489529237 1.25801221343 0.310561096619 
0.840832816853 1.07257465172 0.728334956147 0.718472688894 
0.306782311269 0.650828409605 1.15068965156 1.01395075715 
0.710358454078 1.04997666687 1.07067328911 0.0440838156701 
0.840832816853 1.07257465172 0.728334956147 0.718472688894 
0.934306641886 1.1224371599 0.553543723311 0.733432428279 
0.423978116773 0.612700713722 0.926705596514 0.996432508257 
0.588404012143 0.672124264777 0.468994659022 1.04044882561 
0.804914790135 0.468931152153 0.957896204113 0.571024366993 
0.513086427347 0.868801482808 1.1919447998 0.735626080784 
0.200046192407 0.909673448831 1.29861053535 0.855023735766 
0.29837898288 1.35681907475 1.30921642925 0.154814960306 
0.423978116773 0.612700713722 0.926705596514 0.996432508257 
0.979639346183 0.921753354881 0.56985069481 0.560052340907 
0.423978116773 0.612700713722 0.926705596514 0.996432508257 
1.11147202719 1.33527587512 0.517233406406 0.0395030502107 
0.804914790135 0.468931152153 0.957896204113 0.571024366993 
