0.0521713620693 0.0430077738664 0.0159125977934 0.0621914269233 0.0739046602696 0.954657387224 
0.478166522209 0.67170972235 0.511245208028 0.232316753775 0.264526485124 0.602450515353 
0.230599755687 0.0259317027974 0.516526245392 0.129712451926 0.282854272481 0.511798736098 
0.0220991534236 0.0182175475916 0.00674034041514 0.209252094249 0.750279272964 0.914670882159 
0.244335554315 0.199971481488 0.341809395062 0.311299179875 0.514037925038 0.404700232396 
0.00719730956894 0.00292735146844 0.108743393146 1.0360636526 0.963360708542 0.233830497851 
0.175360129542 0.0254134341672 0.400747071334 0.656869025922 0.92996829705 0.322208422693 
0.00210737965997 9.88663655009e-05 0.000556104741529 0.0596097256383 0.950673095251 0.891996166789 
0.101043917347 0.207971296737 0.565571281261 0.645331160228 0.350508927485 0.461666398809 
0.175360129542 0.0254134341672 0.400747071334 0.656869025922 0.92996829705 0.322208422693 
0.666070702385 0.549079799892 0.203156668226 0.793996952792 0.138543660739 0.192834336042 
0.747432537087 0.0350787316317 0.197261713133 0.309126271493 0.544354253285 0.0640794901217 
0.534555470179 0.418932467508 0.29526393774 0.453882234506 0.19949070053 0.658583100923 
0.0640317472709 0.318841170163 0.629562612016 0.658420395581 0.511218777098 0.540167313666 
0.217365822883 0.0102014521515 0.0573669377233 0.129549232577 0.668727470527 0.732652246745 
0.0717451651164 0.0661792239109 0.275073056084 0.803433025563 0.0839476161806 0.598552086075 
0.47682647315 0.393075054141 0.145435707377 0.568406267808 0.15359242371 0.747025232055 
0.3973252483 0.327537687851 0.205923393699 1.02223313223 0.429005241975 0.0325987214766 
0.148798751645 0.623364667849 0.662572969148 0.0595082522993 0.480633524156 0.719618267525 
0.819301247501 0.755740800722 0.256716387957 0.181588309265 0.582805238258 0.0664458967341 
0.0126066911474 0.0128703056831 0.411937819568 0.943306620899 0.245930613097 0.424819725196 
0.323951958427 0.228074061354 0.0249975566921 0.280150918248 0.967377290745 0.31994136094 
1.24976461665 1.03025178098 0.234051433455 0.305567844331 0.215047361165 0.0634390136898 
0.2758697267 0.227415016508 0.150862342287 0.76770835036 0.416977937 0.549249154879 
0.107990855787 0.0816313726868 0.62705795151 0.588342289656 0.314623638775 0.0237913597408 
0.173693533857 0.201412997771 0.124881771165 0.20344952487 0.690824777673 0.756867866308 
0.15025139277 0.153393657691 0.148315832546 0.778407100265 0.892792517533 0.531009451679 
0.0449932217117 0.00385317096313 0.18785182991 0.23874869482 0.157446650879 0.917015634453 
0.0595093741199 0.296322357818 0.585098459922 0.570547058529 0.423308068324 0.633767408553 
0.165479293526 0.136413924796 0.0904941113568 0.983696649172 0.929515782791 0.322051550014 
0.549967284444 0.539645238565 0.141204212294 0.13710477847 0.36579972363 0.547642654404 
0.578020504356 0.4764950304 0.176300673443 0.7586828748 0.452708753191 0.513480684844 
0.854566291206 0.347580961317 0.363977752043 0.164872648939 0.437553551607 0.496284968646 
0.194659706739 0.273450358926 0.208125866368 0.170012578296 0.879484184976 0.867981538478 
0.377125498699 0.636335778195 0.623887391252 0.35700544826 0.063453916021 0.46414696671 
0.203248416205 0.290783730967 0.416350261923 0.666687441273 0.701953469842 0.651852059703 
0.666070702385 0.549079799892 0.203156668226 0.793996952792 0.138543660739 0.192834336042 
0.238601981061 0.276680090593 0.152914772748 0.251819908183 0.869548499037 0.287567889558 
0.817636676266 0.640783941031 0.343942528505 0.157383625869 0.417678441631 0.473733849896 
0.116443675312 0.487819091643 0.518501859583 0.0414071374771 0.10201717763 0.854574834013 
0.666070702385 0.549079799892 0.203156668226 0.793996952792 0.138543660739 0.192834336042 
0.00386379738194 0.00651947126272 0.42505155622 1.10375602731 0.92642953588 0.12577499829 
0.00720758651958 0.00733719287342 0.108898666599 1.03754303513 0.964736282054 0.232758767408 
0.406335315914 0.32561358487 0.502915409132 0.83638398482 0.645757127811 0.223939442489 
0.24076502697 0.405850185665 0.342693829563 0.207943321339 0.650743317237 0.566555574538 
0.0398501324157 0.0156443422409 0.481565008264 0.913466298012 0.74837189948 0.16799579448 
0.735077625273 0.0344988865181 0.194001014872 0.234314926928 0.091525082503 0.581839826209 
0.00735092474971 0.0124034118674 0.8086660977 0.950641555097 0.247842927063 0.428124451353 
0.3605131121 0.0355531935 0.0651243921626 0.420498915804 0.469694518008 0.597003996775 
0.230599755687 0.0259317027974 0.516526245392 0.129712451926 0.282854272481 0.511798736098 
0.116443675312 0.487819091643 0.518501859583 0.0414071374771 0.10201717763 0.854574834013 
0.229587677508 0.234389152147 0.226630134095 0.455705168785 0.0997831925082 0.835857569423 
0.247507727068 0.401213667481 0.346247057366 0.3153407319 0.520711628277 0.349838759746 
0.0126066911474 0.0128703056831 0.411937819568 0.943306620899 0.245930613097 0.424819725196 
0.00210737965997 9.88663655009e-05 0.000556104741529 0.0596097256383 0.950673095251 0.891996166789 
0.179330119768 0.751270157609 0.798523446802 0.063769444683 0.101110891296 0.668531200383 
0.238601981061 0.276680090593 0.152914772748 0.251819908183 0.869548499037 0.287567889558 
0.747432537087 0.0350787316317 0.197261713133 0.309126271493 0.544354253285 0.0640794901217 
0.111624406457 0.156805594048 0.119346323223 0.220242931832 0.880691417521 0.63220254061 
0.330607368625 0.230910599437 0.166298989749 0.459100876376 0.507808216333 0.283570054269 
0.0717451651164 0.0661792239109 0.275073056084 0.803433025563 0.0839476161806 0.598552086075 
0.894441631263 0.724632074879 0.0690191759578 0.217589468987 0.105157864346 0.668531200383 
0.722919867508 1.015529716 0.772930179422 0.351229948596 0.298055349703 0.321259041326 
0.101529262425 0.0767469871211 0.589538164197 0.527497197861 0.31006591922 0.561053026025 
0.0991715338587 0.167335237783 0.367298351141 0.879720787122 0.800552163797 0.108660600404 
0.132381895217 0.223372133796 0.490298498777 0.840160525609 0.793582498631 0.518806583173 
0.247507727068 0.401213667481 0.346247057366 0.3153407319 0.520711628277 0.349838759746 
0.138295100068 0.0118435217417 0.577397953752 0.871553607856 0.549650151952 0.51109573367 
0.0871194927744 0.146999446621 0.322661594055 0.552903082371 0.822008051607 0.834228022831 
0.122228907068 0.0615888397399 0.12774071254 0.226997795106 0.437997405162 0.739133639266 
0.0942379860778 0.132381825959 0.245329514402 0.475040156206 0.706247992051 0.716721508391 
0.0771346758886 0.0284562564577 0.0423913842841 0.815507688535 0.0852092789604 0.607550383454 
0.271775717565 0.224040092703 0.140854297992 0.699220956311 0.397860074498 0.651830820357 
0.0223139796678 0.00145572551444 0.00680586408938 0.21128623757 0.757572768235 0.923564196036 
0.0991715338587 0.167335237783 0.367298351141 0.879720787122 0.800552163797 0.108660600404 
0.194659706739 0.273450358926 0.208125866368 0.170012578296 0.879484184976 0.867981538478 
0.166503852637 0.233898108612 0.178022237484 0.328524013204 0.903750282628 0.219350311269 
0.377125498699 0.636335778195 0.623887391252 0.35700544826 0.063453916021 0.46414696671 
0.722919867508 1.015529716 0.772930179422 0.351229948596 0.298055349703 0.321259041326 
0.578020504356 0.4764950304 0.176300673443 0.7586828748 0.452708753191 0.513480684844 
0.021469979603 0.0446529507709 0.712379425477 0.860250547437 0.521464390702 0.114402853336 
0.558285724935 0.460226533027 0.116440386183 0.424401929054 0.700801371099 0.470894594457 
0.457005050318 0.437027965295 0.120612327413 0.229424281612 0.701169760621 0.610472353832 
0.422550948631 0.348332662591 0.128881250533 0.755692073116 0.7756773885 0.521226049455 
0.179330119768 0.751270157609 0.798523446802 0.063769444683 0.101110891296 0.668531200383 
0.00654498180846 0.0110435187815 0.72000531785 0.912458950708 0.438936395256 0.497854000031 
0.0697032998882 0.0252282843947 0.000373746894655 0.0458652925533 0.727022376287 0.884409454279 
0.0769840439529 0.394834805972 0.756910106442 0.785496520798 0.551006326193 0.512357229337 
0.00197755600257 0.00183169335578 0.000521841787624 0.0559375098046 0.892107448905 0.837034084879 
0.137387045073 0.113255891945 0.118554163828 1.04837696756 0.858899897884 0.192834336042 
0.47682647315 0.393075054141 0.145435707377 0.568406267808 0.15359242371 0.747025232055 
0.36343130706 0.552532750829 0.448864707323 0.0752728323884 0.675528421354 0.636758566801 
0.2758697267 0.227415016508 0.150862342287 0.76770835036 0.416977937 0.549249154879 
0.328227691241 0.255460925058 0.200037590619 0.744109128236 0.859751342451 0.116709372644 
0.666070702385 0.549079799892 0.203156668226 0.793996952792 0.138543660739 0.192834336042 
0.0991715338587 0.167335237783 0.367298351141 0.879720787122 0.800552163797 0.108660600404 
0.558285724935 0.460226533027 0.116440386183 0.424401929054 0.700801371099 0.470894594457 
0.127054427389 0.15665694678 0.135843767135 0.250687469239 1.00243106183 0.719618267525 
0.418396855259 0.292226614113 0.258248613477 0.529546028895 0.143091642044 0.69594081003 
0.0667545187104 0.112636979991 0.247236494356 0.592159210033 0.802277702622 0.622712178983 
