0.00181391504647 0.0125671712346 0.0308889364252 0.556479988742 0.792329609523 0.518294415731 
0.122488861654 0.672590250485 0.746795833925 0.183616215586 0.165302228567 0.459320115929 
0.0275527771409 0.161624576597 0.199713882449 0.131230429281 0.295874003977 0.689110961487 
0.0591897383354 0.0453157316487 0.0191069447769 0.489746096459 0.703289457618 0.497210576379 
0.389019166799 0.359837138955 0.195731690005 0.264152450641 0.447184713829 0.488319354302 
0.163953134122 0.116787261965 0.164253864586 0.542861008369 0.625936157846 0.458804146629 
0.33583233046 0.349689676221 0.265884425334 0.63465440194 0.127417785984 0.178236906291 
0.0514836356498 0.0916742419472 0.445684393618 0.549861271047 0.524285236952 0.22069706917 
0.0574624314623 0.0566286112991 0.207825937871 0.679568961468 0.696332118498 0.445163546322 
0.340852200511 0.200223449584 0.36128590599 0.150891204568 0.321312943117 0.593923530924 
0.0123407202462 0.0854929683675 0.210134814072 0.483352173228 0.629436622397 0.53917069436 
0.138436795782 0.208097042614 0.197131804833 0.034478386158 0.716230203456 0.617219917467 
0.307487578906 0.305127090596 0.12374513218 0.482209875196 0.29253666391 0.612636284349 
0.529340656164 0.718496001479 0.411205063561 0.0590776622519 0.203971611464 0.163364921857 
0.137810350762 0.119143106127 0.10917936626 0.0123113730333 0.882486251691 0.488897320677 
0.654811949737 0.580792414441 0.0667884762615 0.199754228881 0.485500994577 0.0636012927206 
0.138436795782 0.208097042614 0.197131804833 0.034478386158 0.716230203456 0.617219917467 
0.0283462472241 0.0768366014974 0.143672766778 0.220892070853 0.712646965424 0.815062123322 
0.0249874594227 0.0317290600467 0.182104944438 0.210010802188 0.513333578066 0.831765475807 
0.493616915273 0.47838934014 0.0361112332647 0.182328752428 0.225885332024 0.790598066364 
0.212439085271 0.198508656107 0.0641601479652 0.231864011261 0.352953088872 0.688194026802 
0.328994072077 0.25800848303 0.138832981236 0.488684138581 0.758875271782 0.368906210329 
0.106493425405 0.117575652306 0.306078947634 0.390229655423 0.928534542021 0.797191655658 
0.459240601405 0.121750105151 0.231063043857 0.311834320482 0.52790795944 0.576469925986 
0.514676142347 0.494708539656 0.15754105523 0.544073779509 0.22963310792 0.183919568467 
0.0936582064244 0.226705903331 0.247590274343 0.168302263363 0.281148086094 0.56006901158 
0.0762878346385 0.4978860636 0.524148559747 0.403528070305 0.479491228601 0.285312660786 
0.541823669421 0.525108954312 0.0415376235953 0.322578615987 0.546097565003 0.596333152707 
0.0509021572043 0.0906388361237 0.408908665304 0.50692232671 0.573365979341 0.339106656441 
0.954914178378 0.866549546142 0.183556808763 0.273571559106 0.217068874697 0.0905275954287 
0.155511231078 0.246721036951 0.481932620973 0.757166656261 0.603895183333 0.081100922824 
0.0574624314623 0.0566286112991 0.207825937871 0.679568961468 0.696332118498 0.445163546322 
0.152461393365 0.142463957404 0.0460458201817 0.374175949913 0.572282473651 0.490211616581 
0.272768750821 0.332676529285 0.337938103777 0.274636912006 0.464934431965 0.507702219659 
0.314425133739 0.852290902307 0.69319272621 0.274043333332 0.666065018326 0.0872642474244 
0.298538077742 0.502166202639 0.605333405685 0.511088024718 0.547064285784 0.01073063786 
0.340852200511 0.200223449584 0.36128590599 0.150891204568 0.321312943117 0.593923530924 
0.0736931395801 0.056419532226 0.0237888194594 0.609749438623 0.829238990974 0.456195543777 
0.101570737616 0.396456627616 0.60269633276 0.655154465802 0.554907952108 0.0726970896467 
0.0355671329743 0.183026031511 0.198219928066 0.346943173686 0.601173649889 0.514960219711 
0.0249874594227 0.0317290600467 0.182104944438 0.210010802188 0.513333578066 0.831765475807 
0.126071088659 0.302597302937 0.983087147972 0.792225949799 0.22176049024 0.418058702888 
0.0275527771409 0.161624576597 0.199713882449 0.131230429281 0.295874003977 0.689110961487 
0.272768750821 0.332676529285 0.337938103777 0.274636912006 0.464934431965 0.507702219659 
0.0772652584163 0.397600834882 0.430607922006 0.451719169056 0.509927426126 0.214652628542 
0.0881806143593 0.575503126218 0.605859804161 0.46643536697 0.502126545818 0.0776738803388 
0.0835157795604 0.200455665403 0.649622244128 0.542245107436 0.228861248734 0.183301315637 
0.212439085271 0.198508656107 0.0641601479652 0.231864011261 0.352953088872 0.688194026802 
0.493616915273 0.47838934014 0.0361112332647 0.182328752428 0.225885332024 0.790598066364 
0.0917999837592 0.145642217551 0.284490192337 0.446964057436 0.471185050521 0.497707026867 
0.0123407202462 0.0854929683675 0.210134814072 0.483352173228 0.629436622397 0.53917069436 
0.117580421261 0.7673780879 0.695484451411 0.235985619833 0.187243975606 0.078086528738 
0.339566368469 0.330869697977 0.126603857685 0.815462440831 0.148445858415 0.352739805 
0.89455038603 0.866954332605 0.0619818135619 0.271756547035 0.660506850161 0.0865358482739 
0.601233647773 0.242516594952 0.219259194754 0.254268125808 0.64901333147 0.643638995847 
0.00371021289703 0.00670574584722 0.0120937444317 0.0206554537754 0.261181487749 0.883854632848 
0.0288571046673 0.18833404762 0.386098687461 0.60626546949 0.699045107016 0.512394001055 
0.0283462472241 0.0768366014974 0.143672766778 0.220892070853 0.712646965424 0.815062123322 
0.270157445788 0.298374873678 0.355732078036 0.593899060657 0.67174529305 0.397294274568 
0.272768750821 0.332676529285 0.337938103777 0.274636912006 0.464934431965 0.507702219659 
0.0574624314623 0.0566286112991 0.207825937871 0.679568961468 0.696332118498 0.445163546322 
0.279685942001 0.25870550717 0.282963386585 0.788245777366 0.628683583976 0.0802937909458 
0.529340656164 0.718496001479 0.411205063561 0.0590776622519 0.203971611464 0.163364921857 
0.0574624314623 0.0566286112991 0.207825937871 0.679568961468 0.696332118498 0.445163546322 
0.105702794323 0.371680841294 0.627214937219 0.68180713755 0.577482992672 0.0756555536376 
0.0936582064244 0.226705903331 0.247590274343 0.168302263363 0.281148086094 0.56006901158 
0.10909184577 0.639966459411 0.733635348121 0.417150360888 0.129866768866 0.30859266108 
0.158802786429 0.137291974725 0.125810511747 0.01418675327 0.907142682763 0.356729183986 
0.114580461494 0.747799144159 0.644518641071 0.0661582346653 0.174169443864 0.324956573085 
0.512707840645 0.462721569419 0.225671578948 0.343207268459 0.237860547264 0.185907713034 
0.0772652584163 0.397600834882 0.430607922006 0.451719169056 0.509927426126 0.214652628542 
0.137810350762 0.119143106127 0.10917936626 0.0123113730333 0.882486251691 0.488897320677 
0.541823669421 0.525108954312 0.0415376235953 0.322578615987 0.546097565003 0.596333152707 
0.157014211808 0.145235953232 0.158854100643 0.442517182834 0.46649706575 0.492755054264 
0.358228027768 0.359093334628 0.133308210586 0.0931137316052 0.615481728975 0.248015430269 
0.492360888346 0.485215507571 0.283370887059 0.227723536642 0.575841660884 0.242401613633 
0.203163641617 0.676954969888 0.559389420072 0.0591558464978 0.155733408115 0.290559520422 
0.279174163676 0.512845604872 0.568613215672 0.554098917121 0.274879019647 0.233273885874 
0.334846020223 0.335654855137 0.130401965844 0.103221210735 0.162473665274 0.568663538309 
0.109126503626 0.133093880235 0.117656374654 0.0116550671087 0.835441400508 0.46283351715 
0.393302877107 0.231034025382 0.487807173987 0.471183810421 0.504350102408 0.00989083174752 
0.114143854331 0.744949670249 0.642062714561 0.0678934468558 0.225544226935 0.180644408586 
0.0509021572043 0.0906388361237 0.408908665304 0.50692232671 0.573365979341 0.339106656441 
0.493528506727 0.494720589693 0.192199152777 0.152137429862 0.158257770384 0.428930381876 
0.171337003666 0.208967541284 0.504932607264 0.622060356917 0.225610367268 0.11161577692 
0.306692796432 0.486572786589 0.431420705427 0.230011940786 0.581628454128 0.244837773895 
0.109312862917 0.134751877395 0.0733397817765 0.144132781279 0.717254392786 0.592111091657 
0.369472745046 0.217035729501 0.391622229113 0.228214555057 0.577083321827 0.24292433579 
0.212439085271 0.198508656107 0.0641601479652 0.231864011261 0.352953088872 0.688194026802 
0.558140615707 0.207143480637 0.0427885313977 0.332293026445 0.562543621838 0.614292407206 
0.0283462472241 0.0768366014974 0.143672766778 0.220892070853 0.712646965424 0.815062123322 
0.10909184577 0.639966459411 0.733635348121 0.417150360888 0.129866768866 0.30859266108 
0.433361515294 0.434408283658 0.161267851551 0.112643083854 0.692569002367 0.0700354374331 
0.0887642716117 0.0860260781334 0.00649345826415 0.0597708018481 0.845311080488 0.904194996971 
0.115051104484 0.0422212967557 0.0163334815607 0.00962512192055 0.581276546144 0.722508440057 
0.455801522962 0.833216124044 0.577995771407 0.02645072811 0.236609803685 0.189507844124 
0.0509021572043 0.0906388361237 0.408908665304 0.50692232671 0.573365979341 0.339106656441 
0.438594501497 0.398008458268 0.0843079751399 0.125652098436 0.197783556392 0.692244646054 
0.108118900972 0.705628401959 0.727092366483 0.413429975043 0.128708422144 0.305840228067 
0.114580461494 0.747799144159 0.644518641071 0.0661582346653 0.174169443864 0.324956573085 
