0.00822742297143 0.00219375813584 0.0383695568674 0.0908806160677 0.376001609172 0.950837229527 
0.443294247486 0.107498938641 0.0250875381781 0.188035426175 0.350339811809 0.297243935034 
0.357210320294 0.444343836492 0.410597984053 0.15204045212 0.179593814494 0.765902266912 
0.00822742297143 0.00219375813584 0.0383695568674 0.0908806160677 0.376001609172 0.950837229527 
0.00447891881355 0.00224835948747 0.223386265174 0.564822536719 0.6047118055 0.56271996424 
0.063749965614 0.727352198798 0.774348629871 0.358343975623 0.168151845156 0.48337774632 
0.294228810049 0.601906480074 0.791874612326 0.749279215108 0.171534638384 0.263794827991 
0.443294247486 0.107498938641 0.0250875381781 0.188035426175 0.350339811809 0.297243935034 
0.00822742297143 0.00219375813584 0.0383695568674 0.0908806160677 0.376001609172 0.950837229527 
0.158674081048 0.324601096426 0.427048602658 0.636261929374 0.650843247839 0.452807898243 
0.12887630185 0.0343660541306 0.361146726953 0.975560161789 0.66528482671 0.446916713321 
0.00822742297143 0.00219375813584 0.0383695568674 0.0908806160677 0.376001609172 0.950837229527 
0.104721612515 0.136107957989 0.465233500166 0.35515647726 0.111698783461 0.821083590359 
0.158674081048 0.324601096426 0.427048602658 0.636261929374 0.650843247839 0.452807898243 
0.229771096688 0.28581867312 0.383049217666 0.53854129692 0.700349693966 0.676724418417 
0.393787577603 0.489843295187 0.452641996549 0.224745634287 0.522445287376 0.384821520156 
0.00822742297143 0.00219375813584 0.0383695568674 0.0908806160677 0.376001609172 0.950837229527 
0.294228810049 0.601906480074 0.791874612326 0.749279215108 0.171534638384 0.263794827991 
0.498627891274 0.171836807077 0.173403522322 0.685924215961 0.0113114278139 0.360471649555 
0.0272734439065 0.0149293782993 0.0241393143379 0.578348945572 0.72835761299 0.624432772563 
0.0635682129812 0.329224186005 0.781526740832 0.396710996658 0.71642067241 0.0615352500149 
0.14110700107 0.0376274990704 0.395420478334 0.793028252729 0.146868671469 0.545932504412 
0.467401418305 0.581413580955 0.537257997473 0.291785696791 0.695269212868 0.251991405688 
0.0217550481436 0.0668859653772 0.715108768737 0.738453960927 0.362666298249 0.42135650837 
0.413469359304 0.43659101686 0.127671020067 0.364336044962 0.421273663042 0.310284364228 
0.00347138622804 0.00174256581543 0.0607005288743 0.0784617193729 0.32462131868 0.820895446387 
0.249130333081 0.262729184085 0.219122824419 0.832203605319 0.608007912877 0.212369863795 
0.573694717812 0.71363474641 0.659437656131 0.244272356738 0.184541229261 0.530391728408 
0.00557818648253 0.00693893176924 0.0558372427364 0.0844916967878 0.349568944774 0.883988492157 
0.52685203605 0.140490480966 0.282150676337 0.163537020705 0.193173934803 0.823822001469 
0.00555320021386 0.0314496902953 0.0738142502436 0.188390380446 0.984530578494 0.792362060739 
0.063749965614 0.727352198798 0.774348629871 0.358343975623 0.168151845156 0.48337774632 
0.422339524971 0.209665246793 0.157608104281 0.0948773029395 0.3433419644 0.29130496529 
0.227452192806 0.323319936195 0.314868681439 0.481084997778 0.625630143236 0.604516474316 
0.0227593897479 0.328758105365 0.440846783132 0.480468255297 0.624828095041 0.603741385993 
0.0503345833458 0.571437489167 0.618829051788 0.314123639212 0.56727607662 0.0487067227074 
0.393787577603 0.489843295187 0.452641996549 0.224745634287 0.522445287376 0.384821520156 
0.063749965614 0.727352198798 0.774348629871 0.358343975623 0.168151845156 0.48337774632 
0.05315088046 0.275272270012 0.653453341931 0.331699356748 0.675890858038 0.426342714059 
0.423563553581 0.154876295941 0.486868223395 0.241739751588 0.561949868893 0.413926115163 
0.260259811824 0.302817380482 0.19701872148 0.290780285659 0.0914515638987 0.672237723102 
0.436658451979 0.219701775303 0.198485425673 0.694713798619 0.352079282269 0.221896440383 
0.443294247486 0.107498938641 0.0250875381781 0.188035426175 0.350339811809 0.297243935034 
0.158674081048 0.324601096426 0.427048602658 0.636261929374 0.650843247839 0.452807898243 
0.191300801631 0.089226028429 0.51485871719 0.767090914158 0.784670791674 0.545932504412 
0.355810069694 0.44260202617 0.408988455126 0.203070636137 0.655576448653 0.676724418417 
0.0173273265711 0.328747699036 0.800997057628 0.0617380749782 0.338721311423 0.214651146257 
0.0387677412133 0.119191133023 0.603720828295 0.467167346054 0.55078257343 0.369983208631 
0.0423392024256 0.0212546845909 0.740298417935 0.956926460086 0.476864106141 0.27458106156 
0.00822742297143 0.00219375813584 0.0383695568674 0.0908806160677 0.376001609172 0.950837229527 
0.325016301538 0.0778963446475 0.213812234479 1.13709929294 0.771180751799 0.0662453849687 
0.00822742297143 0.00219375813584 0.0383695568674 0.0908806160677 0.376001609172 0.950837229527 
0.355810069694 0.44260202617 0.408988455126 0.203070636137 0.655576448653 0.676724418417 
0.258905094107 0.273037502285 0.227720235095 0.864855597169 0.607983252497 0.0511302568143 
0.688009728793 0.689322733392 0.175012135297 0.948690718553 0.208305599769 0.268165083096 
0.226865736088 0.282204614977 0.426574029549 0.71316530384 0.729509223382 0.507548034552 
0.456039614391 0.603671771925 0.517844662933 0.627908480468 0.276885328521 0.174423214507 
0.65784518459 0.818311831818 0.756165063732 0.274619557753 0.01331957128 0.424462555868 
0.87241600483 0.211561217065 0.0493734562423 0.370060916856 0.60005642821 0.0588111626319 
0.551596290555 0.273833208287 0.205844090852 0.112976491427 0.336338048609 0.281264879986 
0.845717149057 0.202692501029 0.213812234479 0.427033853656 0.771180751799 0.0662453849687 
0.227452192806 0.323319936195 0.314868681439 0.481084997778 0.625630143236 0.604516474316 
0.554974357268 0.275510208743 0.207104716397 0.11366838929 0.338397858982 0.274279710319 
0.229771096688 0.28581867312 0.383049217666 0.53854129692 0.700349693966 0.676724418417 
0.52017529703 0.0607349130661 0.243393894892 0.414622257092 0.382181503082 0.309778343757 
0.0722333613186 0.115307305464 0.0904458074986 0.104308020977 0.737939816563 0.564027770915 
0.843812988083 0.195635927304 0.337790128396 0.270974208328 0.442886937098 0.231249034293 
0.334605926976 0.089226028429 0.293128943665 0.767090914158 0.784670791674 0.545932504412 
0.52685203605 0.140490480966 0.282150676337 0.163537020705 0.193173934803 0.823822001469 
0.374419835448 0.465751226809 0.704018960195 0.826192271612 0.431295085483 0.271840994311 
0.932851353192 0.108918535901 0.373433469938 0.29956734554 0.489620314727 0.255659420798 
0.0423392024256 0.0212546845909 0.740298417935 0.956926460086 0.476864106141 0.27458106156 
0.41796548985 0.519918866746 0.490377929 0.279126820964 0.520057535727 0.441280860738 
0.259310681411 0.322563776878 0.298066483791 0.147995298717 0.612838795358 0.717340412096 
0.480905310645 0.0561497907056 0.192512951761 0.215546928447 0.64990091049 0.4521521678 
0.0847897100171 0.0226098994523 0.395420478334 0.801788556397 0.146868671469 0.545932504412 
0.249700328425 0.20737215585 0.752871754477 0.201267991597 0.0730134250688 0.501636729714 
0.00764902853503 0.00693893176924 0.0356721940475 0.0844916967878 0.349568944774 0.883988492157 
0.52017529703 0.0607349130661 0.243393894892 0.414622257092 0.382181503082 0.309778343757 
0.476171830254 0.105509260876 0.147032342592 0.419587718995 0.485160149797 0.357352077693 
0.038125207224 0.00892689275641 0.0103828285875 0.00728797933183 0.487153328336 0.844139220543 
0.0367639318308 0.0879512092086 0.642815654615 0.830917872092 0.414070044708 0.238412658379 
0.259310681411 0.322563776878 0.298066483791 0.147995298717 0.612838795358 0.717340412096 
0.323197532787 0.402034392478 0.607706026355 0.71316530384 0.431605886566 0.507548034552 
0.380145303742 0.503208468767 0.431664696587 0.576637331292 0.410190818064 0.332487563736 
0.703659986533 0.349323395158 0.262591158318 0.144122278443 0.384917499467 0.119488998593 
0.00822742297143 0.00219375813584 0.0383695568674 0.0908806160677 0.376001609172 0.950837229527 
0.0739217947908 0.206361850018 0.781368839598 0.200287416896 0.0726576908798 0.501636729714 
0.038125207224 0.00892689275641 0.0103828285875 0.00728797933183 0.487153328336 0.844139220543 
0.318956590989 0.495307282206 0.366626937802 0.135758217988 0.160360710565 0.65318600776 
0.0791402760287 0.0984448428485 0.088374322215 0.106389927081 0.752668320486 0.575286861256 
0.39507663272 0.0925075796076 0.107597044184 0.0755396157119 0.493942580326 0.760554138441 
0.843812988083 0.195635927304 0.337790128396 0.270974208328 0.442886937098 0.231249034293 
0.209146193025 0.115839989442 0.173488752888 0.7814472859 0.660123422599 0.198187122005 
0.172004172176 0.18139307714 0.151286354823 0.56273729552 0.597291897462 0.577130784134 
0.179128389866 0.222822814032 0.298623226906 0.419843797586 0.700333476144 0.767353741295 
0.0847897100171 0.0226098994523 0.395420478334 0.801788556397 0.146868671469 0.545932504412 
0.498627891274 0.171836807077 0.173403522322 0.685924215961 0.0113114278139 0.360471649555 
0.249700328425 0.20737215585 0.752871754477 0.201267991597 0.0730134250688 0.501636729714 
0.0227593897479 0.328758105365 0.440846783132 0.480468255297 0.624828095041 0.603741385993 
