0.38527323262 0.555870896005 0.347844488986 0.1325157413 0.584125183497 0.147672774632 
0.169366848094 0.0530266634928 0.205042390954 0.636940289756 0.104842537382 0.213543057928 
0.000539584100368 0.0010817559726 0.0795472162693 0.117233411121 0.717740902859 1.0081103539 
0.4808592493 0.22765239076 0.205107351112 0.455754015243 0.128651667813 0.497894215396 
0.168535552606 0.224554943635 0.175823154901 0.508242381559 0.763156889078 0.530344373816 
0.334599395213 0.670824886092 0.586490441276 0.162833293939 0.565085600214 0.674645982329 
0.00630385131579 0.0126383043489 0.929310006054 0.985384947221 0.0683630068015 0.365259685256 
0.36050261818 0.464262444817 0.253181237065 0.287759900454 0.574686288178 0.549352723742 
0.299487388455 0.325515228894 0.0260581394464 0.258693656532 0.407339555757 0.704989566235 
0.168535552606 0.224554943635 0.175823154901 0.508242381559 0.763156889078 0.530344373816 
0.371519953643 1.04375666473 0.982075763054 0.456075198529 0.163758544379 0.108646257563 
0.361340560446 0.477911124239 0.527481722739 0.305312152486 0.0618394840079 0.712904203657 
0.00104185046022 0.00208872967254 0.15359084527 0.226357998183 0.718165819302 0.992395871925 
0.00258026798102 0.192943481861 0.392389161894 0.57223288952 0.708221503891 0.610699488251 
0.168535552606 0.224554943635 0.175823154901 0.508242381559 0.763156889078 0.530344373816 
0.356298989623 0.471243112745 0.520122080715 0.371791145837 0.55037019693 0.657073067965 
0.485287217691 0.161642561148 0.581624075126 0.573830644129 0.435194318166 0.166233399773 
0.0803077338014 0.222091143439 0.28564029367 0.489493696846 0.7731734572 0.556651131522 
0.429307382928 0.860701135882 0.752495948764 0.208923793289 0.580142247926 0.365259685256 
0.0397493405676 0.246269515679 0.475925600459 0.191508675189 0.582915023126 0.557221187904 
0.0476334836704 0.295116208706 0.570323777772 0.195323598196 0.495505842716 0.529777686578 
0.33305373532 0.110935642641 0.505490876228 0.557148341662 0.188588878229 0.309985537661 
0.299487388455 0.325515228894 0.0260581394464 0.258693656532 0.407339555757 0.704989566235 
0.285622994839 0.138935939023 0.692524959089 0.601245226736 0.264507651518 0.327897877573 
0.169366848094 0.0530266634928 0.205042390954 0.636940289756 0.104842537382 0.213543057928 
0.000539584100368 0.0010817559726 0.0795472162693 0.117233411121 0.717740902859 1.0081103539 
0.627599921431 0.786689320915 0.532085412911 0.478690623372 0.559786270093 0.153889314898 
0.270254465045 0.511982928589 0.655262229603 0.568893862095 0.250274859995 0.310244975072 
0.0046182811371 0.00925897223543 0.680824853667 1.00338897611 0.717740902859 0.427072305191 
0.0414806644692 0.404613236024 0.497635229236 0.318971842817 0.205537557944 0.841218451913 
0.050811847858 0.0247164198472 0.281895514731 0.451670598343 0.78244281179 0.91957086801 
0.707053935676 0.806752082169 0.257732692041 0.0932211766695 0.469744625599 0.307996077656 
0.0833853065425 0.456530256101 0.732380057848 0.400568036479 0.496344074011 0.311252947872 
0.154363460536 0.205672197934 0.16103823863 0.24152818335 0.320270215763 0.786398036341 
0.000539584100368 0.0010817559726 0.0795472162693 0.117233411121 0.717740902859 1.0081103539 
0.371519953643 1.04375666473 0.982075763054 0.456075198529 0.163758544379 0.108646257563 
1.03085216508 1.03424921893 0.0911248910989 0.419043491876 0.272134573434 0.0669014653284 
0.00274959424662 0.00551251676364 0.405344809813 0.76257521482 0.843991671917 0.727807353312 
0.707053935676 0.806752082169 0.257732692041 0.0932211766695 0.469744625599 0.307996077656 
0.000103993215857 0.000141235136622 0.00188826012639 0.900184552711 0.891737357218 0.308888427024 
0.371519953643 1.04375666473 0.982075763054 0.456075198529 0.163758544379 0.108646257563 
0.361340560446 0.477911124239 0.527481722739 0.305312152486 0.0618394840079 0.712904203657 
0.00630385131579 0.0126383043489 0.929310006054 0.985384947221 0.0683630068015 0.365259685256 
0.00104185046022 0.00208872967254 0.15359084527 0.226357998183 0.718165819302 0.992395871925 
0.042682600894 0.0866072054237 0.236795819332 0.379408686078 0.657260751924 0.77242251293 
0.00630385131579 0.0126383043489 0.929310006054 0.985384947221 0.0683630068015 0.365259685256 
0.260018416195 0.086608563491 0.311635939705 0.307459093198 0.484126418061 0.837917317981 
0.424702895808 0.809755645872 0.628618524914 0.201113085561 0.205249989958 0.403736337125 
0.00104185046022 0.00208872967254 0.15359084527 0.226357998183 0.718165819302 0.992395871925 
0.269101677062 0.126156378474 0.0274364344356 0.18619766548 0.716470938235 0.553054771964 
0.333282641271 0.936331881599 0.787361318536 0.106538765054 0.536851678363 0.352020955153 
1.03085216508 1.03424921893 0.0911248910989 0.419043491876 0.272134573434 0.0669014653284 
0.0515322866997 0.462664536862 0.597038606501 0.22658870353 0.11745907445 0.583856287006 
0.00630385131579 0.0126383043489 0.929310006054 0.985384947221 0.0683630068015 0.365259685256 
0.66862153919 0.670824886092 0.0555412458764 0.162833293939 0.565085600214 0.674645982329 
0.169191600636 0.223773769515 0.22243300554 0.104696640218 0.743592850299 0.918129388538 
0.38527323262 0.555870896005 0.347844488986 0.1325157413 0.584125183497 0.147672774632 
0.126949396627 0.38188081545 0.669581883676 0.751537044512 0.569234852752 0.321873561827 
0.423983856325 0.109287065226 0.12609630888 0.0123187414193 0.662588561015 0.286058639925 
0.096807226181 0.0733174273398 0.380263877321 0.928703750015 0.834584746217 0.00236172538452 
0.0046182811371 0.00925897223543 0.680824853667 1.00338897611 0.717740902859 0.427072305191 
0.287972225823 0.391225377663 0.29216053198 0.308608074146 0.198859203464 0.81388064737 
0.0046182811371 0.00925897223543 0.680824853667 1.00338897611 0.717740902859 0.427072305191 
0.299487388455 0.325515228894 0.0260581394464 0.258693656532 0.407339555757 0.704989566235 
0.14850302059 0.0722364755203 0.360062155159 0.312602243571 0.355815535906 0.970038737426 
0.408255223058 0.81849450408 0.79566943097 0.498043780923 0.582418266269 0.153889314898 
0.549645196496 0.183079335343 0.83422172719 0.919474610326 0.294070576679 0.0933109039994 
0.0414806644692 0.404613236024 0.497635229236 0.318971842817 0.205537557944 0.841218451913 
0.549312038615 0.647512142018 0.236157080672 0.210583298876 0.634569562622 0.701434663033 
0.180326625863 0.00299715064032 0.0326987855959 0.5808905428 0.718936679843 0.619941808547 
0.691575511773 0.866881996215 0.586324565755 0.527487118946 0.612057674647 0.0889118599286 
0.334599395213 0.670824886092 0.586490441276 0.162833293939 0.565085600214 0.674645982329 
0.34483175481 0.459450140325 0.359742690245 0.45154827476 0.202037865208 0.250416728133 
0.404837351784 0.524901333385 0.474838208777 0.570020369197 0.250770460131 0.232446546115 
0.36050261818 0.464262444817 0.253181237065 0.287759900454 0.574686288178 0.549352723742 
0.38527323262 0.555870896005 0.347844488986 0.1325157413 0.584125183497 0.147672774632 
0.00258026798102 0.192943481861 0.392389161894 0.57223288952 0.708221503891 0.610699488251 
0.151649204998 0.472046249397 0.799858565561 0.897759726735 0.648360276211 0.200358040463 
0.333282641271 0.936331881599 0.787361318536 0.106538765054 0.536851678363 0.352020955153 
0.315130138476 0.342517461125 0.0288442130273 0.270019024954 0.173992636315 0.7120895019 
0.0854495992354 0.0647156664476 0.335650509356 0.819745997607 0.788640646826 0.323183927899 
0.0649249936431 0.381581661962 0.486624188497 0.613659198062 0.763593263072 0.370642506065 
0.33305373532 0.110935642641 0.505490876228 0.557148341662 0.188588878229 0.309985537661 
0.38527323262 0.555870896005 0.347844488986 0.1325157413 0.584125183497 0.147672774632 
0.334599395213 0.670824886092 0.586490441276 0.162833293939 0.565085600214 0.674645982329 
0.338923742039 0.148982877165 0.0294894840861 0.292758643676 0.460978847355 0.797845951083 
0.264811924743 0.0829093704906 0.111424168178 0.476564223875 0.593001136277 0.287798972465 
0.361340560446 0.477911124239 0.527481722739 0.305312152486 0.0618394840079 0.712904203657 
0.0374233986076 0.23185899935 0.448076704428 0.209774930169 0.705314921919 0.568986955314 
0.3458102584 0.893174237105 0.816957107518 0.110543499838 0.55703145421 0.365259685256 
0.592623421304 0.379982361099 0.416199935732 0.329602043274 0.202996925182 0.273631495909 
0.097960843038 0.275213419728 0.932450059882 0.910746862827 0.149915180659 0.305417532393 
0.592623421304 0.379982361099 0.416199935732 0.329602043274 0.202996925182 0.273631495909 
0.818988039363 0.0136123732156 0.0723965703438 0.33291977566 0.231271307305 0.311767819508 
0.473412027301 0.609669442999 0.332477640896 0.377887083367 0.62772207641 0.313743197883 
0.392743286734 0.551335269523 0.596084461604 0.657000350253 0.210122878386 0.0666229488044 
1.03118760884e-05 4.33256119042e-05 0.00288079644486 0.831242958209 0.823442299482 0.285218155835 
0.0255344154784 0.249069393529 0.306331283669 0.297079662503 0.726689200483 0.854033903669 
0.466711820914 0.00775717296743 0.0412561307291 0.2722835161 0.613342561178 0.54474787504 
0.3458102584 0.893174237105 0.816957107518 0.110543499838 0.55703145421 0.365259685256 
