0.142107931056 0.203286269497 0.133236088141 0.15608184933 0.837859231384 0.723458461545 
0.257384285854 0.0208210563112 0.136677749759 0.263319967169 0.710226280219 0.509365277675 
0.344022433585 0.379027487725 0.322177772933 0.416676484048 0.0745511212827 0.470917414441 
0.150495417375 0.250003691422 0.66224581034 0.761401472228 0.283475380859 0.372735872079 
0.473231954233 0.347332018686 0.46156088746 0.836288708242 0.565280841862 0.315606375878 
0.142107931056 0.203286269497 0.133236088141 0.15608184933 0.837859231384 0.723458461545 
0.0629478202136 0.0340988078459 0.144506420639 0.737126993363 0.718109056583 0.409169093166 
0.714457924025 0.387020608343 0.279027047522 0.00128326294253 0.267030460521 0.239506903192 
0.124969224584 0.815596375829 0.807535848772 0.41440709252 0.271469878967 0.0145112123361 
0.0998160598121 0.125141479704 0.158253900544 0.31088152302 0.66390613573 0.775489337792 
0.177756297951 0.222856563141 0.281824668309 0.632709923251 0.678159787975 0.520973544724 
0.36409718237 0.420897480994 0.238073386492 0.0906444614163 0.628698044168 0.667519143627 
0.55925364866 0.646498828116 0.365681105601 0.139237035982 0.589406467967 0.189759180329 
0.257384285854 0.0208210563112 0.136677749759 0.263319967169 0.710226280219 0.509365277675 
0.136221888196 0.0122028457028 0.0757482802956 0.272863937379 0.757093021608 0.733918567905 
0.0303442307601 0.298311324935 0.818343202123 0.684706993318 0.260243113648 0.254833614225 
0.364430664027 0.197411498525 0.180271280922 0.404189368343 0.639004422384 0.49089361032 
0.257384285854 0.0208210563112 0.136677749759 0.263319967169 0.710226280219 0.509365277675 
0.234414541491 0.335331228231 0.219780085032 0.257473652258 0.783888102664 0.290859758037 
0.297415163855 0.211443221112 0.668911715487 0.168595769198 0.713679795321 0.229772199412 
0.136221888196 0.0122028457028 0.0757482802956 0.272863937379 0.757093021608 0.733918567905 
0.906038713007 0.674098246081 0.0457660864362 0.00451340038115 0.628366831589 0.157880028063 
0.10649560042 0.141443652556 0.246189458678 0.258863225857 0.622319197763 0.854444771731 
0.142107931056 0.203286269497 0.133236088141 0.15608184933 0.837859231384 0.723458461545 
0.0891730334097 0.172222585459 0.206144329243 0.2167545078 0.521088262236 0.71545712958 
0.226716257214 0.16118083825 0.571829240507 0.275010225743 0.251493984919 0.723432347497 
0.257384285854 0.0208210563112 0.136677749759 0.263319967169 0.710226280219 0.509365277675 
0.257384285854 0.0208210563112 0.136677749759 0.263319967169 0.710226280219 0.509365277675 
0.257384285854 0.0208210563112 0.136677749759 0.263319967169 0.710226280219 0.509365277675 
0.505272106577 0.584096034885 0.330383984321 0.0912570316669 0.220471462618 0.197747118329 
0.226716257214 0.16118083825 0.571829240507 0.275010225743 0.251493984919 0.723432347497 
1.07309954671 0.355956522062 0.207273970014 0.1501841499 0.153030243117 0.0951382778337 
0.117544597461 0.125601317433 0.0476779752495 0.0961928180938 0.790765943619 0.779369387596 
0.461341964931 0.0373202024427 0.2449848117 0.290226295905 0.592958547695 0.36409733028 
0.426146538506 0.492626686788 0.278645840786 0.106094310566 0.557011382124 0.463645143516 
0.0927038445381 0.132613535064 0.0869162515668 0.101815211431 0.83698095266 0.824918107154 
0.21786204001 0.509263517986 0.74866585434 0.761629669164 0.48147208485 0.287874386322 
0.297415163855 0.211443221112 0.668911715487 0.168595769198 0.713679795321 0.229772199412 
0.0431792838933 0.0152663235 0.0850312394957 0.525281812763 0.829317784443 0.651528554946 
0.569973509891 0.0461079457771 0.508837248075 0.768272443579 0.159912649952 0.00593763054238 
0.243994219677 0.0197378675851 0.129567261283 0.249620431915 0.903354846996 0.780095685106 
0.0642669235049 0.0686720010261 0.23071856119 0.808675954068 0.667925545827 0.410130567192 
0.580177465314 0.201893595636 0.0581595911229 0.236474623741 0.125484406568 0.519168886142 
0.124969224584 0.815596375829 0.807535848772 0.41440709252 0.271469878967 0.0145112123361 
0.151268620467 0.113373811308 0.656488396672 0.660012773916 0.304974303808 0.572648488907 
0.229422994775 0.0185591290838 0.121829545472 0.234712439183 0.939501457521 0.826820620036 
0.0682206686123 0.0371351206465 0.296070251825 0.297652695382 0.137524546183 0.600143086828 
0.237638246428 0.128728283872 0.11755134044 0.263559639806 0.790415317256 0.842796203026 
0.133586714354 0.0949717133651 0.336935751028 0.162037395501 0.250988732685 0.839849931797 
0.251169586927 0.359299384713 0.338870268903 0.425450725251 0.492671495535 0.59079108736 
0.0183449778363 0.0183967579088 0.03420590304 0.0702520510614 0.154522066657 0.872798844476 
0.10649560042 0.141443652556 0.246189458678 0.258863225857 0.622319197763 0.854444771731 
0.36409718237 0.420897480994 0.238073386492 0.0906444614163 0.628698044168 0.667519143627 
0.407215330889 0.0412799364985 1.93637457844e-05 0.407020788332 0.643480824568 0.489322602368 
0.55925364866 0.646498828116 0.365681105601 0.139237035982 0.589406467967 0.189759180329 
0.114376701994 0.0813146281016 0.25724292818 0.0578787750775 0.611689121035 0.839849931797 
0.107408258303 0.0581829437167 0.143364401109 0.484119965595 0.568442082433 0.706243015717 
0.0893133864548 0.0954351441641 0.320635273975 1.02975902137 0.74786664851 0.240779542969 
0.150495417375 0.250003691422 0.66224581034 0.761401472228 0.283475380859 0.372735872079 
0.0927038445381 0.132613535064 0.0869162515668 0.101815211431 0.83698095266 0.824918107154 
0.0960219440053 0.088870533291 0.0900272052528 0.105459891759 0.86693953511 0.854444771731 
0.287214702087 0.200427192509 0.280131212448 0.537715377411 0.512882343266 0.515896408 
0.0629478202136 0.0340988078459 0.144506420639 0.737126993363 0.718109056583 0.409169093166 
0.229422994775 0.0185591290838 0.121829545472 0.234712439183 0.939501457521 0.826820620036 
0.331455060121 0.0637527273204 0.504072463235 0.358458617745 0.57464104252 0.578017486228 
0.117544597461 0.125601317433 0.0476779752495 0.0961928180938 0.790765943619 0.779369387596 
0.133586714354 0.0949717133651 0.336935751028 0.162037395501 0.250988732685 0.839849931797 
0.278092965108 0.397813380018 0.260731706372 0.101815211431 0.246525973183 0.824918107154 
0.239530504661 0.0682926013197 0.450379596312 0.820486802628 0.305475190106 0.401661895614 
0.364422532306 0.197407093586 0.274097837975 0.864296964015 0.819067210826 0.326177060954 
0.859057350674 0.59947619392 0.509214765057 0.488581244592 0.320063622234 0.0171129458632 
0.0474923004357 0.0787503899774 0.310113325192 0.356294203573 0.187780218411 0.620057994618 
0.177756297951 0.222856563141 0.281824668309 0.632709923251 0.678159787975 0.520973544724 
0.257384285854 0.0208210563112 0.136677749759 0.263319967169 0.710226280219 0.509365277675 
0.36409718237 0.420897480994 0.238073386492 0.0906444614163 0.628698044168 0.667519143627 
0.996000952296 0.555211120799 0.192382004785 0.139392976643 0.142033419891 0.0883011180061 
0.662149875614 0.356536781294 0.335833498942 0.546738624297 0.426899162149 0.506982887908 
0.268421318471 0.0397303451229 0.620518294274 0.652481816202 0.592374235447 0.335358906728 
0.71422105563 0.803295484709 0.452928764997 0.522595172471 0.141601941016 0.267896041398 
0.117544597461 0.125601317433 0.0476779752495 0.0961928180938 0.790765943619 0.779369387596 
0.142107931056 0.203286269497 0.133236088141 0.15608184933 0.837859231384 0.723458461545 
0.243537268324 0.28152992872 0.159242405691 0.060625898751 0.603835402464 0.697629117382 
0.581691071807 0.67243654355 0.380352350909 0.144823795048 0.596577304543 0.0959019727518 
0.423518496065 0.766579327197 1.06820840442 0.513745488885 0.277438754525 0.0422106580616 
0.42084442642 0.422027549797 0.612009304437 0.861703683471 0.58246045987 0.325198322679 
0.600693117973 0.0538105845206 0.334025631868 0.55684173185 0.274461161838 0.360883700608 
0.385374578039 0.702333775523 0.512150232764 0.103459746801 0.249952154092 0.224188996141 
0.641138072726 0.0518647994877 0.34046142367 0.369573274162 0.663927572431 0.213753181604 
0.10649560042 0.141443652556 0.246189458678 0.258863225857 0.622319197763 0.854444771731 
0.344912190407 0.186838377997 0.136706477529 0.0746409920223 0.743402448371 0.858873011756 
0.520570390159 0.556250427442 0.26983108972 0.431530837358 0.336939697284 0.456909453132 
0.157588149583 0.0141168540768 0.0876293636654 0.315664350661 0.543724133743 0.603493532188 
0.291485935415 0.531224606496 0.434420063426 0.230828409521 0.211087381755 0.607210766539 
0.173308414084 0.12321129124 0.389785270392 0.09823790887 0.681359984496 0.723432347497 
0.996000952296 0.555211120799 0.192382004785 0.139392976643 0.142033419891 0.0883011180061 
0.473231954233 0.347332018686 0.46156088746 0.836288708242 0.565280841862 0.315606375878 
0.142107931056 0.203286269497 0.133236088141 0.15608184933 0.837859231384 0.723458461545 
0.0431792838933 0.0152663235 0.0850312394957 0.525281812763 0.829317784443 0.651528554946 
0.219154852746 0.0421526806404 0.333287788109 0.27667703732 0.643680535792 0.6834266302 
0.655691406598 0.487838386422 0.0384642336129 0.37445006995 0.600277131993 0.603803999527 
