0.0663896453379 0.0714615494333 0.0448930824773 0.0890726825955 0.00916234998845 0.72564986668 
0.159041924792 0.365942666389 0.533426796656 0.443025863373 0.544341037216 0.59248428673 
0.290607423916 0.308976559257 0.0166545098 0.318335638015 0.61644931586 0.494673439431 
0.313438038614 0.11602588472 0.598955337699 0.630174650571 0.446139971562 0.452240066082 
0.583908877359 0.0389000597355 0.253373587846 0.654735220923 0.0913133691501 0.417851732658 
0.496829122032 0.662632693613 0.390779580101 0.0029586553603 0.180424680526 0.401207466357 
0.171640989883 0.392698188189 0.363775097583 0.103535796533 0.454817803803 0.194926683378 
0.0686672289205 0.133446523764 0.361678534987 0.32546963773 0.692919725279 0.358642179879 
0.459937219646 0.517828375758 0.296583684572 0.415668730498 0.0713549222866 0.325026067107 
0.470762242234 0.39064494164 0.30356403972 0.425451901343 0.0730347267248 0.332679200601 
0.182067159587 0.416552263576 0.38587226783 0.109825099408 0.452250875939 0.0109816869832 
0.15991108032 0.0593352832071 0.155967084783 0.0417210940226 0.0561582709144 0.676647621641 
0.250373746061 0.248328494267 0.0684147377602 0.199450890914 0.106907353472 0.656991533294 
0.159041924792 0.365942666389 0.533426796656 0.443025863373 0.544341037216 0.59248428673 
0.404592454388 0.437864108376 0.293490044302 0.189610404099 0.466224918508 0.549580275219 
0.0741349096674 0.0720805442762 0.00397590900717 0.0287636917887 0.0571508083921 0.74239981786 
0.0915712043754 0.177957632002 0.693652433188 0.561989476295 0.397865723229 0.40329218534 
0.409761060592 0.595806856122 0.556755845721 0.248186131927 0.129953220409 0.318096120337 
0.583908877359 0.0389000597355 0.253373587846 0.654735220923 0.0913133691501 0.417851732658 
0.458550396906 0.666748246132 0.5830240787 0.117843866993 0.251682477023 0.26338086043 
0.17397852446 0.400310572231 0.583524156519 0.382621844514 0.0842733340111 0.569959364807 
0.260826200234 0.320825395576 0.822451601817 0.299544645558 0.156848491913 0.383950532737 
0.374471723284 0.398141869477 0.0214607246205 0.410202379666 0.698484775675 0.370791083598 
0.0663896453379 0.0714615494333 0.0448930824773 0.0890726825955 0.00916234998845 0.72564986668 
0.2623037685 0.246344313941 0.555925322559 0.15822564817 0.651564390134 0.0158842639064 
0.485687145225 0.522791584367 0.328424626751 0.651641696191 0.0149770760186 0.0146644829608 
0.374471723284 0.398141869477 0.0214607246205 0.410202379666 0.698484775675 0.370791083598 
0.374824268935 0.358608614712 0.435527828014 0.334994049319 0.116340209611 0.284763985096 
0.0570489885284 0.208369061115 0.262067397167 0.237555005094 0.764935564163 0.648442773009 
0.404455198013 0.0269448303512 0.175503859948 0.453513771611 0.0837393868538 0.657609942468 
0.059172256074 0.0039420321447 0.0256764012132 0.066347934427 0.0893100117718 0.876649165616 
0.000266916142443 0.0290798332097 0.0775400076345 0.0964536225613 0.628724945878 0.775596784359 
0.286565013692 0.0412521919045 0.607344480378 0.17286058348 0.711831070189 0.0173666623081 
0.404592454388 0.437864108376 0.293490044302 0.189610404099 0.466224918508 0.549580275219 
0.0857298333967 0.313124580521 0.462030982487 0.30752556221 0.40016803375 0.674367717138 
0.119533089348 0.232298176115 0.872708592294 0.599303691098 0.0835811183244 0.382463364208 
0.15463107756 0.00698746784797 0.12403243433 0.38307016711 0.839285227919 0.673319092633 
0.227149755233 0.131325768268 0.0937561422829 0.465980748152 0.812846536148 0.161669258248 
0.25693057876 0.342674375686 0.202088041456 0.00152908248735 0.195344219682 0.662327267142 
0.290607423916 0.308976559257 0.0166545098 0.318335638015 0.61644931586 0.494673439431 
0.182067159587 0.416552263576 0.38587226783 0.109825099408 0.452250875939 0.0109816869832 
0.0670896132144 0.0612963297886 0.0567253286945 0.143830235653 0.74279913406 0.800433082727 
0.404592454388 0.437864108376 0.293490044302 0.189610404099 0.466224918508 0.549580275219 
0.0570489885284 0.208369061115 0.262067397167 0.237555005094 0.764935564163 0.648442773009 
0.312775958508 0.338497088865 0.214949378911 0.00177996862564 0.227356813657 0.770881913953 
0.0135811542274 0.024449670456 0.0778522372144 0.597272041024 0.988809068403 0.757227549082 
0.0741349096674 0.0720805442762 0.00397590900717 0.0287636917887 0.0571508083921 0.74239981786 
0.728049377136 0.78366925386 0.317531741034 0.322725742645 0.0410841298964 0.23962513478 
0.103966787773 0.202046950269 0.547605429772 0.280091562245 0.52637585022 0.572926103051 
0.204307580765 0.219915825051 0.0891067772638 0.202895020551 0.707711902521 0.599924159652 
0.225722114461 0.650538591975 0.711759473244 0.259229260866 0.135736252862 0.30678061878 
0.572908703877 0.519095949707 0.121877769114 0.68623343177 0.426046214843 0.0166511195835 
0.347965413998 0.249973789636 0.138310933325 0.227374336719 0.117597198631 0.594433868122 
0.157998133589 0.307050340908 0.83219483188 0.335667908856 0.0858137538124 0.390900025604 
0.404455198013 0.0269448303512 0.175503859948 0.453513771611 0.0837393868538 0.657609942468 
0.518168479005 0.569848967732 0.224847079221 0.581020498086 0.0810307605279 0.370791083598 
0.345479075672 0.330532954756 0.401430122178 0.307218879402 0.130151299009 0.594987420855 
0.0553703355734 0.107605618539 0.291642246414 0.262444547841 0.845081907419 0.716396995595 
0.0299570250085 0.0262945858441 0.0678255465602 0.497093911242 0.606937656831 0.377959990638 
0.114468323657 0.222455416096 0.602918244458 0.250204879807 0.218058576241 0.628086939734 
0.0511988237197 0.668726780057 0.717910832752 0.0735989890702 0.411573470667 0.49039830633 
0.0267033323378 0.348782403346 0.37443493094 0.0633036582463 0.643269958947 0.516201441706 
0.752138716319 0.809598915492 0.328038075393 0.333403998019 0.0401902796528 0.0146644829608 
0.134771058554 0.0779173732041 0.0764579106741 0.654632526618 0.805799712183 0.244013369165 
0.290607423916 0.308976559257 0.0166545098 0.318335638015 0.61644931586 0.494673439431 
0.286565013692 0.0412521919045 0.607344480378 0.17286058348 0.711831070189 0.0173666623081 
0.00485026033639 0.00567269236533 0.186026055397 0.552709279043 0.772423725272 0.619668966515 
0.3262153739 0.120755693038 0.623371813918 0.655863864644 0.424575180193 0.290863304473 
0.0189726376476 0.00703981552757 0.445067043312 0.664458518921 0.368862309205 0.373884049537 
0.286565013692 0.0412521919045 0.607344480378 0.17286058348 0.711831070189 0.0173666623081 
0.306846689538 0.330288483026 0.20749161238 0.417091130331 0.126933176899 0.580274166411 
0.555855285409 0.741357273137 0.437206446375 0.00321750399012 0.0730301605771 0.332658397383 
0.174661471008 0.339433523334 0.91996257413 0.369523922918 0.0434278064698 0.286164037356 
0.368787738635 0.282202977638 0.287184674859 0.11838144251 0.51764267425 0.101959841252 
0.204307580765 0.219915825051 0.0891067772638 0.202895020551 0.707711902521 0.599924159652 
0.186095841887 0.00980988825309 0.181506031874 0.0485530693277 0.0653567607047 0.787469164384 
0.279128323881 0.348055219888 0.265844383545 0.33336010633 0.717116514426 0.498616708022 
0.00506519210909 0.00508262709711 0.079143274287 0.333719443195 0.666018214737 0.749768266348 
0.0189726376476 0.00703981552757 0.445067043312 0.664458518921 0.368862309205 0.373884049537 
0.128141329563 0.249027250624 0.674935561757 0.280091562245 0.217463367583 0.572926103051 
0.116870490309 0.227123736672 0.615570736471 0.250204879807 0.137390913733 0.628086939734 
0.762566357895 0.825275972806 0.553163144929 0.281010840437 0.0462878563352 0.305012058203 
0.417291930761 0.384864938626 0.123310551485 0.465934076963 0.572488871341 0.623128026208 
0.374328472672 0.393417883075 0.169179672732 0.534059135594 0.541596964858 0.200477555687 
0.2623037685 0.246344313941 0.555925322559 0.15822564817 0.651564390134 0.0158842639064 
0.48489978662 0.524775508907 0.351744720857 0.18461283539 0.225501250369 0.649527699131 
0.648882377061 0.617230348502 0.274257841026 0.44992807887 0.136544291998 0.404245869255 
0.123086659485 0.152569340197 0.237883251372 0.38555252824 0.448681737646 0.716429261845 
0.306846689538 0.330288483026 0.20749161238 0.417091130331 0.126933176899 0.580274166411 
0.048737759152 0.150927004457 0.232896796839 0.672101395126 0.827302870268 0.25052865906 
0.0753570725844 0.313294696461 0.396914722052 0.357178397607 0.760428437227 0.3581379135 
0.479400667895 0.516024847065 0.324173672175 0.651641696191 0.124243283505 0.0146644829608 
0.134771058554 0.0779173732041 0.0764579106741 0.654632526618 0.805799712183 0.244013369165 
0.0690409840167 0.984930512123 0.968093693049 0.0992479981324 0.462769998958 0.274780123652 
0.0818452171057 0.158638086421 0.349175227743 0.639502609304 0.585640147316 0.0687520388327 
0.404592454388 0.437864108376 0.293490044302 0.189610404099 0.466224918508 0.549580275219 
0.0663896453379 0.0714615494333 0.0448930824773 0.0890726825955 0.00916234998845 0.72564986668 
0.0570489885284 0.208369061115 0.262067397167 0.237555005094 0.764935564163 0.648442773009 
0.0359142203222 0.131175253501 0.347890050227 0.359645676583 0.418531976743 0.66828009534 
0.357439888752 0.177957632002 0.382053130595 0.561989476295 0.397865723229 0.40329218534 
