0.433674714892 0.435520139173 0.542508862616 0.704980708391 0.327785155364 0.0285353260183 
0.000660386587081 0.000185248491377 0.00235610011441 0.355534483994 0.672439822412 0.610985739044 
0.225275984059 0.241227286732 0.212718629647 0.0131099545107 0.370576486178 0.938356477505 
0.0848115477539 0.0355966910437 0.00572407277717 0.0434716192676 0.720050423497 0.754191174657 
0.0654262189034 0.0621763147577 0.0641398282352 0.026977351848 0.578993338552 0.823270122544 
0.353562524514 0.572923866588 0.453854754584 0.357506769531 0.822797375366 0.0411304081102 
0.0998276346178 0.218913753848 0.25985697985 0.257727323433 0.578583730606 0.632330183066 
0.00500065827812 0.136098672098 0.186501042025 0.155840636743 0.3343570913 0.882655963717 
0.524957691138 0.0738028225391 0.494839934201 0.261091417572 0.00543969194021 0.472750138611 
0.0666473883021 0.0669309565871 0.097420219342 0.231859274352 0.669366839974 0.763743051255 
0.353562524514 0.572923866588 0.453854754584 0.357506769531 0.822797375366 0.0411304081102 
0.0986212386181 0.0334156473777 0.203576651706 0.460932589861 0.545573034516 0.269273889906 
0.138289930162 0.176697470284 0.152579698178 0.507604465427 0.75319853126 0.507841839078 
0.476022498252 0.257508409362 0.0171930856828 0.307393452413 0.707461798422 0.035349921509 
0.175227472759 0.132228135348 0.386339826808 0.84063402902 0.348864160754 0.200092844443 
0.140483855125 0.0475999084882 0.469862673128 0.564655863437 0.424174474249 0.459690097614 
0.0380564487842 0.0343395033483 0.0972811852967 0.518833301235 0.558947839759 0.432471831389 
0.348768527972 0.314704957662 0.225216937985 0.152609047616 0.00481667826676 0.632602093676 
0.0920814690133 0.11765542917 0.101596230402 0.59607959496 0.782208960551 0.327703139337 
0.226089301493 0.248330107521 0.12927619643 0.652451753756 0.735239973081 0.204734437849 
0.0632619128738 0.0716105542378 0.0620180565479 0.0260849250447 0.559840064593 0.79603272481 
0.341908893873 0.366118740968 0.322850484573 0.0326532985518 0.79921703539 0.721080912583 
0.626433398965 0.670789860494 0.59151574867 0.0364560811187 0.383497829588 0.591415231276 
0.768994630774 0.693888420804 0.543375610211 0.542761465373 0.37496059521 0.0500782836327 
0.138289930162 0.176697470284 0.152579698178 0.507604465427 0.75319853126 0.507841839078 
0.688123869247 0.729305005703 0.33676186001 0.548336549781 0.00379229315833 0.290547576034 
0.0157965372931 0.429918794733 0.589134731987 0.724474469028 0.822797375366 0.0411304081102 
0.0318908097924 0.0360994036615 0.0620180565479 0.0966504224358 0.559840064593 0.79603272481 
0.0714933264915 0.093607861539 0.46335315299 0.689861045661 0.318875253988 0.224738412889 
0.0998276346178 0.218913753848 0.25985697985 0.257727323433 0.578583730606 0.632330183066 
0.341908893873 0.366118740968 0.322850484573 0.0326532985518 0.79921703539 0.721080912583 
0.469171325926 0.258579757639 0.206186229787 0.621809423145 0.0738195867253 0.106304842487 
0.461383094774 0.467028641841 0.467730211651 0.67944094269 0.0806617999383 0.116167506773 
0.250404978477 0.145629492635 0.557146087254 0.598134167341 0.110274118077 0.481621010895 
0.1004891086 0.220364311614 0.531900332699 0.564431075303 0.424005610017 0.45950705346 
0.000794212561579 0.000429573263571 0.00118749411996 0.426429534163 0.806527716942 0.732840110343 
0.0141957126894 0.0239903296561 0.0203141448029 0.15086937224 0.758023508003 0.696725500576 
0.019640150027 0.0197236826971 0.0152463772086 0.15530345734 0.780302041945 0.717205522426 
0.853329134255 0.875771319619 0.804372494693 0.424409523621 0.00706918453199 0.0414426953015 
0.12726814164 0.214008472132 0.425661316002 0.511537065579 0.384270833346 0.4164356551 
0.178881943148 0.0139589734316 0.125420026575 0.451608675372 0.450891066371 0.766254276056 
0.073675454802 0.503511026228 0.569408863633 0.302586391922 0.465479912332 0.601036190343 
0.100633569912 0.128582724308 0.11103207288 0.651440725229 0.782208960551 0.0299479435095 
0.3342505889 0.184219331116 0.146892578698 0.51614138159 0.340703571365 0.398971665097 
0.171388716933 0.174560150852 0.0311525408355 0.0193242857252 0.491749886989 0.893823979825 
0.0812240936778 0.106348583878 0.526418973446 0.783756208701 0.345911419434 0.103178523687 
0.0362801132832 0.00466147685401 0.685066888199 0.728489929853 0.19524818979 0.348358713427 
0.171758235566 0.188654388389 0.0982099470917 0.495662310766 0.675344660081 0.458267807905 
0.129072981086 0.0750657012941 0.287184547847 0.308312244889 0.106883141942 0.726719470172 
0.259875122308 0.414828336799 0.576452393716 0.594200659151 0.39216047225 0.301084906245 
0.14484786636 0.144923967485 0.407923150978 0.720693177603 0.656013278515 0.0695564157613 
0.330927368267 0.631906415075 0.605261075261 0.366395172146 0.354860911987 0.451314316266 
0.544364414132 0.882105277455 0.656886111132 0.0716799531122 0.420141596877 0.534357567345 
0.695443654305 0.0542688731055 0.276015954253 0.6278073529 0.0938538805212 0.477851634411 
0.134263027976 0.154420666706 0.205958150165 0.263695077488 0.524985102808 0.726996927125 
0.359641445551 0.198213287657 0.131655052116 0.377549659215 0.23282151442 0.578724393242 
0.549005000997 0.0428415309395 0.217895509106 0.512102376047 0.211086092009 0.470073949477 
0.461383094774 0.467028641841 0.467730211651 0.67944094269 0.0806617999383 0.116167506773 
0.358465904523 0.316210538887 0.0531165519876 0.588927205069 0.121111458539 0.620864248616 
0.190811947209 0.17217567897 0.253700210164 0.376589098301 0.130553612899 0.887677681735 
0.0259119497958 0.0364040601066 0.0355790992118 0.109946582984 0.771220140399 0.806508402791 
0.000794212561579 0.000429573263571 0.00118749411996 0.426429534163 0.806527716942 0.732840110343 
0.38519847681 0.399214764052 0.0539949177687 0.872009411186 0.666339241732 0.316790845667 
0.210770484313 0.211667357127 0.3080899333 0.733249012435 0.657209578094 0.033858874091 
0.502342459801 0.0392002189462 0.199375483111 0.512102376047 0.369607946676 0.470073949477 
0.0993194774392 0.158539724442 0.220309134672 0.339979070735 0.562503105129 0.614752908084 
0.229946673864 0.252566937157 0.103103794976 0.273259962434 0.613453829029 0.670445697264 
0.453846112196 0.432704540026 0.118451339133 0.139783249994 0.0062443787867 0.643339502562 
0.031688072106 0.0319917164823 0.221004905506 0.705082018334 0.759597927155 0.441066515809 
0.229946673864 0.252566937157 0.103103794976 0.273259962434 0.613453829029 0.670445697264 
0.0171050076212 0.116898776675 0.13219768576 0.0702503733986 0.531680727288 0.939352912738 
0.337878602928 0.321498765517 0.180543343791 0.48062480637 0.68989712767 0.577681599971 
0.0110152219928 0.019964266834 0.0497012514509 0.111386928566 0.781323454161 0.817075362999 
0.0497693403352 0.0515802688083 0.006975836426 0.119785843309 0.679691855323 0.966470995584 
0.000655370237627 0.000667686642994 0.000979799303787 0.351885810159 0.665538875291 0.604714400563 
0.294342963291 0.0413810935319 0.717237939055 0.856110674246 0.006302993218 0.0369417333698 
0.140483855125 0.0475999084882 0.469862673128 0.564655863437 0.424174474249 0.459690097614 
0.00500065827812 0.136098672098 0.186501042025 0.155840636743 0.3343570913 0.882655963717 
0.587490287283 0.530111242088 0.415123553655 0.414654414921 0.307084939742 0.356459247694 
0.0920814690133 0.11765542917 0.101596230402 0.59607959496 0.782208960551 0.327703139337 
0.371576516082 0.0522392262375 0.350258336619 0.184806090273 0.00583369257282 0.766089070008 
0.0474712220826 0.0860380838761 0.214194105296 0.480033371841 0.738315282674 0.499413169071 
0.217615845363 0.225534254043 0.0305038714558 0.440626220659 0.454879096768 0.77303251612 
0.210770484313 0.211667357127 0.3080899333 0.733249012435 0.657209578094 0.033858874091 
0.0171050076212 0.116898776675 0.13219768576 0.0702503733986 0.531680727288 0.939352912738 
0.154386824006 0.0897876276471 0.343507398784 0.368778624554 0.0905360599754 0.64189562629 
0.776915028164 0.791291477721 0.141218485331 0.0960622646228 0.625184674553 0.297218627517 
0.147171517668 0.0351293215587 0.0694085534274 0.634061406833 0.2095199751 0.735663228809 
0.877485042211 0.836609086322 0.229019349413 0.270263155321 0.00732978436873 0.114360603039 
0.152088675139 0.0213818071739 0.37060064447 0.442357085594 0.00617272348347 0.744649464191 
0.015144475112 0.317460525859 0.564815989466 0.470915102623 0.516391295622 0.470763966624 
0.221330303625 0.121984268063 0.097267471814 0.341772587354 0.402252577711 0.699435096911 
0.359641445551 0.198213287657 0.131655052116 0.377549659215 0.23282151442 0.578724393242 
0.737284387168 0.309449944012 0.0491728293087 0.0621018740066 0.364000897246 0.433166887833 
0.521050318278 0.613713618595 0.488409515452 0.249252321737 0.0486494454858 0.0553057901497 
0.000655370237627 0.000667686642994 0.000979799303787 0.351885810159 0.665538875291 0.604714400563 
0.358465904523 0.316210538887 0.0531165519876 0.588927205069 0.121111458539 0.620864248616 
0.407081516406 0.421894068254 0.0570623925552 0.921548089994 0.668697211026 0.0874219159644 
0.516779299486 0.561452571773 0.173530544962 0.229393427489 0.470300311312 0.366493926628 
0.501010712506 0.567129105115 0.480003469644 0.0843319017857 0.548841938005 0.260911680406 
