0.339641969936 0.301274700359 0.131404444001 0.234388435904 0.498222179624 0.516385699181 
0.00697564377876 0.00783307011155 0.0198557743505 0.0519773310235 0.254240236455 0.961896364509 
0.0236328977852 0.0223293215387 0.14879957116 0.283617650047 0.402860087971 0.80792151082 
0.229666811971 0.172085125968 0.070552961222 0.210306619953 0.86106540622 0.692989244063 
0.248246063532 0.160887556788 0.320023874709 0.339692390187 0.616890158038 0.343549166877 
0.0365401646101 0.0505814852988 0.0504216525308 0.0643296053684 0.931374569919 0.841624699139 
0.080253835326 0.0901186729447 0.228438489702 0.59801074568 0.93552857277 0.788830634587 
0.291956729355 0.561265358419 0.761090905794 0.574168078755 0.0492976931441 0.14483331978 
0.100765637835 0.0833692864386 0.0422597697871 0.275488366733 0.472011141468 0.765581608166 
0.215090904261 0.257748315247 0.227856705014 0.31058752244 0.6948140524 0.667163245013 
0.327311224445 0.309257276409 0.289668315531 0.470639409216 0.421187455198 0.668915942237 
0.14996236529 0.187406051592 0.54435349915 0.705530892133 0.37332202963 0.278703041522 
0.322859806296 0.386890250279 0.342021799747 0.316771766086 0.526029229938 0.684828657139 
0.400510989692 0.479941435656 0.424281658956 0.319034814273 0.218806762383 0.667710260944 
0.424721430476 0.401294503785 0.375875735948 0.610705667905 0.425104717846 0.516639283406 
0.452933189637 0.542760154337 0.479815169178 0.360792974864 0.223198467782 0.641014493998 
0.844167018851 0.698428787885 0.140980705909 0.464272255166 0.200490274969 0.278743707877 
0.27697791093 0.322991937248 0.255150281347 0.309101723117 0.785557033624 0.307103877116 
0.242918033501 0.336264487616 0.355883866038 0.366075860481 0.930352100026 0.356387971482 
0.296587971803 0.244638364291 0.0735102330245 0.546974194667 0.588249276143 0.548486928616 
0.60466150053 0.724579652335 0.640548707886 0.481655799756 0.207997269953 0.289180551016 
0.152757535485 0.0329179770657 0.165837209885 0.749094551349 0.935044460709 0.579635264556 
0.402110067497 0.402215848199 0.279923522806 0.0789049440848 0.288032857087 0.90445550862 
0.629884637945 0.474720711666 0.678841536536 0.495166607419 0.053969721679 0.158558291847 
0.335753274617 0.356946306336 0.74216373067 0.454259918609 0.216658391334 0.443123634419 
0.0236328977852 0.0223293215387 0.14879957116 0.283617650047 0.402860087971 0.80792151082 
0.126293464918 0.0104068531539 0.0529658178835 0.499152026331 0.707344942532 0.67919538694 
0.192468896687 0.0856444435651 0.177301098707 0.214790825066 0.854011003463 0.701551784462 
0.29219097618 0.241746680096 0.122541137742 0.798839387893 0.566919919974 0.32215412616 
0.223524368997 0.21119512458 0.426407181354 0.803813814794 0.425327533883 0.317527266886 
0.0388104506182 0.12336595519 0.290233155302 0.650729234077 0.81226139462 0.503522203249 
0.317782530488 0.334174941602 0.828415209962 0.624957788003 0.0536588144159 0.157644942652 
0.332410996636 0.701396817445 0.807782854739 0.480081033026 0.20731721498 0.288235082543 
0.402110067497 0.402215848199 0.279923522806 0.0789049440848 0.288032857087 0.90445550862 
0.206088095991 0.607050252797 0.614015884568 0.0726138786637 0.660918311589 0.709006288826 
0.400510989692 0.479941435656 0.424281658956 0.319034814273 0.218806762383 0.667710260944 
0.402110067497 0.402215848199 0.279923522806 0.0789049440848 0.288032857087 0.90445550862 
0.402110067497 0.402215848199 0.279923522806 0.0789049440848 0.288032857087 0.90445550862 
0.192468896687 0.0856444435651 0.177301098707 0.214790825066 0.854011003463 0.701551784462 
0.230113716421 0.318539836393 0.317533466738 0.0678285098356 0.247600044952 0.897045090977 
0.0312153891228 0.0331857077914 0.473270420043 0.846680333199 0.724428922146 0.190564056326 
0.585271565281 0.810174724882 0.80761517703 0.188939439221 0.48571106363 0.362606029235 
0.150554217872 0.0702049312926 0.314007776706 0.367293034864 0.273689891025 0.764215672096 
0.223474787996 0.416004826169 0.58256792305 0.466821607371 0.308882017925 0.69588675108 
0.402110067497 0.402215848199 0.279923522806 0.0789049440848 0.288032857087 0.90445550862 
0.900281272386 0.0742047927023 0.0433977108445 0.285015577074 0.189515914725 0.561339333274 
0.402110067497 0.402215848199 0.279923522806 0.0789049440848 0.288032857087 0.90445550862 
0.298014052388 0.628818268347 0.724195777774 0.476239541776 0.401332727487 0.295301159685 
0.532226695025 0.18821515437 0.0758261121294 0.267085520699 0.54706945479 0.670713514432 
0.650094617145 0.178289155529 0.418668310879 0.410284969613 0.409299824777 0.380335001102 
0.00963105025888 0.0204697747699 0.691244505305 0.62476272523 0.113606456732 0.579186118527 
0.126293464918 0.0104068531539 0.0529658178835 0.499152026331 0.707344942532 0.67919538694 
0.23736483219 0.276242225967 0.424249426108 0.636046621918 0.684043525942 0.63780541953 
0.916989489359 0.917230749657 0.638349998195 0.179940641952 0.291768975701 0.491390152763 
0.715012828372 0.675573929752 0.409817366962 0.435985093232 0.434938383003 0.404158969438 
0.192468896687 0.0856444435651 0.177301098707 0.214790825066 0.854011003463 0.701551784462 
0.105436626259 0.224094531279 1.05475842576 0.806961076514 0.194014607698 0.358485853275 
0.306894852071 0.322725635145 0.800032532901 0.621749148811 0.210300884201 0.292383225404 
0.054244838897 0.0272962558754 0.446671430483 0.7518134223 0.0916403297069 0.447193678842 
0.767601943165 0.341566142649 0.707110113502 0.335560270444 0.175443083039 0.324171479186 
0.49922018291 0.222142095451 0.459878491427 0.214790825066 0.0649926216353 0.701551784462 
0.00794686012229 0.00787795027 0.0964400182403 0.882020879066 0.976348857894 0.453165347889 
0.223474787996 0.416004826169 0.58256792305 0.466821607371 0.308882017925 0.69588675108 
0.058526202857 0.124391320445 0.585479714396 0.569306734984 0.615354364888 0.660127435832 
0.125377409308 0.140788871113 0.356880491186 0.934249654727 0.933747221956 0.364501103019 
0.344301317954 0.401499711584 0.31184511259 0.294028641287 0.781559351683 0.223731015781 
0.27078197989 0.315132688427 0.483976924289 0.868470754612 0.783473589545 0.100178855378 
0.666430994452 0.922521409711 0.919606935011 0.191828940175 0.193735604979 0.357970343437 
0.123668815672 0.260944766799 0.300524168609 0.180450568017 0.218508706714 0.791650070669 
0.223474787996 0.416004826169 0.58256792305 0.466821607371 0.308882017925 0.69588675108 
0.335753274617 0.356946306336 0.74216373067 0.454259918609 0.216658391334 0.443123634419 
0.148979014958 0.206227381426 0.799697262511 0.908930534815 0.480949079133 0.359051014013 
0.303485498368 0.135044417193 0.279568907386 0.338683826267 0.860737506521 0.336494617356 
0.58752826834 0.486096518977 0.098120550677 0.323126348821 0.215859252169 0.657855416629 
0.192468896687 0.0856444435651 0.177301098707 0.214790825066 0.854011003463 0.701551784462 
0.113231696343 0.238922142575 0.873427068754 0.825380880528 0.171578057483 0.317030119754 
0.136173740975 0.163180077271 0.18964065166 0.5592431395 0.863453038418 0.561105745241 
1.36871185908 1.05382480598 0.214441853307 0.240682594105 0.300807227902 0.0410711131758 
0.152968742301 0.160859428675 0.39876837927 0.555438477862 0.690258554629 0.384408129816 
0.391826495554 0.251555122959 0.00713921065898 0.320698188971 0.554959961384 0.47714476125 
0.337757733193 0.271948010323 0.820775813558 0.487803029412 0.210651919696 0.29287126388 
1.36871185908 1.05382480598 0.214441853307 0.240682594105 0.300807227902 0.0410711131758 
0.400510989692 0.479941435656 0.424281658956 0.319034814273 0.218806762383 0.667710260944 
0.120368531486 0.126577574462 0.218277223773 0.214432896351 0.852587879658 0.700382724112 
1.36871185908 1.05382480598 0.214441853307 0.240682594105 0.300807227902 0.0410711131758 
0.618565993403 0.85626325287 0.853558101647 0.180468531778 0.234933934344 0.326630121922 
0.0358609136689 0.0368360309672 0.381602565445 0.739288936369 0.632543348412 0.166393294212 
0.255435584915 0.192512318804 0.275288920906 0.521005138196 0.84360246879 0.321043506546 
0.334928141548 0.390569379169 0.303355514443 0.189740222915 0.607203026999 0.629338717794 
0.261810800345 0.148645176793 0.277564762762 0.64516584047 0.218803393846 0.164290839397 
0.079726110079 0.25342370358 0.498704598257 0.56669041781 0.609453377829 0.568257618065 
0.177565572827 0.166924071956 0.133536594454 0.115512941443 0.713190893477 0.869020051345 
0.223474787996 0.416004826169 0.58256792305 0.466821607371 0.308882017925 0.69588675108 
0.206088095991 0.607050252797 0.614015884568 0.0726138786637 0.660918311589 0.709006288826 
1.36871185908 1.05382480598 0.214441853307 0.240682594105 0.300807227902 0.0410711131758 
0.296587971803 0.244638364291 0.0735102330245 0.546974194667 0.588249276143 0.548486928616 
0.150554217872 0.0702049312926 0.314007776706 0.367293034864 0.273689891025 0.764215672096 
0.281997439331 0.131498240769 0.588156195147 0.687964338724 0.44455106383 0.675443672888 
0.497427354798 0.441236050816 0.19245023033 0.229541712469 0.0515185670528 0.556117584214 
0.391668855663 0.456736368873 0.35474746959 0.188199794304 0.544658983452 0.667758270246 
