0.198842052947 0.134260222318 0.284022487676 0.0500438057739 0.618813019732 0.81872845683 
0.0995126545401 0.138787811116 0.414380280838 0.414616322079 0.113732704868 0.314338176579 
0.0605133727744 0.0107340776882 0.159964376217 0.132247744404 0.62806752924 0.642952687163 
0.00126819874937 0.0011399840848 0.00456631354137 0.454702069245 0.663178527479 0.729014897221 
0.0560461196508 0.182901754014 0.571689395504 0.453747622244 0.128992818272 0.559967773412 
0.831550389755 0.168945101558 0.029102556453 0.68928243723 0.191788731068 0.256450819098 
0.078925089278 0.281950700824 0.567456532666 0.390610906918 0.127912752271 0.388170961246 
0.00282934696141 0.00143304690137 0.568585569382 0.757697257246 0.304876121602 0.390768522729 
0.242637778892 0.258704033431 0.136303510719 0.229062386231 0.552590469488 0.731109899164 
0.0763921998321 0.113416894307 0.425161283652 0.822398927413 0.690511904754 0.218564102088 
0.00260303706101 0.00118176736359 0.507267093771 0.982991480846 0.886970456994 0.367940410099 
0.0480134956873 0.156687986286 0.479196950265 0.674790593822 0.767113059534 0.390130009335 
0.282245093887 0.243344783195 0.0478110927701 0.575806091354 0.760123757495 0.536898949276 
0.0995126545401 0.138787811116 0.414380280838 0.414616322079 0.113732704868 0.314338176579 
0.231495649619 0.324958436777 0.289125652692 0.0520845117923 0.659820987792 0.493055832199 
0.0822618994844 0.0945723146815 0.306930531681 0.534751922092 0.443732594237 0.625726583863 
0.231767194709 0.324034066371 0.361473555728 0.476715836039 0.824930421556 0.616441040946 
0.410828621319 0.248453784672 0.539779569643 0.640235787244 0.636040548244 0.0152732947413 
0.565669404896 0.603125383261 0.317768834743 0.534022885012 0.597871162403 0.231720885195 
0.555580215744 0.59236813268 0.312101160648 0.433055356613 0.372038319817 0.545679961798 
0.0378299987151 0.0574070761436 0.246123044969 0.379549241641 0.680724779284 0.836413369378 
0.505336019337 0.854937321061 0.749157615831 0.168150284485 0.510971310202 0.364136869738 
0.0251870860927 0.0821959894144 0.675302679131 0.706224467615 0.35198883683 0.457713047054 
0.619947079511 0.53450333925 0.0800663344695 0.432885653069 0.359862189891 0.460033991669 
0.00241232587268 0.00216858963995 0.00868554326741 0.86488037506 1.06170430846 0.603017182578 
0.814302584234 0.165440880222 0.0284989173986 0.68928243723 0.274797076884 0.256450819098 
0.0316066121722 0.0288971820287 0.0866536529328 0.402397245177 0.722793683399 0.620475034138 
0.282365923982 0.0758792730456 0.34966321251 0.201027188637 0.248153299947 0.586427793153 
0.262720183971 0.289808652909 0.279685915213 0.433655258093 0.750415853794 0.530041643126 
0.218814537209 0.18865647789 0.0245468106291 0.13277392584 0.769966983065 0.788219975443 
0.0754976614525 0.0650921034426 0.0374967143044 0.390036737629 0.59954688835 0.771964230757 
0.862340472655 0.919440695409 0.484425926823 0.672165192886 0.47331930317 0.144139133336 
0.175362445966 0.138475515298 0.730225772141 0.730643048104 0.200428660359 0.553954406474 
0.381311101537 0.342810269702 0.206095067222 0.504339288297 0.872731675122 0.616441040946 
0.0560461196508 0.182901754014 0.571689395504 0.453747622244 0.128992818272 0.559967773412 
0.237923008866 0.204322163734 0.085105236588 0.508738108484 1.0033043062 0.11480128133 
0.0619252355788 0.0503408672377 0.0307558244269 0.407794273262 0.846660422326 0.898659049829 
0.208796679639 0.180019321258 0.103701091527 0.922874907616 0.394805795538 0.12022481738 
0.149403118929 0.0645975050023 0.0347105546449 0.422896336232 0.829993501046 0.669397442345 
0.060001282977 0.066187768017 0.223143921193 0.30079868755 0.0313834010614 0.784836775156 
0.616344997396 0.53450333925 0.108372629802 0.432885653069 0.359862189891 0.460033991669 
0.149403118929 0.0645975050023 0.0347105546449 0.422896336232 0.829993501046 0.669397442345 
0.152187581729 0.123593056876 0.0416974461965 0.685786139384 0.36256316414 0.686850752318 
0.158305320713 0.22221861249 0.246899466412 0.227159452037 0.566675259305 0.729638370268 
0.360321455018 0.310660349987 0.0613238726964 0.472597968676 0.485363093304 0.654448302794 
0.198601860381 0.241094996857 0.738596579529 0.995634397586 0.0352693512961 0.130281948037 
0.0696536509405 0.0678914337215 0.0854943407609 0.431648002482 0.794274922978 0.86446787113 
0.175362445966 0.138475515298 0.730225772141 0.730643048104 0.200428660359 0.553954406474 
0.00241232587268 0.00216858963995 0.00868554326741 0.86488037506 1.06170430846 0.603017182578 
0.565669404896 0.603125383261 0.317768834743 0.534022885012 0.597871162403 0.231720885195 
0.121250430647 0.103782257119 0.148825236661 0.788225271996 0.73405463991 0.373316376869 
0.231767194709 0.324034066371 0.361473555728 0.476715836039 0.824930421556 0.616441040946 
0.010645892464 0.0347420722395 0.106251865686 0.255636847297 0.865343275211 0.78524257239 
0.814302584234 0.165440880222 0.0284989173986 0.68928243723 0.274797076884 0.256450819098 
0.231767194709 0.324034066371 0.361473555728 0.476715836039 0.824930421556 0.616441040946 
0.619947079511 0.53450333925 0.0800663344695 0.432885653069 0.359862189891 0.460033991669 
0.00241232587268 0.00216858963995 0.00868554326741 0.86488037506 1.06170430846 0.603017182578 
0.269191652537 0.232090419002 0.045599894457 0.734074217452 0.846782310666 0.23957817637 
0.158449985669 0.128808984777 0.0786958696967 0.641165226365 0.149942122196 0.650908434795 
0.339169567729 0.292423699855 0.0438038197998 0.236828535954 0.370938520297 0.755898382983 
0.198842052947 0.134260222318 0.284022487676 0.0500438057739 0.618813019732 0.81872845683 
0.324539758875 0.116341091707 0.0549756319419 0.356373145421 0.0419658921943 0.855531084974 
0.411528937464 0.110588939972 0.509610071638 0.29298410037 0.20453470928 0.161994289139 
0.288552299004 0.481319737269 0.702107377843 0.770160800619 0.362507196785 0.0219425827063 
0.096905752442 0.10332227752 0.191679209832 0.852686040129 0.762465934202 0.215295589956 
0.204122649789 0.217638603031 0.114667361748 0.250620362626 0.923085473369 0.944972572246 
0.0687968341414 0.0721563363905 0.237755627983 0.654663388863 0.698054958288 0.493055832199 
0.231495649619 0.324958436777 0.289125652692 0.0520845117923 0.659820987792 0.493055832199 
0.516652566703 0.550862867099 0.290233275655 0.661925593531 0.927442420442 0.28722723775 
0.262632708147 0.353522906944 0.351381244126 0.396296601415 0.525647098199 0.75340295007 
0.302408790066 0.260729438644 0.0512267384825 0.332071285562 0.0391034836737 0.755898382983 
0.312592519314 0.437036111228 0.48753197837 0.642963854134 0.895339421353 0.27507449896 
0.262632708147 0.353522906944 0.351381244126 0.396296601415 0.525647098199 0.75340295007 
0.0277121543276 0.0218828400879 0.230918157053 0.401990382496 0.834610325226 0.885868583355 
0.167283173566 0.154033724206 0.30047585485 0.761528852244 0.543141889783 0.362718969335 
0.144330240096 0.491741205589 0.868891506401 0.737978197377 0.348893177636 0.118688986103 
0.0399973431672 0.0419504407927 0.138227349341 0.338462666101 0.702713433653 0.745867821894 
0.577815959877 0.616076229325 0.324592248793 0.561588005663 0.623721825951 0.0149768780784 
0.109125933837 0.132474616965 0.405837473772 0.547071555237 0.0349471886815 0.764573488757 
0.00241232587268 0.00216858963995 0.00868554326741 0.86488037506 1.06170430846 0.603017182578 
0.182026431235 0.156938654865 0.0904053625128 0.804551072677 0.375910363433 0.339700279494 
0.0277121543276 0.0218828400879 0.230918157053 0.401990382496 0.834610325226 0.885868583355 
0.00320746577379 0.00162459048027 0.644568968983 0.858952981342 0.310417884101 0.221425208361 
0.231767194709 0.324034066371 0.361473555728 0.476715836039 0.824930421556 0.616441040946 
0.454496399669 0.484590993924 0.255316604707 0.63988952843 0.971146367606 0.402861558216 
0.426769272249 0.72201655761 0.632682903482 0.14200696904 0.505671753058 0.56913325325 
0.167283173566 0.154033724206 0.30047585485 0.761528852244 0.543141889783 0.362718969335 
0.0560461196508 0.182901754014 0.571689395504 0.453747622244 0.128992818272 0.559967773412 
0.0813799605133 0.0913060210018 0.302650777327 0.885334120607 0.791659939793 0.223540128013 
0.404626008925 0.348858674223 0.0685419073991 0.451063749332 0.130594140227 0.566919091613 
0.148940581435 0.262615057972 0.231742787808 0.0648971864233 0.783195333199 0.843389504647 
0.218814537209 0.18865647789 0.0245468106291 0.13277392584 0.769966983065 0.788219975443 
0.262632708147 0.353522906944 0.351381244126 0.396296601415 0.525647098199 0.75340295007 
0.269191652537 0.232090419002 0.045599894457 0.734074217452 0.846782310666 0.23957817637 
0.126573715173 0.43124374971 0.761994424786 0.647186767851 0.311242672768 0.200846308624 
0.148940581435 0.262615057972 0.231742787808 0.0648971864233 0.783195333199 0.843389504647 
0.399156255847 0.0907730620275 0.2754179557 0.821768771056 0.893083880069 0.276585405725 
0.34578562046 0.298127901908 0.036166930337 0.0462034018861 0.571325731274 0.755898382983 
0.195775378299 0.168792667411 0.0972339235197 0.865321078188 0.382126563996 0.228110727884 
0.399156255847 0.0907730620275 0.2754179557 0.821768771056 0.893083880069 0.276585405725 
