0.00358561359392 0.00014593111136 0.000785031288691 0.759721665561 0.8389801299 0.312629357443 
0.397270193443 0.272292585293 0.0973785730185 0.238497953899 0.839484167817 0.757135551651 
0.389700691223 0.416183641027 0.251545584137 0.337055726223 0.0765895874175 0.538947290264 
0.393698960437 0.459712502201 0.296540680799 0.364633466889 0.12583265096 0.477392964 
0.397270193443 0.272292585293 0.0973785730185 0.238497953899 0.839484167817 0.757135551651 
0.00106671792664 0.0012455162139 0.114392955979 0.640389627072 0.764863134447 0.509219336432 
0.00358561359392 0.00014593111136 0.000785031288691 0.759721665561 0.8389801299 0.312629357443 
0.150891148124 0.203217115711 0.210483418067 0.190831088788 0.607387772924 0.72035989347 
0.479019025061 0.193259799598 0.258014228033 0.207277992999 0.44524780503 0.568229917537 
0.111181526469 0.140392061515 0.549986062373 0.591974576684 0.209180576416 0.725797470613 
0.167522110636 0.225615361659 0.233682552094 0.211864153096 0.623998731501 0.706429569841 
0.114624220339 0.0903884943968 0.0678803965648 0.477485513496 0.0213912698868 0.767959227547 
0.38065353152 0.512656474323 0.459804724942 0.050676289987 0.216914476426 0.560229221756 
0.147700929315 0.0060176717775 0.0174831501258 0.500995177629 0.778731717532 0.525673531422 
0.00309395345141 0.00304796310585 0.128497409269 0.32617629836 0.591375277716 0.90376973176 
0.0644385281694 0.144275516125 0.162652898419 0.341711409127 0.818711378976 0.642652271283 
0.0644385281694 0.144275516125 0.162652898419 0.341711409127 0.818711378976 0.642652271283 
0.150891148124 0.203217115711 0.210483418067 0.190831088788 0.607387772924 0.72035989347 
0.111989375247 0.133252284404 0.887978440664 0.627637826226 0.190231646401 0.604304733644 
0.393698960437 0.459712502201 0.296540680799 0.364633466889 0.12583265096 0.477392964 
0.129785199531 0.0499438918318 0.0399042393727 0.824638352254 0.752747532596 0.165894094151 
0.303346016962 0.268972496773 0.145630570411 0.494235988358 0.127721154592 0.484557814021 
0.0822125853864 0.152449758403 0.20876770406 0.525351568967 0.816590687765 0.551230551597 
0.232885291367 0.522779263705 0.561659579064 0.354636208389 0.288050574167 0.514292197052 
0.30410950128 0.384007775139 0.642172802993 0.461935084966 0.159411550649 0.604788948895 
0.0270160619891 0.480430476439 0.619929586182 0.0666927138944 0.130690814095 0.495824493417 
0.0753340058085 0.0289899493957 0.0231623809578 0.478662734576 0.862829500976 0.790599315756 
0.343701801169 0.100493945128 0.322426910398 0.0974352534626 0.532815376881 0.13470247774 
0.0313849681045 0.212482714522 0.394302201872 0.298108895676 0.72043607142 0.864263302479 
0.122911001357 0.227839756775 0.608008702577 0.672109735031 0.294821092887 0.578109238851 
0.00151185999897 0.00436270434638 0.427607499927 0.724781796879 0.636936093429 0.364024998242 
0.00358561359392 0.00014593111136 0.000785031288691 0.759721665561 0.8389801299 0.312629357443 
0.183646389509 0.278449377821 0.219541087884 0.0112045514271 0.085192219349 0.70579546915 
0.634205793972 0.625903305256 0.0695719738626 0.0547172893567 0.234211760512 0.604904100807 
0.149060625168 0.116263981055 0.307787198526 0.536482136901 0.397818434662 0.297199969376 
0.0479337140104 0.247977692352 0.419500792259 0.578785185312 0.713368916431 0.307388726736 
0.00116933039247 0.00337430077243 0.330733342263 0.560583115766 0.550050546314 0.468646811309 
0.00244475746121 0.00397786912908 0.691449381402 1.06556027377 0.814262905237 0.308278362039 
0.0120323632619 0.213973968529 0.276104016286 0.0776059876326 0.861137904694 0.633066047468 
0.300625990818 0.206051748889 0.0692488106584 0.0121717589967 0.0925464730796 0.766723105228 
0.38065353152 0.512656474323 0.459804724942 0.050676289987 0.216914476426 0.560229221756 
0.302377961254 0.207252565739 0.133202704245 0.613311508683 0.594423947207 0.685399026538 
0.104657081808 0.132153457219 0.220999073466 0.345355059705 0.925076693699 0.847636701051 
0.0822125853864 0.152449758403 0.20876770406 0.525351568967 0.816590687765 0.551230551597 
0.129785199531 0.0499438918318 0.0399042393727 0.824638352254 0.752747532596 0.165894094151 
0.147700929315 0.0060176717775 0.0174831501258 0.500995177629 0.778731717532 0.525673531422 
0.820249991515 0.562206877567 0.19432549608 0.199242440636 0.201233565388 0.633470191881 
0.0157474897563 0.0187373400305 0.124864273237 0.17279504437 0.906508693348 0.964001901379 
0.118130195079 0.0465464645672 0.0913661139465 0.768542607983 0.701541948863 0.154607992549 
0.0500181497073 0.0122143317302 0.437743096696 0.603954076297 0.744390397957 0.32075652168 
0.479019025061 0.193259799598 0.258014228033 0.207277992999 0.44524780503 0.568229917537 
0.38065353152 0.512656474323 0.459804724942 0.050676289987 0.216914476426 0.560229221756 
0.176168509601 0.394434827297 0.444676860743 0.43266185403 0.68865921609 0.609524063782 
0.38065353152 0.512656474323 0.459804724942 0.050676289987 0.216914476426 0.560229221756 
0.30410950128 0.384007775139 0.642172802993 0.461935084966 0.159411550649 0.604788948895 
0.131104154601 0.165548938191 0.648538085809 0.698050479535 0.231687435613 0.704244976059 
0.150891148124 0.203217115711 0.210483418067 0.190831088788 0.607387772924 0.72035989347 
0.302576992435 0.407504561202 0.473135217396 0.377577183904 0.130299542506 0.494340036514 
0.0598077722024 0.155695726778 0.355654223278 0.326978998526 0.164001170703 0.778931132209 
0.393698960437 0.459712502201 0.296540680799 0.364633466889 0.12583265096 0.477392964 
0.041664088389 0.920231543584 0.956052603368 0.10285319736 0.172095997709 0.353172969301 
0.560260669256 0.384007775139 0.167549979338 0.461935084966 0.159411550649 0.604788948895 
0.00237217310139 0.00319474610643 0.283157754623 0.591315515187 0.580205678626 0.494340036514 
0.17239026344 0.229570651367 0.26172653615 0.298490965304 0.054582428691 0.701942162334 
0.294456331769 0.118798095721 0.158603066234 0.12741523319 0.459130731608 0.740555839454 
0.470295903006 0.713818577574 0.529852969501 0.0103446864252 0.0904854299031 0.547344976721 
0.0313849681045 0.212482714522 0.394302201872 0.298108895676 0.72043607142 0.864263302479 
0.0446167599676 0.0530879022156 0.353772393534 0.489571926984 0.900258806701 0.77745768292 
0.259856022006 0.481860395174 0.548724937281 0.394715120491 0.136213864024 0.51677855659 
0.343701801169 0.100493945128 0.322426910398 0.0974352534626 0.532815376881 0.13470247774 
0.234414773247 0.315705054794 0.283157754623 0.0509698245165 0.580205678626 0.494340036514 
0.22019750881 0.278049684057 0.464980032333 0.494333822463 0.756456999577 0.669532586017 
0.041664088389 0.920231543584 0.956052603368 0.10285319736 0.172095997709 0.353172969301 
0.38065353152 0.512656474323 0.459804724942 0.050676289987 0.216914476426 0.560229221756 
0.325152554706 0.493518926269 0.366328993416 0.0112660176957 0.550286317587 0.139119914224 
0.584025969572 0.615328294818 0.434462426166 0.404454658088 0.424361103405 0.343293154929 
0.393698960437 0.459712502201 0.296540680799 0.364633466889 0.12583265096 0.477392964 
0.167522110636 0.225615361659 0.233682552094 0.211864153096 0.623998731501 0.706429569841 
0.397270193443 0.272292585293 0.0973785730185 0.238497953899 0.839484167817 0.757135551651 
0.0150465534618 0.317759128849 0.345269559597 0.0970466928948 0.828571236692 0.331245598709 
0.0646073456635 0.168190303625 0.384195452731 0.767433153495 0.740709661609 0.163240855479 
0.00163679188382 0.00191117751382 0.175521996187 0.979010953884 0.993155164588 0.459713656227 
0.159293661582 0.305733721889 0.336372414801 0.525648689033 0.726312664318 0.206331747242 
0.201612287566 0.125302130414 0.70970797163 0.462469500554 0.159595978079 0.605488653601 
0.107916440382 0.162332464718 0.357055331482 0.684588132901 0.815424515112 0.00685801306654 
0.393698960437 0.459712502201 0.296540680799 0.364633466889 0.12583265096 0.477392964 
0.0962133980682 0.121491374429 0.24432087336 0.614818912776 0.955656506632 0.645108116583 
0.166273691841 0.164096918109 0.0305975097042 0.330952871693 0.691096025981 0.778282690347 
0.270184658114 0.518567784732 0.570535403167 0.405806250043 0.085356903882 0.516322545159 
0.17239026344 0.229570651367 0.26172653615 0.298490965304 0.054582428691 0.701942162334 
0.0280540077067 0.132302320695 0.263418750949 0.570343746748 0.886525412317 0.598440582807 
0.971037179143 0.665557820057 0.23802023287 0.363077545004 0.289903727226 0.0101854488834 
0.101932039572 0.265356491434 0.606151145605 0.557279035749 0.150308751024 0.591761890915 
0.00209947037192 0.00282747555303 0.25060733855 0.81830317321 0.785634005873 0.313594402451 
0.372179317738 0.397471561615 0.240235808251 0.340876028494 0.260867019476 0.538947290264 
0.131311826658 0.165811171681 0.277284569162 0.294789403837 0.761934756161 0.881305924348 
0.150891148124 0.203217115711 0.210483418067 0.190831088788 0.607387772924 0.72035989347 
0.45794668435 0.407504561202 0.136952206631 0.377577183904 0.130299542506 0.494340036514 
0.00309395345141 0.00304796310585 0.128497409269 0.32617629836 0.591375277716 0.90376973176 
0.343701801169 0.100493945128 0.322426910398 0.0974352534626 0.532815376881 0.13470247774 
