0.0953599285552 0.0336043382744 0.232031906092 0.552887409693 0.548422930147 0.285453162548 
0.226870307069 0.22426034219 0.0285666175188 0.507611903373 0.475606983395 0.138957085674 
0.0227465591965 0.0180335998222 0.177788804417 0.757986471317 0.929176926817 0.600666325141 
0.360419234549 0.395751955416 0.120469157395 0.484363573706 0.230004553531 0.261591287641 
0.226870307069 0.22426034219 0.0285666175188 0.507611903373 0.475606983395 0.138957085674 
0.047980180225 0.104835048989 0.260970208943 0.339361669897 0.621306130008 0.718478501092 
0.675188024835 0.667420559025 0.060008021781 0.506441912369 0.162381151611 0.447650712068 
0.0227465591965 0.0180335998222 0.177788804417 0.757986471317 0.929176926817 0.600666325141 
0.592857392113 0.672644841874 0.344105298352 0.0177014364453 0.154204710818 0.502061134874 
0.0835138248146 0.137503687536 0.641014527956 0.688996359761 0.228300504063 0.189222101007 
0.090985921105 0.0969768833323 0.240565229927 0.0962704874742 0.0500235755271 0.833593474624 
0.0227465591965 0.0180335998222 0.177788804417 0.757986471317 0.929176926817 0.600666325141 
0.263693872511 0.0987164799371 0.206225302721 0.0791105331568 0.547858602598 0.58636596627 
0.206604790235 0.030982793277 0.140794833472 0.439504747758 0.442043912498 0.496052728038 
0.0585182204757 0.0623713414305 0.141019404886 0.0411542241563 0.832416189231 0.927029495352 
0.0227465591965 0.0180335998222 0.177788804417 0.757986471317 0.929176926817 0.600666325141 
0.325397141657 0.346822950587 0.860345967063 0.344325264489 0.11237221211 0.605457673493 
0.107451704068 0.108139516676 0.00716084322949 0.464488965522 0.848915587551 0.379068518745 
0.61579430362 0.628665678929 0.130864754468 0.112467864183 0.440524801311 0.498679965818 
0.17336175117 0.176985355132 0.154875444281 0.756389961007 0.472438540304 0.312446767709 
0.381530701202 0.790971001065 0.64767590071 0.0747372376393 0.510355871818 0.577737577555 
0.0232154844718 0.0184053668766 0.18145397049 0.544893916828 0.811024668614 0.752062904386 
0.19059955977 0.203149598985 0.503942615426 0.278092295462 0.563295388587 0.61903068239 
0.0501661048356 0.534487821804 0.591550332009 0.458848349157 0.723952803292 0.0128983883297 
0.0216711227108 0.0171809866757 0.16938308707 0.722149045846 0.944904728935 0.660220442073 
0.706209427067 0.672043731052 0.149877390964 0.292619354976 0.143991132364 0.396948758453 
0.127425470263 0.128241141595 0.00849205060904 0.22255740214 0.631828932996 0.697307176617 
0.0227465591965 0.0180335998222 0.177788804417 0.757986471317 0.929176926817 0.600666325141 
0.119909311837 0.112290847777 0.0064868731853 0.258986373928 0.647965466936 0.715117264005 
0.374644319318 0.341289184573 0.1205292778 0.310649956204 0.49254017312 0.541268298197 
0.195527017493 0.193277629586 0.0246199142102 0.526103055434 0.632030675348 0.498042892605 
0.0835138248146 0.137503687536 0.641014527956 0.688996359761 0.228300504063 0.189222101007 
0.174749917046 0.1727395514 0.0500684070573 0.748619228581 0.467584977158 0.340299457795 
0.275100330551 0.049272249804 0.117931966589 0.0917304732941 0.658786968462 0.403710273544 
0.0241063685515 0.440340635255 0.891335086617 0.483592862943 0.00587405098602 0.407979420142 
0.265108391836 0.390440685938 0.322439409798 0.127013689462 0.159198482628 0.34174340067 
0.329792541545 0.192790254663 0.172606636256 0.0973141954837 0.436901829864 0.00164065748275 
0.224778986959 0.207533613533 0.0963597501177 0.07494910086 0.538280572702 0.329853228375 
0.0798013582124 0.0788832922043 0.0100479005973 0.178544663765 0.708154594939 0.831603132247 
0.507227519515 0.521319326964 0.222178690598 0.398944800817 0.12791368193 0.352622641382 
0.356505479322 0.649030783431 0.558846856935 0.254004212826 0.082894867365 0.446628410063 
0.392930906926 0.342579133735 0.198872123163 0.147995008706 0.177138823068 0.0604132926763 
0.186620233943 0.334538187096 0.565263482542 0.524295394525 0.0989925275955 0.728714950822 
0.359041914944 0.382683069697 0.949302384508 0.379928281768 0.112402529087 0.499021584542 
0.673779633861 0.641182857359 0.14299485549 0.276264839162 0.0945797067948 0.635144503255 
0.0585182204757 0.0623713414305 0.141019404886 0.0411542241563 0.832416189231 0.927029495352 
0.127425470263 0.128241141595 0.00849205060904 0.22255740214 0.631828932996 0.697307176617 
0.0347627495247 0.145398491595 0.283017553399 0.472828778911 0.625323142189 0.432047026664 
0.0539580467298 0.0575109022683 0.142663929721 0.388558238151 0.993437367112 0.487125072184 
0.552863574145 0.2069701221 0.470332523816 0.281587195419 0.138562443517 0.381981665358 
0.00413951410789 0.00393219151567 0.119826336976 0.260302935644 0.488378200484 0.935018975264 
0.17353379792 0.725821568935 0.731283015601 0.129571767263 0.507513277356 0.57451940078 
0.146118013778 0.266012980798 0.210193244129 0.0703813497295 0.656949672608 0.746146151374 
0.278194516875 0.336417320427 0.217880082844 0.173638160382 0.218027017982 0.0625760149932 
0.388060932562 0.22600996513 0.620911064193 0.191562876733 0.164402801186 0.413346157102 
0.0512399854451 0.127528525607 0.135477405021 0.0774238758831 0.5943772239 0.888336165341 
0.0572651163779 0.32508750442 0.675260764536 0.523781604604 0.826400298502 0.0147316678561 
0.252320349477 0.245856107293 0.519039476635 0.407508011712 0.307378250357 0.796199180273 
0.287817214916 0.333574684404 0.422083980011 0.424414831326 0.350187303866 0.402692652298 
0.134078394179 0.132535918622 0.0168823892654 0.181253142291 0.0655802722269 0.831603132247 
0.250250501483 0.234350805478 0.0135387172955 0.540516157533 0.820568081179 0.388751058534 
0.262597324982 0.65356483781 0.694303929575 0.328031059707 0.50953157532 0.576804369572 
0.388060932562 0.22600996513 0.620911064193 0.191562876733 0.164402801186 0.413346157102 
0.00677581093032 0.493884216433 0.731214106319 0.602012919748 0.607685599772 0.528082332284 
0.226870307069 0.22426034219 0.0285666175188 0.507611903373 0.475606983395 0.138957085674 
0.030156184355 0.0239079995705 0.235703163429 1.00490192649 0.953647900646 0.0147316678561 
0.195527017493 0.193277629586 0.0246199142102 0.526103055434 0.632030675348 0.498042892605 
0.0136711166326 0.0108385290363 0.106854252723 0.869518571759 0.988746299408 0.48482458606 
0.0539580467298 0.0575109022683 0.142663929721 0.388558238151 0.993437367112 0.487125072184 
0.14685122898 0.150243427043 0.0312074671625 0.0417760620109 0.844990635881 0.94103392203 
0.298934187978 0.318617539221 0.939385267169 0.564553377425 0.181013793279 0.499021584542 
0.381530701202 0.790971001065 0.64767590071 0.0747372376393 0.510355871818 0.577737577555 
0.0894888687523 0.102083938167 0.633501694923 0.480336598239 0.53706648193 0.147497808131 
0.252320349477 0.245856107293 0.519039476635 0.407508011712 0.307378250357 0.796199180273 
0.345292641803 0.391762525624 0.200413939754 0.0103050384579 0.125307900955 0.642123211544 
0.166821707503 0.175975283429 0.202421630352 0.306400994288 0.98889699701 0.639275752578 
0.396236339439 0.391677967359 0.032191653227 0.318706683328 0.50531393393 0.555307095043 
0.423604318479 0.426315929173 0.0282317163572 0.349163045739 0.51646040235 0.579569812506 
0.582694015162 0.328145740323 0.345363701657 0.27535066142 0.0898615336371 0.484166067615 
0.0324149920056 0.0788976159612 0.613294811317 0.611116214914 0.323253005256 0.307943082637 
0.030156184355 0.0239079995705 0.235703163429 1.00490192649 0.953647900646 0.0147316678561 
0.225860186624 0.240731967814 0.626105709438 0.526266703348 0.83032112674 0.0148018303732 
0.090985921105 0.0969768833323 0.240565229927 0.0962704874742 0.0500235755271 0.833593474624 
0.226870307069 0.22426034219 0.0285666175188 0.507611903373 0.475606983395 0.138957085674 
0.0331977426413 0.353700762794 0.391462061963 0.303642093986 0.670616720815 0.581663617049 
0.00335533280498 0.699484486185 0.865314415112 0.311104607147 0.153087328061 0.422027301661 
0.0232154844718 0.0184053668766 0.18145397049 0.544893916828 0.811024668614 0.752062904386 
0.119498737072 0.200389148722 0.245816426918 0.463385213828 0.938678929094 0.765180522911 
0.165183843717 0.130958819443 0.180181718481 0.0958158429326 0.0497873342285 0.829656954979 
0.030156184355 0.0239079995705 0.235703163429 1.00490192649 0.953647900646 0.0147316678561 
0.420979461729 0.872754265583 0.714643077471 0.0824659230504 0.510493555301 0.476174070665 
0.101670424655 0.0461166048735 0.333405107307 0.543241194534 0.339306817205 0.246926697597 
0.166821707503 0.175975283429 0.202421630352 0.306400994288 0.98889699701 0.639275752578 
0.77635884452 0.88084214348 0.450613082549 0.0243426378888 0.317276834226 0.360867661978 
0.277073423713 0.574415219803 0.470351977927 0.0699815783977 0.607710281905 0.404088217198 
0.270232389074 0.253063143157 0.0189931741172 0.462754998292 0.501864543145 0.551516097451 
0.226113793142 0.248280236939 0.0755777117607 0.393465170204 0.426719617069 0.468929272251 
0.19059955977 0.203149598985 0.503942615426 0.278092295462 0.563295388587 0.61903068239 
0.0501661048356 0.534487821804 0.591550332009 0.458848349157 0.723952803292 0.0128983883297 
0.675188024835 0.667420559025 0.060008021781 0.506441912369 0.162381151611 0.447650712068 
