0.00264574111855 0.00523914018634 0.0295416332841 0.264855879849 0.742493042143 0.720503336333 
0.212571726585 0.161532466437 0.493762914663 0.553146729345 0.600810533366 0.288079425818 
0.158915372459 0.12075919539 0.369129608497 0.413524078079 0.629521828367 0.628599734177 
0.0943506991458 0.309413009348 0.522053615132 0.656682230587 0.582937067124 0.279507441007 
0.00569701242283 0.00343238674265 0.0329647380273 0.254906723326 0.760913159495 0.738379364835 
0.864451942833 0.0519756288054 0.0159393186571 0.321794572632 0.102047225332 0.19964786409 
0.338991741296 0.242297466386 0.367558619002 0.418705587435 0.284660719817 0.514734572841 
0.730588809623 0.618377314453 0.113847923448 0.355649086615 0.536664801444 0.476644830225 
0.0862964206698 0.282999887348 0.477488367701 0.553694182215 0.588559950902 0.566859611556 
0.0405692308315 0.218170648204 0.228482830312 0.278197068032 0.820586978264 0.103388511685 
0.0349513231198 0.0692098721451 0.113359712262 0.848833707807 0.957943455336 0.215446082756 
0.234416530348 0.124341351007 0.544504157891 0.609990498687 0.662553856873 0.317691076077 
0.00218892217523 0.00717858001481 0.815690724344 0.813764944215 0.196074231453 0.340372615271 
0.0921575102547 0.0386061702293 0.0468425937714 0.464353674175 0.666205646342 0.853627739484 
0.24548294932 0.335072603081 0.316087827963 0.442432200649 0.480553149993 0.230404856726 
0.730588809623 0.618377314453 0.113847923448 0.355649086615 0.536664801444 0.476644830225 
0.00510036287659 0.00488380120443 0.0204914647308 0.317440343308 0.889910236349 0.863566158076 
0.159420188285 0.283205862292 0.630706286988 0.252637266469 0.478956319023 0.626552584927 
0.730588809623 0.618377314453 0.113847923448 0.355649086615 0.536664801444 0.476644830225 
0.279311352839 0.225449752882 0.392676045977 0.591909435163 0.245240491626 0.52019924962 
0.0563967589583 0.023625427801 0.0286657466136 0.787688691854 0.911570171178 0.515679070296 
0.0405692308315 0.218170648204 0.228482830312 0.278197068032 0.820586978264 0.103388511685 
0.00569701242283 0.00343238674265 0.0329647380273 0.254906723326 0.760913159495 0.738379364835 
0.0229246901353 0.00961697007615 0.533631634446 0.753353264763 0.552336404745 0.630365614912 
0.730588809623 0.618377314453 0.113847923448 0.355649086615 0.536664801444 0.476644830225 
0.00229250000878 0.00751825214835 0.85428655604 0.852269648661 0.192352355958 0.193647584501 
0.340353728154 0.224562149713 0.666888383086 0.585607429145 0.181994803077 0.374141952759 
0.430186927642 0.158199430262 0.436261322083 0.388833721671 0.662553856873 0.317691076077 
0.00962066136461 0.0315501527719 0.0532325891678 0.0669605176023 0.269937754918 0.804783091515 
0.000246205199778 0.000840745351996 0.000910562284493 0.0612615449777 0.497228685378 0.89240497011 
0.101104174863 0.817228237504 0.729660689738 0.00775388468598 0.137686179403 0.156622523965 
0.302486793579 0.0800771265861 0.0154544926384 0.638338405621 0.67853627065 0.644288498765 
0.472089117201 0.93481955697 0.683905389866 0.0516026995088 0.224114806019 0.640983023721 
0.382243333475 0.230300234 0.808951976419 0.070341448467 0.138914397669 0.116224188589 
0.0223683811994 0.00822581240339 0.0226841075499 0.0205114048473 0.724371311431 0.963121410732 
0.143585612761 0.388171275171 0.568060750099 0.227543813093 0.431382138899 0.564312529572 
0.00962066136461 0.0315501527719 0.0532325891678 0.0669605176023 0.269937754918 0.804783091515 
0.187009279991 0.0687718357625 0.189649844921 0.455006886526 0.966094857907 0.121733926298 
0.158694817756 0.541743129135 0.586809300009 0.47475380401 0.647451145922 0.310447925413 
0.142662439962 0.085953579906 0.825481105394 0.783932597988 0.141753086477 0.11860043312 
0.25231319837 0.448227854686 0.933854698373 0.0828639356568 0.180302879015 0.205117683619 
0.00264976504136 0.00178528860263 0.0616821989903 0.0870798992396 0.22767175474 0.915957126824 
0.0671656753942 0.0281366966505 0.0341394836302 1.03266900642 1.02325827981 0.128941004555 
0.05147096568 0.139147420244 0.203632192285 0.253829653944 0.78843540628 0.446012605521 
0.569544985001 0.328910307563 0.652624182425 0.534175382817 0.0149262579759 0.12181296922 
0.0820194752352 0.268974114352 0.453823537623 0.570856817567 0.637914032288 0.546770917663 
0.350115525146 0.693290400706 0.543225275098 0.251240621801 0.476308448123 0.623088444695 
0.0273407287176 0.0541395572215 0.0886758421214 0.664002086096 0.974800980045 0.621000012143 
0.147439781442 0.112038934937 0.342474035791 0.413524078079 0.665386787429 0.628599734177 
0.00723387728714 0.00632620450457 0.292234939978 0.926056590462 0.223132480836 0.387350599797 
0.261313384039 0.18677613864 0.280139034909 0.434815519318 0.661935222237 0.660968623366 
0.012750344287 0.0122089707295 0.0512261014162 0.734133148932 0.973005274979 0.619855937002 
0.261313384039 0.18677613864 0.280139034909 0.434815519318 0.661935222237 0.660968623366 
0.0251685228209 0.0498382076537 0.0364610218086 0.0221799695566 0.916405295377 0.889278612632 
0.397172296103 0.542121354661 0.511405553515 0.487609114515 0.0854458824512 0.167161334366 
0.357158811199 0.534794422803 0.396164876455 0.394349818923 0.666517091561 0.736183030698 
0.34237587028 0.677964523373 0.495992565445 0.0592457913457 0.692589899728 0.124064272858 
0.187009279991 0.0687718357625 0.189649844921 0.455006886526 0.966094857907 0.121733926298 
0.374106401729 0.470914058299 0.282933964942 0.235325985982 0.0991817602743 0.166469601736 
0.010917128129 0.013812600474 0.0604060886082 0.0759839362286 0.306315643711 0.913242940907 
0.00188340166517 0.00617665904449 0.701845726993 0.700188742249 0.197281990133 0.516278214377 
0.443468648544 0.163083729302 0.449730589685 0.40665321648 0.665113344803 0.125815616958 
0.0405692308315 0.218170648204 0.228482830312 0.278197068032 0.820586978264 0.103388511685 
0.0870140330275 0.0733381679331 0.0442282135912 0.438437280277 0.629022773951 0.805981292263 
0.0117635089977 0.0329920069468 0.229707962842 0.801665543409 0.913794525575 0.516937552476 
0.730588809623 0.618377314453 0.113847923448 0.355649086615 0.536664801444 0.476644830225 
0.430186927642 0.158199430262 0.436261322083 0.388833721671 0.662553856873 0.317691076077 
0.00264574111855 0.00523914018634 0.0295416332841 0.264855879849 0.742493042143 0.720503336333 
0.103575958268 0.131046425691 0.573098032904 0.664562852368 0.706412705814 0.680378768749 
0.22085442939 0.724268104113 0.655375465361 0.323336450179 0.48790466633 0.43333258691 
0.279311352839 0.225449752882 0.392676045977 0.591909435163 0.245240491626 0.52019924962 
0.101104174863 0.817228237504 0.729660689738 0.00775388468598 0.137686179403 0.156622523965 
0.00160881722676 0.00318584858056 0.00521808203907 0.0390744287743 0.933359361989 0.933305046035 
0.34237587028 0.677964523373 0.495992565445 0.0592457913457 0.692589899728 0.124064272858 
0.149731825592 0.491029333357 0.459435229848 0.280173481563 0.568705050198 0.628139186685 
0.012237547217 0.0343214893628 0.238964508083 0.833970242905 0.950618238457 0.498622893612 
0.276753788519 0.548021264567 0.400927250062 0.0436711784851 0.705907406029 0.704880431869 
0.323274337656 0.231063306067 0.346563835439 0.589884985079 0.649447269935 0.116331787732 
0.730588809623 0.618377314453 0.113847923448 0.355649086615 0.536664801444 0.476644830225 
0.332541579454 0.122290749152 0.33723715688 0.300574864955 0.746009056621 0.713937359472 
0.158915372459 0.12075919539 0.369129608497 0.413524078079 0.629521828367 0.628599734177 
0.565699231913 0.208033531023 0.573687149879 0.3541924032 0.227276876945 0.65002720347 
0.396343327022 0.429802334927 0.12094397545 0.88959473174 0.16086110554 0.125811806155 
0.43351079446 0.51203731409 0.350178066542 0.364118863099 0.667487215098 0.103388511685 
0.134220635587 0.170883423198 0.108419623176 0.276731090822 0.957646703112 0.697662086282 
0.00723387728714 0.00632620450457 0.292234939978 0.926056590462 0.223132480836 0.387350599797 
0.51612468246 0.704485710597 0.591411480421 0.484072559768 0.0137974184178 0.178014761153 
0.357158811199 0.534794422803 0.396164876455 0.394349818923 0.666517091561 0.736183030698 
0.177223113318 0.149369240025 0.0900806245514 0.818720005541 0.536664801444 0.476644830225 
9.51410519566e-05 0.000312254692698 0.0354926735387 0.28523996302 0.792930455054 0.76945094147 
0.386826870215 0.312232294412 0.283944104842 0.288750916326 0.586116217958 0.647371680633 
0.19472292707 0.229995217249 0.157291727303 0.401472407767 0.904769216659 0.114002081687 
0.0203167672663 0.170025608343 0.146624913054 0.00836192263974 0.980217597644 0.621321435163 
0.414267776201 0.489308599777 0.334634080206 0.347956067149 0.637882489334 0.114259023637 
0.00962066136461 0.0315501527719 0.0532325891678 0.0669605176023 0.269937754918 0.804783091515 
0.143585612761 0.388171275171 0.568060750099 0.227543813093 0.431382138899 0.564312529572 
0.167017239105 0.179614387663 0.660762118083 0.264676505554 0.501781273414 0.656413875674 
0.455128432746 0.270238292078 0.0227205249774 0.0394314879649 0.410756676866 0.523109136773 
0.261313384039 0.18677613864 0.280139034909 0.434815519318 0.661935222237 0.660968623366 
0.430186927642 0.158199430262 0.436261322083 0.388833721671 0.662553856873 0.317691076077 
