0.270646607805 0.0702459662194 0.466657631484 0.175302736692 0.369062600335 0.465984203967 
0.446599567106 0.148071980205 0.197057586836 0.26077181698 0.420016495358 0.138919203038 
0.346885593821 0.0287874149376 0.0619828750232 0.227573492289 0.437767831396 0.549151407013 
0.340706403389 0.391392100635 0.236625907819 0.0413210382197 0.50014324555 0.426286161333 
0.00651194230084 0.0104154137405 0.0944160593031 0.125183273156 0.341563149521 0.675805931146 
0.504601351965 0.256329893661 0.105240475016 0.562730370167 0.403059682263 0.318408288634 
0.0460300663973 0.00197616744869 0.00357197451206 0.739815130323 0.914778088472 0.484832555821 
0.275182216938 0.140873444919 0.245034009774 0.265061144988 0.880850945597 0.362306009147 
0.310308132839 0.0893631179339 0.851991573709 0.341722753485 0.0623933663455 0.10893794678 
0.112448005274 0.160282248197 0.392104330079 0.183456205096 0.512405430914 0.575367022626 
0.27571040324 0.298891664324 0.395556152453 0.0814267765215 0.324045350096 0.409144924218 
0.410841422923 0.409012712563 0.193035522518 0.0853779766884 0.709717613187 0.322525911564 
0.108004660999 0.0864154815115 0.128957823411 0.0885447838293 0.526762568747 0.694837242682 
0.0130494363811 0.0216032401807 0.176961129136 0.207541748065 0.232901011093 0.757139188496 
0.197768424845 0.569639401717 0.642760822326 0.386669233938 0.367029373182 0.0379667260208 
0.236079775914 0.420011757765 0.339378924512 0.0617855052223 0.173327799744 0.557730461309 
0.354541876783 0.382011799802 0.226670881723 0.227297742413 0.483279293435 0.55722951437 
0.0062036049541 0.0336745412437 0.144955826348 0.225291725169 0.546527240333 0.664613864615 
0.0369805562879 0.0301244300046 0.0237029340598 0.688002529647 0.836702549953 0.443452309412 
0.0506258945605 0.0738182542108 0.193179797121 0.285284825079 0.475286098191 0.637753853395 
0.410841422923 0.409012712563 0.193035522518 0.0853779766884 0.709717613187 0.322525911564 
0.273381609192 0.38092976096 0.293020372579 0.0411083277628 0.497568878977 0.424091953404 
0.0204729928027 0.0285270505582 0.239574073842 0.302067252747 0.333787828759 0.668768339866 
0.229292429008 0.366737787715 0.356828760841 0.0445233232248 0.561399268192 0.47951427106 
0.0834829292951 0.154324546266 0.52067741746 0.635550079943 0.596884777932 0.607877354282 
0.09307529941 0.172056771293 0.202080664635 0.113871965171 0.152048112153 0.666970356447 
0.22567837736 0.360957355677 0.351204509371 0.0375133225598 0.467396951567 0.538916930535 
0.0543135802876 0.295438667474 0.286093941854 0.163044002688 0.697954316795 0.517521333695 
0.16382643034 0.0135956398932 0.0292730230055 0.107475633965 0.423209962593 0.686917035205 
0.563385840517 0.0467544097732 0.100668133365 0.369610719272 0.451113283809 0.285181573102 
0.0858060656472 0.148799867434 0.465515960962 0.584347182676 0.548796835692 0.558903824391 
0.112448005274 0.160282248197 0.392104330079 0.183456205096 0.512405430914 0.575367022626 
0.335170338174 0.155487184188 0.456177287969 0.426101489735 0.0223673652362 0.237527565246 
0.9221357779 0.91803124815 0.433269549124 0.0899323531343 0.063203236395 0.110351912906 
0.524234364851 0.484593871585 0.0726383746638 0.425640965778 0.680059476844 0.0251391431392 
0.446599567106 0.148071980205 0.197057586836 0.26077181698 0.420016495358 0.138919203038 
0.112448005274 0.160282248197 0.392104330079 0.183456205096 0.512405430914 0.575367022626 
0.219335064329 0.0631645123053 0.602213065331 0.281477053889 0.445507510106 0.562504395422 
0.0369805562879 0.0301244300046 0.0237029340598 0.688002529647 0.836702549953 0.443452309412 
0.143689070738 0.209514848803 0.237773899484 0.275558973703 0.559047397565 0.598265056449 
0.606668377775 0.308178413049 0.126527786735 0.57105670671 0.0267026135719 0.0306866761205 
0.122362111337 0.163873087341 0.152452665956 0.348304912652 0.735754051201 0.630622603968 
0.187958503799 0.160029064343 0.174834073389 0.204190032802 0.0239033093114 0.58955033908 
0.702899568206 0.757360277084 0.449388218707 0.338604914274 0.0287816075648 0.30562782274 
0.15619345854 0.250182351612 0.287244072614 0.38734565021 0.718844713556 0.40321240864 
0.358560442155 0.28930795063 0.0823204996708 0.21988751249 0.24005447367 0.381710271972 
0.229292429008 0.366737787715 0.356828760841 0.0445233232248 0.561399268192 0.47951427106 
0.451271170825 0.41714785813 0.0625284973304 0.427946424075 0.796803221793 0.362101654127 
0.465533823958 0.523892641058 0.540544549524 0.539912604991 0.0566373014736 0.0988883335736 
0.0204729928027 0.0285270505582 0.239574073842 0.302067252747 0.333787828759 0.668768339866 
0.340706403389 0.391392100635 0.236625907819 0.0413210382197 0.50014324555 0.426286161333 
0.603503735087 0.513826959969 0.431686083696 0.360650529037 0.0769113996685 0.232139505346 
0.446029051987 0.0370151653815 0.0796982834379 0.292617583861 0.428532496661 0.44036647655 
0.286020951915 0.458133105591 0.528400765945 0.287845466488 0.0613842755138 0.309304105236 
0.227119732468 0.160029064343 0.0345713521685 0.204190032802 0.0239033093114 0.58955033908 
0.0900812176121 0.00797873780125 0.0644547791004 0.172537076079 0.693722469958 0.823152212563 
0.327320236526 0.325863286843 0.153792705304 0.0680203362311 0.706788231633 0.523221297768 
0.0460300663973 0.00197616744869 0.00357197451206 0.739815130323 0.914778088472 0.484832555821 
0.0393176709104 0.0320282492952 0.0252009373268 0.731483482617 0.867651019561 0.41452915371 
0.139702067587 0.183877414507 0.455189385103 0.498328498342 0.207419688191 0.48274956927 
0.183135533438 0.0930300758 0.0323537973557 0.360371526508 0.761243249698 0.6524696848 
0.223999372206 0.202640217804 0.127020934639 0.70562344978 0.749957462715 0.340812766892 
0.795213144486 0.837837610762 0.391394618399 0.144218373459 0.225827197173 0.323898897891 
0.418267444154 0.668990588281 0.661783034693 0.135775721829 0.212622309298 0.305050581571 
0.249753857018 0.126871185741 0.0441230669339 0.491463710023 0.661693681604 0.0306866761205 
0.153048332835 0.0440751272242 0.420214137639 0.217531776949 0.532264185622 0.667690615787 
0.668071525924 0.719833754895 0.427121425063 0.335944860298 0.219847403799 0.315416382257 
0.231562641749 0.107423049541 0.315163918023 0.294383846933 0.0273788862803 0.599787715575 
0.200596118309 0.280326914948 0.303390763805 0.43182721554 0.80139427939 0.387257492571 
0.659013758188 0.646825404877 0.309640446497 0.0726644942762 0.414650694884 0.644899349269 
0.270646607805 0.0702459662194 0.466657631484 0.175302736692 0.369062600335 0.465984203967 
0.17831075134 0.344361789895 0.454562850238 0.0633660126953 0.328252743704 0.804504875248 
0.108004660999 0.0864154815115 0.128957823411 0.0885447838293 0.526762568747 0.694837242682 
0.100292739593 0.0984378272456 0.0471227817903 0.0917557842147 0.920802806322 0.488025672564 
0.304627388114 0.141318155102 0.30975519344 0.348675007287 0.557088924838 0.0205925022001 
0.446029051987 0.0370151653815 0.0796982834379 0.292617583861 0.428532496661 0.44036647655 
0.135961351858 0.110754428291 0.0871459306984 0.594593161991 0.773942154226 0.583824051269 
0.16131174134 0.235210687764 0.615538437038 0.637448646072 0.208740991336 0.299482077464 
0.236142616216 0.0512106239181 0.348569559218 0.337647408786 0.539469838406 0.0199410644504 
0.698588193943 0.478681400995 0.178157532166 0.199152641888 0.00358140450886 0.420368108577 
0.3008444932 0.0147644574344 0.215260321085 0.576232741693 0.654258189606 0.102848465567 
0.263742943394 0.384566919408 0.436436891284 0.378663135123 0.480330716292 0.49359506294 
0.362526184355 0.290060448375 0.402899257543 0.0557343356733 0.702747470003 0.600245737837 
0.100292739593 0.0984378272456 0.0471227817903 0.0917557842147 0.920802806322 0.488025672564 
0.262203174055 0.209791102825 0.313071511785 0.275952406953 0.692698580195 0.314791673047 
0.0415079139268 0.0338124266161 0.0266048013746 0.18152156342 0.568814542522 0.806143048465 
0.290430491798 0.0257243110244 0.20780888477 0.556285778846 0.631610271259 0.0992880950153 
0.0670698429427 0.123983709006 0.418310089171 0.819415745435 0.804071585943 0.365404736152 
0.446029051987 0.0370151653815 0.0796982834379 0.292617583861 0.428532496661 0.44036647655 
0.119836518358 0.174735140402 0.457275937552 0.675303309914 0.589084049099 0.377566456437 
0.126167543793 0.183966488688 0.48143406951 0.498569901478 0.207520169358 0.482983426011 
0.440576775898 0.506119841885 0.305987503041 0.0534346571064 0.52655322016 0.244287561244 
0.121521503571 0.0349959680826 0.34786123709 0.29524294931 0.666956005446 0.535818686775 
0.410841422923 0.409012712563 0.193035522518 0.0853779766884 0.709717613187 0.322525911564 
1.11288192808 0.04777937461 0.035636409624 0.176517765348 0.276403507728 0.39643878667 
0.19179358688 0.256858984589 0.238958428923 0.545944723275 0.811556925633 0.347776485772 
0.19870177633 0.289729570831 0.32880793644 0.381060973055 0.646669543025 0.518560154434 
0.135961351858 0.110754428291 0.0871459306984 0.594593161991 0.773942154226 0.583824051269 
0.186253926611 0.0536377403167 0.533161043107 0.452516122037 0.722998626373 0.0267267500253 
0.128836029899 0.248813972473 0.972817659263 0.880803136338 0.288432156901 0.413814525108 
