0.603336689181 0.990919586875 0.993381938374 1.30999105642 
0.998179542966 0.480117537572 0.556051318231 1.34962931418 
0.998179542966 0.480117537572 0.556051318231 1.34962931418 
0.603336689181 0.990919586875 0.993381938374 1.30999105642 
0.998179542966 0.480117537572 0.556051318231 1.34962931418 
0.372261067686 0.998457502024 0.989044988687 1.30242335557 
0.216226316209 0.990949124179 0.995383902448 1.28645156158 
0.695310751447 1.00016840007 0.534164180163 1.31165300844 
0.996037654058 0.57058241855 0.485790196799 1.34747712983 
0.998179542966 0.480117537572 0.995383902448 1.29906664024 
0.603336689181 0.990919586875 0.993381938374 1.30999105642 
0.998179542966 0.607241476057 0.556051318231 1.34160734037 
0.998179542966 0.480117537572 0.556051318231 1.34962931418 
0.998179542966 0.480117537572 0.995383902448 1.29906664024 
0.996037654058 0.57058241855 0.485790196799 1.34747712983 
0.998179542966 0.480117537572 0.556051318231 1.34962931418 
0.998179542966 0.998457502024 0.989044988687 1.29183709125 
0.512937783793 0.995621901366 0.989044988687 1.31904451562 
0.998179542966 0.480117537572 0.556051318231 1.34962931418 
0.998179542966 0.480117537572 0.556051318231 1.34962931418 
0.998179542966 0.480117537572 0.995383902448 1.29906664024 
0.998621245594 0.255732020774 0.485790196799 1.31950570649 
0.603336689181 0.990919586875 0.993381938374 1.30999105642 
0.512937783793 0.995621901366 0.989044988687 1.31904451562 
0.996037654058 0.990919586875 0.995383902448 1.27578133257 
0.919248254194 0.998544927448 0.485790196799 1.29312396724 
0.998179542966 0.480117537572 0.556051318231 1.34962931418 
0.996037654058 1.00016840007 0.534164180163 1.26876765007 
0.996037654058 0.990919586875 0.995383902448 1.27578133257 
0.998179542966 0.480117537572 0.556051318231 1.34962931418 
0.603336689181 0.990919586875 0.993381938374 1.30999105642 
0.998621245594 0.255732020774 0.485790196799 1.31950570649 
0.603336689181 0.990919586875 0.993381938374 1.30999105642 
0.603336689181 0.376958766558 0.995662397158 1.08681758423 
0.998179542966 0.480117537572 0.995383902448 1.29906664024 
0.919248254194 0.998544927448 0.485790196799 1.29312396724 
0.998621245594 0.255732020774 0.993381938374 1.29003334267 
0.603336689181 0.990919586875 0.993381938374 1.30999105642 
0.603336689181 0.990919586875 0.993381938374 1.30999105642 
0.996037654058 0.57058241855 0.986139885913 1.31474272324 
0.998621245594 0.255732020774 0.485790196799 1.31950570649 
0.603336689181 0.990919586875 0.995383902448 1.2884881269 
0.998179542966 0.480117537572 0.556051318231 1.34962931418 
0.996037654058 0.57058241855 0.485790196799 1.34747712983 
0.998179542966 0.480117537572 0.556051318231 1.34962931418 
0.998179542966 0.480117537572 0.556051318231 1.34962931418 
0.603336689181 0.990919586875 0.993381938374 1.30999105642 
0.998179542966 0.480117537572 0.995383902448 1.29906664024 
0.216226316209 0.990949124179 0.995383902448 1.28645156158 
0.998179542966 0.480117537572 0.556051318231 1.34962931418 
0.998179542966 0.480117537572 0.556051318231 1.34962931418 
0.996037654058 0.57058241855 0.485790196799 1.34747712983 
0.996037654058 0.990919586875 0.995383902448 1.27578133257 
0.603336689181 0.990919586875 0.993381938374 1.30999105642 
0.998179542966 0.480117537572 0.556051318231 1.34962931418 
0.603336689181 0.990919586875 0.993381938374 1.30999105642 
0.998621245594 0.255732020774 0.485790196799 1.31950570649 
0.603336689181 0.990919586875 0.993381938374 1.30999105642 
0.603336689181 0.990919586875 0.993381938374 1.30999105642 
0.372261067686 0.998457502024 0.989044988687 1.30242335557 
0.998179542966 0.607241476057 0.556051318231 1.34160734037 
0.998179542966 0.990919586875 0.993381938374 1.30107596935 
0.996037654058 0.57058241855 0.986139885913 1.31474272324 
0.512937783793 0.995621901366 0.989044988687 1.31904451562 
0.603336689181 0.990919586875 0.993381938374 1.30999105642 
0.996037654058 0.57058241855 0.986139885913 1.31474272324 
0.998621245594 0.255732020774 0.995383902448 1.26853041315 
0.998179542966 0.480117537572 0.556051318231 1.34962931418 
0.603336689181 0.376958766558 0.995662397158 1.08681758423 
0.603336689181 0.990919586875 0.993381938374 1.30999105642 
0.996037654058 0.57058241855 0.485790196799 1.34747712983 
0.998179542966 0.480117537572 0.556051318231 1.34962931418 
0.603336689181 0.990919586875 0.993381938374 1.30999105642 
0.603336689181 0.990919586875 0.993381938374 1.30999105642 
0.998179542966 0.480117537572 0.556051318231 1.34962931418 
0.998179542966 0.480117537572 0.556051318231 1.34962931418 
0.998179542966 0.480117537572 0.995383902448 1.29906664024 
0.998179542966 0.480117537572 0.556051318231 1.34962931418 
0.603336689181 0.990919586875 0.993381938374 1.30999105642 
0.998179542966 0.480117537572 0.556051318231 1.34962931418 
0.603336689181 0.990919586875 0.993381938374 1.30999105642 
0.372261067686 0.998457502024 0.989044988687 1.30242335557 
0.996037654058 0.57058241855 0.986139885913 1.31474272324 
0.603336689181 0.990919586875 0.556051318231 1.33905080085 
0.998621245594 0.255732020774 0.995383902448 1.26853041315 
0.998179542966 0.480117537572 0.556051318231 1.34962931418 
0.996037654058 0.57058241855 0.485790196799 1.34747712983 
0.512937783793 0.995621901366 0.989044988687 1.31904451562 
0.512937783793 0.995621901366 0.989044988687 1.31904451562 
0.105383182369 0.376958766558 0.995662397158 1.2312047511 
0.998621245594 0.255732020774 0.485790196799 1.31950570649 
0.105383182369 0.376958766558 0.995662397158 1.2312047511 
0.603336689181 0.990919586875 0.993381938374 1.30999105642 
0.603336689181 0.990919586875 0.556051318231 1.33905080085 
0.998179542966 0.480117537572 0.556051318231 1.34962931418 
0.998179542966 0.480117537572 0.995383902448 1.29906664024 
0.998179542966 0.480117537572 0.556051318231 1.34962931418 
0.996037654058 0.57058241855 0.986139885913 1.31474272324 
0.998179542966 0.480117537572 0.556051318231 1.34962931418 
0.996037654058 0.57058241855 0.485790196799 1.34747712983 
