0.995878131833 0.976789828446 0.987928402611 1.35230634385 
0.995878131833 0.976789828446 0.987928402611 1.35230634385 
0.797560998587 0.527724394803 0.999492758688 1.39397387451 
0.797560998587 0.527724394803 0.999492758688 1.39397387451 
0.797560998587 0.527724394803 0.999492758688 1.39397387451 
0.797560998587 0.527724394803 0.999492758688 1.39397387451 
0.990243145331 0.997605679428 0.998511303967 1.41930988666 
0.995878131833 0.997605679428 0.426484534367 1.44556763353 
0.0306722088051 0.483167667755 0.426484534367 1.48429405687 
0.990243145331 0.997605679428 0.998511303967 1.41930988666 
0.797560998587 0.527724394803 0.999492758688 1.39397387451 
0.995878131833 0.997605679428 0.426484534367 1.44556763353 
0.995878131833 0.976789828446 0.987928402611 1.35230634385 
0.730034566321 0.483167667755 0.426484534367 1.45743663086 
0.990243145331 0.997605679428 0.998511303967 1.41930988666 
0.50959989787 0.990449254164 0.998511303967 1.45238922922 
0.995878131833 0.997605679428 0.426484534367 1.44556763353 
0.995878131833 0.976789828446 0.987928402611 1.35230634385 
0.990243145331 0.997605679428 0.998511303967 1.41930988666 
0.990243145331 0.997605679428 0.998511303967 1.41930988666 
0.0306722088051 0.483167667755 0.426484534367 1.48429405687 
0.990243145331 0.997605679428 0.998511303967 1.41930988666 
0.995878131833 0.976789828446 0.987928402611 1.35230634385 
0.797560998587 0.527724394803 0.999492758688 1.39397387451 
0.995878131833 0.997605679428 0.426484534367 1.44556763353 
0.995878131833 0.997605679428 0.426484534367 1.44556763353 
0.995878131833 0.976789828446 0.987928402611 1.35230634385 
0.995878131833 0.997605679428 0.426484534367 1.44556763353 
0.995878131833 0.997605679428 0.426484534367 1.44556763353 
0.990243145331 0.997605679428 0.998511303967 1.41930988666 
0.990243145331 0.997605679428 0.998511303967 1.41930988666 
0.995878131833 0.997605679428 0.426484534367 1.44556763353 
0.997445594749 0.662054926324 0.63759491605 1.42185662938 
0.990243145331 0.997605679428 0.998511303967 1.41930988666 
0.0306722088051 0.483167667755 0.426484534367 1.48429405687 
0.990243145331 0.997605679428 0.998511303967 1.41930988666 
0.995878131833 0.997605679428 0.426484534367 1.44556763353 
0.797560998587 0.527724394803 0.999492758688 1.39397387451 
0.990243145331 0.997605679428 0.998511303967 1.41930988666 
0.797560998587 0.527724394803 0.999492758688 1.39397387451 
0.990243145331 0.997605679428 0.998511303967 1.41930988666 
0.995878131833 0.976789828446 0.987928402611 1.35230634385 
0.995878131833 0.976789828446 0.987928402611 1.35230634385 
0.995878131833 0.976789828446 0.987928402611 1.35230634385 
0.990243145331 0.997605679428 0.998511303967 1.41930988666 
0.990243145331 0.997605679428 0.998511303967 1.41930988666 
0.797560998587 0.527724394803 0.999492758688 1.39397387451 
0.797560998587 0.527724394803 0.999492758688 1.39397387451 
0.990243145331 0.997605679428 0.998511303967 1.41930988666 
0.995878131833 0.95423349434 0.987928402611 1.39603827016 
0.50959989787 0.993079310646 0.758975993048 1.42468840895 
0.990243145331 0.997605679428 0.998511303967 1.41930988666 
0.990243145331 0.997605679428 0.998511303967 1.41930988666 
0.995878131833 0.997605679428 0.426484534367 1.44556763353 
0.995878131833 0.976789828446 0.987928402611 1.35230634385 
0.995878131833 0.976789828446 0.987928402611 1.35230634385 
0.990243145331 0.997605679428 0.998511303967 1.41930988666 
0.797560998587 0.527724394803 0.999492758688 1.39397387451 
0.990243145331 0.997605679428 0.998511303967 1.41930988666 
0.797560998587 0.527724394803 0.999492758688 1.39397387451 
0.0306722088051 0.483167667755 0.426484534367 1.48429405687 
0.797560998587 0.527724394803 0.999492758688 1.39397387451 
0.797560998587 0.527724394803 0.999492758688 1.39397387451 
0.797560998587 0.527724394803 0.999492758688 1.39397387451 
0.50959989787 0.990449254164 0.998511303967 1.45238922922 
0.730034566321 0.483167667755 0.426484534367 1.45743663086 
0.797560998587 0.527724394803 0.999492758688 1.39397387451 
0.990243145331 0.997605679428 0.998511303967 1.41930988666 
0.995878131833 0.976789828446 0.987928402611 1.35230634385 
0.0306722088051 0.483167667755 0.426484534367 1.48429405687 
0.0306722088051 0.483167667755 0.426484534367 1.48429405687 
0.797560998587 0.527724394803 0.999492758688 1.39397387451 
0.990243145331 0.997605679428 0.998511303967 1.41930988666 
0.995878131833 0.997605679428 0.426484534367 1.44556763353 
0.797560998587 0.527724394803 0.999492758688 1.39397387451 
0.50959989787 0.990449254164 0.998511303967 1.45238922922 
0.995878131833 0.976789828446 0.987928402611 1.35230634385 
0.797560998587 0.527724394803 0.999492758688 1.39397387451 
0.997445594749 0.662054926324 0.987928402611 1.40496927287 
0.990243145331 0.997605679428 0.998511303967 1.41930988666 
0.990243145331 0.997605679428 0.998511303967 1.41930988666 
0.797560998587 0.527724394803 0.999492758688 1.39397387451 
0.995878131833 0.976789828446 0.987928402611 1.35230634385 
0.995878131833 0.997605679428 0.426484534367 1.44556763353 
0.990243145331 0.997605679428 0.998511303967 1.41930988666 
0.990243145331 0.997605679428 0.998511303967 1.41930988666 
0.990243145331 0.997605679428 0.998511303967 1.41930988666 
0.990243145331 0.997605679428 0.998511303967 1.41930988666 
0.797560998587 0.527724394803 0.999492758688 1.39397387451 
0.995878131833 0.976789828446 0.987928402611 1.35230634385 
0.995878131833 0.997605679428 0.426484534367 1.44556763353 
0.995878131833 0.976789828446 0.987928402611 1.35230634385 
0.995878131833 0.997605679428 0.426484534367 1.44556763353 
0.797560998587 0.527724394803 0.999492758688 1.39397387451 
0.797560998587 0.527724394803 0.999492758688 1.39397387451 
0.990243145331 0.997605679428 0.998511303967 1.41930988666 
0.990243145331 0.997605679428 0.998511303967 1.41930988666 
0.995878131833 0.976789828446 0.987928402611 1.35230634385 
0.995878131833 0.976789828446 0.987928402611 1.35230634385 
0.990243145331 0.997605679428 0.998511303967 1.41930988666 
