0.148371719382 0.999865797273 0.509853358234 1.49021405214 
0.148371719382 0.999865797273 0.509853358234 1.49021405214 
0.979567838312 0.999865797273 0.509853358234 1.48320630615 
0.521484135808 0.484957534283 0.998192525163 1.5223468177 
0.148371719382 0.999865797273 0.509853358234 1.49021405214 
0.553145598993 0.993681652951 0.509853358234 1.51982461644 
0.553145598993 0.469461264389 0.565250239221 1.52432471412 
0.979567838312 0.999865797273 0.509853358234 1.48320630615 
0.99553718545 0.488053181162 0.99401172128 1.48705100883 
0.553145598993 0.469461264389 0.565250239221 1.52432471412 
0.99553718545 0.488053181162 0.509853358234 1.52102379773 
0.521484135808 0.484957534283 0.998192525163 1.5223468177 
0.979567838312 0.999865797273 0.509853358234 1.48320630615 
0.99553718545 0.488053181162 0.509853358234 1.52102379773 
0.148371719382 0.999865797273 0.509853358234 1.49021405214 
0.979567838312 0.999865797273 0.509853358234 1.48320630615 
0.99553718545 0.488053181162 0.509853358234 1.52102379773 
0.553145598993 0.469461264389 0.998192525163 1.51918523381 
0.979567838312 0.999865797273 0.509853358234 1.48320630615 
0.148371719382 0.999865797273 0.509853358234 1.49021405214 
0.553145598993 0.998345051919 0.99401172128 1.48824130217 
0.996380206938 0.988941305858 0.99401172128 1.44561923599 
0.99553718545 0.469461264389 0.565250239221 1.51634516287 
0.997301419893 0.906914970036 0.189797620542 1.27657133097 
0.553145598993 0.488053181162 0.99401172128 1.51886524476 
0.99553718545 0.484957534283 0.998192525163 1.48894196626 
0.99553718545 0.469461264389 0.565250239221 1.51634516287 
0.553145598993 0.469461264389 0.565250239221 1.52432471412 
0.521484135808 0.484957534283 0.998192525163 1.5223468177 
0.521484135808 0.484957534283 0.998192525163 1.5223468177 
0.148371719382 0.999865797273 0.509853358234 1.49021405214 
0.148371719382 0.999865797273 0.509853358234 1.49021405214 
0.148371719382 0.999865797273 0.509853358234 1.49021405214 
0.553145598993 0.469461264389 0.998192525163 1.51918523381 
0.996380206938 0.988941305858 0.99401172128 1.44561923599 
0.99553718545 0.998345051919 0.509853358234 1.49039985514 
0.521484135808 0.484957534283 0.998192525163 1.5223468177 
0.99553718545 0.995865277715 0.99401172128 1.45515311966 
0.99553718545 0.469461264389 0.565250239221 1.51634516287 
0.553145598993 0.469461264389 0.998192525163 1.51918523381 
0.99553718545 0.469461264389 0.565250239221 1.51634516287 
0.996380206938 0.993681652951 0.509853358234 1.48844208034 
0.553145598993 0.469461264389 0.998192525163 1.51918523381 
0.521484135808 0.484957534283 0.998192525163 1.5223468177 
0.148371719382 0.999865797273 0.509853358234 1.49021405214 
0.996380206938 0.988941305858 0.99401172128 1.44561923599 
0.99553718545 0.488053181162 0.509853358234 1.52102379773 
0.99553718545 0.488053181162 0.509853358234 1.52102379773 
0.553145598993 0.469461264389 0.565250239221 1.52432471412 
0.99553718545 0.488053181162 0.509853358234 1.52102379773 
0.521484135808 0.484957534283 0.998192525163 1.5223468177 
0.553145598993 0.469461264389 0.565250239221 1.52432471412 
0.553145598993 0.469461264389 0.998192525163 1.51918523381 
0.148371719382 0.999865797273 0.509853358234 1.49021405214 
0.99553718545 0.488053181162 0.509853358234 1.52102379773 
0.996380206938 0.993681652951 0.509853358234 1.48844208034 
0.996380206938 0.993681652951 0.509853358234 1.48844208034 
0.521484135808 0.484957534283 0.998192525163 1.5223468177 
0.979567838312 0.995865277715 0.998192525163 1.4493180075 
0.148371719382 0.999865797273 0.509853358234 1.49021405214 
0.99553718545 0.488053181162 0.509853358234 1.52102379773 
0.99553718545 0.488053181162 0.99401172128 1.48705100883 
0.996380206938 0.993681652951 0.509853358234 1.48844208034 
0.521484135808 0.484957534283 0.998192525163 1.5223468177 
0.99553718545 0.488053181162 0.509853358234 1.52102379773 
0.553145598993 0.469461264389 0.565250239221 1.52432471412 
0.521484135808 0.484957534283 0.998192525163 1.5223468177 
0.148371719382 0.999865797273 0.509853358234 1.49021405214 
0.996380206938 0.988941305858 0.99401172128 1.44561923599 
0.979567838312 0.999865797273 0.509853358234 1.48320630615 
0.553145598993 0.469461264389 0.998192525163 1.51918523381 
0.148371719382 0.999865797273 0.509853358234 1.49021405214 
0.996380206938 0.993681652951 0.509853358234 1.48844208034 
0.99553718545 0.995865277715 0.99401172128 1.45515311966 
0.99553718545 0.469461264389 0.565250239221 1.51634516287 
0.99553718545 0.488053181162 0.99401172128 1.48705100883 
0.521484135808 0.484957534283 0.998192525163 1.5223468177 
0.553145598993 0.469461264389 0.998192525163 1.51918523381 
0.521484135808 0.484957534283 0.998192525163 1.5223468177 
0.996380206938 0.988941305858 0.99401172128 1.44561923599 
0.979567838312 0.999865797273 0.565250239221 1.45651615689 
0.148371719382 0.999865797273 0.509853358234 1.49021405214 
0.148371719382 0.999865797273 0.509853358234 1.49021405214 
0.148371719382 0.999865797273 0.509853358234 1.49021405214 
0.148371719382 0.999865797273 0.509853358234 1.49021405214 
0.99553718545 0.469461264389 0.565250239221 1.51634516287 
0.553145598993 0.469461264389 0.998192525163 1.51918523381 
0.553145598993 0.469461264389 0.998192525163 1.51918523381 
0.148371719382 0.999865797273 0.509853358234 1.49021405214 
0.148371719382 0.999865797273 0.509853358234 1.49021405214 
0.521484135808 0.484957534283 0.998192525163 1.5223468177 
0.521484135808 0.484957534283 0.998192525163 1.5223468177 
0.99553718545 0.488053181162 0.509853358234 1.52102379773 
0.521484135808 0.484957534283 0.998192525163 1.5223468177 
0.99553718545 0.995865277715 0.99401172128 1.45515311966 
0.979567838312 0.999865797273 0.509853358234 1.48320630615 
0.553145598993 0.998345051919 0.99401172128 1.48824130217 
0.99553718545 0.995865277715 0.99401172128 1.45515311966 
0.99553718545 0.469461264389 0.565250239221 1.51634516287 
0.553145598993 0.998345051919 0.99401172128 1.48824130217 
