0.997677613135 0.3690517606 0.998204231595 1.30605241053 
0.573803001489 0.504744180835 0.683188397543 1.40048878629 
0.997677613135 0.3690517606 0.998204231595 1.30605241053 
0.573803001489 0.504744180835 0.683188397543 1.40048878629 
0.573803001489 0.504744180835 0.683188397543 1.40048878629 
0.997677613135 0.3690517606 0.998204231595 1.30605241053 
0.99185492321 0.504744180835 0.683188397543 1.36943225237 
0.573803001489 0.504744180835 0.683188397543 1.40048878629 
0.997677613135 0.3690517606 0.998204231595 1.30605241053 
0.99185492321 0.504744180835 0.683188397543 1.36943225237 
0.573803001489 0.504744180835 0.683188397543 1.40048878629 
0.573803001489 0.504744180835 0.683188397543 1.40048878629 
0.99185492321 0.504744180835 0.683188397543 1.36943225237 
0.99185492321 0.504744180835 0.683188397543 1.36943225237 
0.573803001489 0.504744180835 0.683188397543 1.40048878629 
0.997677613135 0.3690517606 0.998204231595 1.30605241053 
0.99185492321 0.504744180835 0.683188397543 1.36943225237 
0.99185492321 0.504744180835 0.683188397543 1.36943225237 
0.997677613135 0.3690517606 0.998204231595 1.30605241053 
0.99185492321 0.504744180835 0.683188397543 1.36943225237 
0.997677613135 0.3690517606 0.998204231595 1.30605241053 
0.573803001489 0.504744180835 0.683188397543 1.40048878629 
0.573803001489 0.504744180835 0.683188397543 1.40048878629 
0.997677613135 0.3690517606 0.998204231595 1.30605241053 
0.99185492321 0.504744180835 0.683188397543 1.36943225237 
0.573803001489 0.504744180835 0.683188397543 1.40048878629 
0.532094952668 0.997182655566 0.400102327011 1.3997618055 
0.53255048201 0.997014789632 0.993087821197 1.37025548742 
0.997677613135 0.3690517606 0.998204231595 1.30605241053 
0.99185492321 0.504744180835 0.683188397543 1.36943225237 
0.0351567822782 0.3690517606 0.998204231595 1.31199730448 
0.53255048201 0.504744180835 0.683188397543 1.40445361322 
0.997677613135 0.3690517606 0.998204231595 1.30605241053 
0.997677613135 0.3690517606 0.998204231595 1.30605241053 
0.997677613135 0.3690517606 0.998204231595 1.30605241053 
0.532094952668 0.997182655566 0.400102327011 1.3997618055 
0.53255048201 0.997014789632 0.993087821197 1.37025548742 
0.997677613135 0.3690517606 0.998204231595 1.30605241053 
0.99185492321 0.504744180835 0.683188397543 1.36943225237 
0.99185492321 0.504744180835 0.683188397543 1.36943225237 
0.997677613135 0.638472590316 0.830993639695 1.31090038486 
0.99185492321 0.504744180835 0.683188397543 1.36943225237 
0.53255048201 0.504744180835 0.683188397543 1.40445361322 
0.99185492321 0.504744180835 0.683188397543 1.36943225237 
0.53255048201 0.997014789632 0.993087821197 1.37025548742 
0.997677613135 0.3690517606 0.998204231595 1.30605241053 
0.997677613135 0.3690517606 0.998204231595 1.30605241053 
0.573803001489 0.504744180835 0.683188397543 1.40048878629 
0.53255048201 0.997014789632 0.993087821197 1.37025548742 
0.573803001489 0.504744180835 0.683188397543 1.40048878629 
0.997677613135 0.3690517606 0.998204231595 1.30605241053 
0.532094952668 0.997182655566 0.400102327011 1.3997618055 
0.99185492321 0.504744180835 0.683188397543 1.36943225237 
0.573803001489 0.504744180835 0.683188397543 1.40048878629 
0.997677613135 0.3690517606 0.998204231595 1.30605241053 
0.573803001489 0.504744180835 0.683188397543 1.40048878629 
0.99185492321 0.504744180835 0.683188397543 1.36943225237 
0.997677613135 0.3690517606 0.998204231595 1.30605241053 
0.99185492321 0.504744180835 0.683188397543 1.36943225237 
0.997677613135 0.3690517606 0.998204231595 1.30605241053 
0.997677613135 0.3690517606 0.998204231595 1.30605241053 
0.573803001489 0.504744180835 0.683188397543 1.40048878629 
0.99185492321 0.504744180835 0.683188397543 1.36943225237 
0.99185492321 0.504744180835 0.683188397543 1.36943225237 
0.997677613135 0.3690517606 0.998204231595 1.30605241053 
0.573803001489 0.504744180835 0.683188397543 1.40048878629 
0.573803001489 0.504744180835 0.683188397543 1.40048878629 
0.99185492321 0.997014789632 0.993087821197 1.34362448012 
0.997677613135 0.3690517606 0.998204231595 1.30605241053 
0.573803001489 0.504744180835 0.683188397543 1.40048878629 
0.997677613135 0.3690517606 0.998204231595 1.30605241053 
0.0351567822782 0.999424263755 0.683188397543 1.34716779092 
0.99185492321 0.504744180835 0.683188397543 1.36943225237 
0.573803001489 0.504744180835 0.683188397543 1.40048878629 
0.573803001489 0.504744180835 0.683188397543 1.40048878629 
0.99185492321 0.504744180835 0.683188397543 1.36943225237 
0.99185492321 0.504744180835 0.683188397543 1.36943225237 
0.53255048201 0.997014789632 0.993087821197 1.37025548742 
0.0351567822782 0.3690517606 0.998204231595 1.31199730448 
0.99185492321 0.504744180835 0.683188397543 1.36943225237 
0.532094952668 0.997182655566 0.400102327011 1.3997618055 
0.573803001489 0.504744180835 0.683188397543 1.40048878629 
0.573803001489 0.504744180835 0.683188397543 1.40048878629 
0.810165398827 0.557942854373 0.99470571308 1.33343611462 
0.997677613135 0.3690517606 0.998204231595 1.30605241053 
0.53255048201 0.504744180835 0.683188397543 1.40445361322 
0.573803001489 0.504744180835 0.683188397543 1.40048878629 
0.573803001489 0.504744180835 0.683188397543 1.40048878629 
0.99185492321 0.504744180835 0.683188397543 1.36943225237 
0.532094952668 0.997182655566 0.400102327011 1.3997618055 
0.99185492321 0.504744180835 0.683188397543 1.36943225237 
0.573803001489 0.504744180835 0.683188397543 1.40048878629 
0.573803001489 0.504744180835 0.683188397543 1.40048878629 
0.997677613135 0.3690517606 0.998204231595 1.30605241053 
0.532094952668 0.997182655566 0.400102327011 1.3997618055 
0.99185492321 0.504744180835 0.683188397543 1.36943225237 
0.573803001489 0.504744180835 0.683188397543 1.40048878629 
0.573803001489 0.504744180835 0.683188397543 1.40048878629 
0.99185492321 0.504744180835 0.683188397543 1.36943225237 
0.99185492321 0.504744180835 0.683188397543 1.36943225237 
