0.970773089112 0.435728994561 0.999351893856 1.48931561927 
0.999488656324 0.970052660455 0.746356966109 1.43783941073 
0.970773089112 0.435728994561 0.999351893856 1.48931561927 
0.970773089112 0.435728994561 0.999351893856 1.48931561927 
0.28922943021 0.974846084894 0.999351893856 1.42886379078 
0.992209850151 0.970052660455 0.999351893856 1.46119514266 
0.999488656324 0.970052660455 0.746356966109 1.43783941073 
0.999488656324 0.528161488883 0.999351893856 1.48101616457 
0.338751404882 0.987037491177 0.790493634762 1.40368980998 
0.970773089112 0.435728994561 0.999351893856 1.48931561927 
0.970773089112 0.435728994561 0.999351893856 1.48931561927 
0.999488656324 0.970052660455 0.746356966109 1.43783941073 
0.970773089112 0.435728994561 0.999351893856 1.48931561927 
0.999488656324 0.970052660455 0.991591362699 1.42993778542 
0.999488656324 0.970052660455 0.746356966109 1.43783941073 
0.992209850151 0.977782196339 0.999351893856 1.4288003966 
0.999488656324 0.970052660455 0.746356966109 1.43783941073 
0.970773089112 0.435728994561 0.999351893856 1.48931561927 
0.992209850151 0.977782196339 0.999351893856 1.4288003966 
0.338751404882 0.987037491177 0.790493634762 1.40368980998 
0.992209850151 0.977782196339 0.999351893856 1.4288003966 
0.28922943021 0.974846084894 0.999351893856 1.42886379078 
0.28922943021 0.974846084894 0.999351893856 1.42886379078 
0.970773089112 0.435728994561 0.999351893856 1.48931561927 
0.970773089112 0.435728994561 0.999351893856 1.48931561927 
0.991343589215 0.986892568978 0.746356966109 1.44981894251 
0.999488656324 0.970052660455 0.746356966109 1.43783941073 
0.970773089112 0.435728994561 0.999351893856 1.48931561927 
0.28922943021 0.974846084894 0.999351893856 1.42886379078 
0.999488656324 0.970052660455 0.657778047577 1.47050860245 
0.970773089112 0.435728994561 0.999351893856 1.48931561927 
0.999488656324 0.970052660455 0.746356966109 1.43783941073 
0.970773089112 0.435728994561 0.999351893856 1.48931561927 
0.28922943021 0.974846084894 0.999351893856 1.42886379078 
0.970773089112 0.435728994561 0.999351893856 1.48931561927 
0.992209850151 0.970052660455 0.999351893856 1.46119514266 
0.999488656324 0.970052660455 0.746356966109 1.43783941073 
0.999488656324 0.970052660455 0.746356966109 1.43783941073 
0.992209850151 0.977782196339 0.999351893856 1.4288003966 
0.970773089112 0.435728994561 0.999351893856 1.48931561927 
0.970773089112 0.435728994561 0.999351893856 1.48931561927 
0.992209850151 0.977782196339 0.999351893856 1.4288003966 
0.999488656324 0.970052660455 0.746356966109 1.43783941073 
0.991343589215 0.986892568978 0.746356966109 1.44981894251 
0.637285599347 0.970052660455 0.999351893856 1.47729836 
0.970773089112 0.435728994561 0.999351893856 1.48931561927 
0.992209850151 0.977782196339 0.999351893856 1.4288003966 
0.999488656324 0.970052660455 0.991591362699 1.42993778542 
0.970773089112 0.435728994561 0.999351893856 1.48931561927 
0.992209850151 0.977782196339 0.999351893856 1.4288003966 
0.992209850151 0.970052660455 0.999351893856 1.46119514266 
0.338751404882 0.987037491177 0.790493634762 1.40368980998 
0.993937325877 0.998086417232 0.555499119577 1.506650099 
0.992209850151 0.977782196339 0.999351893856 1.4288003966 
0.970773089112 0.435728994561 0.999351893856 1.48931561927 
0.970773089112 0.435728994561 0.999351893856 1.48931561927 
0.970773089112 0.435728994561 0.999351893856 1.48931561927 
0.999488656324 0.977782196339 0.555499119577 1.46297705416 
0.637285599347 0.528161488883 0.999351893856 1.53219052142 
0.28922943021 0.974846084894 0.999351893856 1.42886379078 
0.338751404882 0.987037491177 0.790493634762 1.40368980998 
0.992209850151 0.977782196339 0.999351893856 1.4288003966 
0.970773089112 0.435728994561 0.999351893856 1.48931561927 
0.28922943021 0.974846084894 0.999351893856 1.42886379078 
0.970773089112 0.435728994561 0.999351893856 1.48931561927 
0.970773089112 0.435728994561 0.999351893856 1.48931561927 
0.970773089112 0.435728994561 0.999351893856 1.48931561927 
0.970773089112 0.435728994561 0.999351893856 1.48931561927 
0.992209850151 0.977782196339 0.999351893856 1.4288003966 
0.970773089112 0.435728994561 0.999351893856 1.48931561927 
0.999488656324 0.970052660455 0.746356966109 1.43783941073 
0.992209850151 0.977782196339 0.999351893856 1.4288003966 
0.992209850151 0.970052660455 0.999351893856 1.46119514266 
0.992209850151 0.977782196339 0.999351893856 1.4288003966 
0.637285599347 0.528161488883 0.999351893856 1.53219052142 
0.55788515127 0.993706419415 0.605366074491 1.36551889864 
0.999488656324 0.970052660455 0.746356966109 1.43783941073 
0.992209850151 0.977782196339 0.999351893856 1.4288003966 
0.992209850151 0.977782196339 0.999351893856 1.4288003966 
0.999488656324 0.581422916085 0.555499119577 1.50070367845 
0.970773089112 0.435728994561 0.999351893856 1.48931561927 
0.970773089112 0.435728994561 0.999351893856 1.48931561927 
0.999488656324 0.970052660455 0.746356966109 1.43783941073 
0.992209850151 0.970052660455 0.999351893856 1.46119514266 
0.338751404882 0.987037491177 0.790493634762 1.40368980998 
0.999488656324 0.970052660455 0.746356966109 1.43783941073 
0.970773089112 0.435728994561 0.999351893856 1.48931561927 
0.992209850151 0.977782196339 0.999351893856 1.4288003966 
0.999488656324 0.970052660455 0.746356966109 1.43783941073 
0.970773089112 0.435728994561 0.999351893856 1.48931561927 
0.999488656324 0.528161488883 0.999351893856 1.48101616457 
0.338751404882 0.987037491177 0.790493634762 1.40368980998 
0.992209850151 0.977782196339 0.999351893856 1.4288003966 
0.992209850151 0.977782196339 0.999351893856 1.4288003966 
0.999488656324 0.970052660455 0.746356966109 1.43783941073 
0.970773089112 0.435728994561 0.999351893856 1.48931561927 
0.970773089112 0.435728994561 0.999351893856 1.48931561927 
0.992209850151 0.977782196339 0.999351893856 1.4288003966 
0.992209850151 0.970052660455 0.999351893856 1.46119514266 
0.637285599347 0.528161488883 0.999351893856 1.53219052142 
