0.994658206493 0.603057672501 0.62555172539 1.26609083017 
0.617085747477 0.999702499168 0.998432202602 1.25070063663 
0.521208424525 0.502057940728 0.998432202602 1.29134613421 
0.521208424525 0.999702499168 0.646659975856 1.28627405913 
0.994658206493 0.603057672501 0.62555172539 1.26609083017 
0.617085747477 0.999702499168 0.998432202602 1.25070063663 
0.994658206493 0.603057672501 0.62555172539 1.26609083017 
0.994658206493 0.603057672501 0.62555172539 1.26609083017 
0.617085747477 0.999702499168 0.998432202602 1.25070063663 
0.998671952291 0.564030102404 0.646659975856 1.28894409329 
0.617085747477 0.999702499168 0.998432202602 1.25070063663 
0.521208424525 0.502057940728 0.998432202602 1.29134613421 
0.521208424525 0.502057940728 0.998432202602 1.29134613421 
0.521208424525 0.999702499168 0.998432202602 1.26615568407 
0.521208424525 0.502057940728 0.998432202602 1.29134613421 
0.994658206493 0.603057672501 0.62555172539 1.26609083017 
0.617085747477 0.999702499168 0.998432202602 1.25070063663 
0.998671952291 0.564030102404 0.999870014351 1.27254799494 
0.994658206493 0.603057672501 0.62555172539 1.26609083017 
0.521208424525 0.999702499168 0.998432202602 1.26615568407 
0.998671952291 0.564030102404 0.646659975856 1.28894409329 
0.994658206493 0.603057672501 0.62555172539 1.26609083017 
0.617085747477 0.999702499168 0.998432202602 1.25070063663 
0.521208424525 0.502057940728 0.998432202602 1.29134613421 
0.521208424525 0.999702499168 0.998432202602 1.26615568407 
0.994658206493 0.603057672501 0.62555172539 1.26609083017 
0.998671952291 0.999702499168 0.998432202602 1.23371440938 
0.617085747477 0.999702499168 0.998432202602 1.25070063663 
0.617085747477 0.730916098824 0.999870014351 1.09969405249 
0.617085747477 0.999702499168 0.998432202602 1.25070063663 
0.521208424525 0.502057940728 0.998432202602 1.29134613421 
0.617085747477 0.730916098824 0.999870014351 1.09969405249 
0.994658206493 0.603057672501 0.62555172539 1.26609083017 
0.617085747477 0.502057940728 0.998432202602 1.28234933058 
0.994658206493 0.603057672501 0.62555172539 1.26609083017 
0.521208424525 0.999702499168 0.998432202602 1.26615568407 
0.617085747477 0.730916098824 0.999870014351 1.09969405249 
0.994658206493 0.603057672501 0.62555172539 1.26609083017 
0.617085747477 0.999702499168 0.998432202602 1.25070063663 
0.998671952291 0.564030102404 0.646659975856 1.28894409329 
0.994658206493 0.603057672501 0.62555172539 1.26609083017 
0.617085747477 0.564030102404 0.998432202602 1.28216501455 
0.617085747477 0.502057940728 0.998432202602 1.28234933058 
0.617085747477 0.730916098824 0.999870014351 1.09969405249 
0.617085747477 0.999702499168 0.998432202602 1.25070063663 
0.521208424525 0.502057940728 0.998432202602 1.29134613421 
0.994658206493 0.603057672501 0.62555172539 1.26609083017 
0.617085747477 0.999702499168 0.998432202602 1.25070063663 
0.998671952291 0.564030102404 0.646659975856 1.28894409329 
0.994658206493 0.603057672501 0.62555172539 1.26609083017 
0.994658206493 0.603057672501 0.62555172539 1.26609083017 
0.521208424525 0.999702499168 0.998432202602 1.26615568407 
0.521208424525 0.999702499168 0.996036550911 1.27876430106 
0.521208424525 0.502057940728 0.998432202602 1.29134613421 
0.521208424525 0.502057940728 0.998432202602 1.29134613421 
0.994658206493 0.603057672501 0.62555172539 1.26609083017 
0.998671952291 0.564030102404 0.999870014351 1.27254799494 
0.521208424525 0.502057940728 0.998432202602 1.29134613421 
0.521208424525 0.502057940728 0.998432202602 1.29134613421 
0.521208424525 0.999702499168 0.996036550911 1.27876430106 
0.994658206493 0.603057672501 0.62555172539 1.26609083017 
0.617085747477 0.999702499168 0.998432202602 1.25070063663 
0.617085747477 0.999702499168 0.998432202602 1.25070063663 
0.617085747477 0.730916098824 0.999870014351 1.09969405249 
0.617085747477 0.730916098824 0.999870014351 1.09969405249 
0.617085747477 0.730916098824 0.999870014351 1.09969405249 
0.617085747477 0.999702499168 0.998432202602 1.25070063663 
0.617085747477 0.999702499168 0.998432202602 1.25070063663 
0.617085747477 0.502057940728 0.646659975856 1.31532024087 
0.994658206493 0.603057672501 0.62555172539 1.26609083017 
0.998671952291 0.502057940728 0.646659975856 1.28903387155 
0.617085747477 0.999702499168 0.998432202602 1.25070063663 
0.617085747477 0.502057940728 0.998432202602 1.28234933058 
0.994658206493 0.603057672501 0.62555172539 1.26609083017 
0.617085747477 0.502057940728 0.998432202602 1.28234933058 
0.617085747477 0.502057940728 0.998432202602 1.28234933058 
0.994658206493 0.603057672501 0.62555172539 1.26609083017 
0.521208424525 0.502057940728 0.998432202602 1.29134613421 
0.998671952291 0.999702499168 0.998432202602 1.23371440938 
0.617085747477 0.999702499168 0.62555172539 1.26542592647 
0.998671952291 0.999702499168 0.998432202602 1.23371440938 
0.617085747477 0.999702499168 0.998432202602 1.25070063663 
0.998671952291 0.999702499168 0.996036550911 1.24941991141 
0.998671952291 0.502057940728 0.646659975856 1.28903387155 
0.994658206493 0.603057672501 0.62555172539 1.26609083017 
0.617085747477 0.502057940728 0.998432202602 1.28234933058 
0.617085747477 0.999702499168 0.998432202602 1.25070063663 
0.994658206493 0.730916098824 0.999870014351 1.08081391632 
0.617085747477 0.999702499168 0.998432202602 1.25070063663 
0.994658206493 0.603057672501 0.62555172539 1.26609083017 
0.998671952291 0.502057940728 0.646659975856 1.28903387155 
0.521208424525 0.999702499168 0.998432202602 1.26615568407 
0.994658206493 0.603057672501 0.62555172539 1.26609083017 
0.617085747477 0.999702499168 0.998432202602 1.25070063663 
0.994658206493 0.603057672501 0.62555172539 1.26609083017 
0.994658206493 0.603057672501 0.62555172539 1.26609083017 
0.617085747477 0.999702499168 0.998432202602 1.25070063663 
0.521208424525 0.502057940728 0.998432202602 1.29134613421 
0.994658206493 0.603057672501 0.62555172539 1.26609083017 
0.617085747477 0.999702499168 0.998432202602 1.25070063663 
