0.995635696369 0.98009876287 0.610994736722 1.43153987561 
0.995635696369 0.98009876287 0.610994736722 1.43153987561 
0.995635696369 0.98009876287 0.610994736722 1.43153987561 
0.995635696369 0.98009876287 0.610994736722 1.43153987561 
0.995635696369 0.98009876287 0.610994736722 1.43153987561 
0.995635696369 0.98009876287 0.610994736722 1.43153987561 
0.995635696369 0.98009876287 0.610994736722 1.43153987561 
0.993514276808 0.995380847524 0.610994736722 1.43729383254 
0.993514276808 0.995380847524 0.610994736722 1.43729383254 
0.993514276808 0.995380847524 0.610994736722 1.43729383254 
0.995635696369 0.98009876287 0.610994736722 1.43153987561 
0.995635696369 0.98009876287 0.610994736722 1.43153987561 
0.995635696369 0.98009876287 0.610994736722 1.43153987561 
0.995635696369 0.98009876287 0.610994736722 1.43153987561 
0.995635696369 0.98009876287 0.610994736722 1.43153987561 
0.995635696369 0.98009876287 0.610994736722 1.43153987561 
0.995635696369 0.98009876287 0.610994736722 1.43153987561 
0.997876511571 0.502959085428 0.995785956518 1.44939216116 
0.197347535216 0.997704985129 0.996890313535 1.42859647776 
0.995635696369 0.98009876287 0.610994736722 1.43153987561 
0.995635696369 0.98009876287 0.610994736722 1.43153987561 
0.995635696369 0.98009876287 0.610994736722 1.43153987561 
0.995635696369 0.98009876287 0.610994736722 1.43153987561 
0.995635696369 0.98009876287 0.610994736722 1.43153987561 
0.995635696369 0.98009876287 0.610994736722 1.43153987561 
0.995635696369 0.98009876287 0.610994736722 1.43153987561 
0.995635696369 0.98009876287 0.610994736722 1.43153987561 
0.995635696369 0.98009876287 0.610994736722 1.43153987561 
0.993514276808 0.995380847524 0.610994736722 1.43729383254 
0.993514276808 0.995380847524 0.610994736722 1.43729383254 
0.995635696369 0.98009876287 0.610994736722 1.43153987561 
0.995635696369 0.98009876287 0.610994736722 1.43153987561 
0.995635696369 0.98009876287 0.610994736722 1.43153987561 
0.995635696369 0.98009876287 0.610994736722 1.43153987561 
0.995635696369 0.98009876287 0.610994736722 1.43153987561 
0.995635696369 0.98009876287 0.610994736722 1.43153987561 
0.995635696369 0.98009876287 0.610994736722 1.43153987561 
0.995635696369 0.98009876287 0.610994736722 1.43153987561 
0.995635696369 0.98009876287 0.610994736722 1.43153987561 
0.995635696369 0.98009876287 0.610994736722 1.43153987561 
0.995635696369 0.98009876287 0.610994736722 1.43153987561 
0.995635696369 0.98009876287 0.610994736722 1.43153987561 
0.995635696369 0.98009876287 0.610994736722 1.43153987561 
0.995635696369 0.98009876287 0.610994736722 1.43153987561 
0.995635696369 0.98009876287 0.610994736722 1.43153987561 
0.995635696369 0.98009876287 0.610994736722 1.43153987561 
0.993514276808 0.995380847524 0.610994736722 1.43729383254 
0.993514276808 0.995380847524 0.610994736722 1.43729383254 
0.995635696369 0.98009876287 0.610994736722 1.43153987561 
0.995635696369 0.992273423959 0.504135017158 1.45479900519 
0.993514276808 0.995380847524 0.610994736722 1.43729383254 
0.995635696369 0.98009876287 0.610994736722 1.43153987561 
0.995635696369 0.98009876287 0.610994736722 1.43153987561 
0.995635696369 0.98009876287 0.610994736722 1.43153987561 
0.995635696369 0.98009876287 0.610994736722 1.43153987561 
0.995635696369 0.98009876287 0.610994736722 1.43153987561 
0.995635696369 0.98009876287 0.610994736722 1.43153987561 
0.995635696369 0.98009876287 0.610994736722 1.43153987561 
0.995635696369 0.98009876287 0.610994736722 1.43153987561 
0.995635696369 0.98009876287 0.610994736722 1.43153987561 
0.995635696369 0.98009876287 0.610994736722 1.43153987561 
0.995635696369 0.98009876287 0.610994736722 1.43153987561 
0.993514276808 0.995380847524 0.610994736722 1.43729383254 
0.993514276808 0.995380847524 0.610994736722 1.43729383254 
0.995635696369 0.997704985129 0.996890313535 1.42086953901 
0.995635696369 0.98009876287 0.610994736722 1.43153987561 
0.993514276808 0.995380847524 0.610994736722 1.43729383254 
0.993514276808 0.995380847524 0.610994736722 1.43729383254 
0.995635696369 0.98009876287 0.610994736722 1.43153987561 
0.995635696369 0.98009876287 0.610994736722 1.43153987561 
0.995635696369 0.98009876287 0.610994736722 1.43153987561 
0.995635696369 0.98009876287 0.610994736722 1.43153987561 
0.995635696369 0.98009876287 0.610994736722 1.43153987561 
0.995635696369 0.98009876287 0.610994736722 1.43153987561 
0.995635696369 0.98009876287 0.610994736722 1.43153987561 
0.995635696369 0.98009876287 0.610994736722 1.43153987561 
0.993514276808 0.995380847524 0.610994736722 1.43729383254 
0.995635696369 0.98009876287 0.610994736722 1.43153987561 
0.995635696369 0.98009876287 0.610994736722 1.43153987561 
0.995635696369 0.98009876287 0.610994736722 1.43153987561 
0.995635696369 0.98009876287 0.610994736722 1.43153987561 
0.997876511571 0.502959085428 0.995785956518 1.44939216116 
0.995635696369 0.997704985129 0.610994736722 1.42537218467 
0.995635696369 0.98009876287 0.610994736722 1.43153987561 
0.995635696369 0.98009876287 0.610994736722 1.43153987561 
0.995635696369 0.98009876287 0.610994736722 1.43153987561 
0.995635696369 0.992273423959 0.504135017158 1.45479900519 
0.995635696369 0.98009876287 0.610994736722 1.43153987561 
0.995635696369 0.98009876287 0.610994736722 1.43153987561 
0.0202869209394 0.998405120604 0.364690011124 1.2308702504 
0.995635696369 0.98009876287 0.610994736722 1.43153987561 
0.995635696369 0.98009876287 0.610994736722 1.43153987561 
0.993514276808 0.995380847524 0.610994736722 1.43729383254 
0.995635696369 0.98009876287 0.610994736722 1.43153987561 
0.995635696369 0.98009876287 0.610994736722 1.43153987561 
0.995635696369 0.98009876287 0.610994736722 1.43153987561 
0.995635696369 0.98009876287 0.610994736722 1.43153987561 
0.995635696369 0.98009876287 0.610994736722 1.43153987561 
0.995635696369 0.98009876287 0.610994736722 1.43153987561 
0.995635696369 0.98009876287 0.610994736722 1.43153987561 
