0.998623617918 0.757180246755 0.99852464853 1.14247777268 
0.864724085498 0.99543462904 0.577038310874 1.14504916632 
0.998623617918 0.92531247222 0.983591430985 1.22688304714 
0.864724085498 0.99543462904 0.577038310874 1.14504916632 
0.986706079935 0.959638800846 0.444539624907 1.22683255766 
0.998623617918 0.92531247222 0.983591430985 1.22688304714 
0.998623617918 0.757180246755 0.99852464853 1.14247777268 
0.864724085498 0.99543462904 0.577038310874 1.14504916632 
0.864724085498 0.99543462904 0.577038310874 1.14504916632 
0.998623617918 0.757180246755 0.99852464853 1.14247777268 
0.864724085498 0.99543462904 0.577038310874 1.14504916632 
0.986706079935 0.959638800846 0.444539624907 1.22683255766 
0.864724085498 0.494537641727 0.999562278765 1.2101381215 
0.986706079935 0.959638800846 0.444539624907 1.22683255766 
0.864724085498 0.99543462904 0.577038310874 1.14504916632 
0.998623617918 0.964353312873 0.996625061407 1.21847221053 
0.653640443746 0.98976533388 0.55155954637 1.28180969041 
0.998623617918 0.679258186134 0.98631748371 1.25691049668 
0.998623617918 0.964353312873 0.996625061407 1.21847221053 
0.998623617918 0.92531247222 0.983591430985 1.22688304714 
0.998623617918 0.757180246755 0.99852464853 1.14247777268 
0.986706079935 0.959638800846 0.444539624907 1.22683255766 
0.998623617918 0.92531247222 0.983591430985 1.22688304714 
0.998623617918 0.92531247222 0.983591430985 1.22688304714 
0.986706079935 0.959638800846 0.444539624907 1.22683255766 
0.653640443746 0.98976533388 0.55155954637 1.28180969041 
0.604154008944 0.98976533388 0.823194046686 1.2330465641 
0.998623617918 0.92531247222 0.983591430985 1.22688304714 
0.998623617918 0.757180246755 0.99852464853 1.14247777268 
0.986706079935 0.959638800846 0.444539624907 1.22683255766 
0.864724085498 0.99543462904 0.577038310874 1.14504916632 
0.998623617918 0.92531247222 0.983591430985 1.22688304714 
0.998623617918 0.757180246755 0.99852464853 1.14247777268 
0.864724085498 0.99543462904 0.577038310874 1.14504916632 
0.864724085498 0.99543462904 0.577038310874 1.14504916632 
0.864724085498 0.99543462904 0.577038310874 1.14504916632 
0.998623617918 0.92531247222 0.983591430985 1.22688304714 
0.998623617918 0.92531247222 0.983591430985 1.22688304714 
0.986706079935 0.959638800846 0.444539624907 1.22683255766 
0.864724085498 0.99543462904 0.577038310874 1.14504916632 
0.864724085498 0.99543462904 0.577038310874 1.14504916632 
0.864724085498 0.494537641727 0.999562278765 1.2101381215 
0.864724085498 0.99543462904 0.577038310874 1.14504916632 
0.986706079935 0.959638800846 0.444539624907 1.22683255766 
0.998623617918 0.964353312873 0.996625061407 1.21847221053 
0.998623617918 0.964353312873 0.996625061407 1.21847221053 
0.998623617918 0.964353312873 0.996625061407 1.21847221053 
0.986706079935 0.959638800846 0.444539624907 1.22683255766 
0.566795612953 0.983173989548 0.983591430985 1.26089555859 
0.998623617918 0.92531247222 0.983591430985 1.22688304714 
0.653640443746 0.98976533388 0.823194046686 1.22893952852 
0.933114869031 0.983173989548 0.98631748371 1.19963249129 
0.986706079935 0.959638800846 0.444539624907 1.22683255766 
0.998623617918 0.757180246755 0.99852464853 1.14247777268 
0.864724085498 0.494537641727 0.999562278765 1.2101381215 
0.864724085498 0.99543462904 0.577038310874 1.14504916632 
0.998623617918 0.757180246755 0.99852464853 1.14247777268 
0.998623617918 0.679258186134 0.98631748371 1.25691049668 
0.986706079935 0.959638800846 0.444539624907 1.22683255766 
0.986706079935 0.959638800846 0.444539624907 1.22683255766 
0.998623617918 0.679258186134 0.98631748371 1.25691049668 
0.998623617918 0.964353312873 0.996625061407 1.21847221053 
0.998623617918 0.92531247222 0.983591430985 1.22688304714 
0.986706079935 0.959638800846 0.444539624907 1.22683255766 
0.986706079935 0.959638800846 0.444539624907 1.22683255766 
0.864724085498 0.99543462904 0.577038310874 1.14504916632 
0.998623617918 0.92531247222 0.983591430985 1.22688304714 
0.998623617918 0.679258186134 0.98631748371 1.25691049668 
0.998623617918 0.964353312873 0.996625061407 1.21847221053 
0.864724085498 0.99543462904 0.577038310874 1.14504916632 
0.864724085498 0.494537641727 0.55155954637 1.26692309867 
0.998623617918 0.679258186134 0.98631748371 1.25691049668 
0.998623617918 0.92531247222 0.983591430985 1.22688304714 
0.986706079935 0.959638800846 0.444539624907 1.22683255766 
0.986706079935 0.959638800846 0.444539624907 1.22683255766 
0.998623617918 0.92531247222 0.983591430985 1.22688304714 
0.998623617918 0.92531247222 0.983591430985 1.22688304714 
0.217727390865 0.965906617994 0.986659898977 0.901955900818 
0.998623617918 0.757180246755 0.99852464853 1.14247777268 
0.986706079935 0.959638800846 0.444539624907 1.22683255766 
0.527622200914 0.864352175778 0.99852464853 1.19239056215 
0.998623617918 0.757180246755 0.99852464853 1.14247777268 
0.986706079935 0.959638800846 0.444539624907 1.22683255766 
0.986706079935 0.959638800846 0.444539624907 1.22683255766 
0.864724085498 0.99543462904 0.577038310874 1.14504916632 
0.986706079935 0.959638800846 0.444539624907 1.22683255766 
0.998623617918 0.757180246755 0.99852464853 1.14247777268 
0.998623617918 0.92531247222 0.983591430985 1.22688304714 
0.998623617918 0.964353312873 0.996625061407 1.21847221053 
0.998623617918 0.757180246755 0.99852464853 1.14247777268 
0.986706079935 0.959638800846 0.444539624907 1.22683255766 
0.986706079935 0.959638800846 0.444539624907 1.22683255766 
0.986706079935 0.959638800846 0.444539624907 1.22683255766 
0.998623617918 0.964353312873 0.996625061407 1.21847221053 
0.986706079935 0.959638800846 0.444539624907 1.22683255766 
0.986706079935 0.959638800846 0.444539624907 1.22683255766 
0.998623617918 0.92531247222 0.983591430985 1.22688304714 
0.998623617918 0.92531247222 0.983591430985 1.22688304714 
0.998623617918 0.964353312873 0.996625061407 1.21847221053 
0.986706079935 0.959638800846 0.444539624907 1.22683255766 
