0.997640740085 0.444524015065 0.999013771963 1.44591146969 
0.997640740085 0.615318105107 0.499439922765 1.46874480184 
0.786988343185 0.996838623563 0.528503617168 1.40656240517 
0.997640740085 0.615318105107 0.999013771963 1.43904765902 
0.49399981711 0.444524015065 0.999013771963 1.4751372773 
0.669989131325 0.998811463128 0.672949648032 1.40440758699 
0.49399981711 0.995781841583 0.499439922765 1.4791660621 
0.49399981711 0.444524015065 0.999013771963 1.4751372773 
0.49399981711 0.615318105107 0.999013771963 1.46881327003 
0.669989131325 0.998811463128 0.672949648032 1.40440758699 
0.669989131325 0.998811463128 0.672949648032 1.40440758699 
0.49399981711 0.444524015065 0.999013771963 1.4751372773 
0.510293532113 0.998811463128 0.528503617168 1.47188332344 
0.669989131325 0.998811463128 0.672949648032 1.40440758699 
0.608750830238 0.996308517797 0.999013771963 1.44053062066 
0.49399981711 0.444524015065 0.339127409337 1.47997778069 
0.49399981711 0.444524015065 0.339127409337 1.47997778069 
0.997640740085 0.995781841583 0.499439922765 1.44994025449 
0.49399981711 0.444524015065 0.999013771963 1.4751372773 
0.49399981711 0.444524015065 0.999013771963 1.4751372773 
0.999112091478 0.976207383418 0.65075976717 1.3221489794 
0.997640740085 0.444524015065 0.999013771963 1.44591146969 
0.997640740085 0.444524015065 0.999013771963 1.44591146969 
0.49399981711 0.444524015065 0.999013771963 1.4751372773 
0.997640740085 0.995781841583 0.999013771963 1.42078291507 
0.669989131325 0.998811463128 0.528503617168 1.44379465865 
0.786988343185 0.996838623563 0.528503617168 1.40656240517 
0.49399981711 0.444524015065 0.999013771963 1.4751372773 
0.49399981711 0.444524015065 0.999013771963 1.4751372773 
0.786988343185 0.996838623563 0.528503617168 1.40656240517 
0.997640740085 0.444524015065 0.999013771963 1.44591146969 
0.669989131325 0.998811463128 0.672949648032 1.40440758699 
0.608750830238 0.996308517797 0.999013771963 1.44053062066 
0.997640740085 0.995781841583 0.999013771963 1.42078291507 
0.997640740085 0.444524015065 0.999013771963 1.44591146969 
0.510293532113 0.998811463128 0.672949648032 1.45257881919 
0.669989131325 0.998811463128 0.672949648032 1.40440758699 
0.997640740085 0.444524015065 0.999013771963 1.44591146969 
0.49399981711 0.444524015065 0.999013771963 1.4751372773 
0.997640740085 0.615318105107 0.499439922765 1.46874480184 
0.49399981711 0.444524015065 0.999013771963 1.4751372773 
0.786988343185 0.996838623563 0.528503617168 1.40656240517 
0.49399981711 0.444524015065 0.999013771963 1.4751372773 
0.49399981711 0.444524015065 0.999013771963 1.4751372773 
0.49399981711 0.444524015065 0.999013771963 1.4751372773 
0.49399981711 0.444524015065 0.999013771963 1.4751372773 
0.997640740085 0.444524015065 0.999013771963 1.44591146969 
0.49399981711 0.444524015065 0.999013771963 1.4751372773 
0.49399981711 0.444524015065 0.999013771963 1.4751372773 
0.49399981711 0.444524015065 0.999013771963 1.4751372773 
0.669989131325 0.998811463128 0.672949648032 1.40440758699 
0.669989131325 0.998811463128 0.672949648032 1.40440758699 
0.107323092689 0.999305036037 0.156949970342 0.435936033986 
0.49399981711 0.444524015065 0.339127409337 1.47997778069 
0.49399981711 0.444524015065 0.999013771963 1.4751372773 
0.997640740085 0.995781841583 0.499439922765 1.44994025449 
0.987907684108 0.996308517797 0.999013771963 1.41643726772 
0.669989131325 0.998811463128 0.528503617168 1.44379465865 
0.669989131325 0.998811463128 0.672949648032 1.40440758699 
0.786988343185 0.996838623563 0.528503617168 1.40656240517 
0.669989131325 0.998811463128 0.672949648032 1.40440758699 
0.669989131325 0.998811463128 0.672949648032 1.40440758699 
0.608750830238 0.996308517797 0.499439922765 1.46968796008 
0.49399981711 0.615318105107 0.999013771963 1.46881327003 
0.997640740085 0.995781841583 0.499439922765 1.44994025449 
0.49399981711 0.444524015065 0.999013771963 1.4751372773 
0.49399981711 0.444524015065 0.999013771963 1.4751372773 
0.669989131325 0.998811463128 0.672949648032 1.40440758699 
0.49399981711 0.444524015065 0.999013771963 1.4751372773 
0.997640740085 0.444524015065 0.999013771963 1.44591146969 
0.49399981711 0.444524015065 0.999013771963 1.4751372773 
0.669989131325 0.998811463128 0.672949648032 1.40440758699 
0.669989131325 0.998811463128 0.672949648032 1.40440758699 
0.669989131325 0.998811463128 0.672949648032 1.40440758699 
0.997640740085 0.995781841583 0.499439922765 1.44994025449 
0.786988343185 0.996838623563 0.528503617168 1.40656240517 
0.49399981711 0.444524015065 0.999013771963 1.4751372773 
0.49399981711 0.444524015065 0.999013771963 1.4751372773 
0.997640740085 0.444524015065 0.999013771963 1.44591146969 
0.669989131325 0.998811463128 0.672949648032 1.40440758699 
0.669989131325 0.998811463128 0.672949648032 1.40440758699 
0.997640740085 0.995781841583 0.999013771963 1.42078291507 
0.49399981711 0.444524015065 0.339127409337 1.47997778069 
0.669989131325 0.998811463128 0.672949648032 1.40440758699 
0.49399981711 0.444524015065 0.999013771963 1.4751372773 
0.49399981711 0.444524015065 0.999013771963 1.4751372773 
0.49399981711 0.444524015065 0.339127409337 1.47997778069 
0.669989131325 0.998811463128 0.672949648032 1.40440758699 
0.786988343185 0.996838623563 0.528503617168 1.40656240517 
0.669989131325 0.998811463128 0.528503617168 1.44379465865 
0.997640740085 0.444524015065 0.999013771963 1.44591146969 
0.49399981711 0.444524015065 0.339127409337 1.47997778069 
0.997640740085 0.444524015065 0.999013771963 1.44591146969 
0.49399981711 0.444524015065 0.999013771963 1.4751372773 
0.49399981711 0.444524015065 0.999013771963 1.4751372773 
0.997640740085 0.444524015065 0.999013771963 1.44591146969 
0.669989131325 0.998811463128 0.672949648032 1.40440758699 
0.49399981711 0.444524015065 0.999013771963 1.4751372773 
0.786988343185 0.996838623563 0.528503617168 1.40656240517 
0.669989131325 0.998811463128 0.672949648032 1.40440758699 
