0.404659213282 0.995855717068 0.996817608829 1.42004532941 
0.994521632051 0.630421868978 0.996817608829 1.41439940904 
0.994521632051 0.999643059592 0.978783362569 1.40083451593 
0.404659213282 0.995855717068 0.996817608829 1.42004532941 
0.404659213282 0.995855717068 0.996817608829 1.42004532941 
0.9963408282 0.527321129978 0.996817608829 1.42617210097 
0.999293072907 0.453133492706 0.996817608829 1.40595134481 
0.9963408282 0.527321129978 0.996817608829 1.42617210097 
0.404659213282 0.995855717068 0.996817608829 1.42004532941 
0.99869910823 0.43080071467 0.562032409569 1.45747158416 
0.994521632051 0.630421868978 0.996817608829 1.41439940904 
0.404659213282 0.995855717068 0.996817608829 1.42004532941 
0.999293072907 0.453133492706 0.996817608829 1.40595134481 
0.404659213282 0.995855717068 0.996817608829 1.42004532941 
0.404659213282 0.995855717068 0.996817608829 1.42004532941 
0.99869910823 0.43080071467 0.562032409569 1.45747158416 
0.404659213282 0.995855717068 0.996817608829 1.42004532941 
0.404659213282 0.995855717068 0.996817608829 1.42004532941 
0.99869910823 0.43080071467 0.562032409569 1.45747158416 
0.994521632051 0.630421868978 0.996817608829 1.41439940904 
0.404659213282 0.995855717068 0.996817608829 1.42004532941 
0.404659213282 0.995855717068 0.996817608829 1.42004532941 
0.999293072907 0.453133492706 0.996817608829 1.40595134481 
0.404659213282 0.995855717068 0.996817608829 1.42004532941 
0.97994629794 0.999643059592 0.996817608829 1.3907308722 
0.404659213282 0.995855717068 0.996817608829 1.42004532941 
0.999293072907 0.453133492706 0.996817608829 1.40595134481 
0.405307247843 0.00442182774037 0.99868725175 0.529267275266 
0.404659213282 0.995855717068 0.996817608829 1.42004532941 
0.404659213282 0.995855717068 0.996817608829 1.42004532941 
0.97994629794 0.999643059592 0.996817608829 1.3907308722 
0.999293072907 0.453133492706 0.996817608829 1.40595134481 
0.404659213282 0.995855717068 0.996817608829 1.42004532941 
0.404659213282 0.995855717068 0.996817608829 1.42004532941 
0.404659213282 0.995855717068 0.996817608829 1.42004532941 
0.994521632051 0.630421868978 0.996817608829 1.41439940904 
0.404659213282 0.995855717068 0.996817608829 1.42004532941 
0.99869910823 0.43080071467 0.562032409569 1.45747158416 
0.404659213282 0.995855717068 0.996817608829 1.42004532941 
0.404659213282 0.995855717068 0.996817608829 1.42004532941 
0.404659213282 0.995855717068 0.996817608829 1.42004532941 
0.404659213282 0.995855717068 0.996817608829 1.42004532941 
0.404659213282 0.995855717068 0.996817608829 1.42004532941 
0.404659213282 0.995855717068 0.996817608829 1.42004532941 
0.9963408282 0.527321129978 0.996817608829 1.42617210097 
0.994521632051 0.630421868978 0.996817608829 1.41439940904 
0.9963408282 0.453133492706 0.488890989489 1.45718900395 
0.404659213282 0.995855717068 0.996817608829 1.42004532941 
0.97994629794 0.999643059592 0.996817608829 1.3907308722 
0.404659213282 0.995855717068 0.996817608829 1.42004532941 
0.999293072907 0.453133492706 0.996817608829 1.40595134481 
0.999293072907 0.453133492706 0.996817608829 1.40595134481 
0.404659213282 0.995855717068 0.996817608829 1.42004532941 
0.404659213282 0.995855717068 0.996817608829 1.42004532941 
0.994521632051 0.630421868978 0.996817608829 1.41439940904 
0.404659213282 0.995855717068 0.996817608829 1.42004532941 
0.97994629794 0.999643059592 0.996817608829 1.3907308722 
0.994521632051 0.630421868978 0.996817608829 1.41439940904 
0.404659213282 0.995855717068 0.996817608829 1.42004532941 
0.999293072907 0.995855717068 0.996817608829 1.40426117308 
0.999293072907 0.453133492706 0.996817608829 1.40595134481 
0.404659213282 0.995855717068 0.996817608829 1.42004532941 
0.404659213282 0.995855717068 0.996817608829 1.42004532941 
0.404659213282 0.995855717068 0.996817608829 1.42004532941 
0.404659213282 0.995855717068 0.996817608829 1.42004532941 
0.404659213282 0.995855717068 0.996817608829 1.42004532941 
0.99869910823 0.43080071467 0.562032409569 1.45747158416 
0.404659213282 0.995855717068 0.996817608829 1.42004532941 
0.999293072907 0.453133492706 0.488890989489 1.45129391186 
0.994521632051 0.630421868978 0.996817608829 1.41439940904 
0.404659213282 0.995855717068 0.996817608829 1.42004532941 
0.994521632051 0.999643059592 0.978783362569 1.40083451593 
0.999293072907 0.453133492706 0.488890989489 1.45129391186 
0.404659213282 0.995855717068 0.996817608829 1.42004532941 
0.999293072907 0.453133492706 0.996817608829 1.40595134481 
0.999293072907 0.453133492706 0.488890989489 1.45129391186 
0.404659213282 0.995855717068 0.996817608829 1.42004532941 
0.408385289892 0.328358110561 0.997430988657 1.04795456598 
0.404659213282 0.995855717068 0.996817608829 1.42004532941 
0.404659213282 0.995855717068 0.996817608829 1.42004532941 
0.404659213282 0.995855717068 0.996817608829 1.42004532941 
0.404659213282 0.995855717068 0.996817608829 1.42004532941 
0.404659213282 0.995855717068 0.996817608829 1.42004532941 
0.404659213282 0.995855717068 0.996817608829 1.42004532941 
0.404659213282 0.995855717068 0.996817608829 1.42004532941 
0.404659213282 0.995855717068 0.996817608829 1.42004532941 
0.999293072907 0.995855717068 0.996817608829 1.40426117308 
0.404659213282 0.995855717068 0.996817608829 1.42004532941 
0.97994629794 0.999643059592 0.996817608829 1.3907308722 
0.404659213282 0.995855717068 0.996817608829 1.42004532941 
0.999293072907 0.453133492706 0.996817608829 1.40595134481 
0.999293072907 0.995855717068 0.562032409569 1.43216346445 
0.994521632051 0.630421868978 0.996817608829 1.41439940904 
0.999293072907 0.453133492706 0.996817608829 1.40595134481 
0.994521632051 0.630421868978 0.996817608829 1.41439940904 
0.404659213282 0.995855717068 0.996817608829 1.42004532941 
0.999293072907 0.453133492706 0.996817608829 1.40595134481 
0.97994629794 0.999643059592 0.996817608829 1.3907308722 
0.404659213282 0.995855717068 0.996817608829 1.42004532941 
0.97994629794 0.999643059592 0.996817608829 1.3907308722 
