0.999441401539 0.660958895412 0.999851094986 1.35936215302 
0.999441401539 0.660958895412 0.999851094986 1.35936215302 
0.522218248567 0.465467145734 0.999851094986 1.41070669155 
0.999441401539 0.996508026246 0.999851094986 1.35439112389 
0.999441401539 0.996508026246 0.999851094986 1.35439112389 
0.999441401539 0.660958895412 0.999851094986 1.35936215302 
0.999441401539 0.996508026246 0.999851094986 1.35439112389 
0.999441401539 0.660958895412 0.999851094986 1.35936215302 
0.999441401539 0.996508026246 0.999851094986 1.35439112389 
0.999441401539 0.996508026246 0.999851094986 1.35439112389 
0.999441401539 0.660958895412 0.999851094986 1.35936215302 
0.999441401539 0.996508026246 0.999851094986 1.35439112389 
0.999441401539 0.996508026246 0.999851094986 1.35439112389 
0.999441401539 0.660958895412 0.999851094986 1.35936215302 
0.999441401539 0.996508026246 0.999851094986 1.35439112389 
0.999441401539 0.996508026246 0.999851094986 1.35439112389 
0.999441401539 0.996508026246 0.999851094986 1.35439112389 
0.999441401539 0.996508026246 0.999851094986 1.35439112389 
0.999441401539 0.660958895412 0.999851094986 1.35936215302 
0.522218248567 0.465467145734 0.999851094986 1.41070669155 
0.999441401539 0.996508026246 0.999851094986 1.35439112389 
0.999441401539 0.996508026246 0.999851094986 1.35439112389 
0.999441401539 0.660958895412 0.999851094986 1.35936215302 
0.999441401539 0.996508026246 0.999851094986 1.35439112389 
0.999441401539 0.660958895412 0.999851094986 1.35936215302 
0.522218248567 0.465467145734 0.999851094986 1.41070669155 
0.999441401539 0.996508026246 0.999851094986 1.35439112389 
0.999441401539 0.996508026246 0.999851094986 1.35439112389 
0.999441401539 0.996508026246 0.999851094986 1.35439112389 
0.999441401539 0.660958895412 0.999851094986 1.35936215302 
0.999441401539 0.996508026246 0.999851094986 1.35439112389 
0.999441401539 0.996508026246 0.999851094986 1.35439112389 
0.999441401539 0.660958895412 0.999851094986 1.35936215302 
0.999441401539 0.996508026246 0.999851094986 1.35439112389 
0.522218248567 0.465467145734 0.999851094986 1.41070669155 
0.999441401539 0.660958895412 0.999851094986 1.35936215302 
0.999441401539 0.996508026246 0.999851094986 1.35439112389 
0.999441401539 0.660958895412 0.999851094986 1.35936215302 
0.999441401539 0.660958895412 0.999851094986 1.35936215302 
0.999441401539 0.996508026246 0.999851094986 1.35439112389 
0.999441401539 0.465467145734 0.999851094986 1.38324469925 
0.999441401539 0.996508026246 0.999851094986 1.35439112389 
0.999441401539 0.660958895412 0.999851094986 1.35936215302 
0.999441401539 0.996508026246 0.999851094986 1.35439112389 
0.999441401539 0.660958895412 0.999851094986 1.35936215302 
0.999441401539 0.660958895412 0.999851094986 1.35936215302 
0.999441401539 0.996508026246 0.999851094986 1.35439112389 
0.999441401539 0.996508026246 0.999851094986 1.35439112389 
0.999441401539 0.660958895412 0.999851094986 1.35936215302 
0.522218248567 0.465467145734 0.999851094986 1.41070669155 
0.999441401539 0.996508026246 0.999851094986 1.35439112389 
0.999441401539 0.660958895412 0.999851094986 1.35936215302 
0.999441401539 0.996508026246 0.999851094986 1.35439112389 
0.999441401539 0.660958895412 0.999851094986 1.35936215302 
0.522218248567 0.465467145734 0.999851094986 1.41070669155 
0.999441401539 0.660958895412 0.999851094986 1.35936215302 
0.999441401539 0.996508026246 0.999851094986 1.35439112389 
0.999441401539 0.996508026246 0.999851094986 1.35439112389 
0.522218248567 0.465467145734 0.999851094986 1.41070669155 
0.999441401539 0.660958895412 0.999851094986 1.35936215302 
0.999441401539 0.660958895412 0.999851094986 1.35936215302 
0.522218248567 0.465467145734 0.999851094986 1.41070669155 
0.999441401539 0.996508026246 0.999851094986 1.35439112389 
0.522218248567 0.465467145734 0.999851094986 1.41070669155 
0.999441401539 0.660958895412 0.999851094986 1.35936215302 
0.999441401539 0.996508026246 0.999851094986 1.35439112389 
0.999441401539 0.996508026246 0.999851094986 1.35439112389 
0.999441401539 0.660958895412 0.999851094986 1.35936215302 
0.999441401539 0.660958895412 0.384201815922 1.3711097515 
0.999441401539 0.996508026246 0.999851094986 1.35439112389 
0.999441401539 0.996508026246 0.999851094986 1.35439112389 
0.999441401539 0.996508026246 0.999851094986 1.35439112389 
0.999441401539 0.996508026246 0.999851094986 1.35439112389 
0.999441401539 0.660958895412 0.999851094986 1.35936215302 
0.999441401539 0.996508026246 0.999851094986 1.35439112389 
0.999441401539 0.996508026246 0.999851094986 1.35439112389 
0.999441401539 0.996508026246 0.999851094986 1.35439112389 
0.999441401539 0.660958895412 0.999851094986 1.35936215302 
0.999441401539 0.996508026246 0.999851094986 1.35439112389 
0.999441401539 0.660958895412 0.999851094986 1.35936215302 
0.999441401539 0.996508026246 0.999851094986 1.35439112389 
0.999441401539 0.660958895412 0.384201815922 1.3711097515 
0.522218248567 0.465467145734 0.999851094986 1.41070669155 
0.522218248567 0.465467145734 0.999851094986 1.41070669155 
0.999441401539 0.996508026246 0.999851094986 1.35439112389 
0.999441401539 0.996508026246 0.999851094986 1.35439112389 
0.999441401539 0.996508026246 0.999851094986 1.35439112389 
0.999441401539 0.660958895412 0.999851094986 1.35936215302 
0.999441401539 0.660958895412 0.999851094986 1.35936215302 
0.999441401539 0.660958895412 0.999851094986 1.35936215302 
0.999441401539 0.660958895412 0.999851094986 1.35936215302 
0.999441401539 0.660958895412 0.999851094986 1.35936215302 
0.522218248567 0.465467145734 0.999851094986 1.41070669155 
0.999441401539 0.660958895412 0.999851094986 1.35936215302 
0.999441401539 0.660958895412 0.999851094986 1.35936215302 
0.999441401539 0.660958895412 0.999851094986 1.35936215302 
0.999441401539 0.996508026246 0.999851094986 1.35439112389 
0.999441401539 0.660958895412 0.999851094986 1.35936215302 
0.999441401539 0.996508026246 0.999851094986 1.35439112389 
0.999441401539 0.996508026246 0.999851094986 1.35439112389 
