0.574845800054 0.650252107983 0.468541948623 1.48768425171 
0.998577477216 0.998320301199 0.468541948623 1.45033072813 
0.574845800054 0.650252107983 0.468541948623 1.48768425171 
0.574845800054 0.998320301199 0.96844783166 1.43360035816 
0.574845800054 0.998320301199 0.96844783166 1.43360035816 
0.998577477216 0.476182146799 0.998348702028 1.37495879698 
0.574845800054 0.650252107983 0.468541948623 1.48768425171 
0.998577477216 0.998320301199 0.997876746142 1.39772812672 
0.998577477216 0.476182146799 0.998348702028 1.37495879698 
0.998577477216 0.476182146799 0.998348702028 1.37495879698 
0.574845800054 0.650252107983 0.468541948623 1.48768425171 
0.574845800054 0.650252107983 0.468541948623 1.48768425171 
0.574845800054 0.998320301199 0.96844783166 1.43360035816 
0.574845800054 0.531765906109 0.991476655035 1.45518412834 
0.574845800054 0.650252107983 0.468541948623 1.48768425171 
0.574845800054 0.650252107983 0.468541948623 1.48768425171 
0.574845800054 0.650252107983 0.468541948623 1.48768425171 
0.574845800054 0.650252107983 0.468541948623 1.48768425171 
0.998577477216 0.998320301199 0.468541948623 1.45033072813 
0.998577477216 0.476182146799 0.998348702028 1.37495879698 
0.574845800054 0.650252107983 0.468541948623 1.48768425171 
0.574845800054 0.650252107983 0.468541948623 1.48768425171 
0.998577477216 0.998320301199 0.468541948623 1.45033072813 
0.983566994994 0.531765906109 0.991476655035 1.40990844276 
0.998577477216 0.650252107983 0.468541948623 1.45907932562 
0.574845800054 0.650252107983 0.468541948623 1.48768425171 
0.574845800054 0.650252107983 0.468541948623 1.48768425171 
0.574845800054 0.998320301199 0.96844783166 1.43360035816 
0.998577477216 0.476182146799 0.998348702028 1.37495879698 
0.998577477216 0.476182146799 0.998348702028 1.37495879698 
0.574845800054 0.650252107983 0.468541948623 1.48768425171 
0.574845800054 0.650252107983 0.468541948623 1.48768425171 
0.998577477216 0.476182146799 0.997876746142 1.45096980455 
0.574845800054 0.998320301199 0.96844783166 1.43360035816 
0.574845800054 0.998320301199 0.998348702028 1.37270569772 
0.998577477216 0.476182146799 0.998348702028 1.37495879698 
0.574845800054 0.650252107983 0.468541948623 1.48768425171 
0.574845800054 0.650252107983 0.468541948623 1.48768425171 
0.574845800054 0.998320301199 0.96844783166 1.43360035816 
0.574845800054 0.650252107983 0.468541948623 1.48768425171 
0.998577477216 0.476182146799 0.998348702028 1.37495879698 
0.998577477216 0.476182146799 0.998348702028 1.37495879698 
0.574845800054 0.650252107983 0.468541948623 1.48768425171 
0.998577477216 0.476182146799 0.998348702028 1.37495879698 
0.998577477216 0.476182146799 0.998348702028 1.37495879698 
0.574845800054 0.650252107983 0.468541948623 1.48768425171 
0.574845800054 0.531765906109 0.991476655035 1.45518412834 
0.574845800054 0.650252107983 0.468541948623 1.48768425171 
0.998577477216 0.476182146799 0.998348702028 1.37495879698 
0.574845800054 0.650252107983 0.468541948623 1.48768425171 
0.574845800054 0.650252107983 0.468541948623 1.48768425171 
0.998577477216 0.650252107983 0.468541948623 1.45907932562 
0.574845800054 0.998320301199 0.998348702028 1.37270569772 
0.574845800054 0.650252107983 0.468541948623 1.48768425171 
0.998577477216 0.476182146799 0.998348702028 1.37495879698 
0.574845800054 0.650252107983 0.468541948623 1.48768425171 
0.998577477216 0.476182146799 0.998348702028 1.37495879698 
0.574845800054 0.998320301199 0.96844783166 1.43360035816 
0.574845800054 0.650252107983 0.468541948623 1.48768425171 
0.998577477216 0.998320301199 0.468541948623 1.45033072813 
0.574845800054 0.650252107983 0.468541948623 1.48768425171 
0.998577477216 0.476182146799 0.998348702028 1.37495879698 
0.574845800054 0.998320301199 0.96844783166 1.43360035816 
0.574845800054 0.650252107983 0.468541948623 1.48768425171 
0.998577477216 0.476182146799 0.468541948623 1.48118875348 
0.998577477216 0.476182146799 0.998348702028 1.37495879698 
0.998577477216 0.998320301199 0.468541948623 1.45033072813 
0.998577477216 0.476182146799 0.998348702028 1.37495879698 
0.574845800054 0.531765906109 0.991476655035 1.45518412834 
0.574845800054 0.650252107983 0.468541948623 1.48768425171 
0.574845800054 0.650252107983 0.468541948623 1.48768425171 
0.574845800054 0.650252107983 0.468541948623 1.48768425171 
0.574845800054 0.998320301199 0.96844783166 1.43360035816 
0.574845800054 0.650252107983 0.468541948623 1.48768425171 
0.574845800054 0.650252107983 0.468541948623 1.48768425171 
0.574845800054 0.650252107983 0.468541948623 1.48768425171 
0.574845800054 0.650252107983 0.468541948623 1.48768425171 
0.574845800054 0.650252107983 0.468541948623 1.48768425171 
0.574845800054 0.650252107983 0.468541948623 1.48768425171 
0.574845800054 0.650252107983 0.468541948623 1.48768425171 
0.574845800054 0.650252107983 0.468541948623 1.48768425171 
0.574845800054 0.650252107983 0.468541948623 1.48768425171 
0.998577477216 0.650252107983 0.468541948623 1.45907932562 
0.574845800054 0.650252107983 0.468541948623 1.48768425171 
0.998577477216 0.650252107983 0.468541948623 1.45907932562 
0.998577477216 0.998320301199 0.997876746142 1.39772812672 
0.574845800054 0.650252107983 0.468541948623 1.48768425171 
0.574845800054 0.650252107983 0.468541948623 1.48768425171 
0.574845800054 0.650252107983 0.998348702028 1.38145429521 
0.574845800054 0.650252107983 0.468541948623 1.48768425171 
0.574845800054 0.650252107983 0.468541948623 1.48768425171 
0.998577477216 0.998320301199 0.468541948623 1.45033072813 
0.574845800054 0.650252107983 0.468541948623 1.48768425171 
0.998577477216 0.998320301199 0.468541948623 1.45033072813 
0.998577477216 0.476182146799 0.998348702028 1.37495879698 
0.574845800054 0.998320301199 0.96844783166 1.43360035816 
0.998577477216 0.476182146799 0.998348702028 1.37495879698 
0.998577477216 0.476182146799 0.998348702028 1.37495879698 
0.998577477216 0.650252107983 0.468541948623 1.45907932562 
0.998577477216 0.650252107983 0.468541948623 1.45907932562 
