0.691632270334 0.998775989938 0.996037565466 1.41976026343 
0.691632270334 0.998775989938 0.515930575125 1.44567475066 
0.691632270334 0.998775989938 0.996037565466 1.41976026343 
0.691632270334 0.998775989938 0.996037565466 1.41976026343 
0.968456383039 0.998775989938 0.996037565466 1.40048805054 
0.563967876458 0.998775989938 0.515930575125 1.48233930633 
0.691632270334 0.998775989938 0.989346297418 1.44252116994 
0.968456383039 0.998775989938 0.996037565466 1.40048805054 
0.998146697724 0.427405703187 0.996037565466 1.4675172205 
0.563967876458 0.427405703187 0.996701039901 1.45224846255 
0.968456383039 0.998775989938 0.996037565466 1.40048805054 
0.995091345672 0.643899033158 0.996037565466 1.43517071544 
0.691632270334 0.998775989938 0.996037565466 1.41976026343 
0.563967876458 0.995114909912 0.996037565466 1.48075686751 
0.995091345672 0.643899033158 0.996037565466 1.43517071544 
0.995091345672 0.643899033158 0.996037565466 1.43517071544 
0.691632270334 0.998775989938 0.996037565466 1.41976026343 
0.995091345672 0.643899033158 0.515930575125 1.46108520267 
0.691632270334 0.998775989938 0.515930575125 1.44567475066 
0.995091345672 0.643899033158 0.996037565466 1.43517071544 
0.968456383039 0.998775989938 0.996037565466 1.40048805054 
0.691632270334 0.998775989938 0.515930575125 1.44567475066 
0.563967876458 0.995114909912 0.996037565466 1.48075686751 
0.998146697724 0.427405703187 0.996037565466 1.4675172205 
0.691632270334 0.998775989938 0.996037565466 1.41976026343 
0.998146697724 0.830405254614 0.996701039901 1.34891236135 
0.968456383039 0.998775989938 0.996037565466 1.40048805054 
0.968456383039 0.998775989938 0.996037565466 1.40048805054 
0.968456383039 0.998775989938 0.996037565466 1.40048805054 
0.691632270334 0.998775989938 0.515930575125 1.44567475066 
0.691632270334 0.998775989938 0.996037565466 1.41976026343 
0.691632270334 0.998775989938 0.515930575125 1.44567475066 
0.563967876458 0.427405703187 0.996701039901 1.45224846255 
0.968456383039 0.998775989938 0.996037565466 1.40048805054 
0.691632270334 0.998775989938 0.996037565466 1.41976026343 
0.691632270334 0.998775989938 0.996037565466 1.41976026343 
0.691632270334 0.998775989938 0.996037565466 1.41976026343 
0.995091345672 0.997563829108 0.506907088559 1.40519554646 
0.998146697724 0.427405703187 0.996037565466 1.4675172205 
0.968456383039 0.998775989938 0.996037565466 1.40048805054 
0.691632270334 0.998775989938 0.996037565466 1.41976026343 
0.995091345672 0.643899033158 0.996037565466 1.43517071544 
0.563967876458 0.995114909912 0.996037565466 1.48075686751 
0.691632270334 0.998775989938 0.996037565466 1.41976026343 
0.995091345672 0.643899033158 0.996037565466 1.43517071544 
0.691632270334 0.998775989938 0.515930575125 1.44567475066 
0.691632270334 0.998775989938 0.996037565466 1.41976026343 
0.691632270334 0.998775989938 0.996037565466 1.41976026343 
0.995091345672 0.997563829108 0.506907088559 1.40519554646 
0.691632270334 0.998775989938 0.996037565466 1.41976026343 
0.968456383039 0.998775989938 0.996037565466 1.40048805054 
0.691632270334 0.998775989938 0.996037565466 1.41976026343 
0.995091345672 0.643899033158 0.996037565466 1.43517071544 
0.691632270334 0.998775989938 0.996037565466 1.41976026343 
0.968456383039 0.998775989938 0.996037565466 1.40048805054 
0.995091345672 0.933278018073 0.990347753822 1.37026593452 
0.995091345672 0.997563829108 0.506907088559 1.40519554646 
0.995091345672 0.998775989938 0.267474023795 1.42722339325 
0.691632270334 0.998775989938 0.996037565466 1.41976026343 
0.998146697724 0.427405703187 0.996037565466 1.4675172205 
0.968456383039 0.998775989938 0.996037565466 1.40048805054 
0.995091345672 0.643899033158 0.996037565466 1.43517071544 
0.968456383039 0.998775989938 0.996037565466 1.40048805054 
0.968456383039 0.998775989938 0.996037565466 1.40048805054 
0.995091345672 0.997563829108 0.506907088559 1.40519554646 
0.998146697724 0.427405703187 0.996037565466 1.4675172205 
0.691632270334 0.998775989938 0.996037565466 1.41976026343 
0.995091345672 0.997563829108 0.506907088559 1.40519554646 
0.691632270334 0.998775989938 0.996037565466 1.41976026343 
0.998146697724 0.427405703187 0.996037565466 1.4675172205 
0.995091345672 0.933278018073 0.990347753822 1.37026593452 
0.563967876458 0.998775989938 0.515930575125 1.48233930633 
0.691632270334 0.998775989938 0.515930575125 1.44567475066 
0.563967876458 0.995114909912 0.996037565466 1.48075686751 
0.995091345672 0.643899033158 0.996037565466 1.43517071544 
0.998146697724 0.427405703187 0.996037565466 1.4675172205 
0.691632270334 0.998775989938 0.515930575125 1.44567475066 
0.998146697724 0.916088493068 0.989346297418 1.41478099241 
0.563967876458 0.427405703187 0.996701039901 1.45224846255 
0.673648626597 0.999139281157 0.0995928505852 0.438439416101 
0.563967876458 0.998775989938 0.515930575125 1.48233930633 
0.691632270334 0.998775989938 0.996037565466 1.41976026343 
0.563967876458 0.995114909912 0.996037565466 1.48075686751 
0.998146697724 0.427405703187 0.996037565466 1.4675172205 
0.691632270334 0.998775989938 0.996037565466 1.41976026343 
0.995091345672 0.997563829108 0.506907088559 1.40519554646 
0.691632270334 0.998775989938 0.996037565466 1.41976026343 
0.998146697724 0.830405254614 0.996701039901 1.34891236135 
0.995091345672 0.427405703187 0.996701039901 1.43731854083 
0.691632270334 0.998775989938 0.515930575125 1.44567475066 
0.691632270334 0.998775989938 0.996037565466 1.41976026343 
0.968456383039 0.998775989938 0.996037565466 1.40048805054 
0.691632270334 0.998775989938 0.996037565466 1.41976026343 
0.691632270334 0.998775989938 0.996037565466 1.41976026343 
0.691632270334 0.998775989938 0.996037565466 1.41976026343 
0.968456383039 0.998775989938 0.996037565466 1.40048805054 
0.691632270334 0.998775989938 0.996037565466 1.41976026343 
0.691632270334 0.998775989938 0.996037565466 1.41976026343 
0.691632270334 0.998775989938 0.996037565466 1.41976026343 
0.995091345672 0.643899033158 0.996037565466 1.43517071544 
