0.602739651944 0.988155236139 0.996681450093 1.37600673278 
0.999880136493 0.0174251328677 0.996681450093 1.37395031885 
0.999880136493 0.996464472193 0.996681450093 1.359373659 
0.500141705787 0.999594908704 0.425835147457 1.41000223587 
0.999880136493 0.996464472193 0.996681450093 1.359373659 
0.999880136493 0.996464472193 0.996681450093 1.359373659 
0.535711801132 0.661518434448 1.00016416373 0.894469252075 
0.669134013899 0.33762402983 0.996681450093 1.37417701788 
0.535711801132 0.661518434448 0.996681450093 1.39473837913 
0.999880136493 0.996464472193 0.996681450093 1.359373659 
0.602739651944 0.988155236139 0.996681450093 1.37600673278 
0.999880136493 0.0174251328677 0.996681450093 1.37395031885 
0.999880136493 0.996464472193 0.996681450093 1.359373659 
0.999880136493 0.996464472193 0.996681450093 1.359373659 
0.602739651944 0.988155236139 0.996681450093 1.37600673278 
0.999880136493 0.996464472193 0.996681450093 1.359373659 
0.999880136493 0.996464472193 0.996681450093 1.359373659 
0.999880136493 0.0174251328677 0.996681450093 1.37395031885 
0.500141705787 0.33762402983 0.996681450093 1.39542746442 
0.602739651944 0.988155236139 0.996681450093 1.37600673278 
0.999880136493 0.996464472193 0.996681450093 1.359373659 
0.999880136493 0.996464472193 0.996681450093 1.359373659 
0.602739651944 0.988155236139 0.996681450093 1.37600673278 
0.725548456402 0.996896150292 0.617810460826 0.542616100991 
0.602182615772 0.999594908704 0.996681450093 1.38944217284 
0.999880136493 0.996464472193 0.996681450093 1.359373659 
0.999880136493 0.996464472193 0.996681450093 1.359373659 
0.999880136493 0.996464472193 0.996681450093 1.359373659 
0.999880136493 0.0174251328677 0.996681450093 1.37395031885 
0.999880136493 0.996464472193 0.996681450093 1.359373659 
0.999880136493 0.0174251328677 0.996681450093 1.37395031885 
0.999880136493 0.0174251328677 0.996681450093 1.37395031885 
0.999880136493 0.996464472193 0.996681450093 1.359373659 
0.500141705787 0.33762402983 0.996681450093 1.39542746442 
0.999880136493 0.0174251328677 0.996681450093 1.37395031885 
0.999880136493 0.996464472193 0.996681450093 1.359373659 
0.999880136493 0.996464472193 0.996681450093 1.359373659 
0.999880136493 0.996464472193 0.996681450093 1.359373659 
0.999880136493 0.996464472193 0.996681450093 1.359373659 
0.999880136493 0.996464472193 0.996681450093 1.359373659 
0.999880136493 0.996464472193 0.996681450093 1.359373659 
0.602739651944 0.988155236139 0.996681450093 1.37600673278 
0.999880136493 0.0174251328677 0.996681450093 1.37395031885 
0.999880136493 0.996464472193 0.996681450093 1.359373659 
0.602739651944 0.988155236139 0.996681450093 1.37600673278 
0.999880136493 0.0174251328677 0.996681450093 1.37395031885 
0.602739651944 0.988155236139 0.996681450093 1.37600673278 
0.999880136493 0.996464472193 0.996681450093 1.359373659 
0.999880136493 0.996464472193 0.996681450093 1.359373659 
0.999880136493 0.996464472193 0.996681450093 1.359373659 
0.500141705787 0.33762402983 0.996681450093 1.39542746442 
0.999880136493 0.996464472193 0.996681450093 1.359373659 
0.999880136493 0.996464472193 0.996681450093 1.359373659 
0.999880136493 0.0174251328677 0.996681450093 1.37395031885 
0.602739651944 0.988155236139 0.996681450093 1.37600673278 
0.602739651944 0.988155236139 0.996681450093 1.37600673278 
0.999880136493 0.996464472193 0.996681450093 1.359373659 
0.999880136493 0.0174251328677 0.996681450093 1.37395031885 
0.602739651944 0.988155236139 0.996681450093 1.37600673278 
0.999880136493 0.996464472193 0.996681450093 1.359373659 
0.999880136493 0.0174251328677 0.996681450093 1.37395031885 
0.602182615772 0.996464472193 0.425835147457 1.41051623626 
0.999880136493 0.0174251328677 0.996681450093 1.37395031885 
0.602739651944 0.988155236139 0.996681450093 1.37600673278 
0.999880136493 0.996464472193 0.996681450093 1.359373659 
0.602739651944 0.988155236139 0.996681450093 1.37600673278 
0.999880136493 0.996464472193 0.996681450093 1.359373659 
0.602739651944 0.988155236139 0.996681450093 1.37600673278 
0.999880136493 0.996464472193 0.996681450093 1.359373659 
0.999880136493 0.0174251328677 0.996681450093 1.37395031885 
0.999880136493 0.0174251328677 0.996681450093 1.37395031885 
0.999880136493 0.0174251328677 0.996681450093 1.37395031885 
0.999880136493 0.996464472193 0.996681450093 1.359373659 
0.999880136493 0.996464472193 0.996681450093 1.359373659 
0.999880136493 0.0174251328677 0.996681450093 1.37395031885 
0.602739651944 0.988155236139 0.996681450093 1.37600673278 
0.535711801132 0.661518434448 1.00016416373 0.894469252075 
0.8343582531 0.817989072209 1.0001938139 0.680902197159 
0.602739651944 0.988155236139 0.996681450093 1.37600673278 
0.602739651944 0.988155236139 0.996681450093 1.37600673278 
0.602739651944 0.988155236139 0.996681450093 1.37600673278 
0.500141705787 0.33762402983 0.996681450093 1.39542746442 
0.999880136493 0.0174251328677 0.996681450093 1.37395031885 
0.999880136493 0.996464472193 0.996681450093 1.359373659 
0.999880136493 0.0174251328677 0.996681450093 1.37395031885 
0.602739651944 0.988155236139 0.996681450093 1.37600673278 
0.535711801132 0.661518434448 0.996681450093 1.39473837913 
0.999880136493 0.996464472193 0.996681450093 1.359373659 
0.535711801132 0.661518434448 0.996681450093 1.39473837913 
0.535711801132 0.661518434448 1.00016416373 0.894469252075 
0.602739651944 0.988155236139 0.996681450093 1.37600673278 
0.999880136493 0.0174251328677 0.996681450093 1.37395031885 
0.999880136493 0.996464472193 0.996681450093 1.359373659 
0.535711801132 0.661518434448 0.996681450093 1.39473837913 
0.999880136493 0.0174251328677 0.996681450093 1.37395031885 
0.602182615772 0.996464472193 0.425835147457 1.41051623626 
0.999880136493 0.0174251328677 0.996681450093 1.37395031885 
0.999880136493 0.996464472193 0.996681450093 1.359373659 
0.999880136493 0.996464472193 0.996681450093 1.359373659 
0.999880136493 0.996464472193 0.996681450093 1.359373659 
