0.523626359872 0.846141193662 0.610937871449 1.22172230072 
0.99409314416 0.754101099269 0.610937871449 1.20546581524 
0.954891057883 0.992005075872 0.610937871449 1.21156624624 
0.99409314416 0.754101099269 0.610937871449 1.20546581524 
0.663963172832 0.735373300884 0.991654502414 1.21332918756 
0.99409314416 0.754101099269 0.610937871449 1.20546581524 
0.0589397392962 0.992005075872 0.991654502414 1.20010330222 
0.99409314416 0.754101099269 0.610937871449 1.20546581524 
0.99409314416 0.864248934045 0.991654502414 1.169124665 
0.99409314416 0.864248934045 0.991654502414 1.169124665 
0.99409314416 0.864248934045 0.991654502414 1.169124665 
0.99409314416 0.754101099269 0.610937871449 1.20546581524 
0.997600184823 0.846141193662 0.957841766113 1.09466871177 
0.99409314416 0.754101099269 0.610937871449 1.20546581524 
0.997600184823 0.702898156078 0.997800468602 1.18973520891 
0.0589397392962 0.992005075872 0.991654502414 1.20010330222 
0.99409314416 0.754101099269 0.610937871449 1.20546581524 
0.523626359872 0.846141193662 0.610937871449 1.22172230072 
0.99409314416 0.702898156078 0.997800468602 1.19740275369 
0.954891057883 0.992005075872 0.610937871449 1.21156624624 
0.663963172832 0.735373300884 0.991654502414 1.21332918756 
0.99409314416 0.754101099269 0.610937871449 1.20546581524 
0.99409314416 0.754101099269 0.610937871449 1.20546581524 
0.523626359872 0.895368780852 0.692404095816 1.20437299081 
0.99409314416 0.754101099269 0.610937871449 1.20546581524 
0.0589397392962 0.992005075872 0.376146547745 1.24767343112 
0.99409314416 0.702898156078 0.997800468602 1.19740275369 
0.99409314416 0.864248934045 0.991654502414 1.169124665 
0.983060550958 0.917015175265 0.616921321325 0.537807594456 
0.954891057883 0.992005075872 0.610937871449 1.21156624624 
0.970690321376 0.895368780852 0.692404095816 1.16830944279 
0.0589397392962 0.992005075872 0.991654502414 1.20010330222 
0.954891057883 0.992005075872 0.997800468602 1.18921437047 
0.99409314416 0.754101099269 0.610937871449 1.20546581524 
0.663963172832 0.735373300884 0.991654502414 1.21332918756 
0.954891057883 0.992005075872 0.610937871449 1.21156624624 
0.523626359872 0.846141193662 0.610937871449 1.22172230072 
0.99409314416 0.864248934045 0.991654502414 1.169124665 
0.997600184823 0.846141193662 0.957841766113 1.09466871177 
0.99409314416 0.754101099269 0.610937871449 1.20546581524 
0.99409314416 0.754101099269 0.610937871449 1.20546581524 
0.523626359872 0.846141193662 0.610937871449 1.22172230072 
0.997600184823 0.992005075872 0.376146547745 1.24329414852 
0.99409314416 0.864248934045 0.991654502414 1.169124665 
0.99409314416 0.864248934045 0.991654502414 1.169124665 
0.663963172832 0.735373300884 0.997800468602 1.19424293523 
0.99409314416 0.754101099269 0.610937871449 1.20546581524 
0.99409314416 0.702898156078 0.997800468602 1.19740275369 
0.99409314416 0.754101099269 0.610937871449 1.20546581524 
0.523626359872 0.895368780852 0.692404095816 1.20437299081 
0.99409314416 0.754101099269 0.610937871449 1.20546581524 
0.99409314416 0.702898156078 0.997800468602 1.19740275369 
0.99409314416 0.754101099269 0.610937871449 1.20546581524 
0.523626359872 0.895368780852 0.692404095816 1.20437299081 
0.99409314416 0.754101099269 0.610937871449 1.20546581524 
0.99409314416 0.864248934045 0.991654502414 1.169124665 
0.954891057883 0.992005075872 0.610937871449 1.21156624624 
0.523626359872 0.895368780852 0.692404095816 1.20437299081 
0.99409314416 0.864248934045 0.991654502414 1.169124665 
0.99409314416 0.864248934045 0.991654502414 1.169124665 
0.997600184823 0.846141193662 0.610937871449 1.19194141881 
0.99409314416 0.702898156078 0.997800468602 1.19740275369 
0.954891057883 0.992005075872 0.610937871449 1.21156624624 
0.99409314416 0.754101099269 0.610937871449 1.20546581524 
0.954891057883 0.992005075872 0.610937871449 1.21156624624 
0.99409314416 0.754101099269 0.610937871449 1.20546581524 
0.523626359872 0.846141193662 0.610937871449 1.22172230072 
0.99409314416 0.754101099269 0.610937871449 1.20546581524 
0.954891057883 0.992005075872 0.610937871449 1.21156624624 
0.523626359872 0.895368780852 0.692404095816 1.20437299081 
0.99409314416 0.754101099269 0.610937871449 1.20546581524 
0.99409314416 0.864248934045 0.991654502414 1.169124665 
0.99409314416 0.754101099269 0.610937871449 1.20546581524 
0.99409314416 0.754101099269 0.610937871449 1.20546581524 
0.99409314416 0.864248934045 0.991654502414 1.169124665 
0.99409314416 0.754101099269 0.610937871449 1.20546581524 
0.99409314416 0.702898156078 0.997800468602 1.19740275369 
0.99409314416 0.754101099269 0.610937871449 1.20546581524 
0.99409314416 0.754101099269 0.610937871449 1.20546581524 
0.997600184823 0.992005075872 0.376146547745 1.24329414852 
0.99409314416 0.895368780852 0.904785056463 1.13892668086 
0.99409314416 0.754101099269 0.610937871449 1.20546581524 
0.99409314416 0.864248934045 0.991654502414 1.169124665 
0.99409314416 0.702898156078 0.997800468602 1.19740275369 
0.99409314416 0.702898156078 0.997800468602 1.19740275369 
0.989815285562 0.954663859489 0.616369752125 0.89521872978 
0.99409314416 0.864248934045 0.991654502414 1.169124665 
0.957009502131 0.971276219562 0.997800468602 1.17839305947 
0.99409314416 0.754101099269 0.610937871449 1.20546581524 
0.954891057883 0.992005075872 0.610937871449 1.21156624624 
0.954891057883 0.992005075872 0.610937871449 1.21156624624 
0.99409314416 0.754101099269 0.610937871449 1.20546581524 
0.99409314416 0.754101099269 0.692404095816 1.18360114488 
0.99409314416 0.864248934045 0.991654502414 1.169124665 
0.99409314416 0.754101099269 0.610937871449 1.20546581524 
0.954891057883 0.992005075872 0.610937871449 1.21156624624 
0.99409314416 0.754101099269 0.610937871449 1.20546581524 
0.99409314416 0.754101099269 0.610937871449 1.20546581524 
0.523626359872 0.846141193662 0.610937871449 1.22172230072 
0.663963172832 0.735373300884 0.997800468602 1.19424293523 
