0.508921908784 0.992834708295 1.0000371437 1.38678931445 
0.99706443873 0.298179690275 1.0000371437 1.35953989598 
0.987654397579 0.992108279301 0.5329653059 1.37916958338 
0.99706443873 0.9803490874 0.5329653059 1.37973318017 
0.99706443873 0.298179690275 1.0000371437 1.35953989598 
0.508921908784 0.992834708295 1.0000371437 1.38678931445 
0.508921908784 0.992834708295 1.0000371437 1.38678931445 
0.99706443873 0.298179690275 1.0000371437 1.35953989598 
0.987654397579 0.992108279301 0.5329653059 1.37916958338 
0.99706443873 0.9803490874 0.5329653059 1.37973318017 
0.99706443873 0.9803490874 0.5329653059 1.37973318017 
0.987654397579 0.992108279301 0.5329653059 1.37916958338 
0.99706443873 0.298179690275 1.0000371437 1.35953989598 
0.99706443873 0.298179690275 1.0000371437 1.35953989598 
0.987654397579 0.992108279301 0.5329653059 1.37916958338 
0.99706443873 0.9803490874 1.0000371437 1.3519268036 
0.99706443873 0.9803490874 1.0000371437 1.3519268036 
0.99706443873 0.298179690275 1.0000371437 1.35953989598 
0.937806638834 0.997730895845 1.0000371437 1.33553617043 
0.508921908784 0.992834708295 1.0000371437 1.38678931445 
0.99706443873 0.298179690275 1.0000371437 1.35953989598 
0.987654397579 0.992108279301 0.5329653059 1.37916958338 
0.508921908784 0.992834708295 1.0000371437 1.38678931445 
0.99706443873 0.298179690275 1.0000371437 1.35953989598 
0.508921908784 0.992834708295 1.0000371437 1.38678931445 
0.99706443873 0.398743705863 0.5329653059 1.40365333555 
0.99706443873 0.9803490874 0.5329653059 1.37973318017 
0.99706443873 0.298179690275 1.0000371437 1.35953989598 
0.99706443873 0.9803490874 0.5329653059 1.37973318017 
0.99706443873 0.298179690275 1.0000371437 1.35953989598 
0.508921908784 0.992834708295 1.0000371437 1.38678931445 
0.987654397579 0.992108279301 0.5329653059 1.37916958338 
0.99706443873 0.298179690275 1.0000371437 1.35953989598 
0.99706443873 0.9803490874 0.5329653059 1.37973318017 
0.99706443873 0.298179690275 1.0000371437 1.35953989598 
0.508921908784 0.992834708295 1.0000371437 1.38678931445 
0.99706443873 0.298179690275 1.0000371437 1.35953989598 
0.99706443873 0.298179690275 1.0000371437 1.35953989598 
0.508921908784 0.992834708295 1.0000371437 1.38678931445 
0.508921908784 0.992834708295 1.0000371437 1.38678931445 
0.99706443873 0.298179690275 1.0000371437 1.35953989598 
0.937806638834 0.997730895845 1.0000371437 1.33553617043 
0.99706443873 0.9803490874 0.5329653059 1.37973318017 
0.937806638834 0.992108279301 0.560828725041 1.35879979207 
0.937806638834 0.997730895845 1.0000371437 1.33553617043 
0.99706443873 0.9803490874 1.0000371437 1.3519268036 
0.508921908784 0.992834708295 1.0000371437 1.38678931445 
0.99706443873 0.9803490874 0.5329653059 1.37973318017 
0.99706443873 0.298179690275 1.0000371437 1.35953989598 
0.99706443873 0.298179690275 1.0000371437 1.35953989598 
0.99706443873 0.298179690275 1.0000371437 1.35953989598 
0.508921908784 0.992834708295 1.0000371437 1.38678931445 
0.508921908784 0.992834708295 1.0000371437 1.38678931445 
0.508921908784 0.992834708295 1.0000371437 1.38678931445 
0.99706443873 0.298179690275 1.0000371437 1.35953989598 
0.987654397579 0.992108279301 0.5329653059 1.37916958338 
0.99706443873 0.298179690275 1.0000371437 1.35953989598 
0.987654397579 0.992108279301 0.5329653059 1.37916958338 
0.937806638834 0.997730895845 1.0000371437 1.33553617043 
0.99706443873 0.9803490874 0.5329653059 1.37973318017 
0.987654397579 0.992108279301 1.0000371437 1.35136320682 
0.99706443873 0.9803490874 0.5329653059 1.37973318017 
0.987654397579 0.992108279301 0.5329653059 1.37916958338 
0.508921908784 0.992834708295 1.0000371437 1.38678931445 
0.508921908784 0.992834708295 1.0000371437 1.38678931445 
0.99706443873 0.398743705863 0.5329653059 1.40365333555 
0.99706443873 0.9803490874 0.5329653059 1.37973318017 
0.508921908784 0.992834708295 1.0000371437 1.38678931445 
0.987654397579 0.992108279301 0.5329653059 1.37916958338 
0.987654397579 0.992108279301 0.5329653059 1.37916958338 
0.987654397579 0.992108279301 0.5329653059 1.37916958338 
0.937806638834 0.997730895845 1.0000371437 1.33553617043 
0.508921908784 0.992834708295 1.0000371437 1.38678931445 
0.508921908784 0.992834708295 1.0000371437 1.38678931445 
0.987654397579 0.992108279301 0.5329653059 1.37916958338 
0.987654397579 0.992108279301 0.5329653059 1.37916958338 
0.99706443873 0.398743705863 0.5329653059 1.40365333555 
0.508921908784 0.992834708295 1.0000371437 1.38678931445 
0.99706443873 0.9803490874 1.0000371437 1.3519268036 
0.937806638834 0.997730895845 1.0000371437 1.33553617043 
0.937806638834 0.997730895845 1.0000371437 1.33553617043 
0.99706443873 0.398743705863 0.5329653059 1.40365333555 
0.99706443873 0.9803490874 0.5329653059 1.37973318017 
0.937806638834 0.992108279301 0.560828725041 1.35879979207 
0.99706443873 0.398743705863 0.5329653059 1.40365333555 
0.99706443873 0.9803490874 0.5329653059 1.37973318017 
0.508921908784 0.992834708295 1.0000371437 1.38678931445 
0.508921908784 0.992834708295 1.0000371437 1.38678931445 
0.99706443873 0.298179690275 1.0000371437 1.35953989598 
0.987654397579 0.992108279301 0.5329653059 1.37916958338 
0.99706443873 0.9803490874 0.5329653059 1.37973318017 
0.99706443873 0.9803490874 0.5329653059 1.37973318017 
0.99706443873 0.398743705863 0.5329653059 1.40365333555 
0.508921908784 0.992834708295 1.0000371437 1.38678931445 
0.508921908784 0.992834708295 1.0000371437 1.38678931445 
0.937806638834 0.997730895845 1.0000371437 1.33553617043 
0.937806638834 0.997730895845 1.0000371437 1.33553617043 
0.99706443873 0.298179690275 1.0000371437 1.35953989598 
0.508921908784 0.992834708295 1.0000371437 1.38678931445 
0.99706443873 0.9803490874 1.0000371437 1.3519268036 
