0.997498078029 0.422867149238 0.593254960479 1.49927087428 
0.997498078029 0.422867149238 0.593254960479 1.49927087428 
0.0277148322962 0.999365035057 0.999059667054 1.46460320765 
0.999925143519 0.990987227344 0.999220294156 1.45633099249 
0.997498078029 0.422867149238 0.593254960479 1.49927087428 
0.999925143519 0.422867149238 0.464085922994 1.50395095703 
0.0277148322962 0.999365035057 0.999059667054 1.46460320765 
0.997498078029 0.422867149238 0.593254960479 1.49927087428 
0.997498078029 0.422867149238 0.593254960479 1.49927087428 
0.997498078029 0.422867149238 0.593254960479 1.49927087428 
0.997498078029 0.422867149238 0.593254960479 1.49927087428 
0.591971483516 0.995421785267 0.464085922994 1.50430074797 
0.999925143519 0.990987227344 0.999220294156 1.45633099249 
0.591971483516 0.995421785267 0.464085922994 1.50430074797 
0.997498078029 0.422867149238 0.593254960479 1.49927087428 
0.0277148322962 0.999365035057 0.999059667054 1.46460320765 
0.0277148322962 0.999365035057 0.999059667054 1.46460320765 
0.999925143519 0.999365035057 0.999059667054 1.4469298512 
0.978761634156 0.999365035057 0.999059667054 1.45190025577 
0.999925143519 0.422867149238 0.464085922994 1.50395095703 
0.978761634156 0.999365035057 0.999059667054 1.45190025577 
0.999925143519 0.422867149238 0.464085922994 1.50395095703 
0.997498078029 0.422867149238 0.593254960479 1.49927087428 
0.999925143519 0.422867149238 0.999220294156 1.4659310457 
0.997498078029 0.422867149238 0.593254960479 1.49927087428 
0.997498078029 0.422867149238 0.593254960479 1.49927087428 
0.0277148322962 0.999365035057 0.999059667054 1.46460320765 
0.0277148322962 0.999365035057 0.999059667054 1.46460320765 
0.997498078029 0.422867149238 0.593254960479 1.49927087428 
0.999925143519 0.999365035057 0.999059667054 1.4469298512 
0.591971483516 0.995421785267 0.999500968504 1.47957420923 
0.591971483516 0.995421785267 0.464085922994 1.50430074797 
0.997498078029 0.422867149238 0.593254960479 1.49927087428 
0.999925143519 0.487584395483 0.999059667054 1.48705814585 
0.591971483516 0.422867149238 0.593254960479 1.52148464707 
0.999925143519 0.422867149238 0.999220294156 1.4659310457 
0.999925143519 0.990987227344 0.999220294156 1.45633099249 
0.0277148322962 0.999365035057 0.999059667054 1.46460320765 
0.999925143519 0.422867149238 0.464085922994 1.50395095703 
0.997498078029 0.422867149238 0.593254960479 1.49927087428 
0.0277148322962 0.999365035057 0.999059667054 1.46460320765 
0.997498078029 0.422867149238 0.593254960479 1.49927087428 
0.591971483516 0.995421785267 0.999500968504 1.47957420923 
0.999925143519 0.999365035057 0.999059667054 1.4469298512 
0.0277148322962 0.999365035057 0.999059667054 1.46460320765 
0.999925143519 0.422867149238 0.464085922994 1.50395095703 
0.999925143519 0.990987227344 0.999220294156 1.45633099249 
0.997498078029 0.422867149238 0.593254960479 1.49927087428 
0.997498078029 0.422867149238 0.593254960479 1.49927087428 
0.999925143519 0.422867149238 0.464085922994 1.50395095703 
0.997498078029 0.422867149238 0.593254960479 1.49927087428 
0.997498078029 0.422867149238 0.593254960479 1.49927087428 
0.997498078029 0.422867149238 0.593254960479 1.49927087428 
0.997498078029 0.422867149238 0.593254960479 1.49927087428 
0.999925143519 0.990987227344 0.999220294156 1.45633099249 
0.997498078029 0.422867149238 0.593254960479 1.49927087428 
0.999925143519 0.990987227344 0.999220294156 1.45633099249 
0.0277148322962 0.999365035057 0.999059667054 1.46460320765 
0.0277148322962 0.999365035057 0.999059667054 1.46460320765 
0.997498078029 0.422867149238 0.593254960479 1.49927087428 
0.999925143519 0.422867149238 0.999220294156 1.4659310457 
0.999925143519 0.487584395483 0.999059667054 1.48705814585 
0.999925143519 0.999365035057 0.999059667054 1.4469298512 
0.999925143519 0.997467797628 0.999059667054 1.45921775537 
0.997498078029 0.422867149238 0.593254960479 1.49927087428 
0.999925143519 0.999365035057 0.593254960479 1.48146518427 
0.997498078029 0.422867149238 0.593254960479 1.49927087428 
0.997498078029 0.422867149238 0.593254960479 1.49927087428 
0.997498078029 0.422867149238 0.593254960479 1.49927087428 
0.999925143519 0.487584395483 0.999059667054 1.48705814585 
0.0277148322962 0.999365035057 0.999059667054 1.46460320765 
0.999925143519 0.422867149238 0.464085922994 1.50395095703 
0.0277148322962 0.999365035057 0.999059667054 1.46460320765 
0.997498078029 0.422867149238 0.593254960479 1.49927087428 
0.999925143519 0.422867149238 0.999220294156 1.4659310457 
0.999925143519 0.990987227344 0.999220294156 1.45633099249 
0.999925143519 0.422867149238 0.999220294156 1.4659310457 
0.997498078029 0.422867149238 0.593254960479 1.49927087428 
0.999925143519 0.422867149238 0.464085922994 1.50395095703 
0.999925143519 0.990987227344 0.999220294156 1.45633099249 
0.0277148322962 0.999365035057 0.999059667054 1.46460320765 
0.999925143519 0.487584395483 0.999059667054 1.48705814585 
0.997498078029 0.422867149238 0.593254960479 1.49927087428 
0.591971483516 0.995421785267 0.464085922994 1.50430074797 
0.0277148322962 0.999365035057 0.999059667054 1.46460320765 
0.997498078029 0.422867149238 0.593254960479 1.49927087428 
0.0277148322962 0.999365035057 0.999059667054 1.46460320765 
0.997498078029 0.422867149238 0.593254960479 1.49927087428 
0.999925143519 0.999365035057 0.999059667054 1.4469298512 
0.0277148322962 0.999365035057 0.999059667054 1.46460320765 
0.999925143519 0.990987227344 0.999220294156 1.45633099249 
0.997498078029 0.422867149238 0.593254960479 1.49927087428 
0.999925143519 0.487584395483 0.999059667054 1.48705814585 
0.978761634156 0.999365035057 0.999059667054 1.45190025577 
0.997498078029 0.422867149238 0.593254960479 1.49927087428 
0.997498078029 0.422867149238 0.593254960479 1.49927087428 
0.0277148322962 0.999365035057 0.999059667054 1.46460320765 
0.997498078029 0.422867149238 0.593254960479 1.49927087428 
0.997498078029 0.422867149238 0.593254960479 1.49927087428 
0.0277148322962 0.999365035057 0.999059667054 1.46460320765 
