0.988197760698 0.606007363872 0.992752049274 1.34968934717 
0.417994575009 0.981372509803 0.996986177115 1.34800075466 
0.988197760698 0.606007363872 0.992752049274 1.34968934717 
0.985078537447 0.981372509803 0.996986177115 1.33192262149 
0.994069480663 0.994129940868 0.992752049274 1.32954783666 
0.988197760698 0.606007363872 0.992752049274 1.34968934717 
0.998398029212 0.981372509803 0.996986177115 1.32757669842 
0.994069480663 0.994129940868 0.992752049274 1.32954783666 
0.417994575009 0.981372509803 0.996986177115 1.34800075466 
0.988197760698 0.606007363872 0.992752049274 1.34968934717 
0.988197760698 0.606007363872 0.992752049274 1.34968934717 
0.988197760698 0.606007363872 0.992752049274 1.34968934717 
0.738819182478 0.994164554685 0.30533171379 1.28330804309 
0.43358648633 0.704015947052 0.640724169443 1.36037666162 
0.998398029212 0.981372509803 0.996986177115 1.32757669842 
0.988197760698 0.606007363872 0.992752049274 1.34968934717 
0.988197760698 0.606007363872 0.992752049274 1.34968934717 
0.43358648633 0.704015947052 0.640724169443 1.36037666162 
0.417994575009 0.981372509803 0.996986177115 1.34800075466 
0.988197760698 0.606007363872 0.992752049274 1.34968934717 
0.988197760698 0.606007363872 0.992752049274 1.34968934717 
0.738819182478 0.994164554685 0.30533171379 1.28330804309 
0.43358648633 0.704015947052 0.640724169443 1.36037666162 
0.994069480663 0.994129940868 0.992752049274 1.32954783666 
0.994069480663 0.994129940868 0.992752049274 1.32954783666 
0.998398029212 0.981372509803 0.996986177115 1.32757669842 
0.43358648633 0.704015947052 0.640724169443 1.36037666162 
0.994069480663 0.994129940868 0.992752049274 1.32954783666 
0.378397477148 0.998165165439 0.833712457828 0.64184877911 
0.994069480663 0.987145902681 0.564485037302 1.37144835958 
0.994069480663 0.994129940868 0.992752049274 1.32954783666 
0.621665959498 0.599199221901 0.992752049274 1.37332981971 
0.998398029212 0.981372509803 0.996986177115 1.32757669842 
0.988197760698 0.606007363872 0.992752049274 1.34968934717 
0.988197760698 0.606007363872 0.992752049274 1.34968934717 
0.738819182478 0.994164554685 0.30533171379 1.28330804309 
0.43358648633 0.704015947052 0.640724169443 1.36037666162 
0.988197760698 0.606007363872 0.992752049274 1.34968934717 
0.738819182478 0.994164554685 0.30533171379 1.28330804309 
0.988197760698 0.606007363872 0.992752049274 1.34968934717 
0.621665959498 0.981372509803 0.996986177115 1.34452824059 
0.988197760698 0.606007363872 0.992752049274 1.34968934717 
0.988197760698 0.606007363872 0.992752049274 1.34968934717 
0.988197760698 0.606007363872 0.992752049274 1.34968934717 
0.994069480663 0.994129940868 0.992752049274 1.32954783666 
0.988197760698 0.606007363872 0.992752049274 1.34968934717 
0.621665959498 0.599199221901 0.640724169443 1.38746459538 
0.43358648633 0.704015947052 0.640724169443 1.36037666162 
0.998398029212 0.981372509803 0.996986177115 1.32757669842 
0.988197760698 0.606007363872 0.992752049274 1.34968934717 
0.988197760698 0.606007363872 0.992752049274 1.34968934717 
0.988197760698 0.606007363872 0.992752049274 1.34968934717 
0.738819182478 0.994164554685 0.30533171379 1.28330804309 
0.994069480663 0.994129940868 0.992752049274 1.32954783666 
0.988197760698 0.704015947052 0.640724169443 1.33206510964 
0.43358648633 0.704015947052 0.640724169443 1.36037666162 
0.417994575009 0.981372509803 0.996986177115 1.34800075466 
0.998398029212 0.981372509803 0.996986177115 1.32757669842 
0.988197760698 0.606007363872 0.992752049274 1.34968934717 
0.417994575009 0.981372509803 0.996986177115 1.34800075466 
0.621665959498 0.606007363872 0.992752049274 1.37176053232 
0.43358648633 0.704015947052 0.640724169443 1.36037666162 
0.994069480663 0.994129940868 0.992752049274 1.32954783666 
0.988197760698 0.704015947052 0.640724169443 1.33206510964 
0.417994575009 0.981372509803 0.996986177115 1.34800075466 
0.738819182478 0.994164554685 0.30533171379 1.28330804309 
0.988197760698 0.606007363872 0.992752049274 1.34968934717 
0.998398029212 0.981372509803 0.996986177115 1.32757669842 
0.994069480663 0.994129940868 0.992752049274 1.32954783666 
0.988197760698 0.606007363872 0.992752049274 1.34968934717 
0.994069480663 0.994129940868 0.992752049274 1.32954783666 
0.988197760698 0.606007363872 0.992752049274 1.34968934717 
0.988197760698 0.606007363872 0.992752049274 1.34968934717 
0.988197760698 0.606007363872 0.992752049274 1.34968934717 
0.988197760698 0.606007363872 0.992752049274 1.34968934717 
0.43358648633 0.704015947052 0.640724169443 1.36037666162 
0.988197760698 0.606007363872 0.992752049274 1.34968934717 
0.988197760698 0.606007363872 0.992752049274 1.34968934717 
0.988197760698 0.606007363872 0.992752049274 1.34968934717 
0.998398029212 0.981372509803 0.996986177115 1.32757669842 
0.417994575009 0.981372509803 0.996986177115 1.34800075466 
0.738819182478 0.994164554685 0.30533171379 1.28330804309 
0.621665959498 0.981372509803 0.996986177115 1.34452824059 
0.998398029212 0.981372509803 0.996986177115 1.32757669842 
0.994069480663 0.994129940868 0.992752049274 1.32954783666 
0.994069480663 0.994129940868 0.992752049274 1.32954783666 
0.621665959498 0.599199221901 0.640724169443 1.38746459538 
0.988197760698 0.606007363872 0.992752049274 1.34968934717 
0.998398029212 0.981372509803 0.996986177115 1.32757669842 
0.443082993333 0.994297821554 0.696665672155 0.646828487344 
0.988197760698 0.606007363872 0.992752049274 1.34968934717 
0.998398029212 0.981372509803 0.996986177115 1.32757669842 
0.998398029212 0.981372509803 0.996986177115 1.32757669842 
0.535373863161 0.999600885675 0.199584318712 0.415342373233 
0.998398029212 0.981372509803 0.996986177115 1.32757669842 
0.43358648633 0.704015947052 0.640724169443 1.36037666162 
0.738819182478 0.994164554685 0.30533171379 1.28330804309 
0.998398029212 0.981372509803 0.996986177115 1.32757669842 
0.988197760698 0.606007363872 0.992752049274 1.34968934717 
0.738819182478 0.994164554685 0.30533171379 1.28330804309 
