1.09628946962 1.09045236686 
1.09628946962 1.09045236686 
1.09628946962 1.09045236686 
1.09628946962 1.09045236686 
1.09628946962 1.09045236686 
1.09628946962 1.09045236686 
1.09628946962 1.09045236686 
1.14901344887 1.06478977726 
1.09628946962 1.09045236686 
1.09628946962 1.09045236686 
1.09628946962 1.09045236686 
1.09628946962 1.09045236686 
1.09628946962 1.09045236686 
1.09628946962 1.09045236686 
1.09628946962 1.09045236686 
1.09628946962 1.09045236686 
1.09628946962 1.09045236686 
1.09628946962 1.09045236686 
1.09628946962 1.09045236686 
1.09628946962 1.09045236686 
1.09628946962 1.09045236686 
1.09628946962 1.09045236686 
1.09628946962 1.09045236686 
1.09628946962 1.09045236686 
1.09628946962 1.09045236686 
1.09628946962 1.09045236686 
1.09628946962 1.09045236686 
1.09628946962 1.09045236686 
1.09628946962 1.09045236686 
1.09628946962 1.09045236686 
1.14901344887 1.06478977726 
1.09628946962 1.09045236686 
1.09628946962 1.09045236686 
1.09628946962 1.09045236686 
1.09628946962 1.09045236686 
1.09628946962 1.09045236686 
1.14901344887 1.06478977726 
1.09628946962 1.09045236686 
1.09628946962 1.09045236686 
1.09628946962 1.09045236686 
1.09628946962 1.09045236686 
1.09628946962 1.09045236686 
1.09628946962 1.09045236686 
1.09628946962 1.09045236686 
1.09628946962 1.09045236686 
1.09628946962 1.09045236686 
1.09628946962 1.09045236686 
1.09628946962 1.09045236686 
1.09628946962 1.09045236686 
1.09628946962 1.09045236686 
1.09628946962 1.09045236686 
1.09628946962 1.09045236686 
1.09628946962 1.09045236686 
1.09628946962 1.09045236686 
1.09628946962 1.09045236686 
1.09628946962 1.09045236686 
1.09628946962 1.09045236686 
1.09628946962 1.09045236686 
1.09628946962 1.09045236686 
1.09628946962 1.09045236686 
1.09628946962 1.09045236686 
1.09628946962 1.09045236686 
1.09628946962 1.09045236686 
1.09628946962 1.09045236686 
1.09628946962 1.09045236686 
1.09628946962 1.09045236686 
1.09628946962 1.09045236686 
1.09628946962 1.09045236686 
1.09628946962 1.09045236686 
1.09628946962 1.09045236686 
1.09628946962 1.09045236686 
1.09628946962 1.09045236686 
1.09628946962 1.09045236686 
1.14901344887 1.06478977726 
1.09628946962 1.09045236686 
1.09628946962 1.09045236686 
1.09628946962 1.09045236686 
1.09628946962 1.09045236686 
1.09628946962 1.09045236686 
1.09628946962 1.09045236686 
1.09628946962 1.09045236686 
1.09628946962 1.09045236686 
1.09628946962 1.09045236686 
1.09628946962 1.09045236686 
1.09628946962 1.09045236686 
1.09628946962 1.09045236686 
1.09628946962 1.09045236686 
1.09628946962 1.09045236686 
1.09628946962 1.09045236686 
1.09628946962 1.09045236686 
1.09628946962 1.09045236686 
1.14901344887 1.06478977726 
1.09628946962 1.09045236686 
1.09628946962 1.09045236686 
1.09628946962 1.09045236686 
1.09628946962 1.09045236686 
1.09628946962 1.09045236686 
1.09628946962 1.09045236686 
1.09628946962 1.09045236686 
1.09628946962 1.09045236686 
