0.983614270519 0.873375933827 
0.983614270519 0.873375933827 
0.983614270519 0.873375933827 
0.899551033565 0.941251323513 
0.983614270519 0.873375933827 
0.899551033565 0.941251323513 
0.983614270519 0.873375933827 
0.899551033565 0.941251323513 
0.899551033565 0.941251323513 
0.983614270519 0.873375933827 
0.899551033565 0.941251323513 
0.983614270519 0.873375933827 
0.983614270519 0.873375933827 
0.899551033565 0.941251323513 
0.983614270519 0.873375933827 
0.899551033565 0.941251323513 
0.983614270519 0.873375933827 
0.899551033565 0.941251323513 
0.899551033565 0.941251323513 
0.899551033565 0.941251323513 
0.983614270519 0.873375933827 
0.983614270519 0.873375933827 
0.899551033565 0.941251323513 
0.983614270519 0.873375933827 
0.899551033565 0.941251323513 
0.983614270519 0.873375933827 
0.899551033565 0.941251323513 
0.983614270519 0.873375933827 
0.899551033565 0.941251323513 
0.899551033565 0.941251323513 
0.983614270519 0.873375933827 
0.899551033565 0.941251323513 
0.983614270519 0.873375933827 
0.899551033565 0.941251323513 
0.899551033565 0.941251323513 
0.983614270519 0.873375933827 
0.899551033565 0.941251323513 
0.899551033565 0.941251323513 
0.983614270519 0.873375933827 
0.983614270519 0.873375933827 
0.899551033565 0.941251323513 
0.983614270519 0.873375933827 
0.983614270519 0.873375933827 
0.899551033565 0.941251323513 
0.983614270519 0.873375933827 
0.899551033565 0.941251323513 
0.983614270519 0.873375933827 
0.983614270519 0.873375933827 
0.899551033565 0.941251323513 
0.899551033565 0.941251323513 
0.899551033565 0.941251323513 
0.899551033565 0.941251323513 
0.899551033565 0.941251323513 
0.983614270519 0.873375933827 
0.899551033565 0.941251323513 
0.899551033565 0.941251323513 
0.899551033565 0.941251323513 
0.983614270519 0.873375933827 
0.899551033565 0.941251323513 
0.983614270519 0.873375933827 
0.899551033565 0.941251323513 
0.899551033565 0.941251323513 
0.983614270519 0.873375933827 
0.983614270519 0.873375933827 
0.983614270519 0.873375933827 
0.899551033565 0.941251323513 
0.983614270519 0.873375933827 
0.899551033565 0.941251323513 
0.899551033565 0.941251323513 
0.899551033565 0.941251323513 
0.899551033565 0.941251323513 
0.983614270519 0.873375933827 
0.899551033565 0.941251323513 
0.899551033565 0.941251323513 
0.899551033565 0.941251323513 
0.983614270519 0.873375933827 
0.899551033565 0.941251323513 
0.983614270519 0.873375933827 
0.899551033565 0.941251323513 
0.983614270519 0.873375933827 
0.899551033565 0.941251323513 
0.899551033565 0.941251323513 
0.899551033565 0.941251323513 
0.983614270519 0.873375933827 
0.983614270519 0.873375933827 
0.899551033565 0.941251323513 
0.983614270519 0.873375933827 
0.983614270519 0.873375933827 
0.983614270519 0.873375933827 
0.899551033565 0.941251323513 
0.983614270519 0.873375933827 
0.899551033565 0.941251323513 
0.983614270519 0.873375933827 
0.899551033565 0.941251323513 
0.899551033565 0.941251323513 
0.899551033565 0.941251323513 
0.899551033565 0.941251323513 
0.899551033565 0.941251323513 
0.899551033565 0.941251323513 
0.899551033565 0.941251323513 
