1.01947740881 0.979040769438 
1.01947740881 0.979040769438 
1.01947740881 0.979040769438 
1.01947740881 0.979040769438 
1.01947740881 0.979040769438 
1.01947740881 0.979040769438 
1.01947740881 0.979040769438 
1.01947740881 0.979040769438 
1.01947740881 0.979040769438 
1.01947740881 0.979040769438 
1.01947740881 0.979040769438 
1.01947740881 0.979040769438 
1.01947740881 0.979040769438 
0.997250053345 0.992101201444 
1.01947740881 0.979040769438 
1.01947740881 0.979040769438 
1.01947740881 0.979040769438 
1.01947740881 0.979040769438 
1.01947740881 0.979040769438 
1.01947740881 0.979040769438 
1.01947740881 0.979040769438 
1.01947740881 0.979040769438 
1.01947740881 0.979040769438 
1.01947740881 0.979040769438 
1.01947740881 0.979040769438 
1.01947740881 0.979040769438 
1.01947740881 0.979040769438 
1.01947740881 0.979040769438 
1.01947740881 0.979040769438 
1.01947740881 0.979040769438 
1.01947740881 0.979040769438 
1.01947740881 0.979040769438 
1.01947740881 0.979040769438 
1.01947740881 0.979040769438 
0.997250053345 0.992101201444 
1.01947740881 0.979040769438 
1.01947740881 0.979040769438 
1.01947740881 0.979040769438 
1.01947740881 0.979040769438 
1.01947740881 0.979040769438 
1.01947740881 0.979040769438 
1.01947740881 0.979040769438 
1.01947740881 0.979040769438 
1.01947740881 0.979040769438 
1.01947740881 0.979040769438 
1.01947740881 0.979040769438 
1.01947740881 0.979040769438 
1.01947740881 0.979040769438 
1.01947740881 0.979040769438 
1.01947740881 0.979040769438 
1.01947740881 0.979040769438 
1.01947740881 0.979040769438 
1.01947740881 0.979040769438 
1.01947740881 0.979040769438 
1.01947740881 0.979040769438 
1.01947740881 0.979040769438 
1.01947740881 0.979040769438 
1.01947740881 0.979040769438 
1.01947740881 0.979040769438 
1.01947740881 0.979040769438 
1.01947740881 0.979040769438 
1.01947740881 0.979040769438 
1.01947740881 0.979040769438 
1.01947740881 0.979040769438 
1.01947740881 0.979040769438 
1.01947740881 0.979040769438 
1.01947740881 0.979040769438 
1.01947740881 0.979040769438 
1.01947740881 0.979040769438 
1.01947740881 0.979040769438 
1.01947740881 0.979040769438 
1.01947740881 0.979040769438 
1.01947740881 0.979040769438 
1.01947740881 0.979040769438 
0.997250053345 0.992101201444 
1.01947740881 0.979040769438 
1.01947740881 0.979040769438 
1.01947740881 0.979040769438 
1.01947740881 0.979040769438 
1.01947740881 0.979040769438 
1.01947740881 0.979040769438 
1.01947740881 0.979040769438 
1.01947740881 0.979040769438 
0.997250053345 0.992101201444 
1.01947740881 0.979040769438 
1.01947740881 0.979040769438 
1.01947740881 0.979040769438 
1.01947740881 0.979040769438 
1.01947740881 0.979040769438 
1.01947740881 0.979040769438 
1.01947740881 0.979040769438 
1.01947740881 0.979040769438 
1.01947740881 0.979040769438 
1.01947740881 0.979040769438 
1.01947740881 0.979040769438 
1.01947740881 0.979040769438 
1.01947740881 0.979040769438 
1.01947740881 0.979040769438 
1.01947740881 0.979040769438 
1.01947740881 0.979040769438 
