0.979124476091 1.02491351799 
0.979124476091 1.02491351799 
0.979124476091 1.02491351799 
0.979124476091 1.02491351799 
0.979124476091 1.02491351799 
0.979124476091 1.02491351799 
0.979124476091 1.02491351799 
0.979124476091 1.02491351799 
0.979124476091 1.02491351799 
0.979124476091 1.02491351799 
0.984247404237 0.796188569628 
0.979124476091 1.02491351799 
0.979124476091 1.02491351799 
0.979124476091 1.02491351799 
0.979124476091 1.02491351799 
0.979124476091 1.02491351799 
0.979124476091 1.02491351799 
0.979124476091 1.02491351799 
0.979124476091 1.02491351799 
0.979124476091 1.02491351799 
0.979124476091 1.02491351799 
0.979124476091 1.02491351799 
0.979124476091 1.02491351799 
0.979124476091 1.02491351799 
0.979124476091 1.02491351799 
0.979124476091 1.02491351799 
0.979124476091 1.02491351799 
0.979124476091 1.02491351799 
0.979124476091 1.02491351799 
0.979124476091 1.02491351799 
0.979124476091 1.02491351799 
0.979124476091 1.02491351799 
0.979124476091 1.02491351799 
0.979124476091 1.02491351799 
0.979124476091 1.02491351799 
0.979124476091 1.02491351799 
0.979124476091 1.02491351799 
0.979124476091 1.02491351799 
0.979124476091 1.02491351799 
0.979124476091 1.02491351799 
0.979124476091 1.02491351799 
0.979124476091 1.02491351799 
0.979124476091 1.02491351799 
0.984247404237 0.796188569628 
0.979124476091 1.02491351799 
0.979124476091 1.02491351799 
0.979124476091 1.02491351799 
0.984247404237 0.796188569628 
0.979124476091 1.02491351799 
0.984247404237 0.796188569628 
0.979124476091 1.02491351799 
0.979124476091 1.02491351799 
0.979124476091 1.02491351799 
0.979124476091 1.02491351799 
0.979124476091 1.02491351799 
0.979124476091 1.02491351799 
0.979124476091 1.02491351799 
0.979124476091 1.02491351799 
0.979124476091 1.02491351799 
0.979124476091 1.02491351799 
0.979124476091 1.02491351799 
0.979124476091 1.02491351799 
0.979124476091 1.02491351799 
0.979124476091 1.02491351799 
0.979124476091 1.02491351799 
0.979124476091 1.02491351799 
0.979124476091 1.02491351799 
0.984247404237 0.796188569628 
0.979124476091 1.02491351799 
0.979124476091 1.02491351799 
0.979124476091 1.02491351799 
0.979124476091 1.02491351799 
0.979124476091 1.02491351799 
0.979124476091 1.02491351799 
0.979124476091 1.02491351799 
0.979124476091 1.02491351799 
0.979124476091 1.02491351799 
0.979124476091 1.02491351799 
0.979124476091 1.02491351799 
0.979124476091 1.02491351799 
0.979124476091 1.02491351799 
0.979124476091 1.02491351799 
0.979124476091 1.02491351799 
0.979124476091 1.02491351799 
0.979124476091 1.02491351799 
0.984247404237 0.796188569628 
0.979124476091 1.02491351799 
0.984247404237 0.796188569628 
0.979124476091 1.02491351799 
0.979124476091 1.02491351799 
0.979124476091 1.02491351799 
0.979124476091 1.02491351799 
0.984247404237 0.796188569628 
0.979124476091 1.02491351799 
0.979124476091 1.02491351799 
0.979124476091 1.02491351799 
0.979124476091 1.02491351799 
0.979124476091 1.02491351799 
0.979124476091 1.02491351799 
0.979124476091 1.02491351799 
