1.7886135889 1.65706331221 1.50654460072 1.09055692 1.11456577394 1.02101985609 
1.7886135889 1.65706331221 1.50654460072 1.09055692 1.11456577394 1.02101985609 
1.7886135889 1.65706331221 1.50654460072 1.09055692 1.11456577394 1.02101985609 
1.7886135889 1.65706331221 1.50654460072 1.09055692 1.11456577394 1.02101985609 
1.7886135889 1.65706331221 1.50654460072 1.09055692 1.11456577394 1.02101985609 
1.7886135889 1.65706331221 1.50654460072 1.09055692 1.11456577394 1.02101985609 
1.7886135889 1.65706331221 1.50654460072 1.09055692 1.11456577394 1.02101985609 
1.7886135889 1.65706331221 1.50654460072 1.09055692 1.11456577394 1.02101985609 
1.7886135889 1.65706331221 1.50654460072 1.09055692 1.11456577394 1.02101985609 
1.7886135889 1.65706331221 1.50654460072 1.09055692 1.11456577394 1.02101985609 
1.7886135889 1.65706331221 1.50654460072 1.09055692 1.11456577394 1.02101985609 
1.7886135889 1.65706331221 1.50654460072 1.09055692 1.11456577394 1.02101985609 
1.7886135889 1.65706331221 1.50654460072 1.09055692 1.11456577394 1.02101985609 
1.7886135889 1.65706331221 1.50654460072 1.09055692 1.11456577394 1.02101985609 
1.7886135889 1.65706331221 1.50654460072 1.09055692 1.11456577394 1.02101985609 
1.7886135889 1.65706331221 1.50654460072 1.09055692 1.11456577394 1.02101985609 
1.7886135889 1.65706331221 1.50654460072 1.09055692 1.11456577394 1.02101985609 
1.7886135889 1.65706331221 1.50654460072 1.09055692 1.11456577394 1.02101985609 
1.7886135889 1.65706331221 1.50654460072 1.09055692 1.11456577394 1.02101985609 
1.7886135889 1.65706331221 1.50654460072 1.09055692 1.11456577394 1.02101985609 
1.7886135889 1.65706331221 1.50654460072 1.09055692 1.11456577394 1.02101985609 
1.7886135889 1.65706331221 1.50654460072 1.09055692 1.11456577394 1.02101985609 
1.7886135889 1.65706331221 1.50654460072 1.09055692 1.11456577394 1.02101985609 
1.7886135889 1.65706331221 1.50654460072 1.09055692 1.11456577394 1.02101985609 
1.7886135889 1.65706331221 1.50654460072 1.09055692 1.11456577394 1.02101985609 
1.7886135889 1.65706331221 1.50654460072 1.09055692 1.11456577394 1.02101985609 
1.7886135889 1.65706331221 1.50654460072 1.09055692 1.11456577394 1.02101985609 
1.7886135889 1.65706331221 1.50654460072 1.09055692 1.11456577394 1.02101985609 
1.7886135889 1.65706331221 1.50654460072 1.09055692 1.11456577394 1.02101985609 
1.7886135889 1.65706331221 1.50654460072 1.09055692 1.11456577394 1.02101985609 
1.7886135889 1.65706331221 1.50654460072 1.09055692 1.11456577394 1.02101985609 
1.7886135889 1.65706331221 1.50654460072 1.09055692 1.11456577394 1.02101985609 
1.7886135889 1.65706331221 1.50654460072 1.09055692 1.11456577394 1.02101985609 
1.7886135889 1.65706331221 1.50654460072 1.09055692 1.11456577394 1.02101985609 
1.7886135889 1.65706331221 1.50654460072 1.09055692 1.11456577394 1.02101985609 
1.7886135889 1.65706331221 1.50654460072 1.09055692 1.11456577394 1.02101985609 
1.7886135889 1.65706331221 1.50654460072 1.09055692 1.11456577394 1.02101985609 
1.7886135889 1.65706331221 1.50654460072 1.09055692 1.11456577394 1.02101985609 
1.7886135889 1.65706331221 1.50654460072 1.09055692 1.11456577394 1.02101985609 
1.7886135889 1.65706331221 1.50654460072 1.09055692 1.11456577394 1.02101985609 
1.7886135889 1.65706331221 1.50654460072 1.09055692 1.11456577394 1.02101985609 
1.7886135889 1.65706331221 1.50654460072 1.09055692 1.11456577394 1.02101985609 
1.7886135889 1.65706331221 1.50654460072 1.09055692 1.11456577394 1.02101985609 
1.7886135889 1.65706331221 1.50654460072 1.09055692 1.11456577394 1.02101985609 
1.7886135889 1.65706331221 1.50654460072 1.09055692 1.11456577394 1.02101985609 
1.7886135889 1.65706331221 1.50654460072 1.09055692 1.11456577394 1.02101985609 
1.7886135889 1.65706331221 1.50654460072 1.09055692 1.11456577394 1.02101985609 
1.7886135889 1.65706331221 1.50654460072 1.09055692 1.11456577394 1.02101985609 
1.7886135889 1.65706331221 1.50654460072 1.09055692 1.11456577394 1.02101985609 
1.7886135889 1.65706331221 1.50654460072 1.09055692 1.11456577394 1.02101985609 
1.7886135889 1.65706331221 1.50654460072 1.09055692 1.11456577394 1.02101985609 
1.7886135889 1.65706331221 1.50654460072 1.09055692 1.11456577394 1.02101985609 
1.7886135889 1.65706331221 1.50654460072 1.09055692 1.11456577394 1.02101985609 
1.7886135889 1.65706331221 1.50654460072 1.09055692 1.11456577394 1.02101985609 
1.7886135889 1.65706331221 1.50654460072 1.09055692 1.11456577394 1.02101985609 
1.7886135889 1.65706331221 1.50654460072 1.09055692 1.11456577394 1.02101985609 
1.7886135889 1.65706331221 1.50654460072 1.09055692 1.11456577394 1.02101985609 
1.7886135889 1.65706331221 1.50654460072 1.09055692 1.11456577394 1.02101985609 
1.7886135889 1.65706331221 1.50654460072 1.09055692 1.11456577394 1.02101985609 
1.7886135889 1.65706331221 1.50654460072 1.09055692 1.11456577394 1.02101985609 
1.7886135889 1.65706331221 1.50654460072 1.09055692 1.11456577394 1.02101985609 
1.7886135889 1.65706331221 1.50654460072 1.09055692 1.11456577394 1.02101985609 
1.7886135889 1.65706331221 1.50654460072 1.09055692 1.11456577394 1.02101985609 
1.7886135889 1.65706331221 1.50654460072 1.09055692 1.11456577394 1.02101985609 
1.7886135889 1.65706331221 1.50654460072 1.09055692 1.11456577394 1.02101985609 
1.7886135889 1.65706331221 1.50654460072 1.09055692 1.11456577394 1.02101985609 
1.7886135889 1.65706331221 1.50654460072 1.09055692 1.11456577394 1.02101985609 
1.7886135889 1.65706331221 1.50654460072 1.09055692 1.11456577394 1.02101985609 
1.7886135889 1.65706331221 1.50654460072 1.09055692 1.11456577394 1.02101985609 
1.7886135889 1.65706331221 1.50654460072 1.09055692 1.11456577394 1.02101985609 
1.7886135889 1.65706331221 1.50654460072 1.09055692 1.11456577394 1.02101985609 
1.7886135889 1.65706331221 1.50654460072 1.09055692 1.11456577394 1.02101985609 
1.7886135889 1.65706331221 1.50654460072 1.09055692 1.11456577394 1.02101985609 
1.7886135889 1.65706331221 1.50654460072 1.09055692 1.11456577394 1.02101985609 
1.7886135889 1.65706331221 1.50654460072 1.09055692 1.11456577394 1.02101985609 
1.83564473477 1.32108607885 1.20108570688 0.869441292376 0.888580130207 0.813982549424 
1.7886135889 1.65706331221 1.50654460072 1.09055692 1.11456577394 1.02101985609 
1.7886135889 1.65706331221 1.50654460072 1.09055692 1.11456577394 1.02101985609 
1.7886135889 1.65706331221 1.50654460072 1.09055692 1.11456577394 1.02101985609 
1.7886135889 1.65706331221 1.50654460072 1.09055692 1.11456577394 1.02101985609 
1.7886135889 1.65706331221 1.50654460072 1.09055692 1.11456577394 1.02101985609 
1.7886135889 1.65706331221 1.50654460072 1.09055692 1.11456577394 1.02101985609 
1.7886135889 1.65706331221 1.50654460072 1.09055692 1.11456577394 1.02101985609 
1.7886135889 1.65706331221 1.50654460072 1.09055692 1.11456577394 1.02101985609 
1.7886135889 1.65706331221 1.50654460072 1.09055692 1.11456577394 1.02101985609 
1.7886135889 1.65706331221 1.50654460072 1.09055692 1.11456577394 1.02101985609 
1.7886135889 1.65706331221 1.50654460072 1.09055692 1.11456577394 1.02101985609 
1.7886135889 1.65706331221 1.50654460072 1.09055692 1.11456577394 1.02101985609 
1.7886135889 1.65706331221 1.50654460072 1.09055692 1.11456577394 1.02101985609 
1.7886135889 1.65706331221 1.50654460072 1.09055692 1.11456577394 1.02101985609 
1.7886135889 1.65706331221 1.50654460072 1.09055692 1.11456577394 1.02101985609 
1.7886135889 1.65706331221 1.50654460072 1.09055692 1.11456577394 1.02101985609 
1.7886135889 1.65706331221 1.50654460072 1.09055692 1.11456577394 1.02101985609 
1.7886135889 1.65706331221 1.50654460072 1.09055692 1.11456577394 1.02101985609 
1.7886135889 1.65706331221 1.50654460072 1.09055692 1.11456577394 1.02101985609 
1.7886135889 1.65706331221 1.50654460072 1.09055692 1.11456577394 1.02101985609 
1.7886135889 1.65706331221 1.50654460072 1.09055692 1.11456577394 1.02101985609 
1.7886135889 1.65706331221 1.50654460072 1.09055692 1.11456577394 1.02101985609 
1.7886135889 1.65706331221 1.50654460072 1.09055692 1.11456577394 1.02101985609 
1.7886135889 1.65706331221 1.50654460072 1.09055692 1.11456577394 1.02101985609 
