1.25419892313 0.896837378696 1.42277675318 1.17519675179 1.18781854189 1.05230102586 
1.64573391423 1.1768114813 1.23663026951 1.02144196062 1.03241192986 1.05230102586 
1.64573391423 1.1768114813 1.23663026951 1.02144196062 1.03241192986 1.05230102586 
1.64573391423 1.1768114813 1.23663026951 1.02144196062 1.03241192986 1.05230102586 
1.64573391423 1.1768114813 1.23663026951 1.02144196062 1.03241192986 1.05230102586 
1.64573391423 1.1768114813 1.23663026951 1.02144196062 1.03241192986 1.05230102586 
1.64573391423 1.1768114813 1.23663026951 1.02144196062 1.03241192986 1.05230102586 
1.64573391423 1.1768114813 1.23663026951 1.02144196062 1.03241192986 1.05230102586 
1.64573391423 1.1768114813 1.23663026951 1.02144196062 1.03241192986 1.05230102586 
1.64573391423 1.1768114813 1.23663026951 1.02144196062 1.03241192986 1.05230102586 
1.64573391423 1.1768114813 1.23663026951 1.02144196062 1.03241192986 1.05230102586 
1.64573391423 1.1768114813 1.23663026951 1.02144196062 1.03241192986 1.05230102586 
1.64573391423 1.1768114813 1.23663026951 1.02144196062 1.03241192986 1.05230102586 
1.25419892313 0.896837378696 1.42277675318 1.17519675179 1.18781854189 1.05230102586 
1.64573391423 1.1768114813 1.23663026951 1.02144196062 1.03241192986 1.05230102586 
1.64573391423 1.1768114813 1.23663026951 1.02144196062 1.03241192986 1.05230102586 
1.25419892313 0.896837378696 1.42277675318 1.17519675179 1.18781854189 1.05230102586 
1.64573391423 1.1768114813 1.23663026951 1.02144196062 1.03241192986 1.05230102586 
1.64573391423 1.1768114813 1.23663026951 1.02144196062 1.03241192986 1.05230102586 
1.64573391423 1.1768114813 1.23663026951 1.02144196062 1.03241192986 1.05230102586 
1.64573391423 1.1768114813 1.23663026951 1.02144196062 1.03241192986 1.05230102586 
1.64573391423 1.1768114813 1.23663026951 1.02144196062 1.03241192986 1.05230102586 
1.64573391423 1.1768114813 1.23663026951 1.02144196062 1.03241192986 1.05230102586 
1.25419892313 0.896837378696 1.42277675318 1.17519675179 1.18781854189 1.05230102586 
1.64573391423 1.1768114813 1.23663026951 1.02144196062 1.03241192986 1.05230102586 
1.64573391423 1.1768114813 1.23663026951 1.02144196062 1.03241192986 1.05230102586 
1.25419892313 0.896837378696 1.42277675318 1.17519675179 1.18781854189 1.05230102586 
1.64573391423 1.1768114813 1.23663026951 1.02144196062 1.03241192986 1.05230102586 
1.64573391423 1.1768114813 1.23663026951 1.02144196062 1.03241192986 1.05230102586 
1.64573391423 1.1768114813 1.23663026951 1.02144196062 1.03241192986 1.05230102586 
1.64573391423 1.1768114813 1.23663026951 1.02144196062 1.03241192986 1.05230102586 
1.64573391423 1.1768114813 1.23663026951 1.02144196062 1.03241192986 1.05230102586 
1.64573391423 1.1768114813 1.23663026951 1.02144196062 1.03241192986 1.05230102586 
1.64573391423 1.1768114813 1.23663026951 1.02144196062 1.03241192986 1.05230102586 
1.64573391423 1.1768114813 1.23663026951 1.02144196062 1.03241192986 1.05230102586 
1.64573391423 1.1768114813 1.23663026951 1.02144196062 1.03241192986 1.05230102586 
1.64573391423 1.1768114813 1.23663026951 1.02144196062 1.03241192986 1.05230102586 
1.25419892313 0.896837378696 1.42277675318 1.17519675179 1.18781854189 1.05230102586 
1.64573391423 1.1768114813 1.23663026951 1.02144196062 1.03241192986 1.05230102586 
1.64573391423 1.1768114813 1.23663026951 1.02144196062 1.03241192986 1.05230102586 
1.64573391423 1.1768114813 1.23663026951 1.02144196062 1.03241192986 1.05230102586 
1.64573391423 1.1768114813 1.23663026951 1.02144196062 1.03241192986 1.05230102586 
1.64573391423 1.1768114813 1.23663026951 1.02144196062 1.03241192986 1.05230102586 
1.64573391423 1.1768114813 1.23663026951 1.02144196062 1.03241192986 1.05230102586 
1.64573391423 1.1768114813 1.23663026951 1.02144196062 1.03241192986 1.05230102586 
1.25419892313 0.896837378696 1.42277675318 1.17519675179 1.18781854189 1.05230102586 
1.64573391423 1.1768114813 1.23663026951 1.02144196062 1.03241192986 1.05230102586 
1.64573391423 1.1768114813 1.23663026951 1.02144196062 1.03241192986 1.05230102586 
1.64573391423 1.1768114813 1.23663026951 1.02144196062 1.03241192986 1.05230102586 
1.64573391423 1.1768114813 1.23663026951 1.02144196062 1.03241192986 1.05230102586 
1.64573391423 1.1768114813 1.23663026951 1.02144196062 1.03241192986 1.05230102586 
1.64573391423 1.1768114813 1.23663026951 1.02144196062 1.03241192986 1.05230102586 
1.64573391423 1.1768114813 1.23663026951 1.02144196062 1.03241192986 1.05230102586 
1.64573391423 1.1768114813 1.23663026951 1.02144196062 1.03241192986 1.05230102586 
1.64573391423 1.1768114813 1.23663026951 1.02144196062 1.03241192986 1.05230102586 
1.25419892313 0.896837378696 1.42277675318 1.17519675179 1.18781854189 1.05230102586 
1.64573391423 1.1768114813 1.23663026951 1.02144196062 1.03241192986 1.05230102586 
1.64573391423 1.1768114813 1.23663026951 1.02144196062 1.03241192986 1.05230102586 
1.64573391423 1.1768114813 1.23663026951 1.02144196062 1.03241192986 1.05230102586 
1.64573391423 1.1768114813 1.23663026951 1.02144196062 1.03241192986 1.05230102586 
1.25419892313 0.896837378696 1.42277675318 1.17519675179 1.18781854189 1.05230102586 
1.64573391423 1.1768114813 1.23663026951 1.02144196062 1.03241192986 1.05230102586 
1.64573391423 1.1768114813 1.23663026951 1.02144196062 1.03241192986 1.05230102586 
1.64573391423 1.1768114813 1.23663026951 1.02144196062 1.03241192986 1.05230102586 
1.25419892313 0.896837378696 1.42277675318 1.17519675179 1.18781854189 1.05230102586 
1.25419892313 0.896837378696 1.42277675318 1.17519675179 1.18781854189 1.05230102586 
1.64573391423 1.1768114813 1.23663026951 1.02144196062 1.03241192986 1.05230102586 
1.64573391423 1.1768114813 1.23663026951 1.02144196062 1.03241192986 1.05230102586 
1.64573391423 1.1768114813 1.23663026951 1.02144196062 1.03241192986 1.05230102586 
1.64573391423 1.1768114813 1.23663026951 1.02144196062 1.03241192986 1.05230102586 
1.64573391423 1.1768114813 1.23663026951 1.02144196062 1.03241192986 1.05230102586 
1.25419892313 0.896837378696 1.42277675318 1.17519675179 1.18781854189 1.05230102586 
1.64573391423 1.1768114813 1.23663026951 1.02144196062 1.03241192986 1.05230102586 
1.64573391423 1.1768114813 1.23663026951 1.02144196062 1.03241192986 1.05230102586 
1.64573391423 1.1768114813 1.23663026951 1.02144196062 1.03241192986 1.05230102586 
1.64573391423 1.1768114813 1.23663026951 1.02144196062 1.03241192986 1.05230102586 
1.64573391423 1.1768114813 1.23663026951 1.02144196062 1.03241192986 1.05230102586 
1.64573391423 1.1768114813 1.23663026951 1.02144196062 1.03241192986 1.05230102586 
1.64573391423 1.1768114813 1.23663026951 1.02144196062 1.03241192986 1.05230102586 
1.64573391423 1.1768114813 1.23663026951 1.02144196062 1.03241192986 1.05230102586 
1.64573391423 1.1768114813 1.23663026951 1.02144196062 1.03241192986 1.05230102586 
1.64573391423 1.1768114813 1.23663026951 1.02144196062 1.03241192986 1.05230102586 
1.64573391423 1.1768114813 1.23663026951 1.02144196062 1.03241192986 1.05230102586 
1.25419892313 0.896837378696 1.42277675318 1.17519675179 1.18781854189 1.05230102586 
1.64573391423 1.1768114813 1.23663026951 1.02144196062 1.03241192986 1.05230102586 
1.64573391423 1.1768114813 1.23663026951 1.02144196062 1.03241192986 1.05230102586 
1.64573391423 1.1768114813 1.23663026951 1.02144196062 1.03241192986 1.05230102586 
1.25419892313 0.896837378696 1.42277675318 1.17519675179 1.18781854189 1.05230102586 
1.64573391423 1.1768114813 1.23663026951 1.02144196062 1.03241192986 1.05230102586 
1.64573391423 1.1768114813 1.23663026951 1.02144196062 1.03241192986 1.05230102586 
1.64573391423 1.1768114813 1.23663026951 1.02144196062 1.03241192986 1.05230102586 
1.64573391423 1.1768114813 1.23663026951 1.02144196062 1.03241192986 1.05230102586 
1.64573391423 1.1768114813 1.23663026951 1.02144196062 1.03241192986 1.05230102586 
1.64573391423 1.1768114813 1.23663026951 1.02144196062 1.03241192986 1.05230102586 
1.64573391423 1.1768114813 1.23663026951 1.02144196062 1.03241192986 1.05230102586 
1.64573391423 1.1768114813 1.23663026951 1.02144196062 1.03241192986 1.05230102586 
1.64573391423 1.1768114813 1.23663026951 1.02144196062 1.03241192986 1.05230102586 
1.64573391423 1.1768114813 1.23663026951 1.02144196062 1.03241192986 1.05230102586 
1.64573391423 1.1768114813 1.23663026951 1.02144196062 1.03241192986 1.05230102586 
1.64573391423 1.1768114813 1.23663026951 1.02144196062 1.03241192986 1.05230102586 
