1.07494540154 1.22285775051 0.865223169587 1.0864859219 1.01390962111 0.90928305814 
1.00866641768 1.32725123339 0.939085940267 1.17923762306 1.10046611964 0.986911705945 
1.07494540154 1.22285775051 0.865223169587 1.0864859219 1.01390962111 0.90928305814 
1.07494540154 1.22285775051 0.865223169587 1.0864859219 1.01390962111 0.90928305814 
1.07494540154 1.22285775051 0.865223169587 1.0864859219 1.01390962111 0.90928305814 
1.07494540154 1.22285775051 0.865223169587 1.0864859219 1.01390962111 0.90928305814 
1.00866641768 1.32725123339 0.939085940267 1.17923762306 1.10046611964 0.986911705945 
1.07494540154 1.22285775051 0.865223169587 1.0864859219 1.01390962111 0.90928305814 
1.07494540154 1.22285775051 0.865223169587 1.0864859219 1.01390962111 0.90928305814 
1.00866641768 1.32725123339 0.939085940267 1.17923762306 1.10046611964 0.986911705945 
1.00866641768 1.32725123339 0.939085940267 1.17923762306 1.10046611964 0.986911705945 
1.07494540154 1.22285775051 0.865223169587 1.0864859219 1.01390962111 0.90928305814 
1.07494540154 1.22285775051 0.865223169587 1.0864859219 1.01390962111 0.90928305814 
1.07494540154 1.22285775051 0.865223169587 1.0864859219 1.01390962111 0.90928305814 
1.00866641768 1.32725123339 0.939085940267 1.17923762306 1.10046611964 0.986911705945 
1.07494540154 1.22285775051 0.865223169587 1.0864859219 1.01390962111 0.90928305814 
1.07494540154 1.22285775051 0.865223169587 1.0864859219 1.01390962111 0.90928305814 
1.07494540154 1.22285775051 0.865223169587 1.0864859219 1.01390962111 0.90928305814 
1.00866641768 1.32725123339 0.939085940267 1.17923762306 1.10046611964 0.986911705945 
1.00866641768 1.32725123339 0.939085940267 1.17923762306 1.10046611964 0.986911705945 
1.00866641768 1.32725123339 0.939085940267 1.17923762306 1.10046611964 0.986911705945 
1.07494540154 1.22285775051 0.865223169587 1.0864859219 1.01390962111 0.90928305814 
1.07494540154 1.22285775051 0.865223169587 1.0864859219 1.01390962111 0.90928305814 
1.00866641768 1.32725123339 0.939085940267 1.17923762306 1.10046611964 0.986911705945 
1.07494540154 1.22285775051 0.865223169587 1.0864859219 1.01390962111 0.90928305814 
1.07494540154 1.22285775051 0.865223169587 1.0864859219 1.01390962111 0.90928305814 
1.07494540154 1.22285775051 0.865223169587 1.0864859219 1.01390962111 0.90928305814 
1.00866641768 1.32725123339 0.939085940267 1.17923762306 1.10046611964 0.986911705945 
1.00866641768 1.32725123339 0.939085940267 1.17923762306 1.10046611964 0.986911705945 
1.07494540154 1.22285775051 0.865223169587 1.0864859219 1.01390962111 0.90928305814 
1.07494540154 1.22285775051 0.865223169587 1.0864859219 1.01390962111 0.90928305814 
1.00866641768 1.32725123339 0.939085940267 1.17923762306 1.10046611964 0.986911705945 
1.07494540154 1.22285775051 0.865223169587 1.0864859219 1.01390962111 0.90928305814 
1.00866641768 1.32725123339 0.939085940267 1.17923762306 1.10046611964 0.986911705945 
1.07494540154 1.22285775051 0.865223169587 1.0864859219 1.01390962111 0.90928305814 
1.00866641768 1.32725123339 0.939085940267 1.17923762306 1.10046611964 0.986911705945 
1.07494540154 1.22285775051 0.865223169587 1.0864859219 1.01390962111 0.90928305814 
1.07494540154 1.22285775051 0.865223169587 1.0864859219 1.01390962111 0.90928305814 
1.00866641768 1.32725123339 0.939085940267 1.17923762306 1.10046611964 0.986911705945 
1.07494540154 1.22285775051 0.865223169587 1.0864859219 1.01390962111 0.90928305814 
1.00866641768 1.32725123339 0.939085940267 1.17923762306 1.10046611964 0.986911705945 
1.00866641768 1.32725123339 0.939085940267 1.17923762306 1.10046611964 0.986911705945 
1.07494540154 1.22285775051 0.865223169587 1.0864859219 1.01390962111 0.90928305814 
1.07494540154 1.22285775051 0.865223169587 1.0864859219 1.01390962111 0.90928305814 
1.00866641768 1.32725123339 0.939085940267 1.17923762306 1.10046611964 0.986911705945 
1.07494540154 1.22285775051 0.865223169587 1.0864859219 1.01390962111 0.90928305814 
1.00866641768 1.32725123339 0.939085940267 1.17923762306 1.10046611964 0.986911705945 
1.00866641768 1.32725123339 0.939085940267 1.17923762306 1.10046611964 0.986911705945 
1.07494540154 1.22285775051 0.865223169587 1.0864859219 1.01390962111 0.90928305814 
1.00866641768 1.32725123339 0.939085940267 1.17923762306 1.10046611964 0.986911705945 
1.07494540154 1.22285775051 0.865223169587 1.0864859219 1.01390962111 0.90928305814 
1.00866641768 1.32725123339 0.939085940267 1.17923762306 1.10046611964 0.986911705945 
1.07494540154 1.22285775051 0.865223169587 1.0864859219 1.01390962111 0.90928305814 
1.07494540154 1.22285775051 0.865223169587 1.0864859219 1.01390962111 0.90928305814 
1.00866641768 1.32725123339 0.939085940267 1.17923762306 1.10046611964 0.986911705945 
1.07494540154 1.22285775051 0.865223169587 1.0864859219 1.01390962111 0.90928305814 
1.07494540154 1.22285775051 0.865223169587 1.0864859219 1.01390962111 0.90928305814 
1.07494540154 1.22285775051 0.865223169587 1.0864859219 1.01390962111 0.90928305814 
1.07494540154 1.22285775051 0.865223169587 1.0864859219 1.01390962111 0.90928305814 
1.00866641768 1.32725123339 0.939085940267 1.17923762306 1.10046611964 0.986911705945 
1.00866641768 1.32725123339 0.939085940267 1.17923762306 1.10046611964 0.986911705945 
1.00866641768 1.32725123339 0.939085940267 1.17923762306 1.10046611964 0.986911705945 
1.07494540154 1.22285775051 0.865223169587 1.0864859219 1.01390962111 0.90928305814 
1.07494540154 1.22285775051 0.865223169587 1.0864859219 1.01390962111 0.90928305814 
1.07494540154 1.22285775051 0.865223169587 1.0864859219 1.01390962111 0.90928305814 
1.00866641768 1.32725123339 0.939085940267 1.17923762306 1.10046611964 0.986911705945 
1.07494540154 1.22285775051 0.865223169587 1.0864859219 1.01390962111 0.90928305814 
1.07494540154 1.22285775051 0.865223169587 1.0864859219 1.01390962111 0.90928305814 
1.00866641768 1.32725123339 0.939085940267 1.17923762306 1.10046611964 0.986911705945 
1.00866641768 1.32725123339 0.939085940267 1.17923762306 1.10046611964 0.986911705945 
1.00866641768 1.32725123339 0.939085940267 1.17923762306 1.10046611964 0.986911705945 
1.07494540154 1.22285775051 0.865223169587 1.0864859219 1.01390962111 0.90928305814 
1.07494540154 1.22285775051 0.865223169587 1.0864859219 1.01390962111 0.90928305814 
1.07494540154 1.22285775051 0.865223169587 1.0864859219 1.01390962111 0.90928305814 
1.07494540154 1.22285775051 0.865223169587 1.0864859219 1.01390962111 0.90928305814 
1.00866641768 1.32725123339 0.939085940267 1.17923762306 1.10046611964 0.986911705945 
1.00866641768 1.32725123339 0.939085940267 1.17923762306 1.10046611964 0.986911705945 
1.07494540154 1.22285775051 0.865223169587 1.0864859219 1.01390962111 0.90928305814 
1.07494540154 1.22285775051 0.865223169587 1.0864859219 1.01390962111 0.90928305814 
1.00866641768 1.32725123339 0.939085940267 1.17923762306 1.10046611964 0.986911705945 
1.07494540154 1.22285775051 0.865223169587 1.0864859219 1.01390962111 0.90928305814 
1.07494540154 1.22285775051 0.865223169587 1.0864859219 1.01390962111 0.90928305814 
1.00866641768 1.32725123339 0.939085940267 1.17923762306 1.10046611964 0.986911705945 
1.07494540154 1.22285775051 0.865223169587 1.0864859219 1.01390962111 0.90928305814 
1.07494540154 1.22285775051 0.865223169587 1.0864859219 1.01390962111 0.90928305814 
1.07494540154 1.22285775051 0.865223169587 1.0864859219 1.01390962111 0.90928305814 
1.07494540154 1.22285775051 0.865223169587 1.0864859219 1.01390962111 0.90928305814 
1.07494540154 1.22285775051 0.865223169587 1.0864859219 1.01390962111 0.90928305814 
1.00866641768 1.32725123339 0.939085940267 1.17923762306 1.10046611964 0.986911705945 
1.00866641768 1.32725123339 0.939085940267 1.17923762306 1.10046611964 0.986911705945 
1.07494540154 1.22285775051 0.865223169587 1.0864859219 1.01390962111 0.90928305814 
1.07494540154 1.22285775051 0.865223169587 1.0864859219 1.01390962111 0.90928305814 
1.00866641768 1.32725123339 0.939085940267 1.17923762306 1.10046611964 0.986911705945 
1.00866641768 1.32725123339 0.939085940267 1.17923762306 1.10046611964 0.986911705945 
1.07494540154 1.22285775051 0.865223169587 1.0864859219 1.01390962111 0.90928305814 
1.07494540154 1.22285775051 0.865223169587 1.0864859219 1.01390962111 0.90928305814 
1.00866641768 1.32725123339 0.939085940267 1.17923762306 1.10046611964 0.986911705945 
1.07494540154 1.22285775051 0.865223169587 1.0864859219 1.01390962111 0.90928305814 
1.07494540154 1.22285775051 0.865223169587 1.0864859219 1.01390962111 0.90928305814 
1.00866641768 1.32725123339 0.939085940267 1.17923762306 1.10046611964 0.986911705945 
