1.33196944507 1.53871496239 1.34527070559 1.0291044987 1.27788344702 1.05145715671 
1.33196944507 1.53871496239 1.34527070559 1.0291044987 1.27788344702 1.05145715671 
1.33196944507 1.53871496239 1.34527070559 1.0291044987 1.27788344702 1.05145715671 
1.33196944507 1.53871496239 1.34527070559 1.0291044987 1.27788344702 1.05145715671 
1.33196944507 1.53871496239 1.34527070559 1.0291044987 1.27788344702 1.05145715671 
1.33196944507 1.53871496239 1.34527070559 1.0291044987 1.27788344702 1.05145715671 
1.33196944507 1.53871496239 1.34527070559 1.0291044987 1.27788344702 1.05145715671 
1.33196944507 1.53871496239 1.34527070559 1.0291044987 1.27788344702 1.05145715671 
1.33196944507 1.53871496239 1.34527070559 1.0291044987 1.27788344702 1.05145715671 
1.33196944507 1.53871496239 1.34527070559 1.0291044987 1.27788344702 1.05145715671 
1.33196944507 1.53871496239 1.34527070559 1.0291044987 1.27788344702 1.05145715671 
1.33196944507 1.53871496239 1.34527070559 1.0291044987 1.27788344702 1.05145715671 
1.33196944507 1.53871496239 1.34527070559 1.0291044987 1.27788344702 1.05145715671 
1.33196944507 1.53871496239 1.34527070559 1.0291044987 1.27788344702 1.05145715671 
1.71928094117 1.98614415471 1.73644998471 1.32834867683 1.25357178454 1.05145715671 
1.33196944507 1.53871496239 1.34527070559 1.0291044987 1.27788344702 1.05145715671 
1.33196944507 1.53871496239 1.34527070559 1.0291044987 1.27788344702 1.05145715671 
1.33196944507 1.53871496239 1.34527070559 1.0291044987 1.27788344702 1.05145715671 
1.33196944507 1.53871496239 1.34527070559 1.0291044987 1.27788344702 1.05145715671 
1.33196944507 1.53871496239 1.34527070559 1.0291044987 1.27788344702 1.05145715671 
1.33196944507 1.53871496239 1.34527070559 1.0291044987 1.27788344702 1.05145715671 
1.33196944507 1.53871496239 1.34527070559 1.0291044987 1.27788344702 1.05145715671 
1.33196944507 1.53871496239 1.34527070559 1.0291044987 1.27788344702 1.05145715671 
1.33196944507 1.53871496239 1.34527070559 1.0291044987 1.27788344702 1.05145715671 
1.33196944507 1.53871496239 1.34527070559 1.0291044987 1.27788344702 1.05145715671 
1.33196944507 1.53871496239 1.34527070559 1.0291044987 1.27788344702 1.05145715671 
1.33196944507 1.53871496239 1.34527070559 1.0291044987 1.27788344702 1.05145715671 
1.33196944507 1.53871496239 1.34527070559 1.0291044987 1.27788344702 1.05145715671 
1.33196944507 1.53871496239 1.34527070559 1.0291044987 1.27788344702 1.05145715671 
1.33196944507 1.53871496239 1.34527070559 1.0291044987 1.27788344702 1.05145715671 
1.33196944507 1.53871496239 1.34527070559 1.0291044987 1.27788344702 1.05145715671 
1.33196944507 1.53871496239 1.34527070559 1.0291044987 1.27788344702 1.05145715671 
1.33196944507 1.53871496239 1.34527070559 1.0291044987 1.27788344702 1.05145715671 
1.71928094117 1.98614415471 1.73644998471 1.32834867683 1.25357178454 1.05145715671 
1.71928094117 1.98614415471 1.73644998471 1.32834867683 1.25357178454 1.05145715671 
1.33196944507 1.53871496239 1.34527070559 1.0291044987 1.27788344702 1.05145715671 
1.33196944507 1.53871496239 1.34527070559 1.0291044987 1.27788344702 1.05145715671 
1.33196944507 1.53871496239 1.34527070559 1.0291044987 1.27788344702 1.05145715671 
1.33196944507 1.53871496239 1.34527070559 1.0291044987 1.27788344702 1.05145715671 
1.33196944507 1.53871496239 1.34527070559 1.0291044987 1.27788344702 1.05145715671 
1.33196944507 1.53871496239 1.34527070559 1.0291044987 1.27788344702 1.05145715671 
1.33196944507 1.53871496239 1.34527070559 1.0291044987 1.27788344702 1.05145715671 
1.33196944507 1.53871496239 1.34527070559 1.0291044987 1.27788344702 1.05145715671 
1.33196944507 1.53871496239 1.34527070559 1.0291044987 1.27788344702 1.05145715671 
1.33196944507 1.53871496239 1.34527070559 1.0291044987 1.27788344702 1.05145715671 
1.33196944507 1.53871496239 1.34527070559 1.0291044987 1.27788344702 1.05145715671 
1.33196944507 1.53871496239 1.34527070559 1.0291044987 1.27788344702 1.05145715671 
1.33196944507 1.53871496239 1.34527070559 1.0291044987 1.27788344702 1.05145715671 
1.33196944507 1.53871496239 1.34527070559 1.0291044987 1.27788344702 1.05145715671 
1.33196944507 1.53871496239 1.34527070559 1.0291044987 1.27788344702 1.05145715671 
1.33196944507 1.53871496239 1.34527070559 1.0291044987 1.27788344702 1.05145715671 
1.33196944507 1.53871496239 1.34527070559 1.0291044987 1.27788344702 1.05145715671 
1.33196944507 1.53871496239 1.34527070559 1.0291044987 1.27788344702 1.05145715671 
1.33196944507 1.53871496239 1.34527070559 1.0291044987 1.27788344702 1.05145715671 
1.33196944507 1.53871496239 1.34527070559 1.0291044987 1.27788344702 1.05145715671 
1.33196944507 1.53871496239 1.34527070559 1.0291044987 1.27788344702 1.05145715671 
1.71928094117 1.98614415471 1.73644998471 1.32834867683 1.25357178454 1.05145715671 
1.33196944507 1.53871496239 1.34527070559 1.0291044987 1.27788344702 1.05145715671 
1.33196944507 1.53871496239 1.34527070559 1.0291044987 1.27788344702 1.05145715671 
1.33196944507 1.53871496239 1.34527070559 1.0291044987 1.27788344702 1.05145715671 
1.33196944507 1.53871496239 1.34527070559 1.0291044987 1.27788344702 1.05145715671 
1.33196944507 1.53871496239 1.34527070559 1.0291044987 1.27788344702 1.05145715671 
1.33196944507 1.53871496239 1.34527070559 1.0291044987 1.27788344702 1.05145715671 
1.33196944507 1.53871496239 1.34527070559 1.0291044987 1.27788344702 1.05145715671 
1.33196944507 1.53871496239 1.34527070559 1.0291044987 1.27788344702 1.05145715671 
1.33196944507 1.53871496239 1.34527070559 1.0291044987 1.27788344702 1.05145715671 
1.33196944507 1.53871496239 1.34527070559 1.0291044987 1.27788344702 1.05145715671 
1.33196944507 1.53871496239 1.34527070559 1.0291044987 1.27788344702 1.05145715671 
1.33196944507 1.53871496239 1.34527070559 1.0291044987 1.27788344702 1.05145715671 
1.33196944507 1.53871496239 1.34527070559 1.0291044987 1.27788344702 1.05145715671 
1.33196944507 1.53871496239 1.34527070559 1.0291044987 1.27788344702 1.05145715671 
1.33196944507 1.53871496239 1.34527070559 1.0291044987 1.27788344702 1.05145715671 
1.33196944507 1.53871496239 1.34527070559 1.0291044987 1.27788344702 1.05145715671 
1.33196944507 1.53871496239 1.34527070559 1.0291044987 1.27788344702 1.05145715671 
1.33196944507 1.53871496239 1.34527070559 1.0291044987 1.27788344702 1.05145715671 
1.33196944507 1.53871496239 1.34527070559 1.0291044987 1.27788344702 1.05145715671 
1.33196944507 1.53871496239 1.34527070559 1.0291044987 1.27788344702 1.05145715671 
1.33196944507 1.53871496239 1.34527070559 1.0291044987 1.27788344702 1.05145715671 
1.33196944507 1.53871496239 1.34527070559 1.0291044987 1.27788344702 1.05145715671 
1.33196944507 1.53871496239 1.34527070559 1.0291044987 1.27788344702 1.05145715671 
1.33196944507 1.53871496239 1.34527070559 1.0291044987 1.27788344702 1.05145715671 
1.33196944507 1.53871496239 1.34527070559 1.0291044987 1.27788344702 1.05145715671 
1.33196944507 1.53871496239 1.34527070559 1.0291044987 1.27788344702 1.05145715671 
1.33196944507 1.53871496239 1.34527070559 1.0291044987 1.27788344702 1.05145715671 
1.33196944507 1.53871496239 1.34527070559 1.0291044987 1.27788344702 1.05145715671 
1.33196944507 1.53871496239 1.34527070559 1.0291044987 1.27788344702 1.05145715671 
1.33196944507 1.53871496239 1.34527070559 1.0291044987 1.27788344702 1.05145715671 
1.33196944507 1.53871496239 1.34527070559 1.0291044987 1.27788344702 1.05145715671 
1.33196944507 1.53871496239 1.34527070559 1.0291044987 1.27788344702 1.05145715671 
1.33196944507 1.53871496239 1.34527070559 1.0291044987 1.27788344702 1.05145715671 
1.33196944507 1.53871496239 1.34527070559 1.0291044987 1.27788344702 1.05145715671 
1.33196944507 1.53871496239 1.34527070559 1.0291044987 1.27788344702 1.05145715671 
1.33196944507 1.53871496239 1.34527070559 1.0291044987 1.27788344702 1.05145715671 
1.33196944507 1.53871496239 1.34527070559 1.0291044987 1.27788344702 1.05145715671 
1.33196944507 1.53871496239 1.34527070559 1.0291044987 1.27788344702 1.05145715671 
1.33196944507 1.53871496239 1.34527070559 1.0291044987 1.27788344702 1.05145715671 
1.33196944507 1.53871496239 1.34527070559 1.0291044987 1.27788344702 1.05145715671 
1.33196944507 1.53871496239 1.34527070559 1.0291044987 1.27788344702 1.05145715671 
1.33196944507 1.53871496239 1.34527070559 1.0291044987 1.27788344702 1.05145715671 
1.33196944507 1.53871496239 1.34527070559 1.0291044987 1.27788344702 1.05145715671 
