1.7147703453 1.48429377841 1.05702837159 0.990998680472 1.00872232243 0.912924730367 
1.7147703453 1.48429377841 1.05702837159 0.990998680472 1.00872232243 0.912924730367 
1.7147703453 1.48429377841 1.05702837159 0.990998680472 1.00872232243 0.912924730367 
1.7147703453 1.48429377841 1.05702837159 0.990998680472 1.00872232243 0.912924730367 
1.7147703453 1.48429377841 1.05702837159 0.990998680472 1.00872232243 0.912924730367 
1.7147703453 1.48429377841 1.05702837159 0.990998680472 1.00872232243 0.912924730367 
1.7147703453 1.48429377841 1.05702837159 0.990998680472 1.00872232243 0.912924730367 
1.7147703453 1.48429377841 1.05702837159 0.990998680472 1.00872232243 0.912924730367 
1.7147703453 1.48429377841 1.05702837159 0.990998680472 1.00872232243 0.912924730367 
1.7147703453 1.48429377841 1.05702837159 0.990998680472 1.00872232243 0.912924730367 
1.7147703453 1.48429377841 1.05702837159 0.990998680472 1.00872232243 0.912924730367 
1.7147703453 1.48429377841 1.05702837159 0.990998680472 1.00872232243 0.912924730367 
1.68226299486 1.65461771294 1.17832325428 1.10471660987 1.1244742438 1.01768822156 
1.7147703453 1.48429377841 1.05702837159 0.990998680472 1.00872232243 0.912924730367 
1.7147703453 1.48429377841 1.05702837159 0.990998680472 1.00872232243 0.912924730367 
1.7147703453 1.48429377841 1.05702837159 0.990998680472 1.00872232243 0.912924730367 
1.7147703453 1.48429377841 1.05702837159 0.990998680472 1.00872232243 0.912924730367 
1.7147703453 1.48429377841 1.05702837159 0.990998680472 1.00872232243 0.912924730367 
1.7147703453 1.48429377841 1.05702837159 0.990998680472 1.00872232243 0.912924730367 
1.7147703453 1.48429377841 1.05702837159 0.990998680472 1.00872232243 0.912924730367 
1.7147703453 1.48429377841 1.05702837159 0.990998680472 1.00872232243 0.912924730367 
1.7147703453 1.48429377841 1.05702837159 0.990998680472 1.00872232243 0.912924730367 
1.7147703453 1.48429377841 1.05702837159 0.990998680472 1.00872232243 0.912924730367 
1.7147703453 1.48429377841 1.05702837159 0.990998680472 1.00872232243 0.912924730367 
1.7147703453 1.48429377841 1.05702837159 0.990998680472 1.00872232243 0.912924730367 
1.7147703453 1.48429377841 1.05702837159 0.990998680472 1.00872232243 0.912924730367 
1.7147703453 1.48429377841 1.05702837159 0.990998680472 1.00872232243 0.912924730367 
1.7147703453 1.48429377841 1.05702837159 0.990998680472 1.00872232243 0.912924730367 
1.7147703453 1.48429377841 1.05702837159 0.990998680472 1.00872232243 0.912924730367 
1.7147703453 1.48429377841 1.05702837159 0.990998680472 1.00872232243 0.912924730367 
1.7147703453 1.48429377841 1.05702837159 0.990998680472 1.00872232243 0.912924730367 
1.7147703453 1.48429377841 1.05702837159 0.990998680472 1.00872232243 0.912924730367 
1.68226299486 1.65461771294 1.17832325428 1.10471660987 1.1244742438 1.01768822156 
1.7147703453 1.48429377841 1.05702837159 0.990998680472 1.00872232243 0.912924730367 
1.7147703453 1.48429377841 1.05702837159 0.990998680472 1.00872232243 0.912924730367 
1.7147703453 1.48429377841 1.05702837159 0.990998680472 1.00872232243 0.912924730367 
1.7147703453 1.48429377841 1.05702837159 0.990998680472 1.00872232243 0.912924730367 
1.7147703453 1.48429377841 1.05702837159 0.990998680472 1.00872232243 0.912924730367 
1.7147703453 1.48429377841 1.05702837159 0.990998680472 1.00872232243 0.912924730367 
1.7147703453 1.48429377841 1.05702837159 0.990998680472 1.00872232243 0.912924730367 
1.7147703453 1.48429377841 1.05702837159 0.990998680472 1.00872232243 0.912924730367 
1.7147703453 1.48429377841 1.05702837159 0.990998680472 1.00872232243 0.912924730367 
1.7147703453 1.48429377841 1.05702837159 0.990998680472 1.00872232243 0.912924730367 
1.7147703453 1.48429377841 1.05702837159 0.990998680472 1.00872232243 0.912924730367 
1.7147703453 1.48429377841 1.05702837159 0.990998680472 1.00872232243 0.912924730367 
1.7147703453 1.48429377841 1.05702837159 0.990998680472 1.00872232243 0.912924730367 
1.7147703453 1.48429377841 1.05702837159 0.990998680472 1.00872232243 0.912924730367 
1.7147703453 1.48429377841 1.05702837159 0.990998680472 1.00872232243 0.912924730367 
1.7147703453 1.48429377841 1.05702837159 0.990998680472 1.00872232243 0.912924730367 
1.7147703453 1.48429377841 1.05702837159 0.990998680472 1.00872232243 0.912924730367 
1.7147703453 1.48429377841 1.05702837159 0.990998680472 1.00872232243 0.912924730367 
1.7147703453 1.48429377841 1.05702837159 0.990998680472 1.00872232243 0.912924730367 
1.7147703453 1.48429377841 1.05702837159 0.990998680472 1.00872232243 0.912924730367 
1.7147703453 1.48429377841 1.05702837159 0.990998680472 1.00872232243 0.912924730367 
1.7147703453 1.48429377841 1.05702837159 0.990998680472 1.00872232243 0.912924730367 
1.7147703453 1.48429377841 1.05702837159 0.990998680472 1.00872232243 0.912924730367 
1.7147703453 1.48429377841 1.05702837159 0.990998680472 1.00872232243 0.912924730367 
1.7147703453 1.48429377841 1.05702837159 0.990998680472 1.00872232243 0.912924730367 
1.7147703453 1.48429377841 1.05702837159 0.990998680472 1.00872232243 0.912924730367 
1.7147703453 1.48429377841 1.05702837159 0.990998680472 1.00872232243 0.912924730367 
1.7147703453 1.48429377841 1.05702837159 0.990998680472 1.00872232243 0.912924730367 
1.7147703453 1.48429377841 1.05702837159 0.990998680472 1.00872232243 0.912924730367 
1.7147703453 1.48429377841 1.05702837159 0.990998680472 1.00872232243 0.912924730367 
1.7147703453 1.48429377841 1.05702837159 0.990998680472 1.00872232243 0.912924730367 
1.7147703453 1.48429377841 1.05702837159 0.990998680472 1.00872232243 0.912924730367 
1.7147703453 1.48429377841 1.05702837159 0.990998680472 1.00872232243 0.912924730367 
1.7147703453 1.48429377841 1.05702837159 0.990998680472 1.00872232243 0.912924730367 
1.7147703453 1.48429377841 1.05702837159 0.990998680472 1.00872232243 0.912924730367 
1.7147703453 1.48429377841 1.05702837159 0.990998680472 1.00872232243 0.912924730367 
1.7147703453 1.48429377841 1.05702837159 0.990998680472 1.00872232243 0.912924730367 
1.7147703453 1.48429377841 1.05702837159 0.990998680472 1.00872232243 0.912924730367 
1.7147703453 1.48429377841 1.05702837159 0.990998680472 1.00872232243 0.912924730367 
1.7147703453 1.48429377841 1.05702837159 0.990998680472 1.00872232243 0.912924730367 
1.68226299486 1.65461771294 1.17832325428 1.10471660987 1.1244742438 1.01768822156 
1.7147703453 1.48429377841 1.05702837159 0.990998680472 1.00872232243 0.912924730367 
1.68226299486 1.65461771294 1.17832325428 1.10471660987 1.1244742438 1.01768822156 
1.7147703453 1.48429377841 1.05702837159 0.990998680472 1.00872232243 0.912924730367 
1.7147703453 1.48429377841 1.05702837159 0.990998680472 1.00872232243 0.912924730367 
1.7147703453 1.48429377841 1.05702837159 0.990998680472 1.00872232243 0.912924730367 
1.7147703453 1.48429377841 1.05702837159 0.990998680472 1.00872232243 0.912924730367 
1.7147703453 1.48429377841 1.05702837159 0.990998680472 1.00872232243 0.912924730367 
1.7147703453 1.48429377841 1.05702837159 0.990998680472 1.00872232243 0.912924730367 
1.7147703453 1.48429377841 1.05702837159 0.990998680472 1.00872232243 0.912924730367 
1.7147703453 1.48429377841 1.05702837159 0.990998680472 1.00872232243 0.912924730367 
1.7147703453 1.48429377841 1.05702837159 0.990998680472 1.00872232243 0.912924730367 
1.7147703453 1.48429377841 1.05702837159 0.990998680472 1.00872232243 0.912924730367 
1.7147703453 1.48429377841 1.05702837159 0.990998680472 1.00872232243 0.912924730367 
1.7147703453 1.48429377841 1.05702837159 0.990998680472 1.00872232243 0.912924730367 
1.7147703453 1.48429377841 1.05702837159 0.990998680472 1.00872232243 0.912924730367 
1.7147703453 1.48429377841 1.05702837159 0.990998680472 1.00872232243 0.912924730367 
1.7147703453 1.48429377841 1.05702837159 0.990998680472 1.00872232243 0.912924730367 
1.7147703453 1.48429377841 1.05702837159 0.990998680472 1.00872232243 0.912924730367 
1.68226299486 1.65461771294 1.17832325428 1.10471660987 1.1244742438 1.01768822156 
1.68226299486 1.65461771294 1.17832325428 1.10471660987 1.1244742438 1.01768822156 
1.7147703453 1.48429377841 1.05702837159 0.990998680472 1.00872232243 0.912924730367 
1.7147703453 1.48429377841 1.05702837159 0.990998680472 1.00872232243 0.912924730367 
1.7147703453 1.48429377841 1.05702837159 0.990998680472 1.00872232243 0.912924730367 
1.7147703453 1.48429377841 1.05702837159 0.990998680472 1.00872232243 0.912924730367 
1.7147703453 1.48429377841 1.05702837159 0.990998680472 1.00872232243 0.912924730367 
1.7147703453 1.48429377841 1.05702837159 0.990998680472 1.00872232243 0.912924730367 
