1.66456474465 1.83029226409 1.5450747845 1.42060948162 1.15514353862 1.03846268683 
1.66456474465 1.83029226409 1.5450747845 1.42060948162 1.15514353862 1.03846268683 
1.66456474465 1.83029226409 1.5450747845 1.42060948162 1.15514353862 1.03846268683 
1.66456474465 1.83029226409 1.5450747845 1.42060948162 1.15514353862 1.03846268683 
1.66456474465 1.83029226409 1.5450747845 1.42060948162 1.15514353862 1.03846268683 
1.66456474465 1.83029226409 1.5450747845 1.42060948162 1.15514353862 1.03846268683 
1.66456474465 1.83029226409 1.5450747845 1.42060948162 1.15514353862 1.03846268683 
1.66456474465 1.83029226409 1.5450747845 1.42060948162 1.15514353862 1.03846268683 
1.66456474465 1.83029226409 1.5450747845 1.42060948162 1.15514353862 1.03846268683 
1.66456474465 1.83029226409 1.5450747845 1.42060948162 1.15514353862 1.03846268683 
1.66456474465 1.83029226409 1.5450747845 1.42060948162 1.15514353862 1.03846268683 
1.66456474465 1.83029226409 1.5450747845 1.42060948162 1.15514353862 1.03846268683 
1.66456474465 1.83029226409 1.5450747845 1.42060948162 1.15514353862 1.03846268683 
1.66456474465 1.83029226409 1.5450747845 1.42060948162 1.15514353862 1.03846268683 
1.66456474465 1.83029226409 1.5450747845 1.42060948162 1.15514353862 1.03846268683 
1.66510809574 1.83088971234 1.54557913141 1.42107320031 1.13365015348 1.03846268683 
1.66456474465 1.83029226409 1.5450747845 1.42060948162 1.15514353862 1.03846268683 
1.62689506984 1.78887211794 1.51010920833 1.44801596594 1.15514353862 1.03846268683 
1.06765125505 1.86560237028 1.57488245837 1.44801596594 1.15514353862 1.03846268683 
1.66456474465 1.83029226409 1.5450747845 1.42060948162 1.15514353862 1.03846268683 
1.66456474465 1.83029226409 1.5450747845 1.42060948162 1.15514353862 1.03846268683 
1.66456474465 1.83029226409 1.5450747845 1.42060948162 1.15514353862 1.03846268683 
1.66456474465 1.83029226409 1.5450747845 1.42060948162 1.15514353862 1.03846268683 
1.66456474465 1.83029226409 1.5450747845 1.42060948162 1.15514353862 1.03846268683 
1.66456474465 1.83029226409 1.5450747845 1.42060948162 1.15514353862 1.03846268683 
1.66456474465 1.83029226409 1.5450747845 1.42060948162 1.15514353862 1.03846268683 
1.66456474465 1.83029226409 1.5450747845 1.42060948162 1.15514353862 1.03846268683 
1.66456474465 1.83029226409 1.5450747845 1.42060948162 1.15514353862 1.03846268683 
1.66456474465 1.83029226409 1.5450747845 1.42060948162 1.15514353862 1.03846268683 
1.66456474465 1.83029226409 1.5450747845 1.42060948162 1.15514353862 1.03846268683 
1.66456474465 1.83029226409 1.5450747845 1.42060948162 1.15514353862 1.03846268683 
1.66456474465 1.83029226409 1.5450747845 1.42060948162 1.15514353862 1.03846268683 
1.66456474465 1.83029226409 1.5450747845 1.42060948162 1.15514353862 1.03846268683 
1.66456474465 1.83029226409 1.5450747845 1.42060948162 1.15514353862 1.03846268683 
1.66456474465 1.83029226409 1.5450747845 1.42060948162 1.15514353862 1.03846268683 
1.62689506984 1.78887211794 1.51010920833 1.44801596594 1.15514353862 1.03846268683 
1.66456474465 1.83029226409 1.5450747845 1.42060948162 1.15514353862 1.03846268683 
1.66456474465 1.83029226409 1.5450747845 1.42060948162 1.15514353862 1.03846268683 
1.66456474465 1.83029226409 1.5450747845 1.42060948162 1.15514353862 1.03846268683 
1.66456474465 1.83029226409 1.5450747845 1.42060948162 1.15514353862 1.03846268683 
1.66510809574 1.83088971234 1.54557913141 1.42107320031 1.13365015348 1.03846268683 
1.66456474465 1.83029226409 1.5450747845 1.42060948162 1.15514353862 1.03846268683 
1.66456474465 1.83029226409 1.5450747845 1.42060948162 1.15514353862 1.03846268683 
1.66456474465 1.83029226409 1.5450747845 1.42060948162 1.15514353862 1.03846268683 
1.06765125505 1.86560237028 1.57488245837 1.44801596594 1.15514353862 1.03846268683 
1.66456474465 1.83029226409 1.5450747845 1.42060948162 1.15514353862 1.03846268683 
1.66456474465 1.83029226409 1.5450747845 1.42060948162 1.15514353862 1.03846268683 
1.66456474465 1.83029226409 1.5450747845 1.42060948162 1.15514353862 1.03846268683 
1.66456474465 1.83029226409 1.5450747845 1.42060948162 1.15514353862 1.03846268683 
1.66456474465 1.83029226409 1.5450747845 1.42060948162 1.15514353862 1.03846268683 
1.62689506984 1.78887211794 1.51010920833 1.44801596594 1.15514353862 1.03846268683 
1.66456474465 1.83029226409 1.5450747845 1.42060948162 1.15514353862 1.03846268683 
1.66456474465 1.83029226409 1.5450747845 1.42060948162 1.15514353862 1.03846268683 
1.66456474465 1.83029226409 1.5450747845 1.42060948162 1.15514353862 1.03846268683 
1.66456474465 1.83029226409 1.5450747845 1.42060948162 1.15514353862 1.03846268683 
1.62689506984 1.78887211794 1.51010920833 1.44801596594 1.15514353862 1.03846268683 
1.66456474465 1.83029226409 1.5450747845 1.42060948162 1.15514353862 1.03846268683 
1.66456474465 1.83029226409 1.5450747845 1.42060948162 1.15514353862 1.03846268683 
1.66510809574 1.83088971234 1.54557913141 1.42107320031 1.13365015348 1.03846268683 
1.66456474465 1.83029226409 1.5450747845 1.42060948162 1.15514353862 1.03846268683 
1.62689506984 1.78887211794 1.51010920833 1.44801596594 1.15514353862 1.03846268683 
1.66456474465 1.83029226409 1.5450747845 1.42060948162 1.15514353862 1.03846268683 
1.66456474465 1.83029226409 1.5450747845 1.42060948162 1.15514353862 1.03846268683 
1.66456474465 1.83029226409 1.5450747845 1.42060948162 1.15514353862 1.03846268683 
1.66456474465 1.83029226409 1.5450747845 1.42060948162 1.15514353862 1.03846268683 
1.66456474465 1.83029226409 1.5450747845 1.42060948162 1.15514353862 1.03846268683 
1.66456474465 1.83029226409 1.5450747845 1.42060948162 1.15514353862 1.03846268683 
1.66510809574 1.83088971234 1.54557913141 1.42107320031 1.13365015348 1.03846268683 
1.66456474465 1.83029226409 1.5450747845 1.42060948162 1.15514353862 1.03846268683 
1.66456474465 1.83029226409 1.5450747845 1.42060948162 1.15514353862 1.03846268683 
1.66456474465 1.83029226409 1.5450747845 1.42060948162 1.15514353862 1.03846268683 
1.66456474465 1.83029226409 1.5450747845 1.42060948162 1.15514353862 1.03846268683 
1.66456474465 1.83029226409 1.5450747845 1.42060948162 1.15514353862 1.03846268683 
1.66456474465 1.83029226409 1.5450747845 1.42060948162 1.15514353862 1.03846268683 
1.62689506984 1.78887211794 1.51010920833 1.44801596594 1.15514353862 1.03846268683 
1.66456474465 1.83029226409 1.5450747845 1.42060948162 1.15514353862 1.03846268683 
1.66456474465 1.83029226409 1.5450747845 1.42060948162 1.15514353862 1.03846268683 
1.66456474465 1.83029226409 1.5450747845 1.42060948162 1.15514353862 1.03846268683 
1.66456474465 1.83029226409 1.5450747845 1.42060948162 1.15514353862 1.03846268683 
1.66456474465 1.83029226409 1.5450747845 1.42060948162 1.15514353862 1.03846268683 
1.62689506984 1.78887211794 1.51010920833 1.44801596594 1.15514353862 1.03846268683 
1.66456474465 1.83029226409 1.5450747845 1.42060948162 1.15514353862 1.03846268683 
1.66456474465 1.83029226409 1.5450747845 1.42060948162 1.15514353862 1.03846268683 
1.66456474465 1.83029226409 1.5450747845 1.42060948162 1.15514353862 1.03846268683 
1.66456474465 1.83029226409 1.5450747845 1.42060948162 1.15514353862 1.03846268683 
1.66456474465 1.83029226409 1.5450747845 1.42060948162 1.15514353862 1.03846268683 
1.62689506984 1.78887211794 1.51010920833 1.44801596594 1.15514353862 1.03846268683 
1.66456474465 1.83029226409 1.5450747845 1.42060948162 1.15514353862 1.03846268683 
1.66456474465 1.83029226409 1.5450747845 1.42060948162 1.15514353862 1.03846268683 
1.66456474465 1.83029226409 1.5450747845 1.42060948162 1.15514353862 1.03846268683 
1.66456474465 1.83029226409 1.5450747845 1.42060948162 1.15514353862 1.03846268683 
1.66456474465 1.83029226409 1.5450747845 1.42060948162 1.15514353862 1.03846268683 
1.66456474465 1.83029226409 1.5450747845 1.42060948162 1.15514353862 1.03846268683 
1.66456474465 1.83029226409 1.5450747845 1.42060948162 1.15514353862 1.03846268683 
1.66456474465 1.83029226409 1.5450747845 1.42060948162 1.15514353862 1.03846268683 
1.66456474465 1.83029226409 1.5450747845 1.42060948162 1.15514353862 1.03846268683 
1.66456474465 1.83029226409 1.5450747845 1.42060948162 1.15514353862 1.03846268683 
1.66456474465 1.83029226409 1.5450747845 1.42060948162 1.15514353862 1.03846268683 
1.66456474465 1.83029226409 1.5450747845 1.42060948162 1.15514353862 1.03846268683 
1.66456474465 1.83029226409 1.5450747845 1.42060948162 1.15514353862 1.03846268683 
