0.997981502668 1.12147371414 
0.997981502668 1.12147371414 
0.600750512937 1.12787183244 
0.997981502668 1.12147371414 
0.997981502668 1.12147371414 
0.997981502668 1.12147371414 
0.997981502668 1.12147371414 
0.997981502668 1.12147371414 
0.997981502668 1.12147371414 
0.997981502668 1.12147371414 
0.600750512937 1.12787183244 
0.600750512937 1.12787183244 
0.997981502668 1.12147371414 
0.997981502668 1.12147371414 
0.997981502668 1.12147371414 
0.997981502668 1.12147371414 
0.997981502668 1.12147371414 
0.997981502668 1.12147371414 
0.997981502668 1.12147371414 
0.997981502668 1.12147371414 
0.600750512937 1.12787183244 
0.997981502668 1.12147371414 
0.600750512937 1.12787183244 
0.997981502668 1.12147371414 
0.997981502668 1.12147371414 
0.997981502668 1.12147371414 
0.600750512937 1.12787183244 
0.997981502668 1.12147371414 
0.997981502668 1.12147371414 
0.997981502668 1.12147371414 
0.997981502668 1.12147371414 
0.997981502668 1.12147371414 
0.600750512937 1.12787183244 
0.600750512937 1.12787183244 
0.997981502668 1.12147371414 
0.600750512937 1.12787183244 
0.997981502668 1.12147371414 
0.600750512937 1.12787183244 
0.997981502668 1.12147371414 
0.997981502668 1.12147371414 
0.997981502668 1.12147371414 
0.997981502668 1.12147371414 
0.997981502668 1.12147371414 
0.997981502668 1.12147371414 
0.997981502668 1.12147371414 
0.997981502668 1.12147371414 
0.997981502668 1.12147371414 
0.600750512937 1.12787183244 
0.600750512937 1.12787183244 
0.997981502668 1.12147371414 
0.997981502668 1.12147371414 
0.997981502668 1.12147371414 
0.997981502668 1.12147371414 
0.997981502668 1.12147371414 
0.997981502668 1.12147371414 
0.997981502668 1.12147371414 
0.600750512937 1.12787183244 
0.997981502668 1.12147371414 
0.600750512937 1.12787183244 
0.997981502668 1.12147371414 
0.600750512937 1.12787183244 
0.600750512937 1.12787183244 
0.600750512937 1.12787183244 
0.997981502668 1.12147371414 
0.600750512937 1.12787183244 
0.997981502668 1.12147371414 
0.997981502668 1.12147371414 
0.600750512937 1.12787183244 
0.997981502668 1.12147371414 
0.600750512937 1.12787183244 
0.997981502668 1.12147371414 
0.997981502668 1.12147371414 
0.997981502668 1.12147371414 
0.997981502668 1.12147371414 
0.997981502668 1.12147371414 
0.997981502668 1.12147371414 
0.997981502668 1.12147371414 
0.997981502668 1.12147371414 
0.997981502668 1.12147371414 
0.600750512937 1.12787183244 
0.997981502668 1.12147371414 
0.997981502668 1.12147371414 
0.997981502668 1.12147371414 
0.997981502668 1.12147371414 
0.997981502668 1.12147371414 
0.997981502668 1.12147371414 
0.600750512937 1.12787183244 
0.997981502668 1.12147371414 
0.997981502668 1.12147371414 
0.997981502668 1.12147371414 
0.600750512937 1.12787183244 
0.997981502668 1.12147371414 
0.997981502668 1.12147371414 
0.997981502668 1.12147371414 
0.997981502668 1.12147371414 
0.600750512937 1.12787183244 
0.600750512937 1.12787183244 
0.997981502668 1.12147371414 
0.997981502668 1.12147371414 
0.997981502668 1.12147371414 
