0.933991864642 0.183107057255 
0.406540824115 0.869152425993 
0.407540204242 0.840886141685 
0.931153286639 0.302366821628 
0.405853766277 0.888585043927 
0.408024784941 0.82718035004 
0.406792184273 0.862043001375 
0.405259022907 0.905406656373 
0.405791502533 0.89034610026 
0.405017871613 0.912227335376 
0.408056477502 0.826283963459 
0.406954099677 0.857463415761 
0.408003313917 0.827787632554 
0.404647789411 0.922694672545 
0.406703364855 0.864555153518 
0.88795131255 0.332459608679 
0.88795131255 0.332459608679 
0.40829783509 0.819457449683 
0.406799296542 0.861841839256 
0.403242241604 0.962448929051 
0.405090116256 0.910183981135 
0.406792184273 0.862043001375 
0.408256623149 0.820623080665 
0.404647789411 0.922694672545 
0.407618917294 0.838659836162 
0.405967246452 0.885375391462 
0.40355817615 0.953513094264 
0.408299699026 0.819404730458 
0.406792184273 0.862043001375 
0.407090690631 0.853600102251 
0.403242241604 0.962448929051 
0.407618917294 0.838659836162 
0.88795131255 0.332459608679 
0.406849057193 0.860434418115 
0.408024784941 0.82718035004 
0.976017177453 0.0646483070441 
0.404647789411 0.922694672545 
0.406639528071 0.866360701411 
0.40712375742 0.852664847259 
0.407170163869 0.851352295774 
0.729454952253 0.81897159344 
0.404647789411 0.922694672545 
0.408157908506 0.823415107541 
0.404143370765 0.936961557058 
0.405341389656 0.903077010343 
0.40740149933 0.844809245988 
0.88795131255 0.332459608679 
0.407947896563 0.829355046836 
0.406792184273 0.862043001375 
0.88795131255 0.332459608679 
0.405031485629 0.911842279044 
0.404411710536 0.929371884153 
0.406792184273 0.862043001375 
0.404647789411 0.922694672545 
0.407618917294 0.838659836162 
0.405967246452 0.885375391462 
0.403563348279 0.953366806709 
0.810237973659 0.728795828458 
0.407169421838 0.851373283247 
0.405853766277 0.888585043927 
0.408210379269 0.821931034077 
0.406792184273 0.862043001375 
0.729454952253 0.81897159344 
0.976017177453 0.0646483070441 
0.40829783509 0.819457449683 
0.406954099677 0.857463415761 
0.407028263147 0.855365789766 
0.404853302905 0.91688196654 
0.406792184273 0.862043001375 
0.407263628646 0.84870875516 
0.405950668949 0.885844266522 
0.407540204242 0.840886141685 
0.407210719676 0.850205222747 
0.408157908506 0.823415107541 
0.407641297025 0.838026851957 
0.826460722646 0.581487337067 
0.405853766277 0.888585043927 
0.406888959183 0.859305837555 
0.40712375742 0.852664847259 
0.404411710536 0.929371884153 
0.406838139627 0.860743208571 
0.408256623149 0.820623080665 
0.88795131255 0.332459608679 
0.405031485629 0.911842279044 
0.408056477502 0.826283963459 
0.406585029691 0.867902123596 
0.406020994167 0.88385520095 
0.404853302905 0.91688196654 
0.407449981784 0.843437977155 
0.407169421838 0.851373283247 
0.405259022907 0.905406656373 
0.406540824115 0.869152425993 
0.406792184273 0.862043001375 
0.40829783509 0.819457449683 
0.406792184273 0.862043001375 
0.405021025594 0.912138128766 
0.404509768167 0.926598440099 
0.40535178129 0.902783095278 
0.405021025594 0.912138128766 
0.402604757279 0.980479418816 
