0.340580106084 0.959987096537 
0.335863153122 1.01711901062 
0.335341249352 1.02344032898 
0.992605493801 0.258788387611 
0.33883513512 0.981122251374 
0.33883513512 0.981122251374 
0.335863153122 1.01711901062 
0.332930488035 1.05263956195 
0.958543070208 0.422466262683 
0.337647440997 0.995507647864 
0.335341249352 1.02344032898 
0.339670284722 0.971006887562 
0.337890068411 0.992568935377 
0.335341249352 1.02344032898 
0.340580106084 0.959987096537 
0.337613901923 0.995913874405 
0.331985421326 1.06408624595 
0.336212988335 1.01288179319 
0.339744956482 0.970102460348 
0.337890068411 0.992568935377 
0.339495271548 0.973126653798 
0.336702374288 1.00695433187 
0.337647440997 0.995507647864 
0.336212988335 1.01288179319 
0.340679788766 0.958779736089 
0.332930488035 1.05263956195 
0.340580106084 0.959987096537 
0.333200654689 1.04936729313 
0.340412512076 0.962017001551 
0.337613901923 0.995913874405 
0.332930488035 1.05263956195 
0.335863153122 1.01711901062 
0.332930488035 1.05263956195 
0.335863153122 1.01711901062 
0.336528943475 1.00905493249 
0.335341249352 1.02344032898 
0.33883513512 0.981122251374 
0.664403056948 0.955750833468 
0.332930488035 1.05263956195 
0.664403056948 0.955750833468 
0.332930488035 1.05263956195 
0.33883513512 0.981122251374 
0.336212988335 1.01288179319 
0.340580106084 0.959987096537 
0.335863153122 1.01711901062 
0.336440999502 1.01012011325 
0.335863153122 1.01711901062 
0.332505571932 1.05778616199 
0.33817694026 0.989094332607 
0.335341249352 1.02344032898 
0.335863153122 1.01711901062 
0.335863153122 1.01711901062 
0.336528943475 1.00905493249 
0.337613901923 0.995913874405 
0.339744956482 0.970102460348 
0.336528943475 1.00905493249 
0.33883513512 0.981122251374 
0.992605493801 0.258788387611 
0.335863153122 1.01711901062 
0.337222524894 1.0006542479 
0.335341249352 1.02344032898 
0.338448560151 0.98580446213 
0.337647440997 0.995507647864 
0.335341249352 1.02344032898 
0.339495271548 0.973126653798 
0.332930488035 1.05263956195 
0.334506111827 1.03355554651 
0.337613901923 0.995913874405 
0.331985421326 1.06408624595 
0.338448560151 0.98580446213 
0.333765637637 1.04252419814 
0.329019093254 1.10001452464 
0.340162421847 0.965046103934 
0.332930488035 1.05263956195 
0.340580106084 0.959987096537 
0.992605493801 0.258788387611 
0.335341249352 1.02344032898 
0.33883513512 0.981122251374 
0.340058202314 0.966308414891 
0.337647440997 0.995507647864 
0.33883513512 0.981122251374 
0.888436448703 0.531368473743 
0.337322867916 0.999438889396 
0.338582273281 0.984184923604 
0.338448560151 0.98580446213 
0.340679788766 0.958779736089 
0.335341249352 1.02344032898 
0.33554990729 1.02091305608 
0.335341249352 1.02344032898 
0.335092732125 1.02645037911 
0.337890068411 0.992568935377 
0.820241350246 0.801470059407 
0.332930488035 1.05263956195 
0.340580106084 0.959987096537 
0.337613901923 0.995913874405 
0.339744956482 0.970102460348 
0.33883513512 0.981122251374 
0.33674216294 1.00647241019 
0.332930488035 1.05263956195 
0.336702374288 1.00695433187 
