1.02543708135 0.364385936589 
1.0046903716 0.460809936567 
0.834706233468 0.869237562578 
0.736715102071 0.979425570933 
0.834706233468 0.869237562578 
0.813732526088 0.899538963561 
0.968158139904 0.597465272062 
0.736715102071 0.979425570933 
0.736715102071 0.979425570933 
0.834706233468 0.869237562578 
0.545241832496 1.12718848004 
0.736715102071 0.979425570933 
1.05144978734 0.170113308851 
0.813732526088 0.899538963561 
0.721435987543 1.04569230429 
0.813732526088 0.899538963561 
0.834706233468 0.869237562578 
1.0046903716 0.460809936567 
0.736715102071 0.979425570933 
1.02543708135 0.364385936589 
0.736715102071 0.979425570933 
0.736715102071 0.979425570933 
0.834706233468 0.869237562578 
1.02543708135 0.364385936589 
0.813732526088 0.899538963561 
0.813732526088 0.899538963561 
1.0046903716 0.460809936567 
1.02543708135 0.364385936589 
0.834706233468 0.869237562578 
0.736715102071 0.979425570933 
0.545241832496 1.12718848004 
0.942949759722 0.718030371002 
0.834706233468 0.869237562578 
0.736715102071 0.979425570933 
1.02543708135 0.364385936589 
0.545241832496 1.12718848004 
0.736715102071 0.979425570933 
1.02543708135 0.364385936589 
1.0046903716 0.460809936567 
0.736715102071 0.979425570933 
0.736715102071 0.979425570933 
0.834706233468 0.869237562578 
1.02543708135 0.364385936589 
1.02543708135 0.364385936589 
0.852469429101 0.841352599822 
0.813732526088 0.899538963561 
1.05144978734 0.170113308851 
1.0046903716 0.460809936567 
0.968158139904 0.597465272062 
0.834706233468 0.869237562578 
0.813732526088 0.899538963561 
0.834706233468 0.869237562578 
0.813732526088 0.899538963561 
0.834706233468 0.869237562578 
0.834706233468 0.869237562578 
0.545241832496 1.12718848004 
0.736715102071 0.979425570933 
0.834706233468 0.869237562578 
0.736715102071 0.979425570933 
0.736715102071 0.979425570933 
0.721435987543 1.04569230429 
0.736715102071 0.979425570933 
0.736715102071 0.979425570933 
0.545241832496 1.12718848004 
0.834706233468 0.869237562578 
1.02543708135 0.364385936589 
0.545241832496 1.12718848004 
1.05144978734 0.170113308851 
0.813732526088 0.899538963561 
0.834706233468 0.869237562578 
1.0046903716 0.460809936567 
1.05144978734 0.170113308851 
1.02543708135 0.364385936589 
0.736715102071 0.979425570933 
0.813732526088 0.899538963561 
1.0046903716 0.460809936567 
0.813732526088 0.899538963561 
0.834706233468 0.869237562578 
0.834706233468 0.869237562578 
1.02543708135 0.364385936589 
0.834706233468 0.869237562578 
0.736715102071 0.979425570933 
0.721435987543 1.04569230429 
1.02543708135 0.364385936589 
0.813732526088 0.899538963561 
0.736715102071 0.979425570933 
1.0046903716 0.460809936567 
0.545241832496 1.12718848004 
0.736715102071 0.979425570933 
0.721435987543 1.04569230429 
1.05144978734 0.170113308851 
1.02543708135 0.364385936589 
0.545241832496 1.12718848004 
1.02543708135 0.364385936589 
0.736715102071 0.979425570933 
1.02543708135 0.364385936589 
0.545241832496 1.12718848004 
0.834706233468 0.869237562578 
0.721435987543 1.04569230429 
0.813732526088 0.899538963561 
