0.257326211661 0.891804302028 
0.257326211661 0.891804302028 
0.256855610474 0.894373651268 
0.257326211661 0.891804302028 
0.257326211661 0.891804302028 
0.257326211661 0.891804302028 
0.256855610474 0.894373651268 
0.257616244589 0.890220804356 
0.256448221063 0.896597882108 
0.257326211661 0.891804302028 
0.6454028193 0.875224068203 
0.257326211661 0.891804302028 
0.255187837178 0.903479221268 
1.0048157687 0.131741950887 
0.256855610474 0.894373651268 
0.257326211661 0.891804302028 
0.974100771298 0.153516564637 
0.257326211661 0.891804302028 
0.257326211661 0.891804302028 
0.257326211661 0.891804302028 
0.257326211661 0.891804302028 
0.256855610474 0.894373651268 
0.683818337846 0.829249190171 
0.257326211661 0.891804302028 
0.257326211661 0.891804302028 
0.922754862242 0.482651521149 
0.256448221063 0.896597882108 
0.256448221063 0.896597882108 
0.256855610474 0.894373651268 
0.256855610474 0.894373651268 
0.257326211661 0.891804302028 
0.815696054788 0.703013184253 
0.252279024817 0.91936051319 
0.257326211661 0.891804302028 
0.239712024664 0.987972775948 
0.257326211661 0.891804302028 
0.257326211661 0.891804302028 
0.256416845426 0.896769184201 
0.257326211661 0.891804302028 
0.832903613778 0.6368089723 
0.257326211661 0.891804302028 
0.254324282084 0.908193987587 
0.256855610474 0.894373651268 
0.257326211661 0.891804302028 
0.257326211661 0.891804302028 
0.257326211661 0.891804302028 
0.256855610474 0.894373651268 
0.257520896766 0.890741376474 
0.257616244589 0.890220804356 
0.256448221063 0.896597882108 
0.257616244589 0.890220804356 
0.257326211661 0.891804302028 
0.256448221063 0.896597882108 
0.257326211661 0.891804302028 
0.257326211661 0.891804302028 
0.257326211661 0.891804302028 
0.257326211661 0.891804302028 
0.256855610474 0.894373651268 
0.256544756882 0.896070823868 
0.239712024664 0.987972775948 
0.257326211661 0.891804302028 
0.257326211661 0.891804302028 
0.257326211661 0.891804302028 
0.256448221063 0.896597882108 
0.257326211661 0.891804302028 
0.257326211661 0.891804302028 
0.257326211661 0.891804302028 
0.256448221063 0.896597882108 
0.252279024817 0.91936051319 
0.256448221063 0.896597882108 
0.257326211661 0.891804302028 
0.257326211661 0.891804302028 
0.257326211661 0.891804302028 
0.257326211661 0.891804302028 
0.256855610474 0.894373651268 
0.257326211661 0.891804302028 
0.832903613778 0.6368089723 
0.257326211661 0.891804302028 
0.257326211661 0.891804302028 
0.257326211661 0.891804302028 
0.246381324215 0.951560288673 
0.256448221063 0.896597882108 
0.257326211661 0.891804302028 
0.257616244589 0.890220804356 
0.256544756882 0.896070823868 
0.257326211661 0.891804302028 
0.257326211661 0.891804302028 
0.252279024817 0.91936051319 
0.257326211661 0.891804302028 
0.257326211661 0.891804302028 
0.257326211661 0.891804302028 
0.815696054788 0.703013184253 
0.726325824106 0.795456367768 
0.257326211661 0.891804302028 
0.257326211661 0.891804302028 
0.257326211661 0.891804302028 
0.257326211661 0.891804302028 
0.257326211661 0.891804302028 
0.256416845426 0.896769184201 
0.238586723536 0.994116601501 
