0.370914780877 1.02488929457 
0.372542464551 0.986831126399 
0.368342561871 1.08503239556 
0.372600525817 0.985473549697 
0.370914780877 1.02488929457 
0.371424102702 1.01298043538 
0.36865999178 1.07761031407 
0.372637582839 0.984607089946 
0.467364218524 0.965448220711 
0.372160225368 0.995768565114 
0.372637582839 0.984607089946 
0.372542464551 0.986831126399 
0.371903331432 1.00177520682 
0.371819129766 1.00374399303 
0.372542464551 0.986831126399 
0.372542464551 0.986831126399 
0.36865999178 1.07761031407 
0.36671544343 1.12307734758 
0.36865999178 1.07761031407 
0.369160664258 1.06590369214 
0.36854644738 1.08026518609 
0.368342561871 1.08503239556 
0.370771252752 1.02824523998 
0.36865999178 1.07761031407 
0.368342561871 1.08503239556 
0.368718053046 1.07625273736 
0.367233453773 1.11096533522 
0.36865999178 1.07761031407 
0.372542464551 0.986831126399 
0.372693275571 0.983304893839 
1.00895978532 0.316964579521 
0.368342561871 1.08503239556 
0.370914780877 1.02488929457 
0.37176610356 1.00498384097 
0.371593559024 1.00901824217 
0.36749703632 1.10480230179 
0.37209261975 0.997349305909 
0.368342561871 1.08503239556 
0.3705979162 1.03229815992 
0.370914780877 1.02488929457 
0.373170135207 0.972155058926 
0.369160664258 1.06590369214 
0.370914780877 1.02488929457 
0.3688108028 1.07408408151 
0.369160664258 1.06590369214 
0.370490449612 1.0348109218 
0.931311024662 0.468832346787 
0.708779378534 0.904955643801 
0.367614744514 1.10205007276 
0.36854644738 1.08026518609 
0.372542464551 0.986831126399 
0.36972144104 1.05279172362 
0.36865999178 1.07761031407 
0.372637582839 0.984607089946 
0.370914780877 1.02488929457 
0.372693275571 0.983304893839 
0.368342561871 1.08503239556 
0.371819129766 1.00374399303 
0.372542464551 0.986831126399 
0.366415369355 1.13009361849 
0.37216934191 0.995555403999 
0.821148459918 0.777859223571 
0.372600525817 0.985473549697 
0.367056686181 1.11509847907 
0.36854644738 1.08026518609 
0.372542464551 0.986831126399 
0.876135608854 0.638464848299 
0.36854644738 1.08026518609 
0.371350888836 1.01469230709 
0.372542464551 0.986831126399 
0.372542464551 0.986831126399 
0.37176610356 1.00498384097 
0.371521321382 1.01070728801 
0.370914780877 1.02488929457 
0.36671544343 1.12307734758 
0.597350298228 0.925234838497 
0.372542464551 0.986831126399 
0.3705979162 1.03229815992 
0.36671544343 1.12307734758 
0.368342561871 1.08503239556 
0.372542464551 0.986831126399 
0.372600525817 0.985473549697 
0.368327186423 1.08539190114 
0.371118666387 1.0201220851 
0.372693275571 0.983304893839 
0.876135608854 0.638464848299 
0.371567630828 1.00962448997 
0.370676146517 1.03046899458 
0.372637582839 0.984607089946 
0.931311024662 0.468832346787 
0.372637582839 0.984607089946 
0.371422611013 1.01301531376 
0.372542464551 0.986831126399 
0.370914780877 1.02488929457 
0.368949102375 1.070850389 
0.36872533594 1.07608245021 
0.369160664258 1.06590369214 
0.36854644738 1.08026518609 
0.370291050431 1.03947323285 
0.367718831424 1.09961633384 
