0.279641241024 1.06453434598 
0.279641241024 1.06453434598 
0.279641241024 1.06453434598 
0.279641241024 1.06453434598 
0.279133802262 1.0682625553 
0.279641241024 1.06453434598 
0.571417232565 1.06378580557 
0.279641241024 1.06453434598 
0.279641241024 1.06453434598 
0.279641241024 1.06453434598 
0.714907498286 0.97842305406 
1.02963650481 0.42733453855 
0.279641241024 1.06453434598 
0.279641241024 1.06453434598 
0.279133802262 1.0682625553 
0.279641241024 1.06453434598 
0.279641241024 1.06453434598 
0.279641241024 1.06453434598 
0.279641241024 1.06453434598 
0.279641241024 1.06453434598 
0.279641241024 1.06453434598 
0.279133802262 1.0682625553 
0.279133802262 1.0682625553 
0.835868296466 0.854303039617 
0.279133802262 1.0682625553 
0.279133802262 1.0682625553 
0.279641241024 1.06453434598 
1.09242117005 0.0757581820613 
0.279641241024 1.06453434598 
0.279133802262 1.0682625553 
1.09242117005 0.0757581820613 
0.279133802262 1.0682625553 
0.279641241024 1.06453434598 
0.279641241024 1.06453434598 
0.279133802262 1.0682625553 
0.279133802262 1.0682625553 
0.835868296466 0.854303039617 
0.279133802262 1.0682625553 
0.279641241024 1.06453434598 
0.279641241024 1.06453434598 
1.05905687302 0.270072245912 
1.02095165657 0.460006246576 
1.02095165657 0.460006246576 
0.279133802262 1.0682625553 
0.279641241024 1.06453434598 
0.279133802262 1.0682625553 
0.279641241024 1.06453434598 
0.279641241024 1.06453434598 
0.279641241024 1.06453434598 
0.279133802262 1.0682625553 
0.279133802262 1.0682625553 
0.9232088017 0.713440334054 
0.279641241024 1.06453434598 
0.279641241024 1.06453434598 
0.279133802262 1.0682625553 
0.279133802262 1.0682625553 
0.279641241024 1.06453434598 
0.279641241024 1.06453434598 
0.279133802262 1.0682625553 
0.279133802262 1.0682625553 
0.714907498286 0.97842305406 
0.279641241024 1.06453434598 
0.279641241024 1.06453434598 
0.279641241024 1.06453434598 
0.279641241024 1.06453434598 
0.279641241024 1.06453434598 
0.279641241024 1.06453434598 
0.279641241024 1.06453434598 
0.279641241024 1.06453434598 
0.279641241024 1.06453434598 
0.279133802262 1.0682625553 
0.279133802262 1.0682625553 
0.277027718742 1.0837361864 
1.02095165657 0.460006246576 
0.571417232565 1.06378580557 
0.279641241024 1.06453434598 
0.279641241024 1.06453434598 
0.279133802262 1.0682625553 
0.279641241024 1.06453434598 
0.279641241024 1.06453434598 
0.279641241024 1.06453434598 
0.279641241024 1.06453434598 
0.279641241024 1.06453434598 
0.279133802262 1.0682625553 
0.279133802262 1.0682625553 
0.279641241024 1.06453434598 
0.279641241024 1.06453434598 
0.279133802262 1.0682625553 
0.279641241024 1.06453434598 
0.277775757256 1.07824026381 
0.279641241024 1.06453434598 
0.279641241024 1.06453434598 
0.279133802262 1.0682625553 
0.279641241024 1.06453434598 
0.279133802262 1.0682625553 
0.279641241024 1.06453434598 
0.279641241024 1.06453434598 
0.279641241024 1.06453434598 
0.571417232565 1.06378580557 
0.279641241024 1.06453434598 
