0.592946985022 1.00571913309 
0.809327145323 0.838566172262 
0.592946985022 1.00571913309 
0.975033024725 0.547970761665 
0.809327145323 0.838566172262 
0.975033024725 0.547970761665 
0.592946985022 1.00571913309 
0.890121324893 0.724436999249 
0.809327145323 0.838566172262 
0.592946985022 1.00571913309 
0.592946985022 1.00571913309 
0.975033024725 0.547970761665 
0.958497968867 0.589044153117 
0.592946985022 1.00571913309 
0.890121324893 0.724436999249 
0.975033024725 0.547970761665 
0.809327145323 0.838566172262 
0.592946985022 1.00571913309 
0.890121324893 0.724436999249 
1.00576817765 0.457868639923 
0.809327145323 0.838566172262 
0.958497968867 0.589044153117 
0.975033024725 0.547970761665 
0.592946985022 1.00571913309 
0.809327145323 0.838566172262 
0.592946985022 1.00571913309 
1.05860208944 0.205628076804 
0.592946985022 1.00571913309 
0.890121324893 0.724436999249 
0.592946985022 1.00571913309 
0.975033024725 0.547970761665 
1.00576817765 0.457868639923 
0.958497968867 0.589044153117 
0.735366740071 0.918865627085 
0.809327145323 0.838566172262 
0.592946985022 1.00571913309 
0.958497968867 0.589044153117 
0.592946985022 1.00571913309 
0.592946985022 1.00571913309 
0.592946985022 1.00571913309 
0.890121324893 0.724436999249 
0.890121324893 0.724436999249 
0.592946985022 1.00571913309 
0.809327145323 0.838566172262 
0.592946985022 1.00571913309 
0.890121324893 0.724436999249 
0.592946985022 1.00571913309 
0.890121324893 0.724436999249 
0.975033024725 0.547970761665 
0.809327145323 0.838566172262 
0.958497968867 0.589044153117 
0.975033024725 0.547970761665 
0.592946985022 1.00571913309 
0.809327145323 0.838566172262 
0.592946985022 1.00571913309 
0.592946985022 1.00571913309 
0.958497968867 0.589044153117 
0.958497968867 0.589044153117 
0.809327145323 0.838566172262 
0.975033024725 0.547970761665 
0.975033024725 0.547970761665 
0.592946985022 1.00571913309 
0.592946985022 1.00571913309 
0.592946985022 1.00571913309 
0.592946985022 1.00571913309 
0.975033024725 0.547970761665 
0.809327145323 0.838566172262 
0.631698974675 0.988305196905 
0.890121324893 0.724436999249 
0.890121324893 0.724436999249 
0.975033024725 0.547970761665 
0.890121324893 0.724436999249 
0.592946985022 1.00571913309 
0.809327145323 0.838566172262 
1.05860208944 0.205628076804 
0.975033024725 0.547970761665 
0.592946985022 1.00571913309 
0.975033024725 0.547970761665 
0.809327145323 0.838566172262 
0.809327145323 0.838566172262 
0.958497968867 0.589044153117 
0.592946985022 1.00571913309 
0.890121324893 0.724436999249 
0.592946985022 1.00571913309 
0.809327145323 0.838566172262 
0.592946985022 1.00571913309 
0.890121324893 0.724436999249 
0.958497968867 0.589044153117 
0.592946985022 1.00571913309 
0.975033024725 0.547970761665 
0.975033024725 0.547970761665 
0.975033024725 0.547970761665 
0.592946985022 1.00571913309 
0.958497968867 0.589044153117 
0.890121324893 0.724436999249 
0.592946985022 1.00571913309 
0.592946985022 1.00571913309 
0.958497968867 0.589044153117 
0.958497968867 0.589044153117 
0.890121324893 0.724436999249 
