0.369182611527 1.09070852941 
0.369182611527 1.09070852941 
0.368773990291 1.10000634752 
0.369182611527 1.09070852941 
0.369182611527 1.09070852941 
0.961489038554 0.443115548188 
0.368773990291 1.10000634752 
0.369182611527 1.09070852941 
0.369182611527 1.09070852941 
0.369182611527 1.09070852941 
0.369182611527 1.09070852941 
0.368773990291 1.10000634752 
0.368523462681 1.10570688371 
0.369182611527 1.09070852941 
0.961489038554 0.443115548188 
0.368773990291 1.10000634752 
0.369182611527 1.09070852941 
0.369182611527 1.09070852941 
0.369182611527 1.09070852941 
0.368947972202 1.0960475416 
0.369182611527 1.09070852941 
0.368781971201 1.0998247489 
0.369182611527 1.09070852941 
0.369182611527 1.09070852941 
0.369182611527 1.09070852941 
0.369182611527 1.09070852941 
0.369151997709 1.09140512 
0.369182611527 1.09070852941 
0.369182611527 1.09070852941 
0.367427759512 1.130638649 
0.369182611527 1.09070852941 
0.369182611527 1.09070852941 
0.368773990291 1.10000634752 
0.369182611527 1.09070852941 
0.985736966727 0.324332093214 
0.368947972202 1.0960475416 
0.711839252053 0.950780192389 
0.369182611527 1.09070852941 
0.369182611527 1.09070852941 
0.368773990291 1.10000634752 
0.368773990291 1.10000634752 
0.368773990291 1.10000634752 
0.369182611527 1.09070852941 
0.369182611527 1.09070852941 
0.369182611527 1.09070852941 
0.961489038554 0.443115548188 
0.369182611527 1.09070852941 
0.369182611527 1.09070852941 
0.368773990291 1.10000634752 
0.369182611527 1.09070852941 
0.763854740726 0.867643338211 
0.82036506784 0.805046446932 
0.369182611527 1.09070852941 
0.367520045562 1.1285387608 
0.369182611527 1.09070852941 
0.876124058658 0.646148695126 
0.369182611527 1.09070852941 
0.368773990291 1.10000634752 
0.369182611527 1.09070852941 
0.368773990291 1.10000634752 
0.368773990291 1.10000634752 
0.368773990291 1.10000634752 
0.369182611527 1.09070852941 
0.368773990291 1.10000634752 
0.369182611527 1.09070852941 
0.369182611527 1.09070852941 
0.369182611527 1.09070852941 
0.368773990291 1.10000634752 
0.369182611527 1.09070852941 
0.961489038554 0.443115548188 
0.369182611527 1.09070852941 
0.369182611527 1.09070852941 
0.369182611527 1.09070852941 
0.368773990291 1.10000634752 
0.369182611527 1.09070852941 
0.369182611527 1.09070852941 
0.368773990291 1.10000634752 
0.369182611527 1.09070852941 
0.369182611527 1.09070852941 
0.82036506784 0.805046446932 
0.369182611527 1.09070852941 
0.368773990291 1.10000634752 
0.368773990291 1.10000634752 
0.368773990291 1.10000634752 
0.369182611527 1.09070852941 
0.535010492019 1.08509016711 
0.369182611527 1.09070852941 
0.369182611527 1.09070852941 
0.369182611527 1.09070852941 
0.82036506784 0.805046446932 
0.368773990291 1.10000634752 
0.369182611527 1.09070852941 
0.368773990291 1.10000634752 
0.369182611527 1.09070852941 
0.368773990291 1.10000634752 
0.369182611527 1.09070852941 
0.369182611527 1.09070852941 
0.711839252053 0.950780192389 
0.368773990291 1.10000634752 
0.369182611527 1.09070852941 
