0.836718031446 0.796243368269 
0.63026011803 1.06951170701 
0.63026011803 1.06951170701 
0.63026011803 1.06951170701 
0.63026011803 1.06951170701 
0.63026011803 1.06951170701 
0.63026011803 1.06951170701 
0.63026011803 1.06951170701 
0.63026011803 1.06951170701 
0.63026011803 1.06951170701 
0.63026011803 1.06951170701 
0.63026011803 1.06951170701 
0.836718031446 0.796243368269 
0.63026011803 1.06951170701 
0.63026011803 1.06951170701 
0.63026011803 1.06951170701 
0.63026011803 1.06951170701 
0.63026011803 1.06951170701 
0.836718031446 0.796243368269 
0.836718031446 0.796243368269 
0.63026011803 1.06951170701 
0.63026011803 1.06951170701 
0.63026011803 1.06951170701 
0.63026011803 1.06951170701 
0.751203903479 0.963931506307 
0.63026011803 1.06951170701 
0.63026011803 1.06951170701 
0.63026011803 1.06951170701 
0.63026011803 1.06951170701 
0.63026011803 1.06951170701 
0.836718031446 0.796243368269 
0.63026011803 1.06951170701 
0.836718031446 0.796243368269 
0.63026011803 1.06951170701 
0.552500492403 1.10998960856 
0.63026011803 1.06951170701 
0.836718031446 0.796243368269 
0.63026011803 1.06951170701 
0.836718031446 0.796243368269 
0.63026011803 1.06951170701 
0.63026011803 1.06951170701 
0.63026011803 1.06951170701 
0.836718031446 0.796243368269 
0.995912666912 0.454233590896 
0.63026011803 1.06951170701 
0.63026011803 1.06951170701 
0.63026011803 1.06951170701 
0.63026011803 1.06951170701 
0.63026011803 1.06951170701 
0.63026011803 1.06951170701 
0.836718031446 0.796243368269 
0.63026011803 1.06951170701 
0.552500492403 1.10998960856 
0.63026011803 1.06951170701 
0.63026011803 1.06951170701 
0.63026011803 1.06951170701 
0.836718031446 0.796243368269 
0.63026011803 1.06951170701 
0.63026011803 1.06951170701 
0.63026011803 1.06951170701 
0.63026011803 1.06951170701 
0.63026011803 1.06951170701 
0.836718031446 0.796243368269 
0.63026011803 1.06951170701 
0.63026011803 1.06951170701 
0.63026011803 1.06951170701 
0.836718031446 0.796243368269 
0.63026011803 1.06951170701 
0.995912666912 0.454233590896 
0.63026011803 1.06951170701 
0.63026011803 1.06951170701 
0.63026011803 1.06951170701 
0.63026011803 1.06951170701 
0.836718031446 0.796243368269 
0.836718031446 0.796243368269 
0.63026011803 1.06951170701 
0.63026011803 1.06951170701 
0.63026011803 1.06951170701 
0.63026011803 1.06951170701 
0.63026011803 1.06951170701 
0.836718031446 0.796243368269 
0.63026011803 1.06951170701 
0.63026011803 1.06951170701 
0.63026011803 1.06951170701 
0.63026011803 1.06951170701 
0.63026011803 1.06951170701 
0.63026011803 1.06951170701 
0.836718031446 0.796243368269 
0.63026011803 1.06951170701 
0.63026011803 1.06951170701 
0.63026011803 1.06951170701 
0.836718031446 0.796243368269 
0.836718031446 0.796243368269 
0.63026011803 1.06951170701 
0.63026011803 1.06951170701 
0.63026011803 1.06951170701 
0.63026011803 1.06951170701 
0.63026011803 1.06951170701 
0.63026011803 1.06951170701 
0.63026011803 1.06951170701 
