0.817458179668 0.854883625602 
0.817458179668 0.854883625602 
0.817458179668 0.854883625602 
0.817458179668 0.854883625602 
1.02883575157 0.32149091693 
0.817458179668 0.854883625602 
0.817458179668 0.854883625602 
0.817458179668 0.854883625602 
0.817458179668 0.854883625602 
0.817458179668 0.854883625602 
0.817458179668 0.854883625602 
0.817458179668 0.854883625602 
1.02883575157 0.32149091693 
0.817458179668 0.854883625602 
1.02883575157 0.32149091693 
1.02883575157 0.32149091693 
0.716976634178 0.961422654934 
0.817458179668 0.854883625602 
1.02883575157 0.32149091693 
0.932371320535 0.65339426632 
0.817458179668 0.854883625602 
0.817458179668 0.854883625602 
0.992556548454 0.485870775809 
0.817458179668 0.854883625602 
0.817458179668 0.854883625602 
1.02883575157 0.32149091693 
0.716976634178 0.961422654934 
0.817458179668 0.854883625602 
0.932371320535 0.65339426632 
1.02883575157 0.32149091693 
1.02883575157 0.32149091693 
0.597197463149 1.0412458817 
0.817458179668 0.854883625602 
0.817458179668 0.854883625602 
1.02883575157 0.32149091693 
0.992556548454 0.485870775809 
0.817458179668 0.854883625602 
0.992556548454 0.485870775809 
0.817458179668 0.854883625602 
0.817458179668 0.854883625602 
0.992556548454 0.485870775809 
0.817458179668 0.854883625602 
0.817458179668 0.854883625602 
0.817458179668 0.854883625602 
0.65795530048 1.0104633375 
0.817458179668 0.854883625602 
1.02883575157 0.32149091693 
0.817458179668 0.854883625602 
0.716976634178 0.961422654934 
1.02883575157 0.32149091693 
0.817458179668 0.854883625602 
0.817458179668 0.854883625602 
0.817458179668 0.854883625602 
0.932371320535 0.65339426632 
0.817458179668 0.854883625602 
0.716976634178 0.961422654934 
0.992556548454 0.485870775809 
0.817458179668 0.854883625602 
0.65795530048 1.0104633375 
0.817458179668 0.854883625602 
0.716976634178 0.961422654934 
0.932371320535 0.65339426632 
0.817458179668 0.854883625602 
1.02883575157 0.32149091693 
0.817458179668 0.854883625602 
0.716976634178 0.961422654934 
0.817458179668 0.854883625602 
0.817458179668 0.854883625602 
0.817458179668 0.854883625602 
0.817458179668 0.854883625602 
0.817458179668 0.854883625602 
0.992556548454 0.485870775809 
0.817458179668 0.854883625602 
0.817458179668 0.854883625602 
0.817458179668 0.854883625602 
0.817458179668 0.854883625602 
0.716976634178 0.961422654934 
0.817458179668 0.854883625602 
0.817458179668 0.854883625602 
0.716976634178 0.961422654934 
0.817458179668 0.854883625602 
0.817458179668 0.854883625602 
0.716976634178 0.961422654934 
0.817458179668 0.854883625602 
0.992556548454 0.485870775809 
0.817458179668 0.854883625602 
0.817458179668 0.854883625602 
0.817458179668 0.854883625602 
0.817458179668 0.854883625602 
0.817458179668 0.854883625602 
0.817458179668 0.854883625602 
0.817458179668 0.854883625602 
0.817458179668 0.854883625602 
0.716976634178 0.961422654934 
0.817458179668 0.854883625602 
0.817458179668 0.854883625602 
0.817458179668 0.854883625602 
0.716976634178 0.961422654934 
0.992556548454 0.485870775809 
0.817458179668 0.854883625602 
