0.50373584586 1.03928485965 
0.994035628082 0.465842858794 
0.752392615986 0.877694843431 
0.321839102928 1.03937052359 
0.994035628082 0.465842858794 
0.889531231375 0.680625331182 
0.994035628082 0.465842858794 
0.994035628082 0.465842858794 
0.50373584586 1.03928485965 
0.752392615986 0.877694843431 
0.889531231375 0.680625331182 
0.752392615986 0.877694843431 
0.50373584586 1.03928485965 
0.889531231375 0.680625331182 
0.319162416402 1.05552561836 
0.994035628082 0.465842858794 
0.994035628082 0.465842858794 
0.752392615986 0.877694843431 
1.01700031415 0.377530241697 
0.319162416402 1.05552561836 
1.01700031415 0.377530241697 
0.50373584586 1.03928485965 
0.319162416402 1.05552561836 
0.50373584586 1.03928485965 
0.916471917802 0.668851913344 
0.752392615986 0.877694843431 
0.50373584586 1.03928485965 
1.01700031415 0.377530241697 
0.752392615986 0.877694843431 
0.50373584586 1.03928485965 
0.994035628082 0.465842858794 
0.664774533774 0.984608076824 
0.321839102928 1.03937052359 
0.664774533774 0.984608076824 
0.321710454106 1.04089882145 
0.50373584586 1.03928485965 
0.319162416402 1.05552561836 
0.318739264711 1.06047908648 
0.319162416402 1.05552561836 
0.994035628082 0.465842858794 
0.994035628082 0.465842858794 
0.50373584586 1.03928485965 
0.319162416402 1.05552561836 
0.994035628082 0.465842858794 
1.01700031415 0.377530241697 
0.318739264711 1.06047908648 
0.752392615986 0.877694843431 
0.994035628082 0.465842858794 
0.318483343857 1.06347492892 
0.50373584586 1.03928485965 
0.752392615986 0.877694843431 
0.319162416402 1.05552561836 
0.50373584586 1.03928485965 
0.50373584586 1.03928485965 
0.319162416402 1.05552561836 
1.01700031415 0.377530241697 
0.916471917802 0.668851913344 
0.321710454106 1.04089882145 
0.994035628082 0.465842858794 
1.01700031415 0.377530241697 
0.916471917802 0.668851913344 
0.321710454106 1.04089882145 
0.50373584586 1.03928485965 
0.50373584586 1.03928485965 
0.889531231375 0.680625331182 
0.319162416402 1.05552561836 
0.994035628082 0.465842858794 
0.752392615986 0.877694843431 
0.318739264711 1.06047908648 
0.319162416402 1.05552561836 
0.319162416402 1.05552561836 
0.321839102928 1.03937052359 
0.889531231375 0.680625331182 
0.50373584586 1.03928485965 
0.50373584586 1.03928485965 
0.321710454106 1.04089882145 
1.01700031415 0.377530241697 
1.01700031415 0.377530241697 
0.889531231375 0.680625331182 
0.994035628082 0.465842858794 
0.50373584586 1.03928485965 
0.916471917802 0.668851913344 
0.318739264711 1.06047908648 
0.319162416402 1.05552561836 
0.319162416402 1.05552561836 
0.994035628082 0.465842858794 
0.994035628082 0.465842858794 
0.319162416402 1.05552561836 
0.994035628082 0.465842858794 
0.50373584586 1.03928485965 
0.752392615986 0.877694843431 
0.994035628082 0.465842858794 
0.319162416402 1.05552561836 
0.319162416402 1.05552561836 
0.889531231375 0.680625331182 
0.50373584586 1.03928485965 
0.50373584586 1.03928485965 
0.318739264711 1.06047908648 
0.319162416402 1.05552561836 
0.50373584586 1.03928485965 
