0.847464425645 0.932993797929 
0.847464425645 0.932993797929 
0.847464425645 0.932993797929 
0.847464425645 0.932993797929 
0.847464425645 0.932993797929 
0.847464425645 0.932993797929 
0.847464425645 0.932993797929 
0.847464425645 0.932993797929 
0.881096355971 0.887177714062 
0.847464425645 0.932993797929 
0.847464425645 0.932993797929 
0.881096355971 0.887177714062 
0.847464425645 0.932993797929 
0.847464425645 0.932993797929 
0.847464425645 0.932993797929 
0.847464425645 0.932993797929 
0.847464425645 0.932993797929 
0.847464425645 0.932993797929 
0.881096355971 0.887177714062 
0.847464425645 0.932993797929 
0.925119272313 0.792603839307 
0.847464425645 0.932993797929 
0.847464425645 0.932993797929 
0.847464425645 0.932993797929 
0.847464425645 0.932993797929 
0.847464425645 0.932993797929 
0.847464425645 0.932993797929 
0.847464425645 0.932993797929 
0.847464425645 0.932993797929 
0.847464425645 0.932993797929 
0.925119272313 0.792603839307 
0.847464425645 0.932993797929 
0.847464425645 0.932993797929 
0.847464425645 0.932993797929 
0.847464425645 0.932993797929 
0.582135311695 1.13566670545 
0.847464425645 0.932993797929 
0.847464425645 0.932993797929 
0.847464425645 0.932993797929 
0.847464425645 0.932993797929 
1.03636522155 0.559871931919 
0.847464425645 0.932993797929 
0.987717760796 0.690995966786 
0.616932226766 1.10438143075 
0.847464425645 0.932993797929 
0.847464425645 0.932993797929 
0.847464425645 0.932993797929 
0.847464425645 0.932993797929 
0.847464425645 0.932993797929 
0.847464425645 0.932993797929 
0.925119272313 0.792603839307 
0.847464425645 0.932993797929 
0.847464425645 0.932993797929 
0.847464425645 0.932993797929 
0.847464425645 0.932993797929 
0.847464425645 0.932993797929 
0.677019379633 1.09021950861 
0.847464425645 0.932993797929 
0.847464425645 0.932993797929 
0.847464425645 0.932993797929 
0.847464425645 0.932993797929 
0.847464425645 0.932993797929 
0.886690286579 0.878914847112 
0.500135316432 1.15474521583 
1.10391735682 0.249187020162 
0.847464425645 0.932993797929 
0.847464425645 0.932993797929 
0.847464425645 0.932993797929 
0.847464425645 0.932993797929 
0.847464425645 0.932993797929 
1.08553439169 0.306416598228 
0.987717760796 0.690995966786 
0.616932226766 1.10438143075 
0.925119272313 0.792603839307 
0.847464425645 0.932993797929 
0.847464425645 0.932993797929 
0.847464425645 0.932993797929 
0.847464425645 0.932993797929 
0.847464425645 0.932993797929 
0.847464425645 0.932993797929 
0.500135316432 1.15474521583 
0.925119272313 0.792603839307 
0.847464425645 0.932993797929 
0.847464425645 0.932993797929 
0.847464425645 0.932993797929 
0.847464425645 0.932993797929 
0.847464425645 0.932993797929 
0.847464425645 0.932993797929 
0.847464425645 0.932993797929 
0.847464425645 0.932993797929 
0.847464425645 0.932993797929 
0.925119272313 0.792603839307 
0.847464425645 0.932993797929 
0.925119272313 0.792603839307 
0.677019379633 1.09021950861 
0.847464425645 0.932993797929 
0.847464425645 0.932993797929 
0.847464425645 0.932993797929 
0.847464425645 0.932993797929 
0.847464425645 0.932993797929 
