0.681919856722 1.08875097878 
0.856411872687 0.906937029923 
0.681919856722 1.08875097878 
1.07595635324 0.329809847332 
1.07595635324 0.329809847332 
0.681919856722 1.08875097878 
0.856411872687 0.906937029923 
1.07595635324 0.329809847332 
1.07595635324 0.329809847332 
1.03450801938 0.515234437975 
0.769835477257 1.01252170493 
1.07595635324 0.329809847332 
0.681919856722 1.08875097878 
0.856411872687 0.906937029923 
0.681919856722 1.08875097878 
1.07595635324 0.329809847332 
0.856411872687 0.906937029923 
1.07595635324 0.329809847332 
1.07595635324 0.329809847332 
1.07595635324 0.329809847332 
0.681919856722 1.08875097878 
0.769835477257 1.01252170493 
1.07595635324 0.329809847332 
0.681919856722 1.08875097878 
1.07595635324 0.329809847332 
1.07595635324 0.329809847332 
1.07595635324 0.329809847332 
1.07595635324 0.329809847332 
1.07595635324 0.329809847332 
0.681919856722 1.08875097878 
0.769835477257 1.01252170493 
1.07595635324 0.329809847332 
1.07595635324 0.329809847332 
1.07595635324 0.329809847332 
1.07595635324 0.329809847332 
0.681919856722 1.08875097878 
0.681919856722 1.08875097878 
0.681919856722 1.08875097878 
1.03450801938 0.515234437975 
1.07595635324 0.329809847332 
1.07595635324 0.329809847332 
0.856411872687 0.906937029923 
0.681919856722 1.08875097878 
1.07595635324 0.329809847332 
0.769835477257 1.01252170493 
1.07595635324 0.329809847332 
1.07595635324 0.329809847332 
0.856411872687 0.906937029923 
1.07595635324 0.329809847332 
0.681919856722 1.08875097878 
0.681919856722 1.08875097878 
0.681919856722 1.08875097878 
0.856411872687 0.906937029923 
0.500967723604 1.13914399622 
0.769835477257 1.01252170493 
0.681919856722 1.08875097878 
1.07595635324 0.329809847332 
0.856411872687 0.906937029923 
0.681919856722 1.08875097878 
0.681919856722 1.08875097878 
1.07595635324 0.329809847332 
1.07595635324 0.329809847332 
1.07595635324 0.329809847332 
0.856411872687 0.906937029923 
1.03450801938 0.515234437975 
0.681919856722 1.08875097878 
1.07595635324 0.329809847332 
0.856411872687 0.906937029923 
1.07595635324 0.329809847332 
1.07595635324 0.329809847332 
1.07595635324 0.329809847332 
0.681919856722 1.08875097878 
0.681919856722 1.08875097878 
0.769835477257 1.01252170493 
0.769835477257 1.01252170493 
1.07595635324 0.329809847332 
1.03450801938 0.515234437975 
1.07595635324 0.329809847332 
1.07595635324 0.329809847332 
0.681919856722 1.08875097878 
0.949410564079 0.745099469076 
0.681919856722 1.08875097878 
1.07595635324 0.329809847332 
0.769835477257 1.01252170493 
1.07595635324 0.329809847332 
0.681919856722 1.08875097878 
1.07595635324 0.329809847332 
1.07595635324 0.329809847332 
0.769835477257 1.01252170493 
0.769835477257 1.01252170493 
0.681919856722 1.08875097878 
0.856411872687 0.906937029923 
1.07595635324 0.329809847332 
1.07595635324 0.329809847332 
0.681919856722 1.08875097878 
0.681919856722 1.08875097878 
0.681919856722 1.08875097878 
1.03450801938 0.515234437975 
1.07595635324 0.329809847332 
1.07595635324 0.329809847332 
