0.999331885824 0.998007173583 0.997829278521 0.999506448935 0.999083475639 1.30169913103 
0.999331885824 0.998007173583 0.997829278521 0.999506448935 0.999083475639 1.30169913103 
0.999331885824 0.998007173583 0.997829278521 0.999506448935 0.999083475639 1.30169913103 
0.999331885824 0.998007173583 0.997829278521 0.999506448935 0.999083475639 1.30169913103 
0.999331885824 0.998007173583 0.997829278521 0.999506448935 0.999083475639 1.30169913103 
0.999331885824 0.998007173583 0.997829278521 0.999506448935 0.999083475639 1.30169913103 
0.999331885824 0.998007173583 0.997829278521 0.999506448935 0.999083475639 1.30169913103 
0.999331885824 0.998007173583 0.997829278521 0.999506448935 0.999083475639 1.30169913103 
0.999331885824 0.998007173583 0.997829278521 0.999506448935 0.999083475639 1.30169913103 
0.999331885824 0.998007173583 0.997829278521 0.999674223544 0.996449778846 1.30037994188 
0.999331885824 0.998007173583 0.997829278521 0.999506448935 0.999083475639 1.30169913103 
0.999331885824 0.998007173583 0.997829278521 0.999506448935 0.999083475639 1.30169913103 
0.999331885824 0.998007173583 0.997829278521 0.999506448935 0.999083475639 1.30169913103 
0.999331885824 0.998007173583 0.997829278521 0.999506448935 0.999083475639 1.30169913103 
0.999331885824 0.998007173583 0.997829278521 0.999506448935 0.999083475639 1.30169913103 
0.999331885824 0.998007173583 0.997829278521 0.999506448935 0.999083475639 1.30169913103 
0.999331885824 0.998007173583 0.997829278521 0.999506448935 0.999083475639 1.30169913103 
0.999331885824 0.998007173583 0.997829278521 0.999506448935 0.999083475639 1.30169913103 
0.999331885824 0.998007173583 0.997829278521 0.999506448935 0.999083475639 1.30169913103 
0.999331885824 0.998007173583 0.997829278521 0.999506448935 0.999083475639 1.30169913103 
0.999331885824 0.998007173583 0.997829278521 0.999506448935 0.999083475639 1.30169913103 
0.999331885824 0.998007173583 0.428421508823 0.999674223544 0.999886878895 1.1809788184 
0.999331885824 0.998007173583 0.986667248005 0.999674223544 0.999083475639 1.29587341743 
0.999331885824 0.998007173583 0.997829278521 0.999506448935 0.999083475639 1.30169913103 
0.999331885824 0.998007173583 0.997829278521 0.999506448935 0.999083475639 1.30169913103 
0.999331885824 0.998007173583 0.997829278521 0.999506448935 0.999083475639 1.30169913103 
0.999331885824 0.998007173583 0.997829278521 0.999506448935 0.999083475639 1.30169913103 
0.999331885824 0.998007173583 0.997829278521 0.999506448935 0.999083475639 1.30169913103 
0.999331885824 0.998007173583 0.997829278521 0.999674223544 0.996449778846 1.30037994188 
0.999331885824 0.998007173583 0.997829278521 0.999506448935 0.999083475639 1.30169913103 
0.999331885824 0.998007173583 0.997829278521 0.999506448935 0.999083475639 1.30169913103 
0.999331885824 0.998007173583 0.997829278521 0.999506448935 0.999083475639 1.30169913103 
0.999331885824 0.998007173583 0.997829278521 0.999506448935 0.999083475639 1.30169913103 
0.999331885824 0.998007173583 0.997829278521 0.999506448935 0.999083475639 1.30169913103 
0.999331885824 0.998007173583 0.997829278521 0.999506448935 0.999083475639 1.30169913103 
0.999331885824 0.998007173583 0.997829278521 0.999506448935 0.999083475639 1.30169913103 
0.999331885824 0.998007173583 0.997829278521 0.999506448935 0.999083475639 1.30169913103 
0.999331885824 0.998007173583 0.997829278521 0.999506448935 0.999083475639 1.30169913103 
0.999331885824 0.998007173583 0.997829278521 0.999506448935 0.999083475639 1.30169913103 
0.999331885824 0.998007173583 0.997829278521 0.999506448935 0.999083475639 1.30169913103 
0.999331885824 0.998007173583 0.997829278521 0.999506448935 0.999083475639 1.30169913103 
0.999331885824 0.998007173583 0.997829278521 0.999506448935 0.999083475639 1.30169913103 
0.999331885824 0.998007173583 0.997829278521 0.999674223544 0.996449778846 1.30037994188 
0.999331885824 0.998007173583 0.997829278521 0.79849839332 0.999886878895 1.19960151824 
0.999331885824 0.998007173583 0.997829278521 0.999506448935 0.999083475639 1.30169913103 
0.999331885824 0.998007173583 0.997829278521 0.999506448935 0.999083475639 1.30169913103 
0.999331885824 0.998007173583 0.997829278521 0.999506448935 0.999083475639 1.30169913103 
0.999331885824 0.998007173583 0.997829278521 0.999506448935 0.999083475639 1.30169913103 
0.999331885824 0.998007173583 0.997829278521 0.999506448935 0.999083475639 1.30169913103 
0.999331885824 0.998007173583 0.997829278521 0.999506448935 0.999083475639 1.30169913103 
0.999331885824 0.998007173583 0.997829278521 0.999506448935 0.999083475639 1.30169913103 
0.999331885824 0.998007173583 0.997829278521 0.999506448935 0.999083475639 1.30169913103 
0.999331885824 0.998007173583 0.997829278521 0.999506448935 0.999083475639 1.30169913103 
0.999331885824 0.998007173583 0.997829278521 0.999506448935 0.999083475639 1.30169913103 
0.999331885824 0.998007173583 0.997829278521 0.999506448935 0.999083475639 1.30169913103 
0.999331885824 0.998007173583 0.997829278521 0.999506448935 0.999083475639 1.30169913103 
0.999331885824 0.998007173583 0.997829278521 0.999674223544 0.996449778846 1.30037994188 
0.999331885824 0.998007173583 0.997829278521 0.999506448935 0.999083475639 1.30169913103 
0.999331885824 0.998007173583 0.997829278521 0.999506448935 0.999083475639 1.30169913103 
0.999331885824 0.998007173583 0.997829278521 0.999506448935 0.999083475639 1.30169913103 
0.999331885824 0.998007173583 0.997829278521 0.999506448935 0.999083475639 1.30169913103 
0.999331885824 0.998007173583 0.997829278521 0.999506448935 0.999083475639 1.30169913103 
0.999331885824 0.998007173583 0.997829278521 0.999506448935 0.999083475639 1.30169913103 
0.999331885824 0.998007173583 0.997829278521 0.999506448935 0.999083475639 1.30169913103 
0.999331885824 0.998007173583 0.997829278521 0.999506448935 0.999083475639 1.30169913103 
0.999331885824 0.998007173583 0.997829278521 0.999506448935 0.999083475639 1.30169913103 
0.999331885824 0.998007173583 0.997829278521 0.999506448935 0.999083475639 1.30169913103 
0.999331885824 0.998007173583 0.997829278521 0.999674223544 0.996449778846 1.30037994188 
0.999331885824 0.998007173583 0.997829278521 0.999506448935 0.999083475639 1.30169913103 
0.999331885824 0.998007173583 0.997829278521 0.999674223544 0.996449778846 1.30037994188 
0.999331885824 0.998007173583 0.997829278521 0.999506448935 0.999083475639 1.30169913103 
0.999331885824 0.998007173583 0.428421508823 0.999674223544 0.999886878895 1.1809788184 
0.999331885824 0.998007173583 0.997829278521 0.999506448935 0.999083475639 1.30169913103 
0.999331885824 0.998007173583 0.997829278521 0.999506448935 0.999083475639 1.30169913103 
0.999331885824 0.998007173583 0.997829278521 0.999506448935 0.999083475639 1.30169913103 
0.999331885824 0.998007173583 0.997829278521 0.999506448935 0.999083475639 1.30169913103 
0.999331885824 0.998007173583 0.997829278521 0.999506448935 0.999083475639 1.30169913103 
0.999331885824 0.998007173583 0.997829278521 0.999506448935 0.999083475639 1.30169913103 
0.999331885824 0.998007173583 0.997829278521 0.999506448935 0.999083475639 1.30169913103 
0.999331885824 0.998007173583 0.997829278521 0.999506448935 0.999083475639 1.30169913103 
0.999331885824 0.998007173583 0.997829278521 0.999506448935 0.999083475639 1.30169913103 
0.999331885824 0.998007173583 0.997829278521 0.999506448935 0.999083475639 1.30169913103 
0.999331885824 0.998007173583 0.997829278521 0.999506448935 0.999083475639 1.30169913103 
0.999331885824 0.998007173583 0.997829278521 0.999506448935 0.999083475639 1.30169913103 
0.999331885824 0.998007173583 0.997829278521 0.999506448935 0.999083475639 1.30169913103 
0.999331885824 0.998007173583 0.997829278521 0.999506448935 0.999083475639 1.30169913103 
0.999331885824 0.998007173583 0.997829278521 0.999506448935 0.999083475639 1.30169913103 
0.999331885824 0.998007173583 0.997829278521 0.999506448935 0.999083475639 1.30169913103 
0.999331885824 0.998007173583 0.997829278521 0.999506448935 0.999083475639 1.30169913103 
0.999331885824 0.998007173583 0.997829278521 0.999506448935 0.999083475639 1.30169913103 
0.999331885824 0.998007173583 0.997829278521 0.999506448935 0.999083475639 1.30169913103 
0.999331885824 0.998007173583 0.997829278521 0.999506448935 0.999083475639 1.30169913103 
0.999331885824 0.998007173583 0.997829278521 0.999506448935 0.999083475639 1.30169913103 
0.999331885824 0.998007173583 0.997829278521 0.999506448935 0.999083475639 1.30169913103 
0.999331885824 0.998007173583 0.997829278521 0.999506448935 0.999083475639 1.30169913103 
0.999331885824 0.998007173583 0.997829278521 0.999506448935 0.999083475639 1.30169913103 
0.999331885824 0.998007173583 0.997829278521 0.999506448935 0.999083475639 1.30169913103 
0.999331885824 0.998007173583 0.997829278521 0.999506448935 0.999083475639 1.30169913103 
0.999331885824 0.998007173583 0.997829278521 0.999506448935 0.999083475639 1.30169913103 
0.999331885824 0.998007173583 0.997829278521 0.999506448935 0.999083475639 1.30169913103 
