0.956309569039 0.463133154896 0.215014584247 0.492066504498 0.99943974589 0.746186670019 
0.987183174119 0.143166349756 0.0542138177514 0.953146593665 0.469313303016 0.719848716977 
0.872705337737 0.919175905296 0.877385778131 0.471510655641 0.679132533784 0.835325440889 
0.0372484569932 0.742480994473 0.0633629604891 0.986077683145 0.674715879227 0.629179797961 
0.934183631912 0.391559872184 0.811183792189 0.949850766806 0.650310930613 0.784486133214 
0.863251671333 0.584788998736 0.896098552678 0.382425919183 0.833368695167 0.627229356375 
0.86619415762 0.369805867018 0.53961018424 0.99790370212 0.778140809407 0.649608760765 
0.499688337113 0.966450844772 0.386390486361 0.603126108263 0.403554581642 0.66813526785 
0.452826650609 0.958946594299 0.551630587726 0.236552918795 0.998668534167 0.758342219911 
0.428954453136 0.168687284881 0.850946108724 0.429565523507 0.923821009088 0.730357221246 
0.994863126955 0.65936185188 0.0536470382921 0.416929036701 0.851270026396 0.608481711752 
0.27503045236 0.965698985043 0.981032634315 0.618317700685 0.712381543514 0.675166228936 
0.413129445421 0.952933675686 0.752876699684 0.302484002264 0.966568767821 0.894666072645 
0.893252659903 0.0140095596654 0.0185921329767 0.960080528642 0.375892628274 0.491307339676 
0.336949012742 0.451755975237 0.939899046802 0.804511192995 0.751502230891 0.684798734163 
0.996410849809 0.453125457555 0.818051133345 0.825147879108 0.425365966801 0.707437416775 
0.962910432119 0.929860112846 0.360742782095 0.0374908705735 0.00915946176996 0.575672841518 
0.430028454261 0.999578254628 0.461852230429 0.826780378695 0.265635505385 0.728678384551 
0.996410849809 0.805502439699 0.55165757238 0.342790691579 0.55558389306 0.742183666516 
0.987183174119 0.800912030702 0.32491417047 0.554770984348 0.399237500244 0.635351846929 
0.624056163002 0.116606202334 0.54576632901 0.639760017252 0.962522325882 0.739174924948 
0.0372484569932 0.742480994473 0.0633629604891 0.986077683145 0.674715879227 0.629179797961 
0.957214006975 0.875740208522 0.711608788349 0.242592236134 0.0700313417592 0.552824895036 
0.550236492595 0.27457524234 0.954565926664 0.71576473416 0.759530766758 0.875762289676 
0.632360762732 0.20208028659 0.777374819543 0.361555962517 0.852966739848 0.692353691875 
0.0758139591554 0.923971420453 0.29710323932 0.986176130534 0.0560440854658 0.456407063391 
0.645147828691 0.760199141018 0.925477914117 0.482310521478 0.390130116984 0.772650693499 
0.996410849809 0.805502439699 0.55165757238 0.342790691579 0.55558389306 0.742183666516 
0.75708279056 0.925552900099 0.715705454046 0.119806285333 0.383931039489 0.543822267001 
0.591860848959 0.960604834034 0.706431124396 0.581704176304 0.767698342261 0.659855072478 
0.667112040311 0.539533578807 0.759556214611 0.581704176304 0.767698342261 0.739746964311 
0.413129445421 0.952933675686 0.752876699684 0.302484002264 0.966568767821 0.894666072645 
0.663749855262 0.234000536018 0.808811518384 0.634358673815 0.817664809228 0.631070778325 
0.0372484569932 0.742480994473 0.0633629604891 0.986077683145 0.376805911698 0.702734081768 
0.890682592476 0.960604834034 0.706431124396 0.883072155638 0.708009038586 0.847860702844 
0.890682592476 0.88732089283 0.671560706005 0.302484002264 0.966568767821 0.916752977898 
0.645147828691 0.760199141018 0.637303987669 0.430802247005 0.973648843286 0.77468521105 
0.342187828375 0.70595890074 0.613636881526 0.909856097219 0.425365966801 0.641987389936 
0.430028454261 0.999578254628 0.0519549754747 0.236552918795 0.998668534167 0.665625126368 
0.27503045236 0.965698985043 0.23722911425 0.236552918795 0.998668534167 0.627476871385 
0.43551872728 0.54842920805 0.972688998187 0.0330850193043 0.846235669765 0.536543657126 
0.326199462 0.785444819731 0.613636881526 0.909856097219 0.425365966801 0.633191505287 
0.994863126955 0.65936185188 0.0536470382921 0.416929036701 0.851270026396 0.608481711752 
0.53760076391 0.143976190991 0.419241853063 0.983001376449 0.790669471226 0.499122944496 
0.43551872728 0.54842920805 0.972688998187 0.342790691579 0.55558389306 0.736734813463 
0.738838587974 0.00622125498799 0.914120675471 0.883300557438 0.775485562663 0.586716554726 
0.850874665109 0.938206429335 0.870929636986 0.0912939265824 0.727167583127 0.747799416054 
0.987183174119 0.143166349756 0.0542138177514 0.953146593665 0.469313303016 0.719848716977 
0.546088107245 0.798934077885 0.327292044159 0.841408471081 0.931189931065 0.808926874395 
0.228204931682 0.770858315689 0.94321993858 0.717746647692 0.807079986599 0.636223439775 
0.184815218982 0.688847072691 0.998736824325 0.904393633304 0.158287349915 0.402704892738 
0.430028454261 0.999578254628 0.0519549754747 0.777947415182 0.751502230891 0.656933516101 
0.890682592476 0.0434272298096 0.646005880503 0.974149291144 0.952691503554 0.714338337747 
0.978379120795 0.785444819731 0.74053452318 0.793225802652 0.961425612121 0.734589040204 
0.328672628125 0.848090011025 0.950914139317 0.839315115498 0.935419909141 0.608644192273 
0.140457974301 0.548331813527 0.493428440023 0.954634554599 0.508530475869 0.561780466089 
0.287871830537 0.74791596942 0.998365214992 0.458621382603 0.414803492175 0.729473107236 
0.976428296624 0.621757234084 0.461852230429 0.826780378695 0.751502230891 0.766473990197 
0.893252659903 0.0140095596654 0.0185921329767 0.960080528642 0.375892628274 0.491307339676 
0.601032476159 0.521783916451 0.530900294699 0.914306469497 0.0842736249677 0.615524939463 
0.799183626772 0.242556776223 0.826680653467 0.638396325278 0.783498504341 0.606464643254 
0.388386236751 0.797429740096 0.886836305677 0.783318299664 0.78399154502 0.705294838532 
0.591860848959 0.960604834034 0.706431124396 0.581704176304 0.846235669765 0.621350208148 
0.663749855262 0.234000536018 0.808811518384 0.634358673815 0.674715879227 0.714454988659 
0.957214006975 0.875740208522 0.711608788349 0.242592236134 0.0700313417592 0.552824895036 
0.893252659903 0.0140095596654 0.0185921329767 0.960080528642 0.375892628274 0.491307339676 
0.342187828375 0.70595890074 0.613636881526 0.236552918795 0.998668534167 0.687367928363 
0.956309569039 0.463133154896 0.215014584247 0.492066504498 0.99943974589 0.746186670019 
0.430028454261 0.999578254628 0.461852230429 0.826780378695 0.265635505385 0.728678384551 
0.388386236751 0.797429740096 0.886836305677 0.783318299664 0.78399154502 0.705294838532 
0.956309569039 0.20208028659 0.777374819543 0.236552918795 0.998668534167 0.68309860667 
0.624056163002 0.116606202334 0.54576632901 0.639760017252 0.962522325882 0.739174924948 
0.987183174119 0.944838933164 0.0618693269854 0.9322934626 0.376805911698 0.937164425038 
0.342187828375 0.70595890074 0.613636881526 0.909856097219 0.265635505385 0.705720138882 
0.893252659903 0.0140095596654 0.0185921329767 0.820195846599 0.93752721861 0.556356775668 
0.430028454261 0.999578254628 0.0519549754747 0.957275423899 0.560635545053 0.516342944698 
0.987183174119 0.143166349756 0.0542138177514 0.634358673815 0.817664809228 0.566717442931 
0.184815218982 0.688847072691 0.998736824325 0.904393633304 0.158287349915 0.402704892738 
0.430028454261 0.999578254628 0.0519549754747 0.957275423899 0.375892628274 0.629026934874 
0.342187828375 0.70595890074 0.613636881526 0.909856097219 0.425365966801 0.641987389936 
0.996410849809 0.805502439699 0.55165757238 0.236552918795 0.998668534167 0.7922553723 
0.671093929076 0.588436001096 0.957103173587 0.233877618568 0.214103607349 0.561954144337 
0.0225572546497 0.998833748165 0.492549143805 0.274575662896 0.931189931065 0.639041689353 
0.707205959864 0.329400834181 0.919742996338 0.200064461785 0.674064534769 0.664417829825 
0.428954453136 0.168687284881 0.850946108724 0.429565523507 0.923821009088 0.730357221246 
0.20268043811 0.988318846704 0.642133382628 0.0344058079067 0.156588775911 0.54772681262 
0.418462486626 0.665683154933 0.0828382769942 0.92689357276 0.299755849257 0.631893056765 
0.838822960921 0.567261963143 0.177477582959 0.948320731725 0.126685930856 0.593028668704 
0.430028454261 0.999578254628 0.461852230429 0.634358673815 0.817664809228 0.731469080526 
0.731504172087 0.838754369579 0.640740103373 0.820195846599 0.93752721861 0.867401743063 
0.150772523252 0.93512100732 0.120270248261 0.661973137359 0.983614259222 0.56820826315 
0.957214006975 0.875740208522 0.711608788349 0.242592236134 0.0700313417592 0.552824895036 
0.987183174119 0.143166349756 0.0542138177514 0.953146593665 0.469313303016 0.719848716977 
0.53760076391 0.143976190991 0.419241853063 0.983001376449 0.790669471226 0.499122944496 
0.388386236751 0.797429740096 0.886836305677 0.634358673815 0.817664809228 0.679757730771 
0.601032476159 0.521783916451 0.530900294699 0.914306469497 0.0842736249677 0.615524939463 
0.63317352867 0.217753105166 0.976058467611 0.955817342954 0.2438546858 0.52116773002 
0.920768104281 0.197219406057 0.787690837217 0.0892989297447 0.834023145066 0.52288717155 
0.996410849809 0.725563456064 0.10120291307 0.932047615022 0.0672412967953 0.61597120458 
0.550236492595 0.27457524234 0.954565926664 0.71576473416 0.759530766758 0.875762289676 
