0.974863961654 0.5015152596 0.176114324808 0.518952934565 0.722647707995 0.73432470098 
0.378211337463 0.829499162803 0.32769819603 0.97140471455 0.533098401212 0.657762931026 
0.664797923581 0.710310732105 0.421518480103 0.107183130396 0.799159779119 0.405223455577 
0.746325691007 0.669567281709 0.101225401153 0.261919420806 0.927988270989 0.488045799076 
0.770570111777 0.600006658216 0.0462431677803 0.920057704587 0.62042371119 0.666469707198 
0.652308975177 0.96045230861 0.585169125125 0.45362190142 0.716659298769 0.562807157238 
0.622179144569 0.988104991247 0.531556276083 0.336764350116 0.147461993411 0.493798471721 
0.375812674116 0.761856349893 0.875688830103 0.902521901281 0.596675035475 0.645990495551 
0.853837034116 0.316689250707 0.624713361112 0.306146093168 0.960250219638 0.562443727052 
0.643604289167 0.0833656273746 0.602927386106 0.481851174457 0.854388056045 0.664375157951 
0.999445785584 0.26831673517 0.57082249908 0.299002235574 0.271739075233 0.41021928295 
0.964795140683 0.456235374896 0.419482893647 0.802810157238 0.203100875663 0.639314246076 
0.0537318268037 0.0464196966399 0.692871859421 0.8723020017 0.760931104957 0.492722453758 
0.419089813246 0.94048411087 0.19410587234 0.503374028879 0.92320559474 0.45593933246 
0.351696777386 0.896506892465 0.219637402572 0.850607359786 0.428315139006 0.735495670252 
0.55842640638 0.212930739385 0.927050363806 0.452166681744 0.990720924394 0.720024568263 
0.0485936333304 0.990311379591 0.752597961592 0.434945384156 0.554284772771 0.56926674364 
0.870632199323 0.658607889691 0.763302437731 0.78735492928 0.458752930519 0.665030677495 
0.892225261589 0.451395445713 0.375349560849 0.538850417492 0.783149536269 0.774454844606 
0.770041139673 0.771522331983 0.856541726663 0.776740956253 0.421944025365 0.519078627683 
0.963455912323 0.39562520413 0.600787842552 0.0908192123653 0.0649962405907 0.463173137521 
0.445566866184 0.936090434753 0.486774374314 0.39437898966 0.806904471886 0.702251507929 
0.865366998654 0.956202978727 0.805193430777 0.814000535339 0.726961911786 0.815796780319 
0.291041322387 0.472327646827 0.779077151009 0.978258366133 0.0628990866093 0.379080631961 
0.897219541486 0.180844135559 0.877275132695 0.518678030395 0.637255295315 0.688620818595 
0.0921278373466 0.788260323797 0.98223900303 0.600002578146 0.961653466319 0.677911107607 
0.061351296237 0.613119078734 0.849411159968 0.659166940578 0.306248519563 0.819348955786 
0.664797923581 0.710310732105 0.421518480103 0.107183130396 0.799159779119 0.405223455577 
0.770041139673 0.771522331983 0.856541726663 0.776740956253 0.421944025365 0.519078627683 
0.918349262908 0.990237249216 0.20371303703 0.776740956253 0.421944025365 0.516578294726 
0.0537318268037 0.0464196966399 0.692871859421 0.8723020017 0.760931104957 0.492722453758 
0.870632199323 0.658607889691 0.763302437731 0.78735492928 0.458752930519 0.665030677495 
0.643604289167 0.16791284432 0.484951491783 0.931515844705 0.489554046164 0.553230646226 
0.155219827799 0.238076645409 0.68584608649 0.0358953765971 0.96464133745 0.314047092598 
0.066021990837 0.923914839827 0.827371493445 0.256408716822 0.91299062974 0.668940719119 
0.762888534503 0.853153462608 0.883098674455 0.622516966469 0.739635993906 0.60028501173 
0.623926794972 0.972551917205 0.263100835859 0.860806507687 0.622719192328 0.574296210433 
0.304963150222 0.975387682578 0.421518480103 0.107183130396 0.799159779119 0.387286909318 
0.436308102648 0.491939962087 0.867227800565 0.868210123985 0.345555495074 0.777911974688 
0.0485936333304 0.990311379591 0.752597961592 0.0744625616759 0.96161248922 0.664454195389 
0.419089813246 0.469849551534 0.473424198019 0.958014534138 0.70785166442 0.543357757121 
0.746325691007 0.669567281709 0.815386111562 0.884039134026 0.117590173696 0.513307612103 
0.55842640638 0.212930739385 0.927050363806 0.452166681744 0.306248519563 0.838854793609 
0.783889641884 0.931625107836 0.451745997355 0.831235946189 0.301545109083 0.657156526477 
0.746325691007 0.669567281709 0.815386111562 0.776740956253 0.421944025365 0.521157920496 
0.762888534503 0.853153462608 0.883098674455 0.622516966469 0.739635993906 0.60028501173 
0.908094455587 0.964005003478 0.427308138895 0.0744625616759 0.96161248922 0.774478006079 
0.43397173662 0.789311474563 0.346332616519 0.867213530447 0.572731033956 0.67064048975 
0.999075414528 0.522952589946 0.53038865749 0.261919420806 0.927988270989 0.646476426211 
0.305838383876 0.830582841378 0.495683212929 0.879098453436 0.836714919634 0.819263437909 
0.0485936333304 0.990311379591 0.752597961592 0.884039134026 0.117590173696 0.496600166475 
0.623926794972 0.972551917205 0.263100835859 0.87363732945 0.0338274347612 0.518282223788 
0.840367865145 0.187262949703 0.759299549011 0.847694542151 0.102550805894 0.491151688427 
0.840367865145 0.187262949703 0.759299549011 0.306146093168 0.960250219638 0.522826106463 
0.0537318268037 0.0464196966399 0.692871859421 0.8723020017 0.760931104957 0.492722453758 
0.304963150222 0.910793724924 0.661935610346 0.625876939461 0.784203310354 0.663508657058 
0.0245573802303 0.956844703207 0.851845124776 0.197953153496 0.202991045797 0.275710962301 
0.960657708327 0.418485974383 0.478861449748 0.822926677068 0.530475079491 0.546341336307 
0.378211337463 0.829499162803 0.32769819603 0.659166940578 0.306248519563 0.816833541172 
0.712808987584 0.660499146426 0.844184052074 0.66664361376 0.739819322828 0.703537341109 
0.55842640638 0.212930739385 0.927050363806 0.622516966469 0.739635993906 0.536504948548 
0.061351296237 0.613119078734 0.849411159968 0.659166940578 0.345555495074 0.725633457835 
0.378211337463 0.829499162803 0.32769819603 0.97140471455 0.533098401212 0.657762931026 
0.0537318268037 0.0464196966399 0.692871859421 0.8723020017 0.760931104957 0.492722453758 
0.954289892288 0.113989127789 0.0630661697927 0.810432132277 0.733638534595 0.547724684428 
0.305838383876 0.830582841378 0.495683212929 0.879098453436 0.836714919634 0.819263437909 
0.975516048899 0.88266611654 0.184548237043 0.558778480235 0.0773435943937 0.631735781797 
0.00594672602569 0.771611821977 0.869599171049 0.634136990671 0.381215352722 0.43403865215 
0.746325691007 0.669567281709 0.346332616519 0.867213530447 0.572731033956 0.743375945458 
0.631365018149 0.379717156693 0.933723736609 0.860806507687 0.622719192328 0.741004059694 
0.305838383876 0.830582841378 0.495683212929 0.879098453436 0.836714919634 0.819263437909 
0.0665935539098 0.910793724924 0.661935610346 0.625876939461 0.784203310354 0.664560033302 
0.458624452568 0.847144718683 0.702646626142 0.82759837308 0.371204292471 0.656984131284 
0.305838383876 0.830582841378 0.495683212929 0.879098453436 0.836714919634 0.819263437909 
0.245919588087 0.981008518369 0.795668403894 0.461794430868 0.0800742073318 0.704407417036 
0.304963150222 0.975387682578 0.421518480103 0.452166681744 0.306248519563 0.851845561605 
0.734673043346 0.235665875905 0.661935610346 0.625876939461 0.784203310354 0.625802756733 
0.700203819051 0.173242549374 0.0311046457452 0.935484953445 0.399989787456 0.419888111213 
0.066021990837 0.923914839827 0.827371493445 0.503374028879 0.92320559474 0.458845296664 
0.734673043346 0.771522331983 0.856541726663 0.776740956253 0.421944025365 0.698054068549 
0.853837034116 0.316689250707 0.624713361112 0.978258366133 0.0628990866093 0.552727962683 
0.762888534503 0.853153462608 0.883098674455 0.622516966469 0.739635993906 0.60028501173 
0.305838383876 0.830582841378 0.495683212929 0.879098453436 0.836714919634 0.819263437909 
0.664797923581 0.316689250707 0.624713361112 0.306146093168 0.960250219638 0.563157484815 
0.351696777386 0.896506892465 0.219637402572 0.850607359786 0.428315139006 0.735495670252 
0.892225261589 0.451395445713 0.375349560849 0.978258366133 0.0628990866093 0.415103849741 
0.483634275046 0.821967403009 0.815386111562 0.884039134026 0.117590173696 0.508795789114 
0.964795140683 0.456235374896 0.346332616519 0.867213530447 0.572731033956 0.769446622995 
0.918349262908 0.990237249216 0.20371303703 0.518952934565 0.722647707995 0.774282360537 
0.351696777386 0.896506892465 0.219637402572 0.850607359786 0.428315139006 0.735495670252 
0.291041322387 0.472327646827 0.779077151009 0.978258366133 0.0628990866093 0.379080631961 
0.734673043346 0.235665875905 0.754791728314 0.481443431037 0.837841028164 0.679227603733 
0.762888534503 0.853153462608 0.883098674455 0.802810157238 0.203100875663 0.649747853433 
0.304963150222 0.975387682578 0.346332616519 0.867213530447 0.572731033956 0.728455864226 
0.142953307773 0.938345532303 0.465899095177 0.621423440807 0.771676117425 0.554353940117 
0.746325691007 0.669567281709 0.815386111562 0.776740956253 0.421944025365 0.521157920496 
0.623926794972 0.972551917205 0.263100835859 0.87363732945 0.0338274347612 0.518282223788 
0.746325691007 0.669567281709 0.815386111562 0.884039134026 0.117590173696 0.513307612103 
0.622179144569 0.988104991247 0.531556276083 0.336764350116 0.147461993411 0.493798471721 
0.436308102648 0.491939962087 0.867227800565 0.868210123985 0.345555495074 0.777911974688 
