0.999556701474 0.995496842251 1.0000990161 0.998821547179 0.998966234226 1.23337552758 
0.999556701474 0.995496842251 1.0000990161 0.998821547179 0.998966234226 1.23337552758 
0.999556701474 0.995496842251 1.0000990161 0.998821547179 0.998966234226 1.23337552758 
0.999556701474 0.995496842251 1.0000990161 0.998821547179 0.998966234226 1.23337552758 
0.999556701474 0.995496842251 1.0000990161 0.998821547179 0.998966234226 1.23337552758 
0.999556701474 0.995496842251 1.0000990161 0.998821547179 0.998966234226 1.23337552758 
0.999556701474 0.995496842251 1.0000990161 0.998821547179 0.998966234226 1.23337552758 
0.999556701474 0.995496842251 1.0000990161 0.998821547179 0.998966234226 1.23337552758 
0.999556701474 0.995496842251 1.0000990161 0.998821547179 0.998966234226 1.23337552758 
0.999556701474 0.995496842251 1.0000990161 0.998821547179 0.998966234226 1.23337552758 
0.999556701474 0.995496842251 1.0000990161 0.998821547179 0.998966234226 1.23337552758 
0.999556701474 0.995496842251 1.0000990161 0.998821547179 0.998966234226 1.23337552758 
0.999556701474 0.995496842251 1.0000990161 0.998821547179 0.998966234226 1.23337552758 
0.999556701474 0.995496842251 1.0000990161 0.998821547179 0.998966234226 1.23337552758 
0.999556701474 0.995496842251 1.0000990161 0.998821547179 0.998966234226 1.23337552758 
0.999556701474 0.995496842251 1.0000990161 0.998821547179 0.998966234226 1.23337552758 
0.999556701474 0.995496842251 1.0000990161 0.998821547179 0.998966234226 1.23337552758 
0.999556701474 0.995496842251 1.0000990161 0.998821547179 0.998966234226 1.23337552758 
0.999556701474 0.995496842251 1.0000990161 0.998821547179 0.998966234226 1.23337552758 
0.999556701474 0.995496842251 1.0000990161 0.998821547179 0.998966234226 1.23337552758 
0.999556701474 0.995496842251 1.0000990161 0.998821547179 0.998966234226 1.23337552758 
0.999556701474 0.995496842251 1.0000990161 0.998821547179 0.998966234226 1.23337552758 
0.999556701474 0.995496842251 1.0000990161 0.998821547179 0.998966234226 1.23337552758 
0.999556701474 0.995496842251 1.0000990161 0.998821547179 0.998966234226 1.23337552758 
0.999556701474 0.995496842251 1.0000990161 0.998821547179 0.998966234226 1.23337552758 
0.999556701474 0.995496842251 1.0000990161 0.998821547179 0.998966234226 1.23337552758 
0.999556701474 0.995496842251 1.0000990161 0.998821547179 0.998966234226 1.23337552758 
0.999556701474 0.995496842251 1.0000990161 0.998821547179 0.998966234226 1.23337552758 
0.999556701474 0.995496842251 1.0000990161 0.998821547179 0.998966234226 1.23337552758 
0.999556701474 0.995496842251 1.0000990161 0.998821547179 0.998966234226 1.23337552758 
0.999556701474 0.995496842251 1.0000990161 0.998821547179 0.998966234226 1.23337552758 
0.999556701474 0.995496842251 1.0000990161 0.998821547179 0.998966234226 1.23337552758 
0.999556701474 0.995496842251 1.0000990161 0.998821547179 0.998966234226 1.23337552758 
0.999556701474 0.995496842251 1.0000990161 0.998821547179 0.998966234226 1.23337552758 
0.999556701474 0.995496842251 1.0000990161 0.998821547179 0.998966234226 1.23337552758 
0.999556701474 0.995496842251 1.0000990161 0.998821547179 0.998966234226 1.23337552758 
0.999556701474 0.995496842251 1.0000990161 0.998821547179 0.998966234226 1.23337552758 
0.999556701474 0.995496842251 1.0000990161 0.998821547179 0.998966234226 1.23337552758 
0.999556701474 0.995496842251 1.0000990161 0.998821547179 0.998966234226 1.23337552758 
0.999556701474 0.995496842251 1.0000990161 0.998821547179 0.998966234226 1.23337552758 
0.999556701474 0.995496842251 1.0000990161 0.998821547179 0.998966234226 1.23337552758 
0.999556701474 0.995496842251 1.0000990161 0.998821547179 0.998966234226 1.23337552758 
0.999556701474 0.995496842251 1.0000990161 0.998821547179 0.998966234226 1.23337552758 
0.999556701474 0.995496842251 1.0000990161 0.998821547179 0.998966234226 1.23337552758 
0.999556701474 0.995496842251 1.0000990161 0.998821547179 0.998966234226 1.23337552758 
0.999556701474 0.995496842251 1.0000990161 0.998821547179 0.998966234226 1.23337552758 
0.999556701474 0.995496842251 1.0000990161 0.998821547179 0.998966234226 1.23337552758 
0.999556701474 0.995496842251 1.0000990161 0.998821547179 0.998966234226 1.23337552758 
0.999556701474 0.995496842251 1.0000990161 0.998821547179 0.998966234226 1.23337552758 
0.999556701474 0.995496842251 1.0000990161 0.998821547179 0.998966234226 1.23337552758 
0.999556701474 0.995496842251 1.0000990161 0.998821547179 0.998966234226 1.23337552758 
0.999556701474 0.995496842251 1.0000990161 0.998821547179 0.998966234226 1.23337552758 
0.999556701474 0.995496842251 1.0000990161 0.998821547179 0.998966234226 1.23337552758 
0.999556701474 0.995496842251 1.0000990161 0.998821547179 0.998966234226 1.23337552758 
0.999556701474 0.995496842251 1.0000990161 0.998821547179 0.998966234226 1.23337552758 
0.999556701474 0.995496842251 1.0000990161 0.998821547179 0.998966234226 1.23337552758 
0.999556701474 0.995496842251 1.0000990161 0.998821547179 0.998966234226 1.23337552758 
0.999556701474 0.995496842251 1.0000990161 0.998821547179 0.998966234226 1.23337552758 
0.999556701474 0.998970276781 0.337645557088 0.651228009091 0.304877000873 0.770920431939 
0.999556701474 0.995496842251 1.0000990161 0.998821547179 0.998966234226 1.23337552758 
0.999556701474 0.995496842251 1.0000990161 0.998821547179 0.998966234226 1.23337552758 
0.999556701474 0.995496842251 1.0000990161 0.998821547179 0.998966234226 1.23337552758 
0.999556701474 0.995496842251 1.0000990161 0.998821547179 0.998966234226 1.23337552758 
0.999556701474 0.995496842251 1.0000990161 0.998821547179 0.998966234226 1.23337552758 
0.999556701474 0.995496842251 1.0000990161 0.998821547179 0.998966234226 1.23337552758 
0.999556701474 0.995496842251 1.0000990161 0.998821547179 0.998966234226 1.23337552758 
0.999556701474 0.995496842251 1.0000990161 0.998821547179 0.998966234226 1.23337552758 
0.999556701474 0.995496842251 1.0000990161 0.998821547179 0.998966234226 1.23337552758 
0.999556701474 0.995496842251 1.0000990161 0.998821547179 0.998966234226 1.23337552758 
0.999556701474 0.995496842251 1.0000990161 0.998821547179 0.998966234226 1.23337552758 
0.999556701474 0.995496842251 1.0000990161 0.998821547179 0.998966234226 1.23337552758 
0.999556701474 0.995496842251 1.0000990161 0.998821547179 0.998966234226 1.23337552758 
0.999556701474 0.995496842251 1.0000990161 0.998821547179 0.998966234226 1.23337552758 
0.999556701474 0.995496842251 1.0000990161 0.998821547179 0.998966234226 1.23337552758 
0.999556701474 0.995496842251 1.0000990161 0.998821547179 0.998966234226 1.23337552758 
0.999556701474 0.995496842251 1.0000990161 0.998821547179 0.998966234226 1.23337552758 
0.999556701474 0.995496842251 1.0000990161 0.998821547179 0.998966234226 1.23337552758 
0.999556701474 0.995496842251 1.0000990161 0.998821547179 0.998966234226 1.23337552758 
0.999556701474 0.995496842251 1.0000990161 0.998821547179 0.998966234226 1.23337552758 
0.999556701474 0.995496842251 1.0000990161 0.998821547179 0.998966234226 1.23337552758 
0.999556701474 0.995496842251 1.0000990161 0.998821547179 0.998966234226 1.23337552758 
0.999556701474 0.995496842251 1.0000990161 0.998821547179 0.998966234226 1.23337552758 
0.999556701474 0.995496842251 1.0000990161 0.998821547179 0.998966234226 1.23337552758 
0.999556701474 0.995496842251 1.0000990161 0.998821547179 0.998966234226 1.23337552758 
0.999556701474 0.995496842251 1.0000990161 0.998821547179 0.998966234226 1.23337552758 
0.999556701474 0.995496842251 1.0000990161 0.998821547179 0.998966234226 1.23337552758 
0.999556701474 0.995496842251 1.0000990161 0.998821547179 0.998966234226 1.23337552758 
0.999556701474 0.995496842251 1.0000990161 0.998821547179 0.998966234226 1.23337552758 
0.999556701474 0.995496842251 1.0000990161 0.998821547179 0.998966234226 1.23337552758 
0.999556701474 0.995496842251 1.0000990161 0.998821547179 0.998966234226 1.23337552758 
0.999556701474 0.995496842251 1.0000990161 0.998821547179 0.998966234226 1.23337552758 
0.999556701474 0.995496842251 1.0000990161 0.998821547179 0.998966234226 1.23337552758 
0.999556701474 0.995496842251 1.0000990161 0.998821547179 0.998966234226 1.23337552758 
0.999556701474 0.995496842251 1.0000990161 0.998821547179 0.998966234226 1.23337552758 
0.999556701474 0.995496842251 1.0000990161 0.998821547179 0.998966234226 1.23337552758 
0.999556701474 0.995496842251 1.0000990161 0.998821547179 0.998966234226 1.23337552758 
0.999556701474 0.995496842251 1.0000990161 0.998821547179 0.998966234226 1.23337552758 
0.999556701474 0.995496842251 1.0000990161 0.998821547179 0.998966234226 1.23337552758 
0.999556701474 0.995496842251 1.0000990161 0.998821547179 0.998966234226 1.23337552758 
0.999556701474 0.995496842251 1.0000990161 0.998821547179 0.998966234226 1.23337552758 
