0.571821790459 0.920906799199 0.826192642935 0.739595048918 0.433362509728 0.855642955875 
0.600356849406 0.988834257061 0.42342201892 0.39365158235 0.986076066131 0.884868582624 
0.448113916355 0.77442650993 0.90775326692 0.523227220518 0.566450790522 0.731546394299 
0.621827938914 0.848046594556 0.745751444787 0.987635508585 0.760863957456 0.895627915486 
0.961847784926 0.378937299951 0.79040076442 0.702720752637 0.316000650917 0.818779488138 
0.352975705154 0.942005802627 0.326247925951 0.98838918013 0.0607346495691 0.759132554674 
0.826147909003 0.988834257061 0.42342201892 0.39365158235 0.986076066131 0.877658871724 
0.958967026911 0.534279431703 0.572772798422 0.0577806221843 0.902072967672 0.845727572736 
0.968380797362 0.734738088025 0.616939618498 0.756282177754 0.720342041014 0.818450461931 
0.788689330771 0.996579225346 0.527414681311 0.728044073513 0.87193987029 0.647501329524 
0.359777824795 0.611035854728 0.932540940804 0.883631720076 0.923125385396 0.727061549946 
0.961847784926 0.378937299951 0.79040076442 0.39365158235 0.986076066131 0.847246683396 
0.196419671175 0.52661175094 0.985357964088 0.549505254526 0.866324340801 0.708432517171 
0.295627724852 0.0135688289938 0.944518047972 0.702720752637 0.733763658938 0.687623668684 
0.826147909003 0.988834257061 0.79040076442 0.702720752637 0.316000650917 0.871776063064 
0.359777824795 0.611035854728 0.932540940804 0.883631720076 0.923125385396 0.727061549946 
0.751950789162 0.996579225346 0.527414681311 0.728044073513 0.87193987029 0.664029131493 
0.359777824795 0.611035854728 0.932540940804 0.883631720076 0.923125385396 0.727061549946 
0.448113916355 0.276135501653 0.95883339926 0.540081350601 0.751590674903 0.829683631378 
0.854832960907 0.165851468888 0.943682813047 0.775043971283 0.989452315801 0.555125191333 
0.1091903851 0.865954912748 0.985779344045 0.255903624929 0.980941189698 0.605186658601 
0.702725119483 0.907500423722 0.97010790034 0.711115639137 0.658668510587 0.608596733096 
0.696606087987 0.328864043387 0.010136495723 0.0811881329689 0.998353723994 0.347203768014 
0.448113916355 0.276135501653 0.95883339926 0.540081350601 0.751590674903 0.829683631378 
0.968380797362 0.511815839185 0.666395481328 0.568883543471 0.728614614154 0.887724904889 
0.448113916355 0.276135501653 0.95883339926 0.39365158235 0.986076066131 0.800751310949 
0.939078782292 0.560555568673 0.531843907632 0.961903752493 0.942553456855 1.00403570443 
0.961847784926 0.378937299951 0.985357964088 0.549505254526 0.866324340801 0.796218541729 
0.961847784926 0.378937299951 0.79040076442 0.39365158235 0.986076066131 0.847246683396 
0.708395099119 0.328864043387 0.010136495723 0.0811881329689 0.998353723994 0.346188475409 
0.958967026911 0.534279431703 0.572772798422 0.568883543471 0.728614614154 0.906740739524 
0.826147909003 0.988834257061 0.941348864665 0.609780799614 0.980983106927 0.683755508364 
0.968380797362 0.511815839185 0.666395481328 0.568883543471 0.728614614154 0.887724904889 
0.939078782292 0.560555568673 0.943682813047 0.775043971283 0.433362509728 0.895182456572 
0.826147909003 0.766013341243 0.562702531167 0.93170894876 0.980983106927 0.977939485155 
0.979458016726 0.35853353976 0.9093169621 0.580214296853 0.827707484237 0.95409479828 
0.0039446944861 0.906235042796 0.546188585645 0.862971398596 0.902072967672 0.816674097612 
0.921312596837 0.711703055446 0.844697549971 0.715600483136 0.469167977554 0.702833534002 
0.788689330771 0.766013341243 0.95883339926 0.105219200734 0.989452315801 0.548118475463 
0.799446911342 0.848046594556 0.745751444787 0.987635508585 0.980983106927 0.64174629106 
0.987046081716 0.0141273301281 0.437815277125 0.758051406529 0.505081278403 0.478168314762 
0.033975876691 0.618126635894 0.973443502344 0.945791673622 0.923125385396 0.709423969667 
0.961847784926 0.378937299951 0.79040076442 0.39365158235 0.942553456855 0.889699074506 
0.86552714946 0.425796653004 0.973443502344 0.945791673622 0.680955329529 0.829683871376 
0.46842295302 0.425891006715 0.885350687763 0.955501527537 0.394753935901 0.701176018261 
0.378124581396 0.38498771717 0.961354869675 0.0984275296844 0.685238957374 0.701893458796 
0.939919880459 0.568525395776 0.61745881466 0.846348706382 0.942553456855 0.910772533795 
0.989297774913 0.270471663063 0.993741345799 0.0418511461247 0.0389847062565 0.666298776153 
0.0762435316298 0.741361236976 0.151333678613 0.994433232742 0.728562992754 0.427405149678 
0.600356849406 0.988834257061 0.42342201892 0.39365158235 0.986076066131 0.884868582624 
0.826147909003 0.766013341243 0.79040076442 0.39365158235 0.942553456855 0.883550475107 
0.571821790459 0.920906799199 0.608861324798 0.105219200734 0.989452315801 0.594370990624 
0.448113916355 0.276135501653 0.95883339926 0.39365158235 0.986076066131 0.800751310949 
0.448113916355 0.276135501653 0.95883339926 0.540081350601 0.751590674903 0.829683631378 
0.788689330771 0.996579225346 0.527414681311 0.728044073513 0.87193987029 0.647501329524 
0.968380797362 0.511815839185 0.666395481328 0.568883543471 0.728614614154 0.887724904889 
0.0762435316298 0.741361236976 0.151333678613 0.994433232742 0.728562992754 0.427405149678 
0.359777824795 0.611035854728 0.932540940804 0.883631720076 0.980983106927 0.636198798088 
0.788689330771 0.766013341243 0.95883339926 0.568883543471 0.733763658938 0.947463676522 
0.961847784926 0.378937299951 0.79040076442 0.702720752637 0.980983106927 0.791874988649 
0.939919880459 0.883331147568 0.88164233131 0.386999169539 0.733763658938 0.842504838498 
0.826147909003 0.766013341243 0.562702531167 0.93170894876 0.980983106927 0.977939485155 
0.961847784926 0.378937299951 0.79040076442 0.39365158235 0.942553456855 0.889699074506 
0.939919880459 0.958444953602 0.0146980556858 0.999011379695 0.976558230904 0.812282470699 
0.033975876691 0.618126635894 0.973443502344 0.994433232742 0.728562992754 0.569565705286 
0.033975876691 0.618126635894 0.973443502344 0.945791673622 0.680955329529 0.759143416093 
0.961847784926 0.378937299951 0.79040076442 0.702720752637 0.980983106927 0.791874988649 
0.987046081716 0.0141273301281 0.993410357121 0.476023142458 0.67700677792 0.547271442447 
0.826147909003 0.988834257061 0.42342201892 0.39365158235 0.986076066131 0.877658871724 
0.968380797362 0.734738088025 0.616939618498 0.756282177754 0.720342041014 0.818450461931 
0.1091903851 0.865954912748 0.985779344045 0.255903624929 0.695479597051 0.737605190391 
0.788689330771 0.996579225346 0.527414681311 0.728044073513 0.827707484237 0.980450793309 
0.033975876691 0.618126635894 0.973443502344 0.39365158235 0.986076066131 0.795849987496 
0.702725119483 0.907500423722 0.937726624762 0.293898663245 0.98245765512 0.885339061417 
0.961847784926 0.907500423722 0.138393736659 0.985829083721 0.967973283963 0.878324383164 
0.989297774913 0.896140657522 0.704545970496 0.291080699336 0.662025144441 0.847509178238 
0.979458016726 0.675667888743 0.254938276136 0.745058794399 0.942553456855 0.903500729508 
0.979458016726 0.675667888743 0.254938276136 0.745058794399 0.980983106927 0.816471692237 
0.939919880459 0.958444953602 0.88164233131 0.386999169539 0.695479597051 0.893164943543 
0.961847784926 0.907500423722 0.138393736659 0.985829083721 0.980983106927 0.610750901508 
0.826147909003 0.721772481869 0.667998505956 0.461077122646 0.980983106927 0.937194541345 
0.939919880459 0.958444953602 0.88164233131 0.386999169539 0.695479597051 0.893164943543 
0.788689330771 0.766013341243 0.95883339926 0.568883543471 0.733763658938 0.947463676522 
0.968380797362 0.848046594556 0.745751444787 0.883631720076 0.923125385396 0.783632410449 
0.033975876691 0.618126635894 0.973443502344 0.39365158235 0.986076066131 0.795849987496 
0.939919880459 0.458388022196 0.688449740383 0.985829083721 0.967973283963 1.00618950259 
0.826147909003 0.988834257061 0.616939618498 0.756282177754 0.980983106927 1.02044242796 
0.1091903851 0.865954912748 0.985779344045 0.0577806221843 0.902072967672 0.762477112814 
0.833436721156 0.528522621796 0.871930852739 0.533455813282 0.686958715531 0.649292450733 
0.961847784926 0.378937299951 0.756326463296 0.883631720076 0.923125385396 0.737616030255 
0.968380797362 0.734738088025 0.993410357121 0.476023142458 0.67700677792 0.758765143248 
0.0762435316298 0.741361236976 0.151333678613 0.994433232742 0.728562992754 0.427405149678 
0.961847784926 0.907500423722 0.138393736659 0.985829083721 0.967973283963 0.878324383164 
0.448113916355 0.276135501653 0.95883339926 0.540081350601 0.751590674903 0.829683631378 
0.989297774913 0.270471663063 0.993741345799 0.0418511461247 0.0389847062565 0.666298776153 
0.628058774722 0.735632326481 0.974946992698 0.904902858676 0.212159613494 0.813739585974 
0.788689330771 0.996579225346 0.527414681311 0.945791673622 0.680955329529 0.857796430239 
0.788689330771 0.766013341243 0.285092882492 0.994368885892 0.980983106927 0.934669148718 
0.628058774722 0.735632326481 0.974946992698 0.904902858676 0.212159613494 0.813739585974 
0.0762435316298 0.741361236976 0.151333678613 0.994433232742 0.728562992754 0.427405149678 
