0.530892399494 0.395964453883 0.273079062036 0.916344566613 0.934638411434 0.71647592895 
0.834926688758 0.0912723554292 0.170908855545 0.484184381579 0.996583216839 0.552449921174 
0.826987002673 0.972929507065 0.0550525231252 0.718663080987 0.816207104083 0.700502223451 
0.968931474597 0.190084581871 0.473588335425 0.0446025762418 0.994937429668 0.617347396291 
0.833710642603 0.899387160732 0.055671917682 0.224068113134 0.86223712545 0.519563616922 
0.805850512355 0.470576022287 0.625678013519 0.794889144681 0.994637223549 0.78567123065 
0.760751699416 0.435922502294 0.338477236681 0.982482506266 0.809595516249 0.555674900938 
0.891156920543 0.806778064292 0.468224819474 0.659020889485 0.46862940086 0.790782670272 
0.663714065319 0.704645919969 0.988727153513 0.877537240857 0.452196408878 0.662583557907 
0.841056696106 0.818411585604 0.742108915077 0.64976256246 0.394941601241 0.73210991726 
0.281801244289 0.995203965275 0.931624070245 0.545020713355 0.620921239791 0.748924498822 
0.725174760594 0.940579728025 0.144025279169 0.299333344973 0.757855447365 0.505048556485 
0.142228543097 0.946886049476 0.727794706559 0.659513753128 0.132932696101 0.550317760108 
0.887769490541 0.304997011078 0.37109509534 0.714814168341 0.654037285102 0.691958113948 
0.939221344322 0.84608863815 0.99390831668 0.561912416919 0.481246916101 0.734812193385 
0.936991212381 0.460314243025 0.951323546122 0.936050908709 0.636487158435 0.795084844728 
0.742824641077 0.909682903596 0.221030920035 0.191570718948 0.145553603004 0.366325267534 
0.992105612937 0.574409783028 0.415921199278 0.0705377246186 0.532685328264 0.659841268689 
0.388594690943 0.936307006828 0.535114684675 0.976971969817 0.699775801097 0.499239178441 
0.788127720645 0.807970670504 0.354994442883 0.990046221913 0.681056442226 0.740315317104 
0.526345197527 0.462563827432 0.0109079914553 0.955359274267 0.754600627966 0.72665096126 
0.409526439651 0.815687339459 0.614962737188 0.383156200111 0.5773395942 0.720638517745 
0.296306698008 0.808165471765 0.959934369843 0.955359274267 0.754600627966 0.824053300711 
0.734464537681 0.940579728025 0.144025279169 0.299333344973 0.757855447365 0.504378528504 
0.386130569332 0.512166014231 0.760152928251 0.976971969817 0.699775801097 0.462213422344 
0.992105612937 0.574409783028 0.415921199278 0.0705377246186 0.532685328264 0.659841268689 
0.332616200662 0.906823055441 0.683811010778 0.500441993808 0.420055910912 0.727101111742 
0.725174760594 0.940579728025 0.144025279169 0.299333344973 0.757855447365 0.505048556485 
0.663714065319 0.704645919969 0.567549419416 0.77036531836 0.884374413152 0.687873768841 
0.665598746841 0.892056228305 0.222928786214 0.384510594414 0.568373890887 0.693129912507 
0.142979378591 0.820644500472 0.477495294995 0.936050908709 0.636487158435 0.640746058718 
0.388594690943 0.936307006828 0.535114684675 0.976971969817 0.699775801097 0.499239178441 
0.918004151802 0.443253481721 0.941956114196 0.763589819732 0.582676032991 0.848469983227 
0.963009688826 0.480817128035 0.988094999194 0.926778165438 0.955910381779 0.682974871592 
0.742824641077 0.470576022287 0.625678013519 0.794889144681 0.994637223549 0.786173609924 
0.448911252363 0.800628973111 0.835809739152 0.573744531328 0.217442063678 0.682827612943 
0.887769490541 0.304997011078 0.37109509534 0.714814168341 0.654037285102 0.691958113948 
0.347647850576 0.730595917441 0.593340313087 0.924034960081 0.708085127797 0.731755252489 
0.207047117128 0.750727292434 0.0381043650812 0.946574047719 0.851540074135 0.687288348223 
0.725174760594 0.940579728025 0.144025279169 0.299333344973 0.757855447365 0.505048556485 
0.734464537681 0.940579728025 0.144025279169 0.299333344973 0.757855447365 0.504378528504 
0.665598746841 0.892056228305 0.773279230825 0.732406613449 0.526360183345 0.635031041804 
0.760751699416 0.435922502294 0.338477236681 0.982482506266 0.809595516249 0.555674900938 
0.457980467809 0.982106258683 0.57816616523 0.911396613907 0.366112855759 0.75416820102 
0.788127720645 0.807970670504 0.354994442883 0.990046221913 0.681056442226 0.740315317104 
0.834926688758 0.0912723554292 0.170908855545 0.484184381579 0.996583216839 0.552449921174 
0.142979378591 0.820644500472 0.477495294995 0.487606373411 0.667362750086 0.720226402205 
0.651622507195 0.57859049209 0.878327232341 0.956783960902 0.536252284009 0.648297843176 
0.00443022223641 0.739305227277 0.867546478961 0.66954137501 0.935881896705 0.625396782124 
0.734464537681 0.940579728025 0.144025279169 0.299333344973 0.757855447365 0.504378528504 
0.624756205439 0.8043297768 0.414603374977 0.758929120794 0.844326406519 0.661237678296 
0.963009688826 0.480817128035 0.988094999194 0.926778165438 0.955910381779 0.682974871592 
0.142979378591 0.653785797774 0.951791787753 0.997276934843 0.420326322999 0.690534887765 
0.526345197527 0.462563827432 0.0109079914553 0.955359274267 0.754600627966 0.72665096126 
0.897148408729 0.56677902488 0.208070465056 0.917137235643 0.353657231015 0.46693697498 
0.91275509783 0.520719463913 0.528076553666 0.379636164912 0.56181228974 0.802777040326 
0.850102788296 0.717000882739 0.836229943979 0.94110256368 0.472013551064 0.761323898231 
0.939221344322 0.84608863815 0.723720856395 0.239211518999 0.874543689866 0.782213308422 
0.826987002673 0.972929507065 0.332159360282 0.0682863780892 0.934638411434 0.690280648249 
0.877590986809 0.840232400849 0.871824104707 0.71312240094 0.750364907023 0.661112054661 
0.939221344322 0.84608863815 0.760152928251 0.057480306714 0.951022394766 0.733856826744 
0.346588161309 0.82813708909 0.0900333248546 0.59383437561 0.603713799736 0.741270296192 
0.788127720645 0.807970670504 0.519245831923 0.566907917914 0.771698359719 0.664399851682 
0.788127720645 0.571332229494 0.947138715683 0.854411014456 0.981768151295 0.869263258345 
0.992105612937 0.30570289853 0.99712262911 0.24595506519 0.919169396155 0.821276530859 
0.734464537681 0.940579728025 0.055671917682 0.224068113134 0.86223712545 0.561305998375 
0.649443291481 0.971671747323 0.0803911682322 0.540878389762 0.00696466293792 0.572374751581 
0.849372781628 0.540295137713 0.519245831923 0.566907917914 0.771698359719 0.87960522756 
0.734464537681 0.940579728025 0.0688010452158 0.487606373411 0.825738761333 0.59915393571 
0.788127720645 0.571332229494 0.947138715683 0.854411014456 0.981768151295 0.869263258345 
0.929845461059 0.12320998438 0.99522192532 0.487606373411 0.825738761333 0.821094127331 
0.281801244289 0.984908143709 0.723720856395 0.239211518999 0.874543689866 0.735372066759 
0.346588161309 0.82813708909 0.988094999194 0.926778165438 0.955910381779 0.600770691162 
0.525401375012 0.603263847147 0.195143526813 0.995355592259 0.967433404638 0.625846852908 
0.734464537681 0.107118800917 0.731933054436 0.29613061785 0.997143436088 0.618232670527 
0.773009166034 0.403121820867 0.878327232341 0.956783960902 0.536252284009 0.6747794496 
0.168527431989 0.967246124 0.989412058604 0.40763352283 0.010514598554 0.645777531019 
0.939221344322 0.84608863815 0.760152928251 0.057480306714 0.951022394766 0.733856826744 
0.242527400215 0.828887285873 0.634864789781 0.772795487733 0.577689303573 0.565989805702 
0.596290180308 0.184534012726 0.998755664835 0.962806520394 0.644696914248 0.731046896218 
0.887769490541 0.304997011078 0.37109509534 0.714814168341 0.654037285102 0.691958113948 
0.918004151802 0.443253481721 0.941956114196 0.763589819732 0.582676032991 0.848469983227 
0.939221344322 0.84608863815 0.760152928251 0.057480306714 0.951022394766 0.733856826744 
0.773009166034 0.403121820867 0.878327232341 0.956783960902 0.536252284009 0.6747794496 
0.296306698008 0.808165471765 0.519245831923 0.566907917914 0.771698359719 0.755337914103 
0.833710642603 0.899387160732 0.055671917682 0.224068113134 0.86223712545 0.519563616922 
0.388594690943 0.936307006828 0.535114684675 0.758929120794 0.844326406519 0.680361908725 
0.0105437287078 0.940277119912 0.449655620676 0.559999674342 0.964463361921 0.614199660917 
0.0105437287078 0.940277119912 0.449655620676 0.559999674342 0.919169396155 0.750296834009 
0.891444410716 0.534682736191 0.436816457922 0.772377192801 0.252121380234 0.509352747348 
0.974464055728 0.00260774367018 0.547063552413 0.829680390784 0.994637223549 0.73716790588 
0.627871059593 0.847003394274 0.486814243337 0.768109518913 0.0882520550207 0.416162508061 
0.760751699416 0.435922502294 0.338477236681 0.982482506266 0.809595516249 0.555674900938 
0.457980467809 0.982106258683 0.57816616523 0.911396613907 0.366112855759 0.75416820102 
0.918004151802 0.443253481721 0.941956114196 0.763589819732 0.582676032991 0.848469983227 
0.911306811658 0.952900840104 0.153992242978 0.956783960902 0.536252284009 0.881779681616 
0.911306811658 0.952900840104 0.473588335425 0.0446025762418 0.994937429668 0.827502404769 
0.939221344322 0.84608863815 0.760152928251 0.057480306714 0.951022394766 0.733856826744 
0.281801244289 0.995203965275 0.931624070245 0.545020713355 0.620921239791 0.748924498822 
0.483027811408 0.572512907774 0.872977162926 0.795549128242 0.98222878902 0.517328520184 
