0.98060898468 0.904292305189 0.0398000278867 0.461662263564 0.802593492192 0.60722411211 
0.918286739858 0.00117788928516 0.377012630991 0.840368446452 0.487184927579 0.731180031671 
0.468393770348 0.393919729843 0.615397114577 0.925881114574 0.618681699252 0.608324360157 
0.896645109701 0.502348585764 0.847227148916 0.14586161106 0.351471469035 0.420448866831 
0.916283996147 0.624648211349 0.359831579839 0.950017167158 0.158979103727 0.612485992187 
0.244638233659 0.723768741144 0.548363057268 0.904455449965 0.888654459195 0.589051568947 
0.7644225259 0.893035125113 0.422095549446 0.476501949783 0.970036477099 0.667698565541 
0.81431587136 0.57850465816 0.928571855138 0.710225236508 0.268041751755 0.661798431802 
0.858041289639 0.830165306043 0.732277913376 0.620757870206 0.803761057208 0.412890405661 
0.14776572489 0.629411702741 0.987187998847 0.134016860885 0.592543465114 0.497037775335 
0.0761380444177 0.667643617281 0.96623246353 0.310390072811 0.934976069287 0.644836222369 
0.653897981366 0.463234536375 0.573279085242 0.652310182169 0.530238162964 0.716347705448 
0.833780997654 0.529547724215 0.000492786916995 0.595101426707 0.957266512496 0.546839484843 
0.236081913754 0.819659590093 0.286837671599 0.592618671311 0.963244778362 0.730276419828 
0.860687403746 0.946022002818 0.0813005274086 0.525832288407 0.860677204564 0.608274171545 
0.923960901511 0.775501960931 0.768655697112 0.403861892206 0.293020219388 0.643196944355 
0.894184709232 0.803806154725 0.496108508347 0.896208673212 0.264106533421 0.67118374088 
0.481780915052 0.225729286163 0.964620900516 0.627416368023 0.527979467552 0.612964809934 
0.64184655934 0.545572619581 0.122092897297 0.250422709897 0.975441205869 0.41064884648 
0.655921137128 0.831583872112 0.987435381301 0.633074017372 0.391892422703 0.663972342968 
0.0475097477893 0.98074923339 0.409672007802 0.655860359092 0.582010090444 0.498084642983 
0.124645021501 0.758787139257 0.931787412492 0.827277681827 0.757546564588 0.642267254992 
0.133995818374 0.22530739245 0.917147190963 0.00608016645904 0.941609516668 0.616939900645 
0.109997822842 0.240610577483 0.864806402599 0.848573473277 0.0521555675888 0.41066296506 
0.375128911622 0.630689217993 0.977051552008 0.733362082478 0.312896047003 0.562336057688 
0.41708848474 0.890366828715 0.0694696874915 0.445659134381 0.707286007322 0.733957438219 
0.289012229062 0.929495229363 0.549127980802 0.933194423623 0.625885406581 0.683539721815 
0.0587141244605 0.880652215646 0.646397823487 0.0622712179348 0.391089313015 0.431020216588 
0.750418953377 0.277842820322 0.870847483815 0.0887248466735 0.722032552154 0.581545739146 
0.027707153319 0.993847028659 0.681405016997 0.24808673542 0.360063785907 0.516961061544 
0.696758429602 0.744273596699 0.839293447033 0.880026058016 0.18408895784 0.775487458644 
0.459323385475 0.702190997087 0.896380255123 0.844174034996 0.576458173828 0.572667972774 
0.874963783205 0.292117536686 0.189355095155 0.565785373715 0.970036477099 0.551459258715 
0.916283996147 0.580659134703 0.508867609694 0.972381901715 0.917651973492 0.709868764885 
0.660588316347 0.924126405466 0.682638554648 0.0147863019025 0.819891510819 0.737173224275 
0.461775098601 0.80169047012 0.0109345007701 0.940932213957 0.105877306066 0.632463868152 
0.468393770348 0.393919729843 0.615397114577 0.310390072811 0.934976069287 0.656542154275 
0.41708848474 0.890366828715 0.0694696874915 0.445659134381 0.707286007322 0.733957438219 
0.191219871274 0.920974276401 0.283085993851 0.433287182235 0.665359757713 0.67317543072 
0.522132050304 0.81314258406 0.528099735538 0.365214796973 0.792698641959 0.553768501521 
0.688730962871 0.675063836581 0.698515330631 0.884838927707 0.219965208318 0.684111519564 
0.468393770348 0.393919729843 0.615397114577 0.925881114574 0.618681699252 0.608324360157 
0.762821464718 0.580659134703 0.508867609694 0.972381901715 0.917651973492 0.821739974055 
0.964998129829 0.0928234912189 0.251025320186 0.837940547942 0.488813011343 0.438642986785 
0.655921137128 0.831583872112 0.987435381301 0.633074017372 0.391892422703 0.663972342968 
0.762741309332 0.710828752772 0.839293447033 0.880026058016 0.18408895784 0.461752583002 
0.0547473390844 0.84603315173 0.891213112856 0.940364395718 0.12995756776 0.298603303076 
0.978715304042 0.788031521741 0.484407803337 0.271371717231 0.281471865439 0.57259736913 
0.762741309332 0.710828752772 0.839293447033 0.733362082478 0.312896047003 0.545383331555 
0.762741309332 0.710828752772 0.836217541454 0.475526018041 0.732993240567 0.619665875717 
0.326161451206 0.847545136101 0.321866625698 0.754447920804 0.142854627025 0.6137839226 
0.00771211950579 0.10617698663 0.97565568296 0.535661253869 0.860677204564 0.508655315581 
0.626552768097 0.305896107394 0.736080725888 0.786018766635 0.866826311314 0.721355208593 
0.920006028148 0.0884231071038 0.107589839756 0.184198886842 0.775249097657 0.396585807138 
0.00854061768749 0.713566712249 0.840057591054 0.335467156647 0.772141723049 0.499211231902 
0.244638233659 0.723768741144 0.615397114577 0.925881114574 0.618681699252 0.577811241905 
0.027707153319 0.993847028659 0.681405016997 0.24808673542 0.360063785907 0.516961061544 
0.481780915052 0.225729286163 0.964620900516 0.940364395718 0.12995756776 0.342262973244 
0.964998129829 0.0928234912189 0.251025320186 0.837940547942 0.488813011343 0.438642986785 
0.217284391851 0.857086168534 0.639960813507 0.956023483267 0.596589179074 0.637409973807 
0.0587141244605 0.880652215646 0.646397823487 0.0622712179348 0.391089313015 0.431020216588 
0.945416500004 0.0485780786322 0.251686038158 0.850786404371 0.839166153878 0.635103947023 
0.459323385475 0.702190997087 0.896380255123 0.241567483238 0.582868225854 0.538159456253 
0.696758429602 0.744273596699 0.839293447033 0.433287182235 0.665359757713 0.659234419682 
0.109997822842 0.10617698663 0.97565568296 0.535661253869 0.621560189495 0.574599238621 
0.379001088052 0.40173586865 0.828179332127 0.984471954369 0.871582225573 0.608105936186 
0.685524155107 0.214075850869 0.786763505369 0.106322265061 0.977990606463 0.500976824905 
0.296779200875 0.616658014638 0.690946711633 0.268898071207 0.62203497901 0.702833443378 
0.79311124492 0.933486205906 0.75141149792 0.283117944981 0.082485707025 0.553966120793 
0.64184655934 0.545572619581 0.122092897297 0.250422709897 0.975441205869 0.41064884648 
0.685524155107 0.214075850869 0.786763505369 0.106322265061 0.977990606463 0.500976824905 
0.280733469333 0.784677795503 0.939564894429 0.736163152422 0.0299208597282 0.709296023857 
0.957926433303 0.0315438837694 0.638482830066 0.768338972811 0.397949977705 0.485220303257 
0.00854061768749 0.713566712249 0.614876393982 0.756431738187 0.989863004586 0.670109417853 
0.927923932691 0.442393480536 0.840057591054 0.335467156647 0.772141723049 0.63365641447 
0.986937007173 0.143534345703 0.287293191086 0.743619527442 0.405047207634 0.560622467111 
0.762821464718 0.580659134703 0.508867609694 0.972381901715 0.917651973492 0.821739974055 
0.655921137128 0.831583872112 0.987435381301 0.633074017372 0.391892422703 0.663972342968 
0.655921137128 0.831583872112 0.987435381301 0.633074017372 0.391892422703 0.663972342968 
0.731940123029 0.998374514198 0.452112786092 0.274661508322 0.681915185616 0.626739712116 
0.762821464718 0.580659134703 0.508867609694 0.972381901715 0.917651973492 0.821739974055 
0.9623732817 0.956116464385 0.235971052227 0.827277681827 0.757546564588 0.71743145253 
0.655921137128 0.831583872112 0.987435381301 0.633074017372 0.391892422703 0.663972342968 
0.316248312964 0.303116887552 0.710662404701 0.889801448321 0.294261599703 0.662406955014 
0.968554549898 0.800043521244 0.552711111228 0.824969629508 0.703256239531 0.903136700337 
0.459323385475 0.702190997087 0.896380255123 0.241567483238 0.582868225854 0.538159456253 
0.916283996147 0.580659134703 0.508867609694 0.972381901715 0.917651973492 0.709868764885 
0.0475097477893 0.98074923339 0.409672007802 0.365214796973 0.792698641959 0.471088038584 
0.217284391851 0.857086168534 0.639960813507 0.933194423623 0.625885406581 0.768197384509 
0.655921137128 0.770198841325 0.987435381301 0.633074017372 0.391892422703 0.713017577194 
0.522132050304 0.81314258406 0.528099735538 0.365214796973 0.618681699252 0.576023835658 
0.943898825701 0.733467369562 0.780860209506 0.276375683376 0.0954754948169 0.455005810717 
0.762741309332 0.710828752772 0.836217541454 0.475526018041 0.732993240567 0.619665875717 
0.8836314537 0.904058320796 0.130986472237 0.106512340167 0.808889711874 0.304807238517 
0.626552768097 0.305896107394 0.736080725888 0.786018766635 0.866826311314 0.721355208593 
0.964998129829 0.0928234912189 0.987435381301 0.633074017372 0.391892422703 0.60229954821 
0.968554549898 0.726883277425 0.230111254269 0.844174034996 0.576458173828 0.597990069014 
0.461722156578 0.612582832344 0.663669516632 0.790850303644 0.469181831543 0.58436213683 
0.236081913754 0.819659590093 0.286837671599 0.592618671311 0.963244778362 0.730276419828 
0.64184655934 0.545572619581 0.122092897297 0.250422709897 0.975441205869 0.41064884648 
