0.338142035224 0.624707449794 0.779364913816 0.992082724688 0.0284182826349 0.729999276444 
0.905580171528 0.375042364016 0.846005459167 0.344646062211 0.844296076993 0.870796146123 
0.959243983638 0.697594123839 0.276824888922 0.48410303018 0.871551449647 0.683848992209 
0.991102271057 0.418017484986 0.146954729928 0.530828847349 0.791985967632 0.687070048082 
0.936626951694 0.42564133564 0.767695917669 0.366391907902 0.820380375292 0.373938465251 
0.841525914253 0.791183014726 0.348500443323 0.723627617086 0.9191016328 0.654531600921 
0.905580171528 0.375042364016 0.846005459167 0.344646062211 0.844296076993 0.870796146123 
0.841525914253 0.791183014726 0.348500443323 0.723627617086 0.9191016328 0.654531600921 
0.873978186279 0.439458775546 0.697126091567 0.947439000291 0.844296076993 0.966978154015 
0.942141611085 0.740455518206 0.909904235926 0.775443423391 0.358376022936 0.843508654442 
0.905580171528 0.179925570603 0.871287722816 0.723627617086 0.9191016328 0.642997230916 
0.107110453272 0.899761244633 0.817391188343 0.980998586165 0.6735673912 0.810272659939 
0.0157731880196 0.742024604655 0.933270923803 0.816895111211 0.848271498071 0.619658253832 
0.200136479993 0.72243964054 0.680080802416 0.953991018151 0.57661372482 0.902484093991 
0.703096695123 0.872658804759 0.975297358671 0.862451932315 0.771843521732 0.88388554785 
0.873978186279 0.439458775546 0.985589819691 0.686610883831 0.179499012644 0.676103186846 
0.856768359529 0.465314572515 0.796771812939 0.953991018151 0.57661372482 0.671568194316 
0.991102271057 0.418017484986 0.146954729928 0.530828847349 0.897116120569 0.658524918361 
0.905580171528 0.375042364016 0.846005459167 0.344646062211 0.844296076993 0.870796146123 
0.856768359529 0.465314572515 0.796771812939 0.514176697465 0.836177176527 0.754008261063 
0.905580171528 0.375042364016 0.846005459167 0.344646062211 0.844296076993 0.870796146123 
0.905695313356 0.234021572114 0.864084849944 0.206470174896 0.810552199292 0.688140337562 
0.85512345587 0.831802138511 0.985589819691 0.686610883831 0.358376022936 0.857082704098 
0.107110453272 0.899761244633 0.817391188343 0.0501909285522 0.998155721636 0.72991042404 
0.200136479993 0.72243964054 0.680080802416 0.953991018151 0.57661372482 0.902484093991 
0.979228330303 0.451298929808 0.59001006227 0.88207979119 0.952642807589 0.623348620125 
0.836350225687 0.993842487654 0.541599172893 0.535569359532 0.928866611445 0.622098652431 
0.938306785523 0.880097674705 0.215157050613 0.972727986801 0.844296076993 0.94902724305 
0.0599359013312 0.363868540913 0.884588757845 0.935406312659 0.432061673249 0.477255588303 
0.46581593339 0.475850094336 0.783241434366 0.911919594006 0.71403694614 0.848649431258 
0.338142035224 0.624707449794 0.62047532021 0.992082724688 0.0284182826349 0.739682726533 
0.904877107927 0.412926652662 0.666242413337 0.726712458029 0.820380375292 0.44455518166 
0.991102271057 0.418017484986 0.146954729928 0.530828847349 0.897116120569 0.658524918361 
0.388139725433 0.876640331743 0.471388440606 0.953991018151 0.57661372482 0.94502522472 
0.303759245553 0.961768627109 0.828832478175 0.274654029002 0.992552704858 0.708868959074 
0.200136479993 0.532669415458 0.666242413337 0.726712458029 0.820380375292 0.460761328562 
0.767749104499 0.694280916855 0.998798989141 0.514176697465 0.836177176527 0.8270713721 
0.210779085579 0.179925570603 0.871287722816 0.576363638197 0.954647343934 0.664787744376 
0.905580171528 0.375042364016 0.846005459167 0.344646062211 0.844296076993 0.870796146123 
0.938306785523 0.880097674705 0.215157050613 0.972727986801 0.844296076993 0.94902724305 
0.836350225687 0.993842487654 0.541599172893 0.723627617086 0.9191016328 0.767714602875 
0.73067599535 0.396976399412 0.761973096055 0.584293365632 0.980066978141 0.860161560378 
0.856768359529 0.465314572515 0.62047532021 0.992082724688 0.0284182826349 0.79076129492 
0.959243983638 0.993842487654 0.998798989141 0.613479783392 0.0881663422427 0.718147809622 
0.904877107927 0.412926652662 0.666242413337 0.726712458029 0.820380375292 0.44455518166 
0.299767091812 0.974756981711 0.930528029883 0.0949815416771 0.873510760171 0.629150704589 
0.767749104499 0.525171698088 0.991138075982 0.980998586165 0.0109831311072 0.632063015349 
0.959243983638 0.947342154379 0.948674513222 0.637341265501 0.71403694614 1.06156906523 
0.767749104499 0.525171698088 0.991138075982 0.862920110411 0.934271171378 1.00997433919 
0.905580171528 0.375042364016 0.796771812939 0.953991018151 0.57661372482 0.903918736303 
0.672665541797 0.89019813956 0.19512359594 0.875578763585 0.791985967632 0.688248922697 
0.125026882772 0.944827188308 0.989548870131 0.873639615083 0.746854255124 0.704975579082 
0.905695313356 0.234021572114 0.864084849944 0.206470174896 0.810552199292 0.688140337562 
0.905580171528 0.375042364016 0.787197806165 0.658097920487 0.998155721636 0.801189619435 
0.960148934781 0.714959192942 0.272994437632 0.659635418162 0.80797386113 0.858412798043 
0.905580171528 0.445323223227 0.372382473193 0.921112792263 0.463743288495 0.801649716549 
0.905580171528 0.375042364016 0.817391188343 0.980998586165 0.6735673912 0.86848048689 
0.905580171528 0.375042364016 0.846005459167 0.344646062211 0.980066978141 0.722041155009 
0.299767091812 0.974756981711 0.930528029883 0.0949815416771 0.873510760171 0.629150704589 
0.938306785523 0.880097674705 0.783241434366 0.911919594006 0.616057312483 0.863591895433 
0.107110453272 0.899761244633 0.864084849944 0.206470174896 0.85650436596 0.579028682609 
0.905580171528 0.375042364016 0.846005459167 0.530828847349 0.810552199292 0.807100388353 
0.991102271057 0.418017484986 0.680080802416 0.983574172029 0.42517225496 0.902307798637 
0.000160506457068 0.958845797371 0.991138075982 0.862920110411 0.934271171378 0.941655797591 
0.107110453272 0.899761244633 0.817391188343 0.0501909285522 0.998155721636 0.72991042404 
0.85512345587 0.831802138511 0.985589819691 0.975416426471 0.17058818959 0.758913836264 
0.73067599535 0.607242515098 0.809120831443 0.668098152481 0.487896663202 0.790679535694 
0.959243983638 0.697594123839 0.276824888922 0.723627617086 0.9191016328 0.678690426085 
0.85512345587 0.831802138511 0.771337798431 0.975416426471 0.810552199292 0.877589852501 
0.303759245553 0.961768627109 0.864084849944 0.206470174896 0.810552199292 0.728943947665 
0.338142035224 0.624707449794 0.62047532021 0.992082724688 0.0284182826349 0.739682726533 
0.0950940989213 0.190742859026 0.994086244055 0.534063010105 0.605848260471 0.607532223856 
0.107110453272 0.899761244633 0.817391188343 0.0501909285522 0.998155721636 0.72991042404 
0.672665541797 0.89019813956 0.19512359594 0.875578763585 0.791985967632 0.688248922697 
0.905580171528 0.375042364016 0.817391188343 0.980998586165 0.810552199292 0.783968269407 
0.388139725433 0.876640331743 0.471388440606 0.953991018151 0.57661372482 0.94502522472 
0.856768359529 0.465314572515 0.796771812939 0.953991018151 0.57661372482 0.671568194316 
0.303759245553 0.961768627109 0.864084849944 0.206470174896 0.820380375292 0.442937445882 
0.210779085579 0.179925570603 0.871287722816 0.576363638197 0.954647343934 0.664787744376 
0.959243983638 0.993842487654 0.541599172893 0.980998586165 0.0109831311072 0.784393207802 
0.905580171528 0.0344376576719 0.779364913816 0.917174027923 0.85650436596 0.770993783554 
0.856768359529 0.801054973122 0.787197806165 0.658097920487 0.998155721636 0.823581444218 
0.59028495603 0.336025756803 0.0658734657927 0.917174027923 0.85650436596 0.709025978916 
0.299767091812 0.974756981711 0.930528029883 0.0501909285522 0.998155721636 0.722810174497 
0.959243983638 0.697594123839 0.276824888922 0.48410303018 0.810552199292 0.796340660082 
0.591716709449 0.396976399412 0.761973096055 0.584293365632 0.980066978141 0.869626694863 
0.303759245553 0.961768627109 0.864084849944 0.983574172029 0.42517225496 0.854566770223 
0.107110453272 0.899761244633 0.817391188343 0.972727986801 0.844296076993 0.907524673182 
0.959243983638 0.697594123839 0.276824888922 0.48410303018 0.871551449647 0.683848992209 
0.534727842647 0.261617710246 0.081647385699 0.972359230666 0.996982666954 0.77848335618 
0.959243983638 0.968698172348 0.943181304053 0.382826437319 0.31545884906 0.908073154102 
0.905580171528 0.445323223227 0.372382473193 0.921112792263 0.463743288495 0.801649716549 
0.936626951694 0.42564133564 0.767695917669 0.366391907902 0.820380375292 0.373938465251 
0.942141611085 0.740455518206 0.909904235926 0.775443423391 0.358376022936 0.843508654442 
0.959243983638 0.697594123839 0.276824888922 0.48410303018 0.810552199292 0.796340660082 
0.87778248699 0.99414553455 0.183075466427 0.986532463014 0.814904858562 0.738713202708 
0.905580171528 0.375042364016 0.846005459167 0.344646062211 0.844296076993 0.870796146123 
0.905580171528 0.375042364016 0.846005459167 0.992082724688 0.0284182826349 0.75840850145 
0.703096695123 0.872658804759 0.975297358671 0.862451932315 0.771843521732 0.88388554785 
0.991102271057 0.418017484986 0.680080802416 0.953991018151 0.57661372482 1.01816658623 
