0.993560765186 0.999753597408 0.996955920716 0.998833193475 0.998651082482 1.29550009099 
0.993560765186 0.999753597408 0.996955920716 0.998833193475 0.998651082482 1.29550009099 
0.993560765186 0.999753597408 0.996955920716 0.998833193475 0.998651082482 1.29550009099 
0.993560765186 0.999753597408 0.996955920716 0.998833193475 0.998651082482 1.29550009099 
0.993560765186 0.999753597408 0.996955920716 0.998833193475 0.998651082482 1.29550009099 
0.993560765186 0.999753597408 0.996955920716 0.998833193475 0.998651082482 1.29550009099 
0.993560765186 0.999753597408 0.996955920716 0.998833193475 0.998651082482 1.29550009099 
0.993560765186 0.999753597408 0.996955920716 0.998833193475 0.998651082482 1.29550009099 
0.993560765186 0.999753597408 0.996955920716 0.998833193475 0.998651082482 1.29550009099 
0.993560765186 0.999753597408 0.996955920716 0.998833193475 0.998651082482 1.29550009099 
0.993560765186 0.999753597408 0.996955920716 0.998833193475 0.998651082482 1.29550009099 
0.993560765186 0.999753597408 0.996955920716 0.998833193475 0.998651082482 1.29550009099 
0.993560765186 0.999753597408 0.996955920716 0.998833193475 0.998651082482 1.29550009099 
0.993560765186 0.999753597408 0.996955920716 0.998833193475 0.998651082482 1.29550009099 
0.993560765186 0.999753597408 0.996955920716 0.998833193475 0.998651082482 1.29550009099 
0.993560765186 0.999753597408 0.996955920716 0.998833193475 0.998651082482 1.29550009099 
0.993560765186 0.999753597408 0.996955920716 0.998833193475 0.998651082482 1.29550009099 
0.993560765186 0.999753597408 0.996955920716 0.998833193475 0.998651082482 1.29550009099 
0.993560765186 0.999753597408 0.996955920716 0.998833193475 0.998651082482 1.29550009099 
0.993560765186 0.999753597408 0.996955920716 0.998833193475 0.998651082482 1.29550009099 
0.993560765186 0.999753597408 0.996955920716 0.998833193475 0.998651082482 1.29550009099 
0.993560765186 0.999753597408 0.996955920716 0.998833193475 0.998651082482 1.29550009099 
0.993560765186 0.999753597408 0.996955920716 0.998833193475 0.998651082482 1.29550009099 
0.993560765186 0.999753597408 0.996955920716 0.998833193475 0.998651082482 1.29550009099 
0.993560765186 0.999753597408 0.996955920716 0.998833193475 0.998651082482 1.29550009099 
0.993560765186 0.999753597408 0.996955920716 0.998833193475 0.998651082482 1.29550009099 
0.993560765186 0.999753597408 0.996955920716 0.998833193475 0.998651082482 1.29550009099 
0.993560765186 0.999753597408 0.996955920716 0.998833193475 0.998651082482 1.29550009099 
0.993560765186 0.999753597408 0.996955920716 0.998833193475 0.998651082482 1.29550009099 
0.993560765186 0.999753597408 0.996955920716 0.998833193475 0.998651082482 1.29550009099 
0.993560765186 0.999753597408 0.996955920716 0.998833193475 0.998651082482 1.29550009099 
0.993560765186 0.999753597408 0.996955920716 0.998833193475 0.998651082482 1.29550009099 
0.993560765186 0.999753597408 0.996955920716 0.998833193475 0.998651082482 1.29550009099 
0.993560765186 0.999753597408 0.996955920716 0.998833193475 0.998651082482 1.29550009099 
0.993560765186 0.999753597408 0.996955920716 0.998833193475 0.998651082482 1.29550009099 
0.993560765186 0.999753597408 0.996955920716 0.998833193475 0.998651082482 1.29550009099 
0.993560765186 0.999753597408 0.996955920716 0.998833193475 0.998651082482 1.29550009099 
0.993560765186 0.999753597408 0.996955920716 0.998833193475 0.998651082482 1.29550009099 
0.993560765186 0.999753597408 0.996955920716 0.998833193475 0.998651082482 1.29550009099 
0.993560765186 0.999753597408 0.996955920716 0.998833193475 0.998651082482 1.29550009099 
0.993560765186 0.999753597408 0.996955920716 0.998833193475 0.998651082482 1.29550009099 
0.993560765186 0.999753597408 0.996955920716 0.998833193475 0.998651082482 1.29550009099 
0.993560765186 0.999753597408 0.996955920716 0.998833193475 0.998651082482 1.29550009099 
0.993560765186 0.999753597408 0.996955920716 0.998833193475 0.998651082482 1.29550009099 
0.993560765186 0.999753597408 0.996955920716 0.998833193475 0.998651082482 1.29550009099 
0.993560765186 0.999753597408 0.996955920716 0.998833193475 0.998651082482 1.29550009099 
0.993560765186 0.999753597408 0.996955920716 0.998833193475 0.998651082482 1.29550009099 
0.993560765186 0.999753597408 0.996955920716 0.998833193475 0.998651082482 1.29550009099 
0.993560765186 0.999753597408 0.996955920716 0.998833193475 0.998651082482 1.29550009099 
0.993560765186 0.999753597408 0.996955920716 0.998833193475 0.998651082482 1.29550009099 
0.993560765186 0.999753597408 0.996955920716 0.998833193475 0.998651082482 1.29550009099 
0.993560765186 0.999753597408 0.996955920716 0.998833193475 0.998651082482 1.29550009099 
0.993560765186 0.999753597408 0.996955920716 0.998833193475 0.998651082482 1.29550009099 
0.993560765186 0.999753597408 0.996955920716 0.998833193475 0.998651082482 1.29550009099 
0.993560765186 0.999753597408 0.996955920716 0.998833193475 0.998651082482 1.29550009099 
0.993560765186 0.999753597408 0.996955920716 0.998833193475 0.998651082482 1.29550009099 
0.993560765186 0.999753597408 0.996955920716 0.998833193475 0.998651082482 1.29550009099 
0.993560765186 0.999753597408 0.996955920716 0.998833193475 0.998651082482 1.29550009099 
0.993560765186 0.999753597408 0.996955920716 0.998833193475 0.998651082482 1.29550009099 
0.993560765186 0.999753597408 0.996955920716 0.998833193475 0.998651082482 1.29550009099 
0.993560765186 0.999753597408 0.996955920716 0.998833193475 0.998651082482 1.29550009099 
0.995598762799 0.540631288994 0.305803970401 0.439831594986 0.521798206372 1.00634493659 
0.993560765186 0.999753597408 0.996955920716 0.998833193475 0.998651082482 1.29550009099 
0.993560765186 0.999753597408 0.996955920716 0.998833193475 0.998651082482 1.29550009099 
0.993560765186 0.999753597408 0.996955920716 0.998833193475 0.998651082482 1.29550009099 
0.993560765186 0.999753597408 0.996955920716 0.998833193475 0.998651082482 1.29550009099 
0.993560765186 0.999753597408 0.996955920716 0.998833193475 0.998651082482 1.29550009099 
0.993560765186 0.999753597408 0.996955920716 0.998833193475 0.998651082482 1.29550009099 
0.993560765186 0.999753597408 0.996955920716 0.998833193475 0.998651082482 1.29550009099 
0.993560765186 0.999753597408 0.996955920716 0.998833193475 0.998651082482 1.29550009099 
0.993560765186 0.999753597408 0.996955920716 0.998833193475 0.998651082482 1.29550009099 
0.993560765186 0.999753597408 0.996955920716 0.998833193475 0.998651082482 1.29550009099 
0.993560765186 0.999753597408 0.996955920716 0.998833193475 0.998651082482 1.29550009099 
0.993560765186 0.999753597408 0.996955920716 0.998833193475 0.998651082482 1.29550009099 
0.993560765186 0.999753597408 0.996955920716 0.998833193475 0.998651082482 1.29550009099 
0.993560765186 0.999753597408 0.996955920716 0.998833193475 0.998651082482 1.29550009099 
0.993560765186 0.999753597408 0.996955920716 0.998833193475 0.998651082482 1.29550009099 
0.993560765186 0.999753597408 0.996955920716 0.998833193475 0.998651082482 1.29550009099 
0.993560765186 0.999753597408 0.996955920716 0.998833193475 0.998651082482 1.29550009099 
0.993560765186 0.999753597408 0.996955920716 0.998833193475 0.998651082482 1.29550009099 
0.159118720155 0.218039906336 0.998799199565 0.787273259352 0.902123269577 0.620873206435 
0.993560765186 0.999753597408 0.996955920716 0.998833193475 0.998651082482 1.29550009099 
0.993560765186 0.999753597408 0.996955920716 0.998833193475 0.998651082482 1.29550009099 
0.993560765186 0.999753597408 0.996955920716 0.998833193475 0.998651082482 1.29550009099 
0.993560765186 0.999753597408 0.996955920716 0.998833193475 0.998651082482 1.29550009099 
0.993560765186 0.999753597408 0.996955920716 0.998833193475 0.998651082482 1.29550009099 
0.993560765186 0.999753597408 0.996955920716 0.998833193475 0.998651082482 1.29550009099 
0.993560765186 0.999753597408 0.996955920716 0.998833193475 0.998651082482 1.29550009099 
0.993560765186 0.999753597408 0.996955920716 0.998833193475 0.998651082482 1.29550009099 
0.993560765186 0.999753597408 0.996955920716 0.998833193475 0.998651082482 1.29550009099 
0.993560765186 0.999753597408 0.996955920716 0.998833193475 0.998651082482 1.29550009099 
0.993560765186 0.999753597408 0.996955920716 0.998833193475 0.998651082482 1.29550009099 
0.993560765186 0.999753597408 0.996955920716 0.998833193475 0.998651082482 1.29550009099 
0.993560765186 0.999753597408 0.996955920716 0.998833193475 0.998651082482 1.29550009099 
0.995598762799 0.540631288994 0.305803970401 0.439831594986 0.521798206372 1.00634493659 
0.993560765186 0.999753597408 0.996955920716 0.998833193475 0.998651082482 1.29550009099 
0.993560765186 0.999753597408 0.996955920716 0.998833193475 0.998651082482 1.29550009099 
0.993560765186 0.999753597408 0.996955920716 0.998833193475 0.998651082482 1.29550009099 
0.993560765186 0.999753597408 0.996955920716 0.998833193475 0.998651082482 1.29550009099 
0.993560765186 0.999753597408 0.996955920716 0.998833193475 0.998651082482 1.29550009099 
