0.926411774982 0.378030183359 0.889591531577 0.841029620374 0.688822139349 0.741820987782 
0.208454712819 0.574995064559 0.815058360026 0.122121986927 0.920063436985 0.62331304118 
0.328591160804 0.835499184868 0.697555503742 0.479862763211 0.645987624477 0.688680582687 
0.485095349063 0.740770411875 0.317409435001 0.89558320003 0.981686805884 0.682919959848 
0.996493496078 0.492730324815 0.707264154478 0.616887391858 0.922713637093 0.844703482606 
0.910890126741 0.186311463152 0.97852997589 0.325368908363 0.955660478202 0.745777213513 
0.692096202998 0.892050084011 0.413933182016 0.467054053187 0.592261960589 0.727004685471 
0.533057046642 0.811525628172 0.943908850626 0.776224190238 0.436640003367 0.583583254335 
0.961412397085 0.370054462601 0.44330113901 0.972783437001 0.110966513085 0.59219209529 
0.664177055359 0.884809621941 0.278472323742 0.912363143339 0.618317396605 0.798263857769 
0.938224131105 0.404511012392 0.883603621805 0.927915293562 0.712448427466 0.772309326783 
0.106488663044 0.83949952553 0.684909282263 0.655022544703 0.881488256843 0.579008732132 
0.126521950605 0.984136689076 0.292260950173 0.74939552382 0.527042712612 0.665329723798 
0.898326512084 0.834814329137 0.20188090318 0.106832692604 0.795352131402 0.591211779433 
0.208454712819 0.574995064559 0.815058360026 0.122121986927 0.920063436985 0.62331304118 
0.600088836523 0.436384996048 0.151938916647 0.960072770762 0.0592136279327 0.650741777376 
0.591194113667 0.884809621941 0.278472323742 0.912363143339 0.618317396605 0.800116569288 
0.918944971769 0.799945412781 0.837840302281 0.946836631052 0.868765326402 0.826568377895 
0.600088836523 0.436384996048 0.151938916647 0.960072770762 0.975248194304 0.620040501351 
0.600890784572 0.581821492661 0.913814093002 0.74939552382 0.527042712612 0.797119010025 
0.591194113667 0.884809621941 0.278472323742 0.912363143339 0.618317396605 0.800116569288 
0.979483693254 0.527099107229 0.237039221622 0.610659457519 0.936764990858 0.700679453533 
0.737118783289 0.984136689076 0.292260950173 0.793545202308 0.465748562662 0.511991487243 
0.328591160804 0.835499184868 0.697555503742 0.479862763211 0.645987624477 0.688680582687 
0.545798448314 0.958955594603 0.827203076829 0.357565652229 0.653929332307 0.552514380758 
0.792821831072 0.857312353258 0.567494058959 0.357565652229 0.653929332307 0.71922163381 
0.766473015298 0.565936360318 0.840521406852 0.882417723303 0.146025633142 0.747320784417 
0.0909753667276 0.867679645268 0.732201137596 0.74939552382 0.527042712612 0.677522329667 
0.13239733336 0.495384853661 0.962743330273 0.89032274603 0.202051400762 0.714099573545 
0.868158935792 0.935446658626 0.1812810444 0.159009427745 0.843534769626 0.611896889456 
0.664290207059 0.944368818873 0.367263092116 0.757069306319 0.35887600727 0.668002223512 
0.126521950605 0.984136689076 0.292260950173 0.74939552382 0.527042712612 0.665329723798 
0.979483693254 0.527099107229 0.275199283302 0.793545202308 0.465748562662 0.695279139601 
0.533057046642 0.811525628172 0.943908850626 0.776224190238 0.436640003367 0.583583254335 
0.766473015298 0.565936360318 0.317409435001 0.89558320003 0.981686805884 0.699138919182 
0.0390018831988 0.812617046349 0.678882919809 0.806445106558 0.933420700799 0.627406249348 
0.545798448314 0.958955594603 0.827203076829 0.357565652229 0.653929332307 0.552514380758 
0.926411774982 0.378030183359 0.889591531577 0.795439956527 0.660159378986 0.794827863672 
0.926411774982 0.378030183359 0.889591531577 0.841029620374 0.688822139349 0.741820987782 
0.868158935792 0.935446658626 0.1812810444 0.159009427745 0.843534769626 0.611896889456 
0.0909753667276 0.980072053761 0.701048639313 0.619474834615 0.275767972163 0.618914157537 
0.926411774982 0.774444191433 0.889591531577 0.781697870808 0.575244803608 0.758322446439 
0.792821831072 0.857312353258 0.567494058959 0.357565652229 0.653929332307 0.71922163381 
0.938224131105 0.404511012392 0.883603621805 0.927915293562 0.933420700799 0.750449459912 
0.38052179513 0.984136689076 0.367263092116 0.757069306319 0.35887600727 0.668046221376 
0.0390018831988 0.812617046349 0.678882919809 0.806445106558 0.933420700799 0.627406249348 
0.611687305811 0.736158565592 0.861255959344 0.592220662585 0.912510775139 0.459941279933 
0.951773126936 0.931133827104 0.127699303459 0.85974736596 0.885481896434 0.714876074982 
0.227178222209 0.00891625723462 0.485323605964 0.610659457519 0.936764990858 0.548566628144 
0.591194113667 0.867679645268 0.732201137596 0.912604956255 0.290699831121 0.730862867569 
0.938224131105 0.404511012392 0.883603621805 0.927915293562 0.712448427466 0.772309326783 
0.98023416419 0.728752847372 0.231942246681 0.940944956576 0.920063436985 0.791611226831 
0.791483906961 0.836753375923 0.134557973975 0.789183019903 0.548800291246 0.492894513766 
0.591194113667 0.670607315401 0.0573478409831 0.66995558522 0.930293973875 0.771359439012 
0.737118783289 0.530283090956 0.282634537427 0.968347487822 0.797556445407 0.632472620022 
0.53994373458 0.543253129496 0.82434736867 0.886685863017 0.901274689588 0.786647109875 
0.737118783289 0.530283090956 0.282634537427 0.968347487822 0.797556445407 0.632472620022 
0.0390018831988 0.812617046349 0.678882919809 0.806445106558 0.933420700799 0.627406249348 
0.966534721493 0.642243211412 0.897963415492 0.150067130528 0.746916321366 0.679554025572 
0.926411774982 0.813741199181 0.937575240854 0.772051176969 0.808796879224 0.79695996494 
0.766473015298 0.565936360318 0.610931879564 0.951164323222 0.726132805517 0.679235954147 
0.208454712819 0.574995064559 0.815058360026 0.122121986927 0.920063436985 0.62331304118 
0.424464876462 0.929721980839 0.311723540416 0.553185501495 0.622896662554 0.643529683383 
0.051793402345 0.978918207786 0.610931879564 0.951164323222 0.726132805517 0.793059394129 
0.545798448314 0.958955594603 0.827203076829 0.51030750511 0.379666982698 0.766502855469 
0.558326607944 0.961641800858 0.0573478409831 0.66995558522 0.930293973875 0.778723142281 
0.823195310816 0.816647187791 0.181260365239 0.616887391858 0.922713637093 0.708279987806 
0.106488663044 0.83949952553 0.684909282263 0.655022544703 0.881488256843 0.579008732132 
0.737118783289 0.984136689076 0.231942246681 0.940944956576 0.920063436985 0.793008236202 
0.124942260695 0.928097508847 0.573222254267 0.67650040097 0.644119615754 0.559793384999 
0.6631462335 0.937624792955 0.928980318694 0.895409036053 0.438667766457 0.695501825537 
0.737118783289 0.984136689076 0.292260950173 0.333250422524 0.527042712612 0.720233655431 
0.931697707229 0.303028157226 0.012751221398 0.237250080242 0.979770768399 0.371970244494 
0.766473015298 0.581821492661 0.988130717601 0.383899484133 0.613327024729 0.795129613834 
0.600890784572 0.581821492661 0.913814093002 0.74939552382 0.527042712612 0.797119010025 
0.993816040334 0.668997171163 0.244469339567 0.208712962641 0.538686244946 0.66786748278 
0.910890126741 0.186311463152 0.97852997589 0.325368908363 0.975248194304 0.723436253057 
0.208454712819 0.574995064559 0.815058360026 0.122121986927 0.920063436985 0.62331304118 
0.917709334663 0.831476396948 0.732201137596 0.912604956255 0.290699831121 0.739830469066 
0.600890784572 0.581821492661 0.988130717601 0.383899484133 0.613327024729 0.858313608161 
0.166352576383 0.897809761688 0.969031403827 0.647873488299 0.870575139012 0.605467403632 
0.403476306057 0.617272764846 0.885179486529 0.0141502133295 0.885724694846 0.445917587894 
0.849469629448 0.477005165908 0.529632279912 0.345376311877 0.995207815758 0.77787571861 
0.6631462335 0.937624792955 0.928980318694 0.895409036053 0.438667766457 0.695501825537 
0.792821831072 0.857312353258 0.20188090318 0.106832692604 0.795352131402 0.621970182471 
0.124942260695 0.928097508847 0.573222254267 0.67650040097 0.644119615754 0.559793384999 
0.208454712819 0.574995064559 0.815058360026 0.122121986927 0.920063436985 0.62331304118 
0.898326512084 0.834814329137 0.20188090318 0.106832692604 0.795352131402 0.591211779433 
0.124942260695 0.928097508847 0.573222254267 0.67650040097 0.644119615754 0.559793384999 
0.892088431349 0.757051867262 0.239179861016 0.0842768969592 0.922672056736 0.711053089146 
0.38052179513 0.984136689076 0.367263092116 0.357565652229 0.653929332307 0.686047751477 
0.983107642854 0.794610762049 0.160370850271 0.146591262023 0.975248194304 0.683964314031 
0.591194113667 0.867679645268 0.732201137596 0.146591262023 0.975248194304 0.605892336965 
0.979483693254 0.527099107229 0.237039221622 0.610659457519 0.936764990858 0.700679453533 
0.926411774982 0.378030183359 0.889591531577 0.841029620374 0.592261960589 0.751540503566 
0.910890126741 0.186311463152 0.97852997589 0.325368908363 0.955660478202 0.745777213513 
0.106488663044 0.83949952553 0.684909282263 0.655022544703 0.881488256843 0.579008732132 
0.961412397085 0.913396593096 0.54647902319 0.781697870808 0.575244803608 0.786772727296 
0.961412397085 0.913396593096 0.54647902319 0.357565652229 0.653929332307 0.573872592078 
0.766473015298 0.565936360318 0.610931879564 0.951164323222 0.726132805517 0.679235954147 
