0.97773545132 1.21628736528 1.31113975251 1.15257538886 
0.97773545132 1.21628736528 1.31113975251 1.15257538886 
0.97773545132 1.21628736528 1.31113975251 1.15257538886 
0.97773545132 1.21628736528 1.31113975251 1.15257538886 
0.97773545132 1.21628736528 1.31113975251 1.15257538886 
0.97773545132 1.21628736528 1.31113975251 1.15257538886 
0.97773545132 1.21628736528 1.31113975251 1.15257538886 
0.97773545132 1.21628736528 1.31113975251 1.15257538886 
0.97773545132 1.21628736528 1.31113975251 1.15257538886 
0.97773545132 1.21628736528 1.31113975251 1.15257538886 
0.97773545132 1.21628736528 1.31113975251 1.15257538886 
0.97773545132 1.21628736528 1.31113975251 1.15257538886 
0.97773545132 1.21628736528 1.31113975251 1.15257538886 
0.97773545132 1.21628736528 1.31113975251 1.15257538886 
0.97773545132 1.21628736528 1.31113975251 1.15257538886 
0.97773545132 1.21628736528 1.31113975251 1.15257538886 
0.97773545132 1.21628736528 1.31113975251 1.15257538886 
0.97773545132 1.21628736528 1.31113975251 1.15257538886 
0.97773545132 1.21628736528 1.31113975251 1.15257538886 
0.97773545132 1.21628736528 1.31113975251 1.15257538886 
0.97773545132 1.21628736528 1.31113975251 1.15257538886 
0.97773545132 1.21628736528 1.31113975251 1.15257538886 
0.97773545132 1.21628736528 1.31113975251 1.15257538886 
0.97773545132 1.21628736528 1.31113975251 1.15257538886 
0.97773545132 1.21628736528 1.31113975251 1.15257538886 
0.97773545132 1.21628736528 1.31113975251 1.15257538886 
0.97773545132 1.21628736528 1.31113975251 1.15257538886 
0.97773545132 1.21628736528 1.31113975251 1.15257538886 
0.97773545132 1.21628736528 1.31113975251 1.15257538886 
0.97773545132 1.21628736528 1.31113975251 1.15257538886 
1.05948768561 1.31798590348 1.25208216651 1.16047362602 
0.97773545132 1.21628736528 1.31113975251 1.15257538886 
0.97773545132 1.21628736528 1.31113975251 1.15257538886 
0.97773545132 1.21628736528 1.31113975251 1.15257538886 
0.97773545132 1.21628736528 1.31113975251 1.15257538886 
0.97773545132 1.21628736528 1.31113975251 1.15257538886 
0.97773545132 1.21628736528 1.31113975251 1.15257538886 
0.97773545132 1.21628736528 1.31113975251 1.15257538886 
0.97773545132 1.21628736528 1.31113975251 1.15257538886 
0.97773545132 1.21628736528 1.31113975251 1.15257538886 
0.97773545132 1.21628736528 1.31113975251 1.15257538886 
0.97773545132 1.21628736528 1.31113975251 1.15257538886 
0.97773545132 1.21628736528 1.31113975251 1.15257538886 
0.97773545132 1.21628736528 1.31113975251 1.15257538886 
0.97773545132 1.21628736528 1.31113975251 1.15257538886 
0.97773545132 1.21628736528 1.31113975251 1.15257538886 
0.97773545132 1.21628736528 1.31113975251 1.15257538886 
0.97773545132 1.21628736528 1.31113975251 1.15257538886 
0.97773545132 1.21628736528 1.31113975251 1.15257538886 
0.97773545132 1.21628736528 1.31113975251 1.15257538886 
0.97773545132 1.21628736528 1.31113975251 1.15257538886 
0.97773545132 1.21628736528 1.31113975251 1.15257538886 
0.97773545132 1.21628736528 1.31113975251 1.15257538886 
0.97773545132 1.21628736528 1.31113975251 1.15257538886 
0.97773545132 1.21628736528 1.31113975251 1.15257538886 
0.97773545132 1.21628736528 1.31113975251 1.15257538886 
0.97773545132 1.21628736528 1.31113975251 1.15257538886 
0.97773545132 1.21628736528 1.31113975251 1.15257538886 
0.97773545132 1.21628736528 1.31113975251 1.15257538886 
0.97773545132 1.21628736528 1.31113975251 1.15257538886 
0.97773545132 1.21628736528 1.31113975251 1.15257538886 
0.97773545132 1.21628736528 1.31113975251 1.15257538886 
0.97773545132 1.21628736528 1.31113975251 1.15257538886 
0.97773545132 1.21628736528 1.31113975251 1.15257538886 
0.97773545132 1.21628736528 1.31113975251 1.15257538886 
0.97773545132 1.21628736528 1.31113975251 1.15257538886 
0.97773545132 1.21628736528 1.31113975251 1.15257538886 
0.97773545132 1.21628736528 1.31113975251 1.15257538886 
0.97773545132 1.21628736528 1.31113975251 1.15257538886 
0.97773545132 1.21628736528 1.31113975251 1.15257538886 
0.97773545132 1.21628736528 1.31113975251 1.15257538886 
0.97773545132 1.21628736528 1.31113975251 1.15257538886 
0.97773545132 1.21628736528 1.31113975251 1.15257538886 
0.97773545132 1.21628736528 1.31113975251 1.15257538886 
0.97773545132 1.21628736528 1.31113975251 1.15257538886 
0.97773545132 1.21628736528 1.31113975251 1.15257538886 
0.97773545132 1.21628736528 1.31113975251 1.15257538886 
0.97773545132 1.21628736528 1.31113975251 1.15257538886 
0.97773545132 1.21628736528 1.31113975251 1.15257538886 
0.97773545132 1.21628736528 1.31113975251 1.15257538886 
0.97773545132 1.21628736528 1.31113975251 1.15257538886 
0.97773545132 1.21628736528 1.31113975251 1.15257538886 
0.97773545132 1.21628736528 1.31113975251 1.15257538886 
0.97773545132 1.21628736528 1.31113975251 1.15257538886 
0.97773545132 1.21628736528 1.31113975251 1.15257538886 
0.97773545132 1.21628736528 1.31113975251 1.15257538886 
0.97773545132 1.21628736528 1.31113975251 1.15257538886 
0.97773545132 1.21628736528 1.31113975251 1.15257538886 
0.97773545132 1.21628736528 1.31113975251 1.15257538886 
0.97773545132 1.21628736528 1.31113975251 1.15257538886 
0.97773545132 1.21628736528 1.31113975251 1.15257538886 
0.97773545132 1.21628736528 1.31113975251 1.15257538886 
0.97773545132 1.21628736528 1.31113975251 1.15257538886 
0.97773545132 1.21628736528 1.31113975251 1.15257538886 
0.97773545132 1.21628736528 1.31113975251 1.15257538886 
0.97773545132 1.21628736528 1.31113975251 1.15257538886 
0.97773545132 1.21628736528 1.31113975251 1.15257538886 
0.97773545132 1.21628736528 1.31113975251 1.15257538886 
0.97773545132 1.21628736528 1.31113975251 1.15257538886 
0.97773545132 1.21628736528 1.31113975251 1.15257538886 
