1.12183698823 1.30397834933 1.15248643578 1.03684534965 
1.12183698823 1.30397834933 1.15248643578 1.03684534965 
1.12183698823 1.30397834933 1.15248643578 1.03684534965 
1.12183698823 1.30397834933 1.15248643578 1.03684534965 
1.12183698823 1.30397834933 1.15248643578 1.03684534965 
1.12183698823 1.30397834933 1.15248643578 1.03684534965 
1.12183698823 1.30397834933 1.15248643578 1.03684534965 
1.12183698823 1.30397834933 1.15248643578 1.03684534965 
1.12183698823 1.30397834933 1.15248643578 1.03684534965 
1.12183698823 1.30397834933 1.15248643578 1.03684534965 
1.12183698823 1.30397834933 1.15248643578 1.03684534965 
1.12183698823 1.30397834933 1.15248643578 1.03684534965 
1.12183698823 1.30397834933 1.15248643578 1.03684534965 
1.12183698823 1.30397834933 1.15248643578 1.03684534965 
1.12183698823 1.30397834933 1.15248643578 1.03684534965 
1.12183698823 1.30397834933 1.15248643578 1.03684534965 
1.12183698823 1.30397834933 1.15248643578 1.03684534965 
1.12183698823 1.30397834933 1.15248643578 1.03684534965 
1.12183698823 1.30397834933 1.15248643578 1.03684534965 
1.12183698823 1.30397834933 1.15248643578 1.03684534965 
1.12183698823 1.30397834933 1.15248643578 1.03684534965 
1.12183698823 1.30397834933 1.15248643578 1.03684534965 
1.12183698823 1.30397834933 1.15248643578 1.03684534965 
1.12183698823 1.30397834933 1.15248643578 1.03684534965 
1.12183698823 1.30397834933 1.15248643578 1.03684534965 
1.12183698823 1.30397834933 1.15248643578 1.03684534965 
1.12183698823 1.30397834933 1.15248643578 1.03684534965 
1.12183698823 1.30397834933 1.15248643578 1.03684534965 
1.12183698823 1.30397834933 1.15248643578 1.03684534965 
1.12183698823 1.30397834933 1.15248643578 1.03684534965 
1.12183698823 1.30397834933 1.15248643578 1.03684534965 
1.12183698823 1.30397834933 1.15248643578 1.03684534965 
1.12183698823 1.30397834933 1.15248643578 1.03684534965 
1.12183698823 1.30397834933 1.15248643578 1.03684534965 
1.12183698823 1.30397834933 1.15248643578 1.03684534965 
1.12183698823 1.30397834933 1.15248643578 1.03684534965 
1.12183698823 1.30397834933 1.15248643578 1.03684534965 
1.12183698823 1.30397834933 1.15248643578 1.03684534965 
0.768389055434 1.02554112994 1.14890672241 1.05298834919 
1.12183698823 1.30397834933 1.15248643578 1.03684534965 
1.12183698823 1.30397834933 1.15248643578 1.03684534965 
1.12183698823 1.30397834933 1.15248643578 1.03684534965 
0.0957532970804 0.281695916316 0.766508059132 1.05389363446 
1.12183698823 1.30397834933 1.15248643578 1.03684534965 
1.12183698823 1.30397834933 1.15248643578 1.03684534965 
1.12183698823 1.30397834933 1.15248643578 1.03684534965 
1.12183698823 1.30397834933 1.15248643578 1.03684534965 
1.12183698823 1.30397834933 1.15248643578 1.03684534965 
1.12183698823 1.30397834933 1.15248643578 1.03684534965 
1.12183698823 1.30397834933 1.15248643578 1.03684534965 
1.12183698823 1.30397834933 1.15248643578 1.03684534965 
1.12183698823 1.30397834933 1.15248643578 1.03684534965 
1.12183698823 1.30397834933 1.15248643578 1.03684534965 
1.12183698823 1.30397834933 1.15248643578 1.03684534965 
1.12183698823 1.30397834933 1.15248643578 1.03684534965 
1.12183698823 1.30397834933 1.15248643578 1.03684534965 
1.12183698823 1.30397834933 1.15248643578 1.03684534965 
1.12183698823 1.30397834933 1.15248643578 1.03684534965 
1.12183698823 1.30397834933 1.15248643578 1.03684534965 
1.12183698823 1.30397834933 1.15248643578 1.03684534965 
1.12183698823 1.30397834933 1.15248643578 1.03684534965 
1.12183698823 1.30397834933 1.15248643578 1.03684534965 
1.12183698823 1.30397834933 1.15248643578 1.03684534965 
0.0957532970804 0.281695916316 0.766508059132 1.05389363446 
1.12183698823 1.30397834933 1.15248643578 1.03684534965 
1.12183698823 1.30397834933 1.15248643578 1.03684534965 
1.12183698823 1.30397834933 1.15248643578 1.03684534965 
1.12183698823 1.30397834933 1.15248643578 1.03684534965 
1.12183698823 1.30397834933 1.15248643578 1.03684534965 
1.12183698823 1.30397834933 1.15248643578 1.03684534965 
1.12183698823 1.30397834933 1.15248643578 1.03684534965 
1.12183698823 1.30397834933 1.15248643578 1.03684534965 
1.12183698823 1.30397834933 1.15248643578 1.03684534965 
1.12183698823 1.30397834933 1.15248643578 1.03684534965 
1.12183698823 1.30397834933 1.15248643578 1.03684534965 
1.12183698823 1.30397834933 1.15248643578 1.03684534965 
1.12183698823 1.30397834933 1.15248643578 1.03684534965 
1.12183698823 1.30397834933 1.15248643578 1.03684534965 
1.12183698823 1.30397834933 1.15248643578 1.03684534965 
1.12183698823 1.30397834933 1.15248643578 1.03684534965 
1.12183698823 1.30397834933 1.15248643578 1.03684534965 
1.12183698823 1.30397834933 1.15248643578 1.03684534965 
1.12183698823 1.30397834933 1.15248643578 1.03684534965 
1.12183698823 1.30397834933 1.15248643578 1.03684534965 
1.12183698823 1.30397834933 1.15248643578 1.03684534965 
1.12183698823 1.30397834933 1.15248643578 1.03684534965 
1.12183698823 1.30397834933 1.15248643578 1.03684534965 
1.12183698823 1.30397834933 1.15248643578 1.03684534965 
1.12183698823 1.30397834933 1.15248643578 1.03684534965 
1.12183698823 1.30397834933 1.15248643578 1.03684534965 
1.12183698823 1.30397834933 1.15248643578 1.03684534965 
1.12183698823 1.30397834933 1.15248643578 1.03684534965 
1.12183698823 1.30397834933 1.15248643578 1.03684534965 
1.12183698823 1.30397834933 1.15248643578 1.03684534965 
1.12183698823 1.30397834933 1.15248643578 1.03684534965 
1.12183698823 1.30397834933 1.15248643578 1.03684534965 
1.12183698823 1.30397834933 1.15248643578 1.03684534965 
1.12183698823 1.30397834933 1.15248643578 1.03684534965 
1.12183698823 1.30397834933 1.15248643578 1.03684534965 
1.12183698823 1.30397834933 1.15248643578 1.03684534965 
