1.17329933554 1.08754730398 1.05656727894 1.0088423311 
1.17329933554 1.08754730398 1.05656727894 1.0088423311 
1.17329933554 1.08754730398 1.05656727894 1.0088423311 
1.17329933554 1.08754730398 1.05656727894 1.0088423311 
1.17329933554 1.08754730398 1.05656727894 1.0088423311 
1.17329933554 1.08754730398 1.05656727894 1.0088423311 
1.17329933554 1.08754730398 1.05656727894 1.0088423311 
1.17329933554 1.08754730398 1.05656727894 1.0088423311 
1.17329933554 1.08754730398 1.05656727894 1.0088423311 
1.17329933554 1.08754730398 1.05656727894 1.0088423311 
1.17329933554 1.08754730398 1.05656727894 1.0088423311 
1.17329933554 1.08754730398 1.05656727894 1.0088423311 
1.17329933554 1.08754730398 1.05656727894 1.0088423311 
1.17329933554 1.08754730398 1.05656727894 1.0088423311 
1.17329933554 1.08754730398 1.05656727894 1.0088423311 
1.17329933554 1.08754730398 1.05656727894 1.0088423311 
1.17329933554 1.08754730398 1.05656727894 1.0088423311 
1.17329933554 1.08754730398 1.05656727894 1.0088423311 
1.17329933554 1.08754730398 1.05656727894 1.0088423311 
1.17329933554 1.08754730398 1.05656727894 1.0088423311 
1.17329933554 1.08754730398 1.05656727894 1.0088423311 
1.17329933554 1.08754730398 1.05656727894 1.0088423311 
1.17329933554 1.08754730398 1.05656727894 1.0088423311 
1.17329933554 1.08754730398 1.05656727894 1.0088423311 
1.17329933554 1.08754730398 1.05656727894 1.0088423311 
1.0823630359 1.00325719754 0.97467814993 1.01143632455 
1.17329933554 1.08754730398 1.05656727894 1.0088423311 
1.17329933554 1.08754730398 1.05656727894 1.0088423311 
1.17329933554 1.08754730398 1.05656727894 1.0088423311 
1.17329933554 1.08754730398 1.05656727894 1.0088423311 
1.17329933554 1.08754730398 1.05656727894 1.0088423311 
1.17329933554 1.08754730398 1.05656727894 1.0088423311 
1.17329933554 1.08754730398 1.05656727894 1.0088423311 
1.17329933554 1.08754730398 1.05656727894 1.0088423311 
1.17329933554 1.08754730398 1.05656727894 1.0088423311 
1.17329933554 1.08754730398 1.05656727894 1.0088423311 
1.17329933554 1.08754730398 1.05656727894 1.0088423311 
1.17329933554 1.08754730398 1.05656727894 1.0088423311 
1.17329933554 1.08754730398 1.05656727894 1.0088423311 
1.17329933554 1.08754730398 1.05656727894 1.0088423311 
1.17329933554 1.08754730398 1.05656727894 1.0088423311 
1.17329933554 1.08754730398 1.05656727894 1.0088423311 
1.17329933554 1.08754730398 1.05656727894 1.0088423311 
1.17329933554 1.08754730398 1.05656727894 1.0088423311 
1.17329933554 1.08754730398 1.05656727894 1.0088423311 
1.17329933554 1.08754730398 1.05656727894 1.0088423311 
1.17329933554 1.08754730398 1.05656727894 1.0088423311 
1.17329933554 1.08754730398 1.05656727894 1.0088423311 
1.17329933554 1.08754730398 1.05656727894 1.0088423311 
1.17329933554 1.08754730398 1.05656727894 1.0088423311 
1.17329933554 1.08754730398 1.05656727894 1.0088423311 
1.17329933554 1.08754730398 1.05656727894 1.0088423311 
1.17329933554 1.08754730398 1.05656727894 1.0088423311 
1.17329933554 1.08754730398 1.05656727894 1.0088423311 
1.17329933554 1.08754730398 1.05656727894 1.0088423311 
1.17329933554 1.08754730398 1.05656727894 1.0088423311 
1.17329933554 1.08754730398 1.05656727894 1.0088423311 
1.17329933554 1.08754730398 1.05656727894 1.0088423311 
1.17329933554 1.08754730398 1.05656727894 1.0088423311 
1.17329933554 1.08754730398 1.05656727894 1.0088423311 
1.17329933554 1.08754730398 1.05656727894 1.0088423311 
1.17329933554 1.08754730398 1.05656727894 1.0088423311 
1.17329933554 1.08754730398 1.05656727894 1.0088423311 
1.17329933554 1.08754730398 1.05656727894 1.0088423311 
1.17329933554 1.08754730398 1.05656727894 1.0088423311 
1.17329933554 1.08754730398 1.05656727894 1.0088423311 
1.17329933554 1.08754730398 1.05656727894 1.0088423311 
1.17329933554 1.08754730398 1.05656727894 1.0088423311 
1.17329933554 1.08754730398 1.05656727894 1.0088423311 
1.17329933554 1.08754730398 1.05656727894 1.0088423311 
1.17329933554 1.08754730398 1.05656727894 1.0088423311 
1.17329933554 1.08754730398 1.05656727894 1.0088423311 
1.17329933554 1.08754730398 1.05656727894 1.0088423311 
1.17329933554 1.08754730398 1.05656727894 1.0088423311 
1.17329933554 1.08754730398 1.05656727894 1.0088423311 
1.17329933554 1.08754730398 1.05656727894 1.0088423311 
1.17329933554 1.08754730398 1.05656727894 1.0088423311 
1.17329933554 1.08754730398 1.05656727894 1.0088423311 
1.17329933554 1.08754730398 1.05656727894 1.0088423311 
1.17329933554 1.08754730398 1.05656727894 1.0088423311 
1.17329933554 1.08754730398 1.05656727894 1.0088423311 
1.17329933554 1.08754730398 1.05656727894 1.0088423311 
1.17329933554 1.08754730398 1.05656727894 1.0088423311 
1.17329933554 1.08754730398 1.05656727894 1.0088423311 
1.17329933554 1.08754730398 1.05656727894 1.0088423311 
1.17329933554 1.08754730398 1.05656727894 1.0088423311 
1.17329933554 1.08754730398 1.05656727894 1.0088423311 
1.17329933554 1.08754730398 1.05656727894 1.0088423311 
1.17329933554 1.08754730398 1.05656727894 1.0088423311 
1.17329933554 1.08754730398 1.05656727894 1.0088423311 
1.17329933554 1.08754730398 1.05656727894 1.0088423311 
1.17329933554 1.08754730398 1.05656727894 1.0088423311 
1.17329933554 1.08754730398 1.05656727894 1.0088423311 
1.17329933554 1.08754730398 1.05656727894 1.0088423311 
1.17329933554 1.08754730398 1.05656727894 1.0088423311 
1.17329933554 1.08754730398 1.05656727894 1.0088423311 
1.17329933554 1.08754730398 1.05656727894 1.0088423311 
1.17329933554 1.08754730398 1.05656727894 1.0088423311 
1.17329933554 1.08754730398 1.05656727894 1.0088423311 
1.17329933554 1.08754730398 1.05656727894 1.0088423311 
