1.44275463174 1.57191125098 1.31203602285 1.21108133313 
1.44275463174 1.57191125098 1.31203602285 1.21108133313 
1.44275463174 1.57191125098 1.31203602285 1.21108133313 
1.44275463174 1.57191125098 1.31203602285 1.21108133313 
1.44275463174 1.57191125098 1.31203602285 1.21108133313 
1.44275463174 1.57191125098 1.31203602285 1.21108133313 
1.44275463174 1.57191125098 1.31203602285 1.21108133313 
1.44275463174 1.57191125098 1.31203602285 1.21108133313 
1.44275463174 1.57191125098 1.31203602285 1.21108133313 
1.44275463174 1.57191125098 1.31203602285 1.21108133313 
1.44275463174 1.57191125098 1.31203602285 1.21108133313 
1.44275463174 1.57191125098 1.31203602285 1.21108133313 
1.44275463174 1.57191125098 1.31203602285 1.21108133313 
1.44275463174 1.57191125098 1.31203602285 1.21108133313 
1.44275463174 1.57191125098 1.31203602285 1.21108133313 
1.44275463174 1.57191125098 1.31203602285 1.21108133313 
1.44275463174 1.57191125098 1.31203602285 1.21108133313 
1.44275463174 1.57191125098 1.31203602285 1.21108133313 
1.44275463174 1.57191125098 1.31203602285 1.21108133313 
1.44275463174 1.57191125098 1.31203602285 1.21108133313 
1.44275463174 1.57191125098 1.31203602285 1.21108133313 
1.44275463174 1.57191125098 1.31203602285 1.21108133313 
1.44275463174 1.57191125098 1.31203602285 1.21108133313 
1.44275463174 1.57191125098 1.31203602285 1.21108133313 
1.44275463174 1.57191125098 1.31203602285 1.21108133313 
1.44275463174 1.57191125098 1.31203602285 1.21108133313 
1.44275463174 1.57191125098 1.31203602285 1.21108133313 
1.44275463174 1.57191125098 1.31203602285 1.21108133313 
1.44275463174 1.57191125098 1.31203602285 1.21108133313 
1.44275463174 1.57191125098 1.31203602285 1.21108133313 
1.44275463174 1.57191125098 1.31203602285 1.21108133313 
1.44275463174 1.57191125098 1.31203602285 1.21108133313 
1.44275463174 1.57191125098 1.31203602285 1.21108133313 
1.44275463174 1.57191125098 1.31203602285 1.21108133313 
1.44275463174 1.57191125098 1.31203602285 1.21108133313 
1.44275463174 1.57191125098 1.31203602285 1.21108133313 
1.44275463174 1.57191125098 1.31203602285 1.21108133313 
1.44275463174 1.57191125098 1.31203602285 1.21108133313 
1.44275463174 1.57191125098 1.31203602285 1.21108133313 
1.44275463174 1.57191125098 1.31203602285 1.21108133313 
1.44275463174 1.57191125098 1.31203602285 1.21108133313 
1.44275463174 1.57191125098 1.31203602285 1.21108133313 
1.44275463174 1.57191125098 1.31203602285 1.21108133313 
1.44275463174 1.57191125098 1.31203602285 1.21108133313 
1.44275463174 1.57191125098 1.31203602285 1.21108133313 
1.44275463174 1.57191125098 1.31203602285 1.21108133313 
1.44275463174 1.57191125098 1.31203602285 1.21108133313 
1.44275463174 1.57191125098 1.31203602285 1.21108133313 
1.44275463174 1.57191125098 1.31203602285 1.21108133313 
1.44275463174 1.57191125098 1.31203602285 1.21108133313 
1.44275463174 1.57191125098 1.31203602285 1.21108133313 
1.44275463174 1.57191125098 1.31203602285 1.21108133313 
1.44275463174 1.57191125098 1.31203602285 1.21108133313 
1.44275463174 1.57191125098 1.31203602285 1.21108133313 
1.44275463174 1.57191125098 1.31203602285 1.21108133313 
1.44275463174 1.57191125098 1.31203602285 1.21108133313 
1.44275463174 1.57191125098 1.31203602285 1.21108133313 
1.44275463174 1.57191125098 1.31203602285 1.21108133313 
1.44275463174 1.57191125098 1.31203602285 1.21108133313 
1.44275463174 1.57191125098 1.31203602285 1.21108133313 
1.44275463174 1.57191125098 1.31203602285 1.21108133313 
1.44275463174 1.57191125098 1.31203602285 1.21108133313 
1.44275463174 1.57191125098 1.31203602285 1.21108133313 
1.44275463174 1.57191125098 1.31203602285 1.21108133313 
1.44275463174 1.57191125098 1.31203602285 1.21108133313 
1.44275463174 1.57191125098 1.31203602285 1.21108133313 
1.44275463174 1.57191125098 1.31203602285 1.21108133313 
1.44275463174 1.57191125098 1.31203602285 1.21108133313 
1.44275463174 1.57191125098 1.31203602285 1.21108133313 
1.44275463174 1.57191125098 1.31203602285 1.21108133313 
1.44275463174 1.57191125098 1.31203602285 1.21108133313 
1.44275463174 1.57191125098 1.31203602285 1.21108133313 
0.124253786817 1.5889427997 1.32625184337 1.22420354105 
1.44275463174 1.57191125098 1.31203602285 1.21108133313 
1.44275463174 1.57191125098 1.31203602285 1.21108133313 
1.44275463174 1.57191125098 1.31203602285 1.21108133313 
1.44275463174 1.57191125098 1.31203602285 1.21108133313 
1.44275463174 1.57191125098 1.31203602285 1.21108133313 
1.44275463174 1.57191125098 1.31203602285 1.21108133313 
1.44275463174 1.57191125098 1.31203602285 1.21108133313 
1.44275463174 1.57191125098 1.31203602285 1.21108133313 
1.44275463174 1.57191125098 1.31203602285 1.21108133313 
1.44275463174 1.57191125098 1.31203602285 1.21108133313 
1.44275463174 1.57191125098 1.31203602285 1.21108133313 
1.44275463174 1.57191125098 1.31203602285 1.21108133313 
1.44275463174 1.57191125098 1.31203602285 1.21108133313 
1.44275463174 1.57191125098 1.31203602285 1.21108133313 
1.44275463174 1.57191125098 1.31203602285 1.21108133313 
1.44275463174 1.57191125098 1.31203602285 1.21108133313 
1.44275463174 1.57191125098 1.31203602285 1.21108133313 
1.44275463174 1.57191125098 1.31203602285 1.21108133313 
1.44275463174 1.57191125098 1.31203602285 1.21108133313 
1.44275463174 1.57191125098 1.31203602285 1.21108133313 
1.44275463174 1.57191125098 1.31203602285 1.21108133313 
1.44275463174 1.57191125098 1.31203602285 1.21108133313 
1.44275463174 1.57191125098 1.31203602285 1.21108133313 
1.44275463174 1.57191125098 1.31203602285 1.21108133313 
1.44275463174 1.57191125098 1.31203602285 1.21108133313 
1.44275463174 1.57191125098 1.31203602285 1.21108133313 
1.44275463174 1.57191125098 1.31203602285 1.21108133313 
