1.37275786636 1.53404576543 1.29991060584 1.07055936296 
1.37275786636 1.53404576543 1.29991060584 1.07055936296 
1.37275786636 1.53404576543 1.29991060584 1.07055936296 
1.37275786636 1.53404576543 1.29991060584 1.07055936296 
1.37275786636 1.53404576543 1.29991060584 1.07055936296 
1.37275786636 1.53404576543 1.29991060584 1.07055936296 
1.37275786636 1.53404576543 1.29991060584 1.07055936296 
0.234667576167 0.731385450708 0.879958454994 1.09537870697 
1.37275786636 1.53404576543 1.29991060584 1.07055936296 
1.37275786636 1.53404576543 1.29991060584 1.07055936296 
1.37275786636 1.53404576543 1.29991060584 1.07055936296 
1.37275786636 1.53404576543 1.29991060584 1.07055936296 
1.37275786636 1.53404576543 1.29991060584 1.07055936296 
1.37275786636 1.53404576543 1.29991060584 1.07055936296 
1.37275786636 1.53404576543 1.29991060584 1.07055936296 
1.37275786636 1.53404576543 1.29991060584 1.07055936296 
1.37275786636 1.53404576543 1.29991060584 1.07055936296 
0.495886336423 1.54551626168 1.30963045601 1.07856446912 
1.37275786636 1.53404576543 1.29991060584 1.07055936296 
1.37275786636 1.53404576543 1.29991060584 1.07055936296 
1.37275786636 1.53404576543 1.29991060584 1.07055936296 
1.37275786636 1.53404576543 1.29991060584 1.07055936296 
0.495886336423 1.54551626168 1.30963045601 1.07856446912 
0.495886336423 1.54551626168 1.30963045601 1.07856446912 
1.37275786636 1.53404576543 1.29991060584 1.07055936296 
1.37275786636 1.53404576543 1.29991060584 1.07055936296 
1.37275786636 1.53404576543 1.29991060584 1.07055936296 
1.37275786636 1.53404576543 1.29991060584 1.07055936296 
1.37275786636 1.53404576543 1.29991060584 1.07055936296 
0.234667576167 0.731385450708 0.879958454994 1.09537870697 
0.234667576167 0.731385450708 0.879958454994 1.09537870697 
1.37275786636 1.53404576543 1.29991060584 1.07055936296 
1.37275786636 1.53404576543 1.29991060584 1.07055936296 
1.37275786636 1.53404576543 1.29991060584 1.07055936296 
1.37275786636 1.53404576543 1.29991060584 1.07055936296 
0.234667576167 0.731385450708 0.879958454994 1.09537870697 
0.495886336423 1.54551626168 1.30963045601 1.07856446912 
1.37275786636 1.53404576543 1.29991060584 1.07055936296 
1.37275786636 1.53404576543 1.29991060584 1.07055936296 
1.37275786636 1.53404576543 1.29991060584 1.07055936296 
1.37275786636 1.53404576543 1.29991060584 1.07055936296 
1.37275786636 1.53404576543 1.29991060584 1.07055936296 
1.37275786636 1.53404576543 1.29991060584 1.07055936296 
1.37275786636 1.53404576543 1.29991060584 1.07055936296 
1.37275786636 1.53404576543 1.29991060584 1.07055936296 
1.37275786636 1.53404576543 1.29991060584 1.07055936296 
1.37275786636 1.53404576543 1.29991060584 1.07055936296 
1.37275786636 1.53404576543 1.29991060584 1.07055936296 
1.37275786636 1.53404576543 1.29991060584 1.07055936296 
1.37275786636 1.53404576543 1.29991060584 1.07055936296 
1.37275786636 1.53404576543 1.29991060584 1.07055936296 
1.37275786636 1.53404576543 1.29991060584 1.07055936296 
1.37275786636 1.53404576543 1.29991060584 1.07055936296 
1.37275786636 1.53404576543 1.29991060584 1.07055936296 
1.37275786636 1.53404576543 1.29991060584 1.07055936296 
1.37275786636 1.53404576543 1.29991060584 1.07055936296 
1.37275786636 1.53404576543 1.29991060584 1.07055936296 
1.37275786636 1.53404576543 1.29991060584 1.07055936296 
1.37275786636 1.53404576543 1.29991060584 1.07055936296 
1.37275786636 1.53404576543 1.29991060584 1.07055936296 
1.37275786636 1.53404576543 1.29991060584 1.07055936296 
1.37275786636 1.53404576543 1.29991060584 1.07055936296 
1.37275786636 1.53404576543 1.29991060584 1.07055936296 
1.37275786636 1.53404576543 1.29991060584 1.07055936296 
1.37275786636 1.53404576543 1.29991060584 1.07055936296 
1.37275786636 1.53404576543 1.29991060584 1.07055936296 
1.37275786636 1.53404576543 1.29991060584 1.07055936296 
1.37275786636 1.53404576543 1.29991060584 1.07055936296 
1.37275786636 1.53404576543 1.29991060584 1.07055936296 
1.37275786636 1.53404576543 1.29991060584 1.07055936296 
1.37275786636 1.53404576543 1.29991060584 1.07055936296 
1.37275786636 1.53404576543 1.29991060584 1.07055936296 
1.37275786636 1.53404576543 1.29991060584 1.07055936296 
1.37275786636 1.53404576543 1.29991060584 1.07055936296 
1.37275786636 1.53404576543 1.29991060584 1.07055936296 
1.37275786636 1.53404576543 1.29991060584 1.07055936296 
1.37275786636 1.53404576543 1.29991060584 1.07055936296 
1.37275786636 1.53404576543 1.29991060584 1.07055936296 
1.37275786636 1.53404576543 1.29991060584 1.07055936296 
0.495886336423 1.54551626168 1.30963045601 1.07856446912 
1.37275786636 1.53404576543 1.29991060584 1.07055936296 
1.37275786636 1.53404576543 1.29991060584 1.07055936296 
1.37275786636 1.53404576543 1.29991060584 1.07055936296 
1.37275786636 1.53404576543 1.29991060584 1.07055936296 
1.37275786636 1.53404576543 1.29991060584 1.07055936296 
1.37275786636 1.53404576543 1.29991060584 1.07055936296 
1.37275786636 1.53404576543 1.29991060584 1.07055936296 
1.37275786636 1.53404576543 1.29991060584 1.07055936296 
1.37275786636 1.53404576543 1.29991060584 1.07055936296 
1.37275786636 1.53404576543 1.29991060584 1.07055936296 
1.37275786636 1.53404576543 1.29991060584 1.07055936296 
1.37275786636 1.53404576543 1.29991060584 1.07055936296 
1.37275786636 1.53404576543 1.29991060584 1.07055936296 
1.37275786636 1.53404576543 1.29991060584 1.07055936296 
1.37275786636 1.53404576543 1.29991060584 1.07055936296 
1.37275786636 1.53404576543 1.29991060584 1.07055936296 
1.37275786636 1.53404576543 1.29991060584 1.07055936296 
1.37275786636 1.53404576543 1.29991060584 1.07055936296 
1.37275786636 1.53404576543 1.29991060584 1.07055936296 
0.495886336423 1.54551626168 1.30963045601 1.07856446912 
