1.31130832335 1.31552351183 1.23217987557 1.20219418293 
1.31130832335 1.31552351183 1.23217987557 1.20219418293 
1.31130832335 1.31552351183 1.23217987557 1.20219418293 
1.31130832335 1.31552351183 1.23217987557 1.20219418293 
1.31130832335 1.31552351183 1.23217987557 1.20219418293 
1.38463089385 0.909783351813 0.852144204322 0.831393848778 
1.31130832335 1.31552351183 1.23217987557 1.20219418293 
1.31130832335 1.31552351183 1.23217987557 1.20219418293 
1.31130832335 1.31552351183 1.23217987557 1.20219418293 
1.38463089385 0.909783351813 0.852144204322 0.831393848778 
1.38463089385 0.909783351813 0.852144204322 0.831393848778 
1.38463089385 0.909783351813 0.852144204322 0.831393848778 
1.38463089385 0.909783351813 0.852144204322 0.831393848778 
1.38463089385 0.909783351813 0.852144204322 0.831393848778 
1.31130832335 1.31552351183 1.23217987557 1.20219418293 
1.38463089385 0.909783351813 0.852144204322 0.831393848778 
1.31130832335 1.31552351183 1.23217987557 1.20219418293 
1.38463089385 0.909783351813 0.852144204322 0.831393848778 
1.31130832335 1.31552351183 1.23217987557 1.20219418293 
1.38463089385 0.909783351813 0.852144204322 0.831393848778 
1.31130832335 1.31552351183 1.23217987557 1.20219418293 
1.31130832335 1.31552351183 1.23217987557 1.20219418293 
1.31130832335 1.31552351183 1.23217987557 1.20219418293 
1.31130832335 1.31552351183 1.23217987557 1.20219418293 
1.31130832335 1.31552351183 1.23217987557 1.20219418293 
1.38463089385 0.909783351813 0.852144204322 0.831393848778 
1.38463089385 0.909783351813 0.852144204322 0.831393848778 
1.31130832335 1.31552351183 1.23217987557 1.20219418293 
1.31130832335 1.31552351183 1.23217987557 1.20219418293 
1.31130832335 1.31552351183 1.23217987557 1.20219418293 
1.31130832335 1.31552351183 1.23217987557 1.20219418293 
1.31130832335 1.31552351183 1.23217987557 1.20219418293 
1.31130832335 1.31552351183 1.23217987557 1.20219418293 
1.38463089385 0.909783351813 0.852144204322 0.831393848778 
1.38463089385 0.909783351813 0.852144204322 0.831393848778 
1.38463089385 0.909783351813 0.852144204322 0.831393848778 
1.31130832335 1.31552351183 1.23217987557 1.20219418293 
1.31130832335 1.31552351183 1.23217987557 1.20219418293 
1.31130832335 1.31552351183 1.23217987557 1.20219418293 
1.31130832335 1.31552351183 1.23217987557 1.20219418293 
1.31130832335 1.31552351183 1.23217987557 1.20219418293 
1.38463089385 0.909783351813 0.852144204322 0.831393848778 
1.38463089385 0.909783351813 0.852144204322 0.831393848778 
1.31130832335 1.31552351183 1.23217987557 1.20219418293 
1.31130832335 1.31552351183 1.23217987557 1.20219418293 
1.31130832335 1.31552351183 1.23217987557 1.20219418293 
1.31130832335 1.31552351183 1.23217987557 1.20219418293 
1.31130832335 1.31552351183 1.23217987557 1.20219418293 
1.38463089385 0.909783351813 0.852144204322 0.831393848778 
1.31130832335 1.31552351183 1.23217987557 1.20219418293 
1.31130832335 1.31552351183 1.23217987557 1.20219418293 
1.38463089385 0.909783351813 0.852144204322 0.831393848778 
1.38463089385 0.909783351813 0.852144204322 0.831393848778 
1.38463089385 0.909783351813 0.852144204322 0.831393848778 
1.38463089385 0.909783351813 0.852144204322 0.831393848778 
1.31130832335 1.31552351183 1.23217987557 1.20219418293 
1.38463089385 0.909783351813 0.852144204322 0.831393848778 
1.38463089385 0.909783351813 0.852144204322 0.831393848778 
1.38463089385 0.909783351813 0.852144204322 0.831393848778 
1.38463089385 0.909783351813 0.852144204322 0.831393848778 
1.38463089385 0.909783351813 0.852144204322 0.831393848778 
1.31130832335 1.31552351183 1.23217987557 1.20219418293 
1.38463089385 0.909783351813 0.852144204322 0.831393848778 
1.31130832335 1.31552351183 1.23217987557 1.20219418293 
1.31130832335 1.31552351183 1.23217987557 1.20219418293 
1.38463089385 0.909783351813 0.852144204322 0.831393848778 
1.31130832335 1.31552351183 1.23217987557 1.20219418293 
1.38463089385 0.909783351813 0.852144204322 0.831393848778 
1.38463089385 0.909783351813 0.852144204322 0.831393848778 
1.38463089385 0.909783351813 0.852144204322 0.831393848778 
1.31130832335 1.31552351183 1.23217987557 1.20219418293 
1.31130832335 1.31552351183 1.23217987557 1.20219418293 
1.38463089385 0.909783351813 0.852144204322 0.831393848778 
1.31130832335 1.31552351183 1.23217987557 1.20219418293 
1.31130832335 1.31552351183 1.23217987557 1.20219418293 
1.31130832335 1.31552351183 1.23217987557 1.20219418293 
1.38463089385 0.909783351813 0.852144204322 0.831393848778 
1.38463089385 0.909783351813 0.852144204322 0.831393848778 
1.31130832335 1.31552351183 1.23217987557 1.20219418293 
1.38463089385 0.909783351813 0.852144204322 0.831393848778 
1.31130832335 1.31552351183 1.23217987557 1.20219418293 
1.38463089385 0.909783351813 0.852144204322 0.831393848778 
1.31130832335 1.31552351183 1.23217987557 1.20219418293 
1.38463089385 0.909783351813 0.852144204322 0.831393848778 
1.31130832335 1.31552351183 1.23217987557 1.20219418293 
1.38463089385 0.909783351813 0.852144204322 0.831393848778 
1.38463089385 0.909783351813 0.852144204322 0.831393848778 
1.31130832335 1.31552351183 1.23217987557 1.20219418293 
1.31130832335 1.31552351183 1.23217987557 1.20219418293 
1.31130832335 1.31552351183 1.23217987557 1.20219418293 
1.31130832335 1.31552351183 1.23217987557 1.20219418293 
1.38463089385 0.909783351813 0.852144204322 0.831393848778 
1.31130832335 1.31552351183 1.23217987557 1.20219418293 
1.38463089385 0.909783351813 0.852144204322 0.831393848778 
1.38463089385 0.909783351813 0.852144204322 0.831393848778 
1.38463089385 0.909783351813 0.852144204322 0.831393848778 
1.31130832335 1.31552351183 1.23217987557 1.20219418293 
1.38463089385 0.909783351813 0.852144204322 0.831393848778 
1.31130832335 1.31552351183 1.23217987557 1.20219418293 
1.38463089385 0.909783351813 0.852144204322 0.831393848778 
