1.23024946079 1.44480871591 1.22024883109 1.21936558669 
1.23024946079 1.44480871591 1.22024883109 1.21936558669 
1.23024946079 1.44480871591 1.22024883109 1.21936558669 
1.23024946079 1.44480871591 1.22024883109 1.21936558669 
1.23024946079 1.44480871591 1.22024883109 1.21936558669 
1.23024946079 1.44480871591 1.22024883109 1.21936558669 
1.23024946079 1.44480871591 1.22024883109 1.21936558669 
1.23024946079 1.44480871591 1.22024883109 1.21936558669 
1.23024946079 1.44480871591 1.22024883109 1.21936558669 
1.23024946079 1.44480871591 1.22024883109 1.21936558669 
1.23024946079 1.44480871591 1.22024883109 1.21936558669 
1.23939334927 0.153358974375 0.129522311682 0.129215063802 
1.23024946079 1.44480871591 1.22024883109 1.21936558669 
1.23024946079 1.44480871591 1.22024883109 1.21936558669 
1.23024946079 1.44480871591 1.22024883109 1.21936558669 
1.23024946079 1.44480871591 1.22024883109 1.21936558669 
1.23024946079 1.44480871591 1.22024883109 1.21936558669 
1.23024946079 1.44480871591 1.22024883109 1.21936558669 
1.23024946079 1.44480871591 1.22024883109 1.21936558669 
1.23024946079 1.44480871591 1.22024883109 1.21936558669 
1.23939334927 0.153358974375 0.129522311682 0.129215063802 
1.23024946079 1.44480871591 1.22024883109 1.21936558669 
1.23024946079 1.44480871591 1.22024883109 1.21936558669 
1.23024946079 1.44480871591 1.22024883109 1.21936558669 
1.23024946079 1.44480871591 1.22024883109 1.21936558669 
1.23024946079 1.44480871591 1.22024883109 1.21936558669 
1.23024946079 1.44480871591 1.22024883109 1.21936558669 
1.23024946079 1.44480871591 1.22024883109 1.21936558669 
1.23024946079 1.44480871591 1.22024883109 1.21936558669 
1.23024946079 1.44480871591 1.22024883109 1.21936558669 
1.23024946079 1.44480871591 1.22024883109 1.21936558669 
1.23939334927 0.153358974375 0.129522311682 0.129215063802 
1.23024946079 1.44480871591 1.22024883109 1.21936558669 
1.23024946079 1.44480871591 1.22024883109 1.21936558669 
1.23024946079 1.44480871591 1.22024883109 1.21936558669 
1.23024946079 1.44480871591 1.22024883109 1.21936558669 
1.23024946079 1.44480871591 1.22024883109 1.21936558669 
1.23024946079 1.44480871591 1.22024883109 1.21936558669 
1.23024946079 1.44480871591 1.22024883109 1.21936558669 
1.23024946079 1.44480871591 1.22024883109 1.21936558669 
1.23024946079 1.44480871591 1.22024883109 1.21936558669 
1.23024946079 1.44480871591 1.22024883109 1.21936558669 
1.23024946079 1.44480871591 1.22024883109 1.21936558669 
1.23024946079 1.44480871591 1.22024883109 1.21936558669 
1.23024946079 1.44480871591 1.22024883109 1.21936558669 
1.23024946079 1.44480871591 1.22024883109 1.21936558669 
1.23024946079 1.44480871591 1.22024883109 1.21936558669 
1.23024946079 1.44480871591 1.22024883109 1.21936558669 
1.23024946079 1.44480871591 1.22024883109 1.21936558669 
1.23024946079 1.44480871591 1.22024883109 1.21936558669 
1.23024946079 1.44480871591 1.22024883109 1.21936558669 
1.23024946079 1.44480871591 1.22024883109 1.21936558669 
1.23024946079 1.44480871591 1.22024883109 1.21936558669 
1.23024946079 1.44480871591 1.22024883109 1.21936558669 
1.23024946079 1.44480871591 1.22024883109 1.21936558669 
1.23024946079 1.44480871591 1.22024883109 1.21936558669 
1.23024946079 1.44480871591 1.22024883109 1.21936558669 
1.23024946079 1.44480871591 1.22024883109 1.21936558669 
1.23024946079 1.44480871591 1.22024883109 1.21936558669 
1.23024946079 1.44480871591 1.22024883109 1.21936558669 
1.23024946079 1.44480871591 1.22024883109 1.21936558669 
1.23024946079 1.44480871591 1.22024883109 1.21936558669 
1.23024946079 1.44480871591 1.22024883109 1.21936558669 
1.23024946079 1.44480871591 1.22024883109 1.21936558669 
1.23024946079 1.44480871591 1.22024883109 1.21936558669 
1.23024946079 1.44480871591 1.22024883109 1.21936558669 
1.23024946079 1.44480871591 1.22024883109 1.21936558669 
1.23024946079 1.44480871591 1.22024883109 1.21936558669 
1.23024946079 1.44480871591 1.22024883109 1.21936558669 
1.23024946079 1.44480871591 1.22024883109 1.21936558669 
1.23024946079 1.44480871591 1.22024883109 1.21936558669 
1.23024946079 1.44480871591 1.22024883109 1.21936558669 
1.23939334927 0.153358974375 0.129522311682 0.129215063802 
1.23024946079 1.44480871591 1.22024883109 1.21936558669 
1.23024946079 1.44480871591 1.22024883109 1.21936558669 
1.23024946079 1.44480871591 1.22024883109 1.21936558669 
1.23024946079 1.44480871591 1.22024883109 1.21936558669 
1.23024946079 1.44480871591 1.22024883109 1.21936558669 
1.23024946079 1.44480871591 1.22024883109 1.21936558669 
1.23024946079 1.44480871591 1.22024883109 1.21936558669 
1.23024946079 1.44480871591 1.22024883109 1.21936558669 
1.23024946079 1.44480871591 1.22024883109 1.21936558669 
1.23939334927 0.153358974375 0.129522311682 0.129215063802 
1.23024946079 1.44480871591 1.22024883109 1.21936558669 
1.23024946079 1.44480871591 1.22024883109 1.21936558669 
1.23024946079 1.44480871591 1.22024883109 1.21936558669 
1.23024946079 1.44480871591 1.22024883109 1.21936558669 
1.23024946079 1.44480871591 1.22024883109 1.21936558669 
1.23024946079 1.44480871591 1.22024883109 1.21936558669 
1.23024946079 1.44480871591 1.22024883109 1.21936558669 
1.23024946079 1.44480871591 1.22024883109 1.21936558669 
1.23024946079 1.44480871591 1.22024883109 1.21936558669 
1.23024946079 1.44480871591 1.22024883109 1.21936558669 
1.23024946079 1.44480871591 1.22024883109 1.21936558669 
1.23024946079 1.44480871591 1.22024883109 1.21936558669 
1.23024946079 1.44480871591 1.22024883109 1.21936558669 
1.23024946079 1.44480871591 1.22024883109 1.21936558669 
1.23024946079 1.44480871591 1.22024883109 1.21936558669 
1.23024946079 1.44480871591 1.22024883109 1.21936558669 
1.23024946079 1.44480871591 1.22024883109 1.21936558669 
