1.50347511503 1.63048032905 1.34686061687 1.25094146322 
1.50347511503 1.63048032905 1.34686061687 1.25094146322 
1.50347511503 1.63048032905 1.34686061687 1.25094146322 
1.50347511503 1.63048032905 1.34686061687 1.25094146322 
1.50347511503 1.63048032905 1.34686061687 1.25094146322 
1.50347511503 1.63048032905 1.34686061687 1.25094146322 
1.50347511503 1.63048032905 1.34686061687 1.25094146322 
1.50347511503 1.63048032905 1.34686061687 1.25094146322 
1.50347511503 1.63048032905 1.34686061687 1.25094146322 
1.50347511503 1.63048032905 1.34686061687 1.25094146322 
1.50347511503 1.63048032905 1.34686061687 1.25094146322 
1.50347511503 1.63048032905 1.34686061687 1.25094146322 
1.50347511503 1.63048032905 1.34686061687 1.25094146322 
1.50347511503 1.63048032905 1.34686061687 1.25094146322 
1.50347511503 1.63048032905 1.34686061687 1.25094146322 
1.50347511503 1.63048032905 1.34686061687 1.25094146322 
1.50347511503 1.63048032905 1.34686061687 1.25094146322 
1.50347511503 1.63048032905 1.34686061687 1.25094146322 
1.50347511503 1.63048032905 1.34686061687 1.25094146322 
1.50347511503 1.63048032905 1.34686061687 1.25094146322 
1.50347511503 1.63048032905 1.34686061687 1.25094146322 
1.50347511503 1.63048032905 1.34686061687 1.25094146322 
1.50347511503 1.63048032905 1.34686061687 1.25094146322 
1.50347511503 1.63048032905 1.34686061687 1.25094146322 
1.50347511503 1.63048032905 1.34686061687 1.25094146322 
1.50347511503 1.63048032905 1.34686061687 1.25094146322 
1.50347511503 1.63048032905 1.34686061687 1.25094146322 
1.50347511503 1.63048032905 1.34686061687 1.25094146322 
1.50347511503 1.63048032905 1.34686061687 1.25094146322 
1.50347511503 1.63048032905 1.34686061687 1.25094146322 
1.50347511503 1.63048032905 1.34686061687 1.25094146322 
1.50347511503 1.63048032905 1.34686061687 1.25094146322 
1.50347511503 1.63048032905 1.34686061687 1.25094146322 
1.50347511503 1.63048032905 1.34686061687 1.25094146322 
1.50347511503 1.63048032905 1.34686061687 1.25094146322 
1.50347511503 1.63048032905 1.34686061687 1.25094146322 
1.50347511503 1.63048032905 1.34686061687 1.25094146322 
1.50347511503 1.63048032905 1.34686061687 1.25094146322 
1.50347511503 1.63048032905 1.34686061687 1.25094146322 
1.50891050366 1.28598151346 1.06228602663 0.986598893068 
1.50347511503 1.63048032905 1.34686061687 1.25094146322 
1.50347511503 1.63048032905 1.34686061687 1.25094146322 
1.50347511503 1.63048032905 1.34686061687 1.25094146322 
1.50347511503 1.63048032905 1.34686061687 1.25094146322 
1.50347511503 1.63048032905 1.34686061687 1.25094146322 
1.50347511503 1.63048032905 1.34686061687 1.25094146322 
1.50347511503 1.63048032905 1.34686061687 1.25094146322 
1.50347511503 1.63048032905 1.34686061687 1.25094146322 
1.50347511503 1.63048032905 1.34686061687 1.25094146322 
1.50347511503 1.63048032905 1.34686061687 1.25094146322 
1.50347511503 1.63048032905 1.34686061687 1.25094146322 
1.50347511503 1.63048032905 1.34686061687 1.25094146322 
1.50347511503 1.63048032905 1.34686061687 1.25094146322 
1.50347511503 1.63048032905 1.34686061687 1.25094146322 
1.50347511503 1.63048032905 1.34686061687 1.25094146322 
1.50347511503 1.63048032905 1.34686061687 1.25094146322 
1.50347511503 1.63048032905 1.34686061687 1.25094146322 
1.50347511503 1.63048032905 1.34686061687 1.25094146322 
1.50347511503 1.63048032905 1.34686061687 1.25094146322 
1.50347511503 1.63048032905 1.34686061687 1.25094146322 
1.50347511503 1.63048032905 1.34686061687 1.25094146322 
1.50347511503 1.63048032905 1.34686061687 1.25094146322 
1.50347511503 1.63048032905 1.34686061687 1.25094146322 
1.50347511503 1.63048032905 1.34686061687 1.25094146322 
1.50347511503 1.63048032905 1.34686061687 1.25094146322 
1.50347511503 1.63048032905 1.34686061687 1.25094146322 
1.50347511503 1.63048032905 1.34686061687 1.25094146322 
1.50347511503 1.63048032905 1.34686061687 1.25094146322 
1.50347511503 1.63048032905 1.34686061687 1.25094146322 
1.50347511503 1.63048032905 1.34686061687 1.25094146322 
1.50347511503 1.63048032905 1.34686061687 1.25094146322 
1.50347511503 1.63048032905 1.34686061687 1.25094146322 
1.50347511503 1.63048032905 1.34686061687 1.25094146322 
1.50347511503 1.63048032905 1.34686061687 1.25094146322 
1.50347511503 1.63048032905 1.34686061687 1.25094146322 
1.50347511503 1.63048032905 1.34686061687 1.25094146322 
1.50347511503 1.63048032905 1.34686061687 1.25094146322 
1.50347511503 1.63048032905 1.34686061687 1.25094146322 
1.50347511503 1.63048032905 1.34686061687 1.25094146322 
1.50347511503 1.63048032905 1.34686061687 1.25094146322 
1.50347511503 1.63048032905 1.34686061687 1.25094146322 
1.50347511503 1.63048032905 1.34686061687 1.25094146322 
1.50347511503 1.63048032905 1.34686061687 1.25094146322 
1.50347511503 1.63048032905 1.34686061687 1.25094146322 
1.50347511503 1.63048032905 1.34686061687 1.25094146322 
1.50347511503 1.63048032905 1.34686061687 1.25094146322 
1.50347511503 1.63048032905 1.34686061687 1.25094146322 
1.50347511503 1.63048032905 1.34686061687 1.25094146322 
1.50347511503 1.63048032905 1.34686061687 1.25094146322 
1.50347511503 1.63048032905 1.34686061687 1.25094146322 
1.50347511503 1.63048032905 1.34686061687 1.25094146322 
1.50347511503 1.63048032905 1.34686061687 1.25094146322 
1.50347511503 1.63048032905 1.34686061687 1.25094146322 
1.50347511503 1.63048032905 1.34686061687 1.25094146322 
1.50347511503 1.63048032905 1.34686061687 1.25094146322 
1.50347511503 1.63048032905 1.34686061687 1.25094146322 
1.50347511503 1.63048032905 1.34686061687 1.25094146322 
1.50347511503 1.63048032905 1.34686061687 1.25094146322 
1.50347511503 1.63048032905 1.34686061687 1.25094146322 
1.50347511503 1.63048032905 1.34686061687 1.25094146322 
