0.290488692404 1.07731660116 
0.29011453771 1.0804465472 
0.286484262097 1.11081518067 
0.29011453771 1.0804465472 
0.28715805395 1.10517865606 
0.288039867278 1.09780195286 
0.290488692404 1.07731660116 
0.289329138218 1.08701671207 
0.29011453771 1.0804465472 
0.288039867278 1.09780195286 
0.286484262097 1.11081518067 
0.290099036313 1.08057622227 
0.288039867278 1.09780195286 
0.290383870455 1.07819347656 
0.286319788974 1.11219106078 
0.290099036313 1.08057622227 
0.57372982319 1.07428791881 
0.288039867278 1.09780195286 
0.289232724383 1.0878232504 
0.290488692404 1.07731660116 
0.286484262097 1.11081518067 
0.286484262097 1.11081518067 
0.288795318075 1.09148232019 
0.29011453771 1.0804465472 
0.28715805395 1.10517865606 
0.286481559753 1.1108377868 
0.289329138218 1.08701671207 
0.28725681701 1.10435246558 
0.941745601744 0.750345296328 
0.29011453771 1.0804465472 
0.998415488358 0.54235129303 
0.289123673857 1.08873549944 
0.286484262097 1.11081518067 
0.290099036313 1.08057622227 
0.286484262097 1.11081518067 
0.883922918747 0.837372073928 
0.28715805395 1.10517865606 
0.290488692404 1.07731660116 
0.284310475485 1.1289997308 
0.28715805395 1.10517865606 
0.287068188796 1.10593041219 
0.281110323399 1.1557702177 
0.283636683632 1.13463625541 
0.285192288813 1.1216230276 
0.288039867278 1.09780195286 
0.283636683632 1.13463625541 
0.284085735198 1.13087976861 
0.283636683632 1.13463625541 
0.883922918747 0.837372073928 
0.29011453771 1.0804465472 
0.941745601744 0.750345296328 
0.289331487442 1.08699705991 
0.289589430182 1.08483927099 
0.28715805395 1.10517865606 
0.288039867278 1.09780195286 
0.57372982319 1.07428791881 
1.10509856985 0.20754310109 
0.28725681701 1.10435246558 
0.288634163794 1.09283043692 
0.28243487304 1.14468985718 
0.288795318075 1.09148232019 
0.290488692404 1.07731660116 
0.290488692404 1.07731660116 
0.29011453771 1.0804465472 
0.289329138218 1.08701671207 
0.28715805395 1.10517865606 
0.290099036313 1.08057622227 
0.285192288813 1.1216230276 
0.281110323399 1.1557702177 
0.288039867278 1.09780195286 
0.290099036313 1.08057622227 
0.29062414384 1.07618349848 
0.701089308272 1.00307807428 
0.775872079584 0.966134734591 
0.290488692404 1.07731660116 
0.290488692404 1.07731660116 
0.286276095392 1.11255657417 
0.288168862561 1.09672285835 
0.29014513667 1.08019057528 
0.288671431517 1.09251867827 
0.290099036313 1.08057622227 
0.28715805395 1.10517865606 
0.283636683632 1.13463625541 
0.287913504748 1.09885902339 
0.289232724383 1.0878232504 
0.286484262097 1.11081518067 
0.279587294575 1.16851093192 
0.289123673857 1.08873549944 
0.28751475975 1.10219467665 
0.281209086458 1.15494402722 
0.284310475485 1.1289997308 
0.286484262097 1.11081518067 
0.289166360105 1.08837841277 
0.288039867278 1.09780195286 
0.290219123252 1.07957164944 
0.28715805395 1.10517865606 
0.286484262097 1.11081518067 
0.289123673857 1.08873549944 
0.288039867278 1.09780195286 
0.28725681701 1.10435246558 
