1.08087695839 0.854849500192 
0.992112465877 1.04539027924 
0.992112465877 1.04539027924 
1.08087695839 0.854849500192 
1.08087695839 0.854849500192 
1.13540750825 0.736761145014 
1.03197820782 0.969085206919 
0.635439273901 1.36205550721 
1.08087695839 0.854849500192 
1.08087695839 0.854849500192 
0.992112465877 1.04539027924 
1.08087695839 0.854849500192 
1.08087695839 0.854849500192 
1.08087695839 0.854849500192 
1.08087695839 0.854849500192 
0.896983251589 1.15770387048 
0.992112465877 1.04539027924 
1.08087695839 0.854849500192 
1.08087695839 0.854849500192 
1.25627740896 0.012126621265 
1.16046665936 0.644729154096 
1.08087695839 0.854849500192 
1.08087695839 0.854849500192 
1.25627740896 0.012126621265 
1.08087695839 0.854849500192 
1.03197820782 0.969085206919 
1.08087695839 0.854849500192 
1.08087695839 0.854849500192 
1.08087695839 0.854849500192 
0.992112465877 1.04539027924 
1.08087695839 0.854849500192 
1.08087695839 0.854849500192 
0.896983251589 1.15770387048 
1.08087695839 0.854849500192 
1.08087695839 0.854849500192 
1.13540750825 0.736761145014 
0.635439273901 1.36205550721 
1.08087695839 0.854849500192 
0.992112465877 1.04539027924 
0.992112465877 1.04539027924 
0.992112465877 1.04539027924 
1.08087695839 0.854849500192 
1.13540750825 0.736761145014 
1.08087695839 0.854849500192 
0.753099613405 1.33008789263 
1.16046665936 0.644729154096 
1.25627740896 0.012126621265 
1.08087695839 0.854849500192 
0.635439273901 1.36205550721 
1.08087695839 0.854849500192 
1.08087695839 0.854849500192 
1.08087695839 0.854849500192 
0.992112465877 1.04539027924 
1.03197820782 0.969085206919 
0.992112465877 1.04539027924 
1.16046665936 0.644729154096 
1.08087695839 0.854849500192 
0.992112465877 1.04539027924 
1.08087695839 0.854849500192 
0.992112465877 1.04539027924 
1.08087695839 0.854849500192 
1.21039909049 0.441069149224 
1.08087695839 0.854849500192 
1.16046665936 0.644729154096 
1.16046665936 0.644729154096 
1.08087695839 0.854849500192 
1.08087695839 0.854849500192 
0.635439273901 1.36205550721 
1.08087695839 0.854849500192 
1.08087695839 0.854849500192 
1.08087695839 0.854849500192 
1.08087695839 0.854849500192 
1.08087695839 0.854849500192 
1.08087695839 0.854849500192 
1.25627740896 0.012126621265 
0.992112465877 1.04539027924 
1.08087695839 0.854849500192 
1.08087695839 0.854849500192 
1.08087695839 0.854849500192 
1.25627740896 0.012126621265 
1.08087695839 0.854849500192 
1.08087695839 0.854849500192 
1.03197820782 0.969085206919 
1.03197820782 0.969085206919 
1.08087695839 0.854849500192 
0.635439273901 1.36205550721 
1.08087695839 0.854849500192 
1.08087695839 0.854849500192 
1.25627740896 0.012126621265 
1.21039909049 0.441069149224 
0.992112465877 1.04539027924 
1.13540750825 0.736761145014 
1.08087695839 0.854849500192 
1.08087695839 0.854849500192 
1.08087695839 0.854849500192 
1.08087695839 0.854849500192 
1.03197820782 0.969085206919 
1.25627740896 0.012126621265 
1.08087695839 0.854849500192 
1.25627740896 0.012126621265 
