0.622793637453 1.31552697466 
1.13891062423 0.684878789736 
1.2080955733 0.381444100935 
1.0940050379 0.778304669056 
0.977548222579 1.00000688325 
0.735103240085 1.25903242713 
0.735103240085 1.25903242713 
1.2080955733 0.381444100935 
1.2080955733 0.381444100935 
0.819455644803 1.19260674358 
0.622793637453 1.31552697466 
0.735103240085 1.25903242713 
0.977548222579 1.00000688325 
0.977548222579 1.00000688325 
0.735103240085 1.25903242713 
1.0940050379 0.778304669056 
0.735103240085 1.25903242713 
1.13891062423 0.684878789736 
0.914752509343 1.10050603998 
1.13891062423 0.684878789736 
1.2080955733 0.381444100935 
1.2080955733 0.381444100935 
1.2080955733 0.381444100935 
0.735103240085 1.25903242713 
1.2080955733 0.381444100935 
0.622793637453 1.31552697466 
1.2080955733 0.381444100935 
1.2080955733 0.381444100935 
1.2080955733 0.381444100935 
0.914752509343 1.10050603998 
0.819455644803 1.19260674358 
1.0940050379 0.778304669056 
0.735103240085 1.25903242713 
1.17664078111 0.563576253938 
1.17664078111 0.563576253938 
1.0940050379 0.778304669056 
1.2080955733 0.381444100935 
0.622793637453 1.31552697466 
0.977548222579 1.00000688325 
1.2080955733 0.381444100935 
1.13891062423 0.684878789736 
1.25087668845 0.130561392647 
0.735103240085 1.25903242713 
1.2080955733 0.381444100935 
0.977548222579 1.00000688325 
0.977548222579 1.00000688325 
0.622793637453 1.31552697466 
0.622793637453 1.31552697466 
0.735103240085 1.25903242713 
0.735103240085 1.25903242713 
1.2080955733 0.381444100935 
1.0940050379 0.778304669056 
0.735103240085 1.25903242713 
0.977548222579 1.00000688325 
1.2080955733 0.381444100935 
1.2080955733 0.381444100935 
1.2080955733 0.381444100935 
1.13891062423 0.684878789736 
0.735103240085 1.25903242713 
1.13891062423 0.684878789736 
0.735103240085 1.25903242713 
0.622793637453 1.31552697466 
1.2080955733 0.381444100935 
0.735103240085 1.25903242713 
0.977548222579 1.00000688325 
1.13891062423 0.684878789736 
1.2080955733 0.381444100935 
1.2080955733 0.381444100935 
0.977548222579 1.00000688325 
1.0940050379 0.778304669056 
0.977548222579 1.00000688325 
0.977548222579 1.00000688325 
0.735103240085 1.25903242713 
1.2080955733 0.381444100935 
0.735103240085 1.25903242713 
0.622793637453 1.31552697466 
1.2080955733 0.381444100935 
1.04780404296 0.898341258465 
0.622793637453 1.31552697466 
1.2080955733 0.381444100935 
0.735103240085 1.25903242713 
0.819455644803 1.19260674358 
1.04780404296 0.898341258465 
1.25087668845 0.130561392647 
1.0940050379 0.778304669056 
0.622793637453 1.31552697466 
1.2080955733 0.381444100935 
0.735103240085 1.25903242713 
1.2080955733 0.381444100935 
0.977548222579 1.00000688325 
0.735103240085 1.25903242713 
1.04780404296 0.898341258465 
0.735103240085 1.25903242713 
0.622793637453 1.31552697466 
0.735103240085 1.25903242713 
1.2080955733 0.381444100935 
0.735103240085 1.25903242713 
0.735103240085 1.25903242713 
0.735103240085 1.25903242713 
0.622793637453 1.31552697466 
