1.24943964557 0.0343104927161 
0.352148987302 1.32017014959 
0.352148987302 1.32017014959 
0.353436150603 1.29780893584 
1.24943964557 0.0343104927161 
0.68318041625 1.28581549761 
0.350838172665 1.34294224562 
0.828314497328 1.20908839177 
1.24943964557 0.0343104927161 
0.350838172665 1.34294224562 
0.351936839485 1.32385568249 
0.350838172665 1.34294224562 
0.350838172665 1.34294224562 
0.352148987302 1.32017014959 
1.03140568236 0.935215158368 
1.24943964557 0.0343104927161 
0.352148987302 1.32017014959 
1.24943964557 0.0343104927161 
0.350838172665 1.34294224562 
1.03140568236 0.935215158368 
1.24943964557 0.0343104927161 
0.352033658873 1.32217368998 
0.350838172665 1.34294224562 
1.24943964557 0.0343104927161 
0.828314497328 1.20908839177 
0.353595810539 1.29503524742 
0.350838172665 1.34294224562 
0.353436150603 1.29780893584 
0.350838172665 1.34294224562 
1.03140568236 0.935215158368 
0.350838172665 1.34294224562 
0.352148987302 1.32017014959 
1.24943964557 0.0343104927161 
1.24943964557 0.0343104927161 
1.03140568236 0.935215158368 
1.24943964557 0.0343104927161 
1.03140568236 0.935215158368 
0.350838172665 1.34294224562 
0.350838172665 1.34294224562 
0.68318041625 1.28581549761 
0.351340316729 1.33421875984 
0.350785042823 1.34386524252 
1.03140568236 0.935215158368 
0.350838172665 1.34294224562 
0.350838172665 1.34294224562 
1.24943964557 0.0343104927161 
0.352314789617 1.31728975283 
0.350838172665 1.34294224562 
0.350838172665 1.34294224562 
0.350838172665 1.34294224562 
1.08650254374 0.770177559877 
1.24943964557 0.0343104927161 
0.350420749754 1.35019391519 
0.350221819067 1.3536498338 
0.350838172665 1.34294224562 
0.350838172665 1.34294224562 
0.350838172665 1.34294224562 
0.352052434362 1.32184751324 
0.350838172665 1.34294224562 
0.353383473089 1.29872407469 
0.350838172665 1.34294224562 
1.24943964557 0.0343104927161 
0.350838172665 1.34294224562 
0.939600442841 1.0357416691 
0.350838172665 1.34294224562 
0.353436150603 1.29780893584 
1.24943964557 0.0343104927161 
0.350934864498 1.34126246904 
0.352314789617 1.31728975283 
1.17418103628 0.482995641209 
0.350785042823 1.34386524252 
1.03140568236 0.935215158368 
0.351309990451 1.33474560239 
0.68318041625 1.28581549761 
0.350934864498 1.34126246904 
0.352148987302 1.32017014959 
0.68318041625 1.28581549761 
0.350838172665 1.34294224562 
0.828314497328 1.20908839177 
0.350838172665 1.34294224562 
0.350838172665 1.34294224562 
0.351340316729 1.33421875984 
1.24943964557 0.0343104927161 
0.350838172665 1.34294224562 
0.350934864498 1.34126246904 
0.350838172665 1.34294224562 
0.353878465818 1.29012482532 
0.350125127233 1.35532961038 
0.68318041625 1.28581549761 
0.350838172665 1.34294224562 
0.350934864498 1.34126246904 
1.17418103628 0.482995641209 
1.24943964557 0.0343104927161 
1.24943964557 0.0343104927161 
0.352422345887 1.31542123409 
0.350838172665 1.34294224562 
0.350838172665 1.34294224562 
0.351340316729 1.33421875984 
0.350838172665 1.34294224562 
1.03140568236 0.935215158368 
