1.05903666682 0.630361572556 
1.14572990381 0.111082386784 
1.14572990381 0.111082386784 
1.05903666682 0.630361572556 
1.14572990381 0.111082386784 
0.552092302022 1.29091584062 
1.14572990381 0.111082386784 
1.14572990381 0.111082386784 
1.14572990381 0.111082386784 
0.590422276029 1.24526220371 
1.14572990381 0.111082386784 
1.14572990381 0.111082386784 
1.05903666682 0.630361572556 
1.14572990381 0.111082386784 
1.05903666682 0.630361572556 
1.14572990381 0.111082386784 
1.05903666682 0.630361572556 
1.14572990381 0.111082386784 
1.05903666682 0.630361572556 
1.14572990381 0.111082386784 
1.05903666682 0.630361572556 
0.96768519857 0.866341883488 
0.96768519857 0.866341883488 
0.96768519857 0.866341883488 
0.96768519857 0.866341883488 
0.96768519857 0.866341883488 
1.14572990381 0.111082386784 
1.05903666682 0.630361572556 
1.14572990381 0.111082386784 
0.825652756547 1.07660081256 
0.96768519857 0.866341883488 
1.14572990381 0.111082386784 
1.14572990381 0.111082386784 
1.14572990381 0.111082386784 
1.05903666682 0.630361572556 
1.14572990381 0.111082386784 
1.14572990381 0.111082386784 
1.14572990381 0.111082386784 
1.05903666682 0.630361572556 
1.14572990381 0.111082386784 
0.825652756547 1.07660081256 
1.05903666682 0.630361572556 
1.14572990381 0.111082386784 
0.825652756547 1.07660081256 
1.05903666682 0.630361572556 
1.05903666682 0.630361572556 
1.05903666682 0.630361572556 
1.14572990381 0.111082386784 
1.14572990381 0.111082386784 
0.886649523818 0.992638040712 
1.14572990381 0.111082386784 
1.05903666682 0.630361572556 
1.05903666682 0.630361572556 
0.825652756547 1.07660081256 
1.14572990381 0.111082386784 
1.03268899381 0.691388697928 
1.14572990381 0.111082386784 
1.14572990381 0.111082386784 
1.05903666682 0.630361572556 
1.14572990381 0.111082386784 
0.96768519857 0.866341883488 
1.05903666682 0.630361572556 
1.14572990381 0.111082386784 
1.14572990381 0.111082386784 
1.14572990381 0.111082386784 
1.14572990381 0.111082386784 
1.05903666682 0.630361572556 
1.14572990381 0.111082386784 
1.14572990381 0.111082386784 
1.05903666682 0.630361572556 
1.14572990381 0.111082386784 
0.96768519857 0.866341883488 
1.14572990381 0.111082386784 
0.96768519857 0.866341883488 
1.14572990381 0.111082386784 
1.05903666682 0.630361572556 
1.14572990381 0.111082386784 
1.14572990381 0.111082386784 
0.96768519857 0.866341883488 
1.05903666682 0.630361572556 
1.05903666682 0.630361572556 
1.14572990381 0.111082386784 
1.05903666682 0.630361572556 
1.14572990381 0.111082386784 
1.14572990381 0.111082386784 
1.05903666682 0.630361572556 
1.14572990381 0.111082386784 
1.14572990381 0.111082386784 
1.05903666682 0.630361572556 
1.05903666682 0.630361572556 
1.14572990381 0.111082386784 
0.96768519857 0.866341883488 
0.96768519857 0.866341883488 
1.05903666682 0.630361572556 
1.14572990381 0.111082386784 
1.14572990381 0.111082386784 
1.05903666682 0.630361572556 
1.14572990381 0.111082386784 
1.14572990381 0.111082386784 
0.96768519857 0.866341883488 
