1.0074327964 0.800278217368 
0.433181674686 1.28939776229 
1.0074327964 0.800278217368 
0.433181674686 1.28939776229 
1.0074327964 0.800278217368 
0.433181674686 1.28939776229 
1.0074327964 0.800278217368 
1.0074327964 0.800278217368 
1.0074327964 0.800278217368 
1.0074327964 0.800278217368 
1.0074327964 0.800278217368 
0.433181674686 1.28939776229 
1.0074327964 0.800278217368 
1.0074327964 0.800278217368 
1.0074327964 0.800278217368 
1.0074327964 0.800278217368 
1.0074327964 0.800278217368 
0.433181674686 1.28939776229 
1.0074327964 0.800278217368 
1.0074327964 0.800278217368 
1.0074327964 0.800278217368 
0.433181674686 1.28939776229 
1.0074327964 0.800278217368 
1.0074327964 0.800278217368 
1.0074327964 0.800278217368 
1.0074327964 0.800278217368 
1.11795870564 0.380481795584 
1.0074327964 0.800278217368 
1.08851890488 0.574931533759 
0.433181674686 1.28939776229 
1.11795870564 0.380481795584 
0.433181674686 1.28939776229 
0.833286021521 1.09947057975 
1.0074327964 0.800278217368 
1.0074327964 0.800278217368 
1.0074327964 0.800278217368 
1.0074327964 0.800278217368 
1.0074327964 0.800278217368 
1.0074327964 0.800278217368 
1.11795870564 0.380481795584 
1.0074327964 0.800278217368 
1.0074327964 0.800278217368 
1.0074327964 0.800278217368 
1.0074327964 0.800278217368 
1.0074327964 0.800278217368 
1.0074327964 0.800278217368 
1.0074327964 0.800278217368 
1.0074327964 0.800278217368 
1.0074327964 0.800278217368 
1.0074327964 0.800278217368 
0.433181674686 1.28939776229 
0.433181674686 1.28939776229 
1.0074327964 0.800278217368 
1.0074327964 0.800278217368 
0.726101197642 1.19433715656 
0.775377997128 1.1641497054 
1.0074327964 0.800278217368 
1.0074327964 0.800278217368 
1.0074327964 0.800278217368 
1.0074327964 0.800278217368 
1.0074327964 0.800278217368 
1.0074327964 0.800278217368 
1.0074327964 0.800278217368 
1.08851890488 0.574931533759 
0.433181674686 1.28939776229 
1.0074327964 0.800278217368 
0.433181674686 1.28939776229 
1.0074327964 0.800278217368 
0.938258877545 0.934727227018 
1.0074327964 0.800278217368 
1.0074327964 0.800278217368 
1.0074327964 0.800278217368 
0.433181674686 1.28939776229 
1.0074327964 0.800278217368 
0.433181674686 1.28939776229 
1.0074327964 0.800278217368 
0.726101197642 1.19433715656 
0.433181674686 1.28939776229 
1.0074327964 0.800278217368 
1.0074327964 0.800278217368 
0.833286021521 1.09947057975 
0.433181674686 1.28939776229 
1.0074327964 0.800278217368 
1.0074327964 0.800278217368 
1.0074327964 0.800278217368 
0.433181674686 1.28939776229 
0.726101197642 1.19433715656 
1.0074327964 0.800278217368 
1.0074327964 0.800278217368 
1.0074327964 0.800278217368 
0.433181674686 1.28939776229 
0.433181674686 1.28939776229 
1.0074327964 0.800278217368 
0.433181674686 1.28939776229 
1.0074327964 0.800278217368 
0.433181674686 1.28939776229 
1.0074327964 0.800278217368 
1.08851890488 0.574931533759 
1.0074327964 0.800278217368 
1.0074327964 0.800278217368 
