0.917582281384 0.873678633468 
0.917582281384 0.873678633468 
0.917582281384 0.873678633468 
0.917582281384 0.873678633468 
1.08919543464 0.315561619987 
0.917582281384 0.873678633468 
0.490331391115 1.23017584645 
0.917582281384 0.873678633468 
0.917582281384 0.873678633468 
1.08919543464 0.315561619987 
0.802276584822 0.988398226331 
0.917582281384 0.873678633468 
0.917582281384 0.873678633468 
0.917582281384 0.873678633468 
0.802276584822 0.988398226331 
0.917582281384 0.873678633468 
0.917582281384 0.873678633468 
0.917582281384 0.873678633468 
0.917582281384 0.873678633468 
0.490331391115 1.23017584645 
0.802276584822 0.988398226331 
1.08919543464 0.315561619987 
0.490331391115 1.23017584645 
0.917582281384 0.873678633468 
0.917582281384 0.873678633468 
0.917582281384 0.873678633468 
1.08919543464 0.315561619987 
0.917582281384 0.873678633468 
1.08919543464 0.315561619987 
1.08919543464 0.315561619987 
0.917582281384 0.873678633468 
0.638117275196 1.13300341161 
0.706552270881 1.02639033425 
0.490331391115 1.23017584645 
0.917582281384 0.873678633468 
0.917582281384 0.873678633468 
0.802276584822 0.988398226331 
0.917582281384 0.873678633468 
0.917582281384 0.873678633468 
0.802276584822 0.988398226331 
0.490331391115 1.23017584645 
0.997635274478 0.715492925444 
1.08919543464 0.315561619987 
0.917582281384 0.873678633468 
0.917582281384 0.873678633468 
0.917582281384 0.873678633468 
0.917582281384 0.873678633468 
0.490331391115 1.23017584645 
0.490331391115 1.23017584645 
0.490331391115 1.23017584645 
0.917582281384 0.873678633468 
0.917582281384 0.873678633468 
0.917582281384 0.873678633468 
1.08919543464 0.315561619987 
1.13291748697 0.0495357801033 
0.917582281384 0.873678633468 
0.917582281384 0.873678633468 
0.917582281384 0.873678633468 
0.490331391115 1.23017584645 
1.08919543464 0.315561619987 
0.917582281384 0.873678633468 
0.917582281384 0.873678633468 
0.490331391115 1.23017584645 
0.917582281384 0.873678633468 
0.917582281384 0.873678633468 
0.917582281384 0.873678633468 
1.08919543464 0.315561619987 
0.802276584822 0.988398226331 
0.917582281384 0.873678633468 
1.13291748697 0.0495357801033 
1.08919543464 0.315561619987 
0.917582281384 0.873678633468 
1.13291748697 0.0495357801033 
0.917582281384 0.873678633468 
1.08919543464 0.315561619987 
0.638117275196 1.13300341161 
0.917582281384 0.873678633468 
0.917582281384 0.873678633468 
0.917582281384 0.873678633468 
0.802276584822 0.988398226331 
0.802276584822 0.988398226331 
1.08919543464 0.315561619987 
0.917582281384 0.873678633468 
0.802276584822 0.988398226331 
0.917582281384 0.873678633468 
0.917582281384 0.873678633468 
0.802276584822 0.988398226331 
0.917582281384 0.873678633468 
0.638117275196 1.13300341161 
1.08919543464 0.315561619987 
0.917582281384 0.873678633468 
0.490331391115 1.23017584645 
1.08919543464 0.315561619987 
1.08919543464 0.315561619987 
0.638117275196 1.13300341161 
0.917582281384 0.873678633468 
0.917582281384 0.873678633468 
0.802276584822 0.988398226331 
0.490331391115 1.23017584645 
1.08919543464 0.315561619987 
