1.15604900062 0.619569931119 
1.10789866185 0.763910201539 
0.563280545346 1.37843981906 
1.02648344503 0.943625765564 
1.02648344503 0.943625765564 
0.601107962138 1.36550552789 
0.791990068344 1.24823636726 
1.02648344503 0.943625765564 
0.791990068344 1.24823636726 
1.15604900062 0.619569931119 
1.2406993735 0.00691474082271 
1.02648344503 0.943625765564 
0.563280545346 1.37843981906 
0.563280545346 1.37843981906 
1.02648344503 0.943625765564 
0.791990068344 1.24823636726 
1.02648344503 0.943625765564 
0.601107962138 1.36550552789 
0.563280545346 1.37843981906 
1.17406672837 0.552869786023 
0.601107962138 1.36550552789 
1.17406672837 0.552869786023 
0.563280545346 1.37843981906 
1.10789866185 0.763910201539 
1.02648344503 0.943625765564 
0.563280545346 1.37843981906 
1.2406993735 0.00691474082271 
1.02648344503 0.943625765564 
1.02648344503 0.943625765564 
1.2406993735 0.00691474082271 
1.2406993735 0.00691474082271 
1.02648344503 0.943625765564 
0.563280545346 1.37843981906 
0.791990068344 1.24823636726 
1.02648344503 0.943625765564 
1.02648344503 0.943625765564 
0.563280545346 1.37843981906 
1.15604900062 0.619569931119 
1.2406993735 0.00691474082271 
0.791990068344 1.24823636726 
1.2406993735 0.00691474082271 
1.02648344503 0.943625765564 
0.601107962138 1.36550552789 
0.601107962138 1.36550552789 
0.563280545346 1.37843981906 
0.563280545346 1.37843981906 
0.601107962138 1.36550552789 
0.791990068344 1.24823636726 
0.971652677132 1.03696548599 
1.02648344503 0.943625765564 
0.601107962138 1.36550552789 
0.971652677132 1.03696548599 
1.2406993735 0.00691474082271 
1.17406672837 0.552869786023 
1.02648344503 0.943625765564 
0.791990068344 1.24823636726 
1.02648344503 0.943625765564 
0.563280545346 1.37843981906 
0.601107962138 1.36550552789 
0.601107962138 1.36550552789 
1.02648344503 0.943625765564 
1.2406993735 0.00691474082271 
1.02648344503 0.943625765564 
1.15604900062 0.619569931119 
1.02648344503 0.943625765564 
0.601107962138 1.36550552789 
0.563280545346 1.37843981906 
0.791990068344 1.24823636726 
0.791990068344 1.24823636726 
1.02648344503 0.943625765564 
1.02648344503 0.943625765564 
1.02648344503 0.943625765564 
1.02648344503 0.943625765564 
0.563280545346 1.37843981906 
0.563280545346 1.37843981906 
0.791990068344 1.24823636726 
1.15604900062 0.619569931119 
0.563280545346 1.37843981906 
1.15604900062 0.619569931119 
0.791990068344 1.24823636726 
0.601107962138 1.36550552789 
1.02648344503 0.943625765564 
1.02648344503 0.943625765564 
1.02648344503 0.943625765564 
1.15604900062 0.619569931119 
1.02648344503 0.943625765564 
1.17406672837 0.552869786023 
0.601107962138 1.36550552789 
0.563280545346 1.37843981906 
1.02648344503 0.943625765564 
0.563280545346 1.37843981906 
0.601107962138 1.36550552789 
0.563280545346 1.37843981906 
1.17406672837 0.552869786023 
0.601107962138 1.36550552789 
0.791990068344 1.24823636726 
0.563280545346 1.37843981906 
0.601107962138 1.36550552789 
0.601107962138 1.36550552789 
0.791990068344 1.24823636726 
