0.394374387603 0.993481029887 
0.394107624145 1.00704574803 
0.394374387603 0.993481029887 
0.3944497486 0.989648980699 
0.85337172664 0.759049325485 
0.394421488765 0.991085971733 
0.394374387603 0.993481029887 
0.394374387603 0.993481029887 
0.394374387603 0.993481029887 
0.3944497486 0.989648980699 
0.994732083191 0.395463811831 
0.394374387603 0.993481029887 
0.658260270686 0.920882651132 
0.3944497486 0.989648980699 
0.394432952656 0.990503041648 
0.3944497486 0.989648980699 
0.394301670577 0.997178635135 
1.03919038783 0.0480401977938 
0.3944497486 0.989648980699 
0.394374387603 0.993481029887 
0.394432952656 0.990503041648 
0.394374387603 0.993481029887 
0.394432952656 0.990503041648 
0.393646464007 1.03049538894 
0.39410633948 1.00711107226 
0.394107624145 1.00704574803 
0.394107624145 1.00704574803 
0.394374387603 0.993481029887 
0.394374387603 0.993481029887 
0.39431091192 0.996708719886 
0.394155449156 1.00461388274 
0.3944497486 0.989648980699 
0.394374387603 0.993481029887 
0.393646464007 1.03049538894 
0.394374387603 0.993481029887 
0.617235314745 0.988099568427 
0.394432952656 0.990503041648 
0.394374387603 0.993481029887 
0.3944497486 0.989648980699 
0.39410633948 1.00711107226 
0.39410633948 1.00711107226 
0.3944497486 0.989648980699 
0.39410633948 1.00711107226 
0.394374387603 0.993481029887 
0.3942537246 0.999616651427 
0.39410633948 1.00711107226 
0.394374387603 0.993481029887 
0.394432952656 0.990503041648 
0.394115142511 1.00666344485 
0.394140833053 1.00535710042 
0.3944497486 0.989648980699 
0.3944497486 0.989648980699 
0.394193434993 1.00268233191 
0.394374387603 0.993481029887 
1.03919038783 0.0480401977938 
0.39410633948 1.00711107226 
0.394432952656 0.990503041648 
0.994732083191 0.395463811831 
0.394432952656 0.990503041648 
0.3944497486 0.989648980699 
0.961000320581 0.61318605861 
0.394107624145 1.00704574803 
0.394107624145 1.00704574803 
0.394374387603 0.993481029887 
0.3944497486 0.989648980699 
0.393859427782 1.01966634358 
0.394421488765 0.991085971733 
0.394107624145 1.00704574803 
0.3944497486 0.989648980699 
0.394374387603 0.993481029887 
0.3944497486 0.989648980699 
0.394374387603 0.993481029887 
0.394040666511 1.01045049261 
0.394205254457 1.0020813212 
0.39431091192 0.996708719886 
0.3944497486 0.989648980699 
0.394374387603 0.993481029887 
0.3944497486 0.989648980699 
0.394289830235 0.997780707489 
0.39375212147 1.02512278763 
0.394032263147 1.01087779722 
0.394374387603 0.993481029887 
0.394432952656 0.990503041648 
0.394432952656 0.990503041648 
0.394432952656 0.990503041648 
0.39393478878 1.01583429439 
0.394374387603 0.993481029887 
0.394374387603 0.993481029887 
0.393646464007 1.03049538894 
0.393611054287 1.03229594619 
0.3944497486 0.989648980699 
0.394432952656 0.990503041648 
0.394107624145 1.00704574803 
0.394374387603 0.993481029887 
0.394226309579 1.00101068432 
0.394107624145 1.00704574803 
0.394468362376 0.988702484394 
0.39431091192 0.996708719886 
0.394432952656 0.990503041648 
0.394432952656 0.990503041648 
