0.94371761307 0.780341282147 
0.834889137428 0.914235471715 
0.94371761307 0.780341282147 
0.94371761307 0.780341282147 
0.60103470923 1.14418519225 
0.94371761307 0.780341282147 
1.11321168813 0.0526941192309 
0.834889137428 0.914235471715 
0.94371761307 0.780341282147 
0.834889137428 0.914235471715 
1.09582888174 0.269237571632 
0.94371761307 0.780341282147 
0.60103470923 1.14418519225 
0.834889137428 0.914235471715 
0.834889137428 0.914235471715 
0.60103470923 1.14418519225 
0.438723454478 1.19301938862 
0.94371761307 0.780341282147 
1.11321168813 0.0526941192309 
0.94371761307 0.780341282147 
0.834889137428 0.914235471715 
0.834889137428 0.914235471715 
0.834889137428 0.914235471715 
0.94371761307 0.780341282147 
0.834889137428 0.914235471715 
0.94371761307 0.780341282147 
0.94371761307 0.780341282147 
0.834889137428 0.914235471715 
0.94371761307 0.780341282147 
0.834889137428 0.914235471715 
0.94371761307 0.780341282147 
0.834889137428 0.914235471715 
1.09582888174 0.269237571632 
0.766291479234 0.990033038112 
1.03077695344 0.549539378208 
0.766291479234 0.990033038112 
0.94371761307 0.780341282147 
0.94371761307 0.780341282147 
0.94371761307 0.780341282147 
0.94371761307 0.780341282147 
0.94371761307 0.780341282147 
0.834889137428 0.914235471715 
0.94371761307 0.780341282147 
0.834889137428 0.914235471715 
0.94371761307 0.780341282147 
0.94371761307 0.780341282147 
0.94371761307 0.780341282147 
0.834889137428 0.914235471715 
1.11321168813 0.0526941192309 
1.09582888174 0.269237571632 
0.94371761307 0.780341282147 
1.11321168813 0.0526941192309 
0.834889137428 0.914235471715 
0.834889137428 0.914235471715 
0.94371761307 0.780341282147 
0.94371761307 0.780341282147 
0.834889137428 0.914235471715 
0.94371761307 0.780341282147 
1.11321168813 0.0526941192309 
1.09582888174 0.269237571632 
0.94371761307 0.780341282147 
1.11321168813 0.0526941192309 
0.834889137428 0.914235471715 
0.834889137428 0.914235471715 
0.60103470923 1.14418519225 
0.94371761307 0.780341282147 
0.94371761307 0.780341282147 
0.94371761307 0.780341282147 
0.94371761307 0.780341282147 
0.94371761307 0.780341282147 
0.94371761307 0.780341282147 
0.94371761307 0.780341282147 
1.11321168813 0.0526941192309 
0.94371761307 0.780341282147 
0.834889137428 0.914235471715 
0.834889137428 0.914235471715 
0.94371761307 0.780341282147 
0.94371761307 0.780341282147 
0.766291479234 0.990033038112 
0.94371761307 0.780341282147 
1.11321168813 0.0526941192309 
0.60103470923 1.14418519225 
0.834889137428 0.914235471715 
0.60103470923 1.14418519225 
1.11321168813 0.0526941192309 
0.94371761307 0.780341282147 
0.834889137428 0.914235471715 
0.834889137428 0.914235471715 
0.94371761307 0.780341282147 
1.09582888174 0.269237571632 
0.94371761307 0.780341282147 
0.94371761307 0.780341282147 
0.94371761307 0.780341282147 
0.94371761307 0.780341282147 
0.834889137428 0.914235471715 
0.94371761307 0.780341282147 
1.09582888174 0.269237571632 
0.94371761307 0.780341282147 
0.834889137428 0.914235471715 
0.94371761307 0.780341282147 
