0.246714586735 1.07697558063 
0.246714586735 1.07697558063 
0.243867846459 1.09387510895 
0.244000547079 1.09308733849 
0.247081783844 1.07479573374 
0.246714586735 1.07697558063 
0.246714586735 1.07697558063 
0.243568469987 1.09565234209 
0.246714586735 1.07697558063 
0.248843347685 1.06433829992 
0.245227783498 1.08580191214 
0.246714586735 1.07697558063 
0.243568469987 1.09565234209 
0.246714586735 1.07697558063 
0.246818377622 1.07635943133 
0.245227783498 1.08580191214 
0.243568469987 1.09565234209 
0.248683404406 1.06528779504 
0.767946776264 0.902722233762 
0.24517783117 1.08609845159 
0.246714586735 1.07697558063 
0.243867846459 1.09387510895 
0.243568469987 1.09565234209 
0.246714586735 1.07697558063 
0.244988556378 1.08722207173 
0.246714586735 1.07697558063 
0.244380176936 1.09083368522 
0.245227783498 1.08580191214 
0.248843347685 1.06433829992 
0.528971178685 1.0616956365 
0.246714586735 1.07697558063 
0.248683404406 1.06528779504 
0.759558389038 0.947482669194 
1.0026231927 0.655837055792 
0.245423760092 1.0846385071 
0.244860586389 1.08798175903 
0.246329285246 1.07926290325 
0.243568469987 1.09565234209 
0.246714586735 1.07697558063 
0.243568469987 1.09565234209 
0.246714586735 1.07697558063 
0.246714586735 1.07697558063 
0.243823240294 1.09413991117 
0.247081783844 1.07479573374 
0.244000547079 1.09308733849 
0.24830518086 1.06753309981 
0.243568469987 1.09565234209 
0.246714586735 1.07697558063 
0.247081783844 1.07479573374 
0.246714586735 1.07697558063 
0.246714586735 1.07697558063 
0.243568469987 1.09565234209 
0.246714586735 1.07697558063 
0.244919452352 1.08763230425 
0.246714586735 1.07697558063 
0.246714586735 1.07697558063 
0.243867846459 1.09387510895 
0.245227783498 1.08580191214 
0.246714586735 1.07697558063 
0.243568469987 1.09565234209 
0.244860586389 1.08798175903 
0.929050581257 0.745992381617 
0.246714586735 1.07697558063 
0.243867846459 1.09387510895 
0.242013846113 1.10488128735 
0.759558389038 0.947482669194 
0.239626911243 1.11905120436 
0.246714586735 1.07697558063 
0.243935667096 1.0934724952 
0.246714586735 1.07697558063 
0.241592574374 1.10738214553 
0.246714586735 1.07697558063 
0.244000547079 1.09308733849 
0.243568469987 1.09565234209 
0.244826741937 1.0881826749 
0.246714586735 1.07697558063 
0.246714586735 1.07697558063 
0.24517783117 1.08609845159 
0.245227783498 1.08580191214 
0.245159064112 1.08620986127 
0.246714586735 1.07697558063 
0.246714586735 1.07697558063 
0.242013846113 1.10488128735 
0.24028965262 1.115116874 
0.246818377622 1.07635943133 
0.246714586735 1.07697558063 
0.865242553136 0.892948364336 
0.242585042553 1.10149040885 
0.243867846459 1.09387510895 
0.246714586735 1.07697558063 
0.246714586735 1.07697558063 
0.246714586735 1.07697558063 
0.246714586735 1.07697558063 
0.577580169258 1.02654085348 
0.245227783498 1.08580191214 
0.246714586735 1.07697558063 
0.243935667096 1.0934724952 
0.246969357042 1.07546314971 
0.246714586735 1.07697558063 
0.246714586735 1.07697558063 
