0.862655675639 0.932999099522 
0.862655675639 0.932999099522 
0.862655675639 0.932999099522 
0.862655675639 0.932999099522 
0.862655675639 0.932999099522 
0.862655675639 0.932999099522 
0.862655675639 0.932999099522 
1.04627923707 0.466318277236 
0.930424308352 0.732051454237 
0.862655675639 0.932999099522 
0.862655675639 0.932999099522 
0.862655675639 0.932999099522 
0.862655675639 0.932999099522 
0.862655675639 0.932999099522 
0.734686564248 1.08414261544 
0.862655675639 0.932999099522 
0.862655675639 0.932999099522 
0.717127812883 1.11485373275 
1.04627923707 0.466318277236 
0.862655675639 0.932999099522 
0.862655675639 0.932999099522 
0.862655675639 0.932999099522 
1.04627923707 0.466318277236 
0.862655675639 0.932999099522 
0.862655675639 0.932999099522 
0.862655675639 0.932999099522 
0.862655675639 0.932999099522 
0.734686564248 1.08414261544 
0.734686564248 1.08414261544 
0.862655675639 0.932999099522 
0.734686564248 1.08414261544 
0.862655675639 0.932999099522 
0.862655675639 0.932999099522 
1.08477722651 0.311624866667 
0.862655675639 0.932999099522 
0.862655675639 0.932999099522 
0.862655675639 0.932999099522 
0.734686564248 1.08414261544 
0.862655675639 0.932999099522 
0.862655675639 0.932999099522 
0.862655675639 0.932999099522 
0.862655675639 0.932999099522 
0.862655675639 0.932999099522 
0.862655675639 0.932999099522 
0.862655675639 0.932999099522 
0.862655675639 0.932999099522 
0.862655675639 0.932999099522 
0.862655675639 0.932999099522 
1.04627923707 0.466318277236 
0.862655675639 0.932999099522 
1.04627923707 0.466318277236 
0.862655675639 0.932999099522 
1.04627923707 0.466318277236 
0.862655675639 0.932999099522 
0.907833264979 0.866305683644 
0.862655675639 0.932999099522 
0.862655675639 0.932999099522 
0.862655675639 0.932999099522 
0.862655675639 0.932999099522 
0.862655675639 0.932999099522 
0.862655675639 0.932999099522 
0.862655675639 0.932999099522 
0.862655675639 0.932999099522 
0.862655675639 0.932999099522 
0.862655675639 0.932999099522 
0.862655675639 0.932999099522 
0.601487025748 1.17648542401 
0.862655675639 0.932999099522 
0.862655675639 0.932999099522 
0.862655675639 0.932999099522 
0.862655675639 0.932999099522 
0.862655675639 0.932999099522 
0.862655675639 0.932999099522 
0.862655675639 0.932999099522 
0.862655675639 0.932999099522 
0.862655675639 0.932999099522 
0.862655675639 0.932999099522 
0.862655675639 0.932999099522 
0.862655675639 0.932999099522 
0.862655675639 0.932999099522 
1.08477722651 0.311624866667 
0.862655675639 0.932999099522 
0.862655675639 0.932999099522 
0.862655675639 0.932999099522 
1.04499317178 0.525932350105 
0.862655675639 0.932999099522 
0.862655675639 0.932999099522 
0.862655675639 0.932999099522 
0.862655675639 0.932999099522 
0.734686564248 1.08414261544 
1.04627923707 0.466318277236 
0.862655675639 0.932999099522 
0.862655675639 0.932999099522 
0.862655675639 0.932999099522 
0.862655675639 0.932999099522 
0.862655675639 0.932999099522 
0.862655675639 0.932999099522 
0.734686564248 1.08414261544 
1.04499317178 0.525932350105 
0.862655675639 0.932999099522 
