1.50590321956 2.05320605005 1.78067715475 1.67138739379 1.60706577936 1.44150911144 1.31337609884 1.28250457739 
1.50590321956 2.05320605005 1.78067715475 1.67138739379 1.60706577936 1.44150911144 1.31337609884 1.28250457739 
2.04897752068 2.69059687331 2.33346496564 2.19024763577 1.55600725542 1.42883374044 1.30182741384 1.27122665039 
2.04897752068 2.69059687331 2.33346496564 2.19024763577 1.55600725542 1.42883374044 1.30182741384 1.27122665039 
2.04897752068 2.69059687331 2.33346496564 2.19024763577 1.55600725542 1.42883374044 1.30182741384 1.27122665039 
2.04897752068 2.69059687331 2.33346496564 2.19024763577 1.55600725542 1.42883374044 1.30182741384 1.27122665039 
2.04897752068 2.69059687331 2.33346496564 2.19024763577 1.55600725542 1.42883374044 1.30182741384 1.27122665039 
2.04897752068 2.69059687331 2.33346496564 2.19024763577 1.55600725542 1.42883374044 1.30182741384 1.27122665039 
2.04897752068 2.69059687331 2.33346496564 2.19024763577 1.55600725542 1.42883374044 1.30182741384 1.27122665039 
2.04897752068 2.69059687331 2.33346496564 2.19024763577 1.55600725542 1.42883374044 1.30182741384 1.27122665039 
2.04897752068 2.69059687331 2.33346496564 2.19024763577 1.55600725542 1.42883374044 1.30182741384 1.27122665039 
1.50590321956 2.05320605005 1.78067715475 1.67138739379 1.60706577936 1.44150911144 1.31337609884 1.28250457739 
2.04897752068 2.69059687331 2.33346496564 2.19024763577 1.55600725542 1.42883374044 1.30182741384 1.27122665039 
2.04897752068 2.69059687331 2.33346496564 2.19024763577 1.55600725542 1.42883374044 1.30182741384 1.27122665039 
2.04897752068 2.69059687331 2.33346496564 2.19024763577 1.55600725542 1.42883374044 1.30182741384 1.27122665039 
1.54983477974 2.03515195797 1.7650194426 1.65669067987 1.5929346529 1.42883374044 1.30182741384 1.27122665039 
1.50590321956 2.05320605005 1.78067715475 1.67138739379 1.60706577936 1.44150911144 1.31337609884 1.28250457739 
2.04897752068 2.69059687331 2.33346496564 2.19024763577 1.55600725542 1.42883374044 1.30182741384 1.27122665039 
2.04897752068 2.69059687331 2.33346496564 2.19024763577 1.55600725542 1.42883374044 1.30182741384 1.27122665039 
1.50590321956 2.05320605005 1.78067715475 1.67138739379 1.60706577936 1.44150911144 1.31337609884 1.28250457739 
2.04897752068 2.69059687331 2.33346496564 2.19024763577 1.55600725542 1.42883374044 1.30182741384 1.27122665039 
2.04897752068 2.69059687331 2.33346496564 2.19024763577 1.55600725542 1.42883374044 1.30182741384 1.27122665039 
2.04897752068 2.69059687331 2.33346496564 2.19024763577 1.55600725542 1.42883374044 1.30182741384 1.27122665039 
1.50590321956 2.05320605005 1.78067715475 1.67138739379 1.60706577936 1.44150911144 1.31337609884 1.28250457739 
2.04897752068 2.69059687331 2.33346496564 2.19024763577 1.55600725542 1.42883374044 1.30182741384 1.27122665039 
1.50590321956 2.05320605005 1.78067715475 1.67138739379 1.60706577936 1.44150911144 1.31337609884 1.28250457739 
1.50590321956 2.05320605005 1.78067715475 1.67138739379 1.60706577936 1.44150911144 1.31337609884 1.28250457739 
2.04897752068 2.69059687331 2.33346496564 2.19024763577 1.55600725542 1.42883374044 1.30182741384 1.27122665039 
2.04897752068 2.69059687331 2.33346496564 2.19024763577 1.55600725542 1.42883374044 1.30182741384 1.27122665039 
1.50590321956 2.05320605005 1.78067715475 1.67138739379 1.60706577936 1.44150911144 1.31337609884 1.28250457739 
2.04897752068 2.69059687331 2.33346496564 2.19024763577 1.55600725542 1.42883374044 1.30182741384 1.27122665039 
2.04897752068 2.69059687331 2.33346496564 2.19024763577 1.55600725542 1.42883374044 1.30182741384 1.27122665039 
1.50590321956 2.05320605005 1.78067715475 1.67138739379 1.60706577936 1.44150911144 1.31337609884 1.28250457739 
2.04897752068 2.69059687331 2.33346496564 2.19024763577 1.55600725542 1.42883374044 1.30182741384 1.27122665039 
1.50590321956 2.05320605005 1.78067715475 1.67138739379 1.60706577936 1.44150911144 1.31337609884 1.28250457739 
2.04897752068 2.69059687331 2.33346496564 2.19024763577 1.55600725542 1.42883374044 1.30182741384 1.27122665039 
2.04897752068 2.69059687331 2.33346496564 2.19024763577 1.55600725542 1.42883374044 1.30182741384 1.27122665039 
2.04897752068 2.69059687331 2.33346496564 2.19024763577 1.55600725542 1.42883374044 1.30182741384 1.27122665039 
2.04897752068 2.69059687331 2.33346496564 2.19024763577 1.55600725542 1.42883374044 1.30182741384 1.27122665039 
2.04897752068 2.69059687331 2.33346496564 2.19024763577 1.55600725542 1.42883374044 1.30182741384 1.27122665039 
2.04897752068 2.69059687331 2.33346496564 2.19024763577 1.55600725542 1.42883374044 1.30182741384 1.27122665039 
2.04897752068 2.69059687331 2.33346496564 2.19024763577 1.55600725542 1.42883374044 1.30182741384 1.27122665039 
2.04897752068 2.69059687331 2.33346496564 2.19024763577 1.55600725542 1.42883374044 1.30182741384 1.27122665039 
2.04897752068 2.69059687331 2.33346496564 2.19024763577 1.55600725542 1.42883374044 1.30182741384 1.27122665039 
2.04897752068 2.69059687331 2.33346496564 2.19024763577 1.55600725542 1.42883374044 1.30182741384 1.27122665039 
2.04897752068 2.69059687331 2.33346496564 2.19024763577 1.55600725542 1.42883374044 1.30182741384 1.27122665039 
2.04897752068 2.69059687331 2.33346496564 2.19024763577 1.55600725542 1.42883374044 1.30182741384 1.27122665039 
2.04897752068 2.69059687331 2.33346496564 2.19024763577 1.55600725542 1.42883374044 1.30182741384 1.27122665039 
2.04897752068 2.69059687331 2.33346496564 2.19024763577 1.55600725542 1.42883374044 1.30182741384 1.27122665039 
2.04897752068 2.69059687331 2.33346496564 2.19024763577 1.55600725542 1.42883374044 1.30182741384 1.27122665039 
1.54983477974 2.03515195797 1.7650194426 1.65669067987 1.5929346529 1.42883374044 1.30182741384 1.27122665039 
1.50590321956 2.05320605005 1.78067715475 1.67138739379 1.60706577936 1.44150911144 1.31337609884 1.28250457739 
1.54983477974 2.03515195797 1.7650194426 1.65669067987 1.5929346529 1.42883374044 1.30182741384 1.27122665039 
2.04897752068 2.69059687331 2.33346496564 2.19024763577 1.55600725542 1.42883374044 1.30182741384 1.27122665039 
1.50590321956 2.05320605005 1.78067715475 1.67138739379 1.60706577936 1.44150911144 1.31337609884 1.28250457739 
1.50590321956 2.05320605005 1.78067715475 1.67138739379 1.60706577936 1.44150911144 1.31337609884 1.28250457739 
1.99089727858 2.71446550066 2.35416543038 2.20967760136 1.56981079423 1.44150911144 1.31337609884 1.28250457739 
2.04897752068 2.69059687331 2.33346496564 2.19024763577 1.55600725542 1.42883374044 1.30182741384 1.27122665039 
1.50590321956 2.05320605005 1.78067715475 1.67138739379 1.60706577936 1.44150911144 1.31337609884 1.28250457739 
1.50590321956 2.05320605005 1.78067715475 1.67138739379 1.60706577936 1.44150911144 1.31337609884 1.28250457739 
2.04897752068 2.69059687331 2.33346496564 2.19024763577 1.55600725542 1.42883374044 1.30182741384 1.27122665039 
2.04897752068 2.69059687331 2.33346496564 2.19024763577 1.55600725542 1.42883374044 1.30182741384 1.27122665039 
2.04897752068 2.69059687331 2.33346496564 2.19024763577 1.55600725542 1.42883374044 1.30182741384 1.27122665039 
2.04897752068 2.69059687331 2.33346496564 2.19024763577 1.55600725542 1.42883374044 1.30182741384 1.27122665039 
1.50590321956 2.05320605005 1.78067715475 1.67138739379 1.60706577936 1.44150911144 1.31337609884 1.28250457739 
2.04897752068 2.69059687331 2.33346496564 2.19024763577 1.55600725542 1.42883374044 1.30182741384 1.27122665039 
1.54983477974 2.03515195797 1.7650194426 1.65669067987 1.5929346529 1.42883374044 1.30182741384 1.27122665039 
2.04897752068 2.69059687331 2.33346496564 2.19024763577 1.55600725542 1.42883374044 1.30182741384 1.27122665039 
2.04897752068 2.69059687331 2.33346496564 2.19024763577 1.55600725542 1.42883374044 1.30182741384 1.27122665039 
2.04897752068 2.69059687331 2.33346496564 2.19024763577 1.55600725542 1.42883374044 1.30182741384 1.27122665039 
2.04897752068 2.69059687331 2.33346496564 2.19024763577 1.55600725542 1.42883374044 1.30182741384 1.27122665039 
1.50590321956 2.05320605005 1.78067715475 1.67138739379 1.60706577936 1.44150911144 1.31337609884 1.28250457739 
2.04897752068 2.69059687331 2.33346496564 2.19024763577 1.55600725542 1.42883374044 1.30182741384 1.27122665039 
1.50590321956 2.05320605005 1.78067715475 1.67138739379 1.60706577936 1.44150911144 1.31337609884 1.28250457739 
2.04897752068 2.69059687331 2.33346496564 2.19024763577 1.55600725542 1.42883374044 1.30182741384 1.27122665039 
2.04897752068 2.69059687331 2.33346496564 2.19024763577 1.55600725542 1.42883374044 1.30182741384 1.27122665039 
1.54983477974 2.03515195797 1.7650194426 1.65669067987 1.5929346529 1.42883374044 1.30182741384 1.27122665039 
2.04897752068 2.69059687331 2.33346496564 2.19024763577 1.55600725542 1.42883374044 1.30182741384 1.27122665039 
1.50590321956 2.05320605005 1.78067715475 1.67138739379 1.60706577936 1.44150911144 1.31337609884 1.28250457739 
2.04897752068 2.69059687331 2.33346496564 2.19024763577 1.55600725542 1.42883374044 1.30182741384 1.27122665039 
2.04897752068 2.69059687331 2.33346496564 2.19024763577 1.55600725542 1.42883374044 1.30182741384 1.27122665039 
2.04897752068 2.69059687331 2.33346496564 2.19024763577 1.55600725542 1.42883374044 1.30182741384 1.27122665039 
1.50590321956 2.05320605005 1.78067715475 1.67138739379 1.60706577936 1.44150911144 1.31337609884 1.28250457739 
2.04897752068 2.69059687331 2.33346496564 2.19024763577 1.55600725542 1.42883374044 1.30182741384 1.27122665039 
2.04897752068 2.69059687331 2.33346496564 2.19024763577 1.55600725542 1.42883374044 1.30182741384 1.27122665039 
2.04897752068 2.69059687331 2.33346496564 2.19024763577 1.55600725542 1.42883374044 1.30182741384 1.27122665039 
2.04897752068 2.69059687331 2.33346496564 2.19024763577 1.55600725542 1.42883374044 1.30182741384 1.27122665039 
2.04897752068 2.69059687331 2.33346496564 2.19024763577 1.55600725542 1.42883374044 1.30182741384 1.27122665039 
2.04897752068 2.69059687331 2.33346496564 2.19024763577 1.55600725542 1.42883374044 1.30182741384 1.27122665039 
1.50590321956 2.05320605005 1.78067715475 1.67138739379 1.60706577936 1.44150911144 1.31337609884 1.28250457739 
2.04897752068 2.69059687331 2.33346496564 2.19024763577 1.55600725542 1.42883374044 1.30182741384 1.27122665039 
2.04897752068 2.69059687331 2.33346496564 2.19024763577 1.55600725542 1.42883374044 1.30182741384 1.27122665039 
2.04897752068 2.69059687331 2.33346496564 2.19024763577 1.55600725542 1.42883374044 1.30182741384 1.27122665039 
2.04897752068 2.69059687331 2.33346496564 2.19024763577 1.55600725542 1.42883374044 1.30182741384 1.27122665039 
1.50590321956 2.05320605005 1.78067715475 1.67138739379 1.60706577936 1.44150911144 1.31337609884 1.28250457739 
2.04897752068 2.69059687331 2.33346496564 2.19024763577 1.55600725542 1.42883374044 1.30182741384 1.27122665039 
2.04897752068 2.69059687331 2.33346496564 2.19024763577 1.55600725542 1.42883374044 1.30182741384 1.27122665039 
2.04897752068 2.69059687331 2.33346496564 2.19024763577 1.55600725542 1.42883374044 1.30182741384 1.27122665039 
2.04897752068 2.69059687331 2.33346496564 2.19024763577 1.55600725542 1.42883374044 1.30182741384 1.27122665039 
2.04897752068 2.69059687331 2.33346496564 2.19024763577 1.55600725542 1.42883374044 1.30182741384 1.27122665039 
