2.29083975276 1.95081513642 1.64132855698 1.52356397272 1.26529127837 1.16835843705 1.16116284547 1.23367091385 
2.29083975276 1.95081513642 1.64132855698 1.52356397272 1.26529127837 1.16835843705 1.16116284547 1.23367091385 
2.29083975276 1.95081513642 1.64132855698 1.52356397272 1.26529127837 1.16835843705 1.16116284547 1.23367091385 
2.29083975276 1.95081513642 1.64132855698 1.52356397272 1.26529127837 1.16835843705 1.16116284547 1.23367091385 
2.29083975276 1.95081513642 1.64132855698 1.52356397272 1.26529127837 1.16835843705 1.16116284547 1.23367091385 
2.29083975276 1.95081513642 1.64132855698 1.52356397272 1.26529127837 1.16835843705 1.16116284547 1.23367091385 
2.29083975276 1.95081513642 1.64132855698 1.52356397272 1.26529127837 1.16835843705 1.16116284547 1.23367091385 
2.29083975276 1.95081513642 1.64132855698 1.52356397272 1.26529127837 1.16835843705 1.16116284547 1.23367091385 
2.29083975276 1.95081513642 1.64132855698 1.52356397272 1.26529127837 1.16835843705 1.16116284547 1.23367091385 
2.29083975276 1.95081513642 1.64132855698 1.52356397272 1.26529127837 1.16835843705 1.16116284547 1.23367091385 
2.29083975276 1.95081513642 1.64132855698 1.52356397272 1.26529127837 1.16835843705 1.16116284547 1.23367091385 
2.29083975276 1.95081513642 1.64132855698 1.52356397272 1.26529127837 1.16835843705 1.16116284547 1.23367091385 
1.76070834949 1.62747143789 1.36928163862 1.32567579297 1.39986303181 1.29262082016 1.28465998149 1.23416864339 
2.29083975276 1.95081513642 1.64132855698 1.52356397272 1.26529127837 1.16835843705 1.16116284547 1.23367091385 
2.29083975276 1.95081513642 1.64132855698 1.52356397272 1.26529127837 1.16835843705 1.16116284547 1.23367091385 
2.29083975276 1.95081513642 1.64132855698 1.52356397272 1.26529127837 1.16835843705 1.16116284547 1.23367091385 
2.29083975276 1.95081513642 1.64132855698 1.52356397272 1.26529127837 1.16835843705 1.16116284547 1.23367091385 
2.29083975276 1.95081513642 1.64132855698 1.52356397272 1.26529127837 1.16835843705 1.16116284547 1.23367091385 
2.29083975276 1.95081513642 1.64132855698 1.52356397272 1.26529127837 1.16835843705 1.16116284547 1.23367091385 
2.29083975276 1.95081513642 1.64132855698 1.52356397272 1.26529127837 1.16835843705 1.16116284547 1.23367091385 
2.29083975276 1.95081513642 1.64132855698 1.52356397272 1.26529127837 1.16835843705 1.16116284547 1.23367091385 
2.29083975276 1.95081513642 1.64132855698 1.52356397272 1.26529127837 1.16835843705 1.16116284547 1.23367091385 
2.29083975276 1.95081513642 1.64132855698 1.52356397272 1.26529127837 1.16835843705 1.16116284547 1.23367091385 
2.29083975276 1.95081513642 1.64132855698 1.52356397272 1.26529127837 1.16835843705 1.16116284547 1.23367091385 
2.29083975276 1.95081513642 1.64132855698 1.52356397272 1.26529127837 1.16835843705 1.16116284547 1.23367091385 
2.29083975276 1.95081513642 1.64132855698 1.52356397272 1.26529127837 1.16835843705 1.16116284547 1.23367091385 
2.29083975276 1.95081513642 1.64132855698 1.52356397272 1.26529127837 1.16835843705 1.16116284547 1.23367091385 
2.29083975276 1.95081513642 1.64132855698 1.52356397272 1.26529127837 1.16835843705 1.16116284547 1.23367091385 
2.29083975276 1.95081513642 1.64132855698 1.52356397272 1.26529127837 1.16835843705 1.16116284547 1.23367091385 
2.29083975276 1.95081513642 1.64132855698 1.52356397272 1.26529127837 1.16835843705 1.16116284547 1.23367091385 
2.29083975276 1.95081513642 1.64132855698 1.52356397272 1.26529127837 1.16835843705 1.16116284547 1.23367091385 
2.29083975276 1.95081513642 1.64132855698 1.52356397272 1.26529127837 1.16835843705 1.16116284547 1.23367091385 
2.29083975276 1.95081513642 1.64132855698 1.52356397272 1.26529127837 1.16835843705 1.16116284547 1.23367091385 
1.76070834949 1.62747143789 1.36928163862 1.32567579297 1.39986303181 1.29262082016 1.28465998149 1.23416864339 
2.29083975276 1.95081513642 1.64132855698 1.52356397272 1.26529127837 1.16835843705 1.16116284547 1.23367091385 
2.29083975276 1.95081513642 1.64132855698 1.52356397272 1.26529127837 1.16835843705 1.16116284547 1.23367091385 
2.29083975276 1.95081513642 1.64132855698 1.52356397272 1.26529127837 1.16835843705 1.16116284547 1.23367091385 
2.29083975276 1.95081513642 1.64132855698 1.52356397272 1.26529127837 1.16835843705 1.16116284547 1.23367091385 
2.29083975276 1.95081513642 1.64132855698 1.52356397272 1.26529127837 1.16835843705 1.16116284547 1.23367091385 
2.29083975276 1.95081513642 1.64132855698 1.52356397272 1.26529127837 1.16835843705 1.16116284547 1.23367091385 
2.29083975276 1.95081513642 1.64132855698 1.52356397272 1.26529127837 1.16835843705 1.16116284547 1.23367091385 
2.29083975276 1.95081513642 1.64132855698 1.52356397272 1.26529127837 1.16835843705 1.16116284547 1.23367091385 
2.29083975276 1.95081513642 1.64132855698 1.52356397272 1.26529127837 1.16835843705 1.16116284547 1.23367091385 
2.29083975276 1.95081513642 1.64132855698 1.52356397272 1.26529127837 1.16835843705 1.16116284547 1.23367091385 
2.29083975276 1.95081513642 1.64132855698 1.52356397272 1.26529127837 1.16835843705 1.16116284547 1.23367091385 
2.29083975276 1.95081513642 1.64132855698 1.52356397272 1.26529127837 1.16835843705 1.16116284547 1.23367091385 
2.29083975276 1.95081513642 1.64132855698 1.52356397272 1.26529127837 1.16835843705 1.16116284547 1.23367091385 
2.29083975276 1.95081513642 1.64132855698 1.52356397272 1.26529127837 1.16835843705 1.16116284547 1.23367091385 
2.29083975276 1.95081513642 1.64132855698 1.52356397272 1.26529127837 1.16835843705 1.16116284547 1.23367091385 
2.29083975276 1.95081513642 1.64132855698 1.52356397272 1.26529127837 1.16835843705 1.16116284547 1.23367091385 
2.29083975276 1.95081513642 1.64132855698 1.52356397272 1.26529127837 1.16835843705 1.16116284547 1.23367091385 
2.29083975276 1.95081513642 1.64132855698 1.52356397272 1.26529127837 1.16835843705 1.16116284547 1.23367091385 
2.29083975276 1.95081513642 1.64132855698 1.52356397272 1.26529127837 1.16835843705 1.16116284547 1.23367091385 
2.29083975276 1.95081513642 1.64132855698 1.52356397272 1.26529127837 1.16835843705 1.16116284547 1.23367091385 
2.29083975276 1.95081513642 1.64132855698 1.52356397272 1.26529127837 1.16835843705 1.16116284547 1.23367091385 
2.29083975276 1.95081513642 1.64132855698 1.52356397272 1.26529127837 1.16835843705 1.16116284547 1.23367091385 
2.29083975276 1.95081513642 1.64132855698 1.52356397272 1.26529127837 1.16835843705 1.16116284547 1.23367091385 
2.29083975276 1.95081513642 1.64132855698 1.52356397272 1.26529127837 1.16835843705 1.16116284547 1.23367091385 
2.29083975276 1.95081513642 1.64132855698 1.52356397272 1.26529127837 1.16835843705 1.16116284547 1.23367091385 
2.29083975276 1.95081513642 1.64132855698 1.52356397272 1.26529127837 1.16835843705 1.16116284547 1.23367091385 
2.29083975276 1.95081513642 1.64132855698 1.52356397272 1.26529127837 1.16835843705 1.16116284547 1.23367091385 
2.29083975276 1.95081513642 1.64132855698 1.52356397272 1.26529127837 1.16835843705 1.16116284547 1.23367091385 
2.29083975276 1.95081513642 1.64132855698 1.52356397272 1.26529127837 1.16835843705 1.16116284547 1.23367091385 
2.29083975276 1.95081513642 1.64132855698 1.52356397272 1.26529127837 1.16835843705 1.16116284547 1.23367091385 
2.29083975276 1.95081513642 1.64132855698 1.52356397272 1.26529127837 1.16835843705 1.16116284547 1.23367091385 
2.29083975276 1.95081513642 1.64132855698 1.52356397272 1.26529127837 1.16835843705 1.16116284547 1.23367091385 
2.29083975276 1.95081513642 1.64132855698 1.52356397272 1.26529127837 1.16835843705 1.16116284547 1.23367091385 
2.29083975276 1.95081513642 1.64132855698 1.52356397272 1.26529127837 1.16835843705 1.16116284547 1.23367091385 
1.76070834949 1.62747143789 1.36928163862 1.32567579297 1.39986303181 1.29262082016 1.28465998149 1.23416864339 
2.29083975276 1.95081513642 1.64132855698 1.52356397272 1.26529127837 1.16835843705 1.16116284547 1.23367091385 
2.29083975276 1.95081513642 1.64132855698 1.52356397272 1.26529127837 1.16835843705 1.16116284547 1.23367091385 
2.29083975276 1.95081513642 1.64132855698 1.52356397272 1.26529127837 1.16835843705 1.16116284547 1.23367091385 
2.29083975276 1.95081513642 1.64132855698 1.52356397272 1.26529127837 1.16835843705 1.16116284547 1.23367091385 
2.29083975276 1.95081513642 1.64132855698 1.52356397272 1.26529127837 1.16835843705 1.16116284547 1.23367091385 
2.29083975276 1.95081513642 1.64132855698 1.52356397272 1.26529127837 1.16835843705 1.16116284547 1.23367091385 
2.29083975276 1.95081513642 1.64132855698 1.52356397272 1.26529127837 1.16835843705 1.16116284547 1.23367091385 
2.29083975276 1.95081513642 1.64132855698 1.52356397272 1.26529127837 1.16835843705 1.16116284547 1.23367091385 
2.29083975276 1.95081513642 1.64132855698 1.52356397272 1.26529127837 1.16835843705 1.16116284547 1.23367091385 
2.29083975276 1.95081513642 1.64132855698 1.52356397272 1.26529127837 1.16835843705 1.16116284547 1.23367091385 
2.29083975276 1.95081513642 1.64132855698 1.52356397272 1.26529127837 1.16835843705 1.16116284547 1.23367091385 
2.29083975276 1.95081513642 1.64132855698 1.52356397272 1.26529127837 1.16835843705 1.16116284547 1.23367091385 
2.29083975276 1.95081513642 1.64132855698 1.52356397272 1.26529127837 1.16835843705 1.16116284547 1.23367091385 
2.29083975276 1.95081513642 1.64132855698 1.52356397272 1.26529127837 1.16835843705 1.16116284547 1.23367091385 
2.29083975276 1.95081513642 1.64132855698 1.52356397272 1.26529127837 1.16835843705 1.16116284547 1.23367091385 
2.29083975276 1.95081513642 1.64132855698 1.52356397272 1.26529127837 1.16835843705 1.16116284547 1.23367091385 
2.29083975276 1.95081513642 1.64132855698 1.52356397272 1.26529127837 1.16835843705 1.16116284547 1.23367091385 
2.29083975276 1.95081513642 1.64132855698 1.52356397272 1.26529127837 1.16835843705 1.16116284547 1.23367091385 
2.29083975276 1.95081513642 1.64132855698 1.52356397272 1.26529127837 1.16835843705 1.16116284547 1.23367091385 
2.29083975276 1.95081513642 1.64132855698 1.52356397272 1.26529127837 1.16835843705 1.16116284547 1.23367091385 
2.29083975276 1.95081513642 1.64132855698 1.52356397272 1.26529127837 1.16835843705 1.16116284547 1.23367091385 
2.29083975276 1.95081513642 1.64132855698 1.52356397272 1.26529127837 1.16835843705 1.16116284547 1.23367091385 
2.29083975276 1.95081513642 1.64132855698 1.52356397272 1.26529127837 1.16835843705 1.16116284547 1.23367091385 
2.29083975276 1.95081513642 1.64132855698 1.52356397272 1.26529127837 1.16835843705 1.16116284547 1.23367091385 
2.29083975276 1.95081513642 1.64132855698 1.52356397272 1.26529127837 1.16835843705 1.16116284547 1.23367091385 
2.29083975276 1.95081513642 1.64132855698 1.52356397272 1.26529127837 1.16835843705 1.16116284547 1.23367091385 
2.29083975276 1.95081513642 1.64132855698 1.52356397272 1.26529127837 1.16835843705 1.16116284547 1.23367091385 
2.29083975276 1.95081513642 1.64132855698 1.52356397272 1.26529127837 1.16835843705 1.16116284547 1.23367091385 
2.29083975276 1.95081513642 1.64132855698 1.52356397272 1.26529127837 1.16835843705 1.16116284547 1.23367091385 
2.29083975276 1.95081513642 1.64132855698 1.52356397272 1.26529127837 1.16835843705 1.16116284547 1.23367091385 
2.29083975276 1.95081513642 1.64132855698 1.52356397272 1.26529127837 1.16835843705 1.16116284547 1.23367091385 
