1.89417978264 3.22209074853 1.57770740009 1.71710226378 1.28265040582 1.29313668359 1.33182508157 1.18097804792 
1.89417978264 3.22209074853 1.57770740009 1.71710226378 1.28265040582 1.29313668359 1.33182508157 1.18097804792 
1.89417978264 3.22209074853 1.57770740009 1.71710226378 1.28265040582 1.29313668359 1.33182508157 1.18097804792 
1.89417978264 3.22209074853 1.57770740009 1.71710226378 1.28265040582 1.29313668359 1.33182508157 1.18097804792 
1.89417978264 3.22209074853 1.57770740009 1.71710226378 1.28265040582 1.29313668359 1.33182508157 1.18097804792 
1.89417978264 3.22209074853 1.57770740009 1.71710226378 1.28265040582 1.29313668359 1.33182508157 1.18097804792 
1.89417978264 3.22209074853 1.57770740009 1.71710226378 1.28265040582 1.29313668359 1.33182508157 1.18097804792 
1.89417978264 3.22209074853 1.57770740009 1.71710226378 1.28265040582 1.29313668359 1.33182508157 1.18097804792 
1.89417978264 3.22209074853 1.57770740009 1.71710226378 1.28265040582 1.29313668359 1.33182508157 1.18097804792 
1.89417978264 3.22209074853 1.57770740009 1.71710226378 1.28265040582 1.29313668359 1.33182508157 1.18097804792 
1.89417978264 3.22209074853 1.57770740009 1.71710226378 1.28265040582 1.29313668359 1.33182508157 1.18097804792 
1.89417978264 3.22209074853 1.57770740009 1.71710226378 1.28265040582 1.29313668359 1.33182508157 1.18097804792 
1.89417978264 3.22209074853 1.57770740009 1.71710226378 1.28265040582 1.29313668359 1.33182508157 1.18097804792 
1.89417978264 3.22209074853 1.57770740009 1.71710226378 1.28265040582 1.29313668359 1.33182508157 1.18097804792 
1.89417978264 3.22209074853 1.57770740009 1.71710226378 1.28265040582 1.29313668359 1.33182508157 1.18097804792 
1.89417978264 3.22209074853 1.57770740009 1.71710226378 1.28265040582 1.29313668359 1.33182508157 1.18097804792 
1.89417978264 3.22209074853 1.57770740009 1.71710226378 1.28265040582 1.29313668359 1.33182508157 1.18097804792 
1.89417978264 3.22209074853 1.57770740009 1.71710226378 1.28265040582 1.29313668359 1.33182508157 1.18097804792 
1.89417978264 3.22209074853 1.57770740009 1.71710226378 1.28265040582 1.29313668359 1.33182508157 1.18097804792 
2.22978780542 0.424104067476 0.207663960105 0.226011643756 0.168827395608 0.170207373741 0.175299644425 0.155428100032 
1.89417978264 3.22209074853 1.57770740009 1.71710226378 1.28265040582 1.29313668359 1.33182508157 1.18097804792 
1.89417978264 3.22209074853 1.57770740009 1.71710226378 1.28265040582 1.29313668359 1.33182508157 1.18097804792 
1.89417978264 3.22209074853 1.57770740009 1.71710226378 1.28265040582 1.29313668359 1.33182508157 1.18097804792 
1.89417978264 3.22209074853 1.57770740009 1.71710226378 1.28265040582 1.29313668359 1.33182508157 1.18097804792 
1.89417978264 3.22209074853 1.57770740009 1.71710226378 1.28265040582 1.29313668359 1.33182508157 1.18097804792 
1.89417978264 3.22209074853 1.57770740009 1.71710226378 1.28265040582 1.29313668359 1.33182508157 1.18097804792 
1.89417978264 3.22209074853 1.57770740009 1.71710226378 1.28265040582 1.29313668359 1.33182508157 1.18097804792 
1.89417978264 3.22209074853 1.57770740009 1.71710226378 1.28265040582 1.29313668359 1.33182508157 1.18097804792 
1.89417978264 3.22209074853 1.57770740009 1.71710226378 1.28265040582 1.29313668359 1.33182508157 1.18097804792 
1.89417978264 3.22209074853 1.57770740009 1.71710226378 1.28265040582 1.29313668359 1.33182508157 1.18097804792 
1.89417978264 3.22209074853 1.57770740009 1.71710226378 1.28265040582 1.29313668359 1.33182508157 1.18097804792 
1.89417978264 3.22209074853 1.57770740009 1.71710226378 1.28265040582 1.29313668359 1.33182508157 1.18097804792 
1.89417978264 3.22209074853 1.57770740009 1.71710226378 1.28265040582 1.29313668359 1.33182508157 1.18097804792 
1.89417978264 3.22209074853 1.57770740009 1.71710226378 1.28265040582 1.29313668359 1.33182508157 1.18097804792 
1.89417978264 3.22209074853 1.57770740009 1.71710226378 1.28265040582 1.29313668359 1.33182508157 1.18097804792 
1.89417978264 3.22209074853 1.57770740009 1.71710226378 1.28265040582 1.29313668359 1.33182508157 1.18097804792 
1.89417978264 3.22209074853 1.57770740009 1.71710226378 1.28265040582 1.29313668359 1.33182508157 1.18097804792 
1.89417978264 3.22209074853 1.57770740009 1.71710226378 1.28265040582 1.29313668359 1.33182508157 1.18097804792 
1.89417978264 3.22209074853 1.57770740009 1.71710226378 1.28265040582 1.29313668359 1.33182508157 1.18097804792 
1.89417978264 3.22209074853 1.57770740009 1.71710226378 1.28265040582 1.29313668359 1.33182508157 1.18097804792 
1.89417978264 3.22209074853 1.57770740009 1.71710226378 1.28265040582 1.29313668359 1.33182508157 1.18097804792 
1.89417978264 3.22209074853 1.57770740009 1.71710226378 1.28265040582 1.29313668359 1.33182508157 1.18097804792 
1.89417978264 3.22209074853 1.57770740009 1.71710226378 1.28265040582 1.29313668359 1.33182508157 1.18097804792 
1.89417978264 3.22209074853 1.57770740009 1.71710226378 1.28265040582 1.29313668359 1.33182508157 1.18097804792 
1.89417978264 3.22209074853 1.57770740009 1.71710226378 1.28265040582 1.29313668359 1.33182508157 1.18097804792 
1.89417978264 3.22209074853 1.57770740009 1.71710226378 1.28265040582 1.29313668359 1.33182508157 1.18097804792 
1.89417978264 3.22209074853 1.57770740009 1.71710226378 1.28265040582 1.29313668359 1.33182508157 1.18097804792 
1.89417978264 3.22209074853 1.57770740009 1.71710226378 1.28265040582 1.29313668359 1.33182508157 1.18097804792 
1.89417978264 3.22209074853 1.57770740009 1.71710226378 1.28265040582 1.29313668359 1.33182508157 1.18097804792 
2.22978780542 0.424104067476 0.207663960105 0.226011643756 0.168827395608 0.170207373741 0.175299644425 0.155428100032 
1.89417978264 3.22209074853 1.57770740009 1.71710226378 1.28265040582 1.29313668359 1.33182508157 1.18097804792 
1.89417978264 3.22209074853 1.57770740009 1.71710226378 1.28265040582 1.29313668359 1.33182508157 1.18097804792 
1.89417978264 3.22209074853 1.57770740009 1.71710226378 1.28265040582 1.29313668359 1.33182508157 1.18097804792 
1.89417978264 3.22209074853 1.57770740009 1.71710226378 1.28265040582 1.29313668359 1.33182508157 1.18097804792 
1.89417978264 3.22209074853 1.57770740009 1.71710226378 1.28265040582 1.29313668359 1.33182508157 1.18097804792 
1.89417978264 3.22209074853 1.57770740009 1.71710226378 1.28265040582 1.29313668359 1.33182508157 1.18097804792 
1.89417978264 3.22209074853 1.57770740009 1.71710226378 1.28265040582 1.29313668359 1.33182508157 1.18097804792 
1.89417978264 3.22209074853 1.57770740009 1.71710226378 1.28265040582 1.29313668359 1.33182508157 1.18097804792 
1.89417978264 3.22209074853 1.57770740009 1.71710226378 1.28265040582 1.29313668359 1.33182508157 1.18097804792 
1.89417978264 3.22209074853 1.57770740009 1.71710226378 1.28265040582 1.29313668359 1.33182508157 1.18097804792 
1.89417978264 3.22209074853 1.57770740009 1.71710226378 1.28265040582 1.29313668359 1.33182508157 1.18097804792 
1.89417978264 3.22209074853 1.57770740009 1.71710226378 1.28265040582 1.29313668359 1.33182508157 1.18097804792 
1.89417978264 3.22209074853 1.57770740009 1.71710226378 1.28265040582 1.29313668359 1.33182508157 1.18097804792 
1.89417978264 3.22209074853 1.57770740009 1.71710226378 1.28265040582 1.29313668359 1.33182508157 1.18097804792 
1.89417978264 3.22209074853 1.57770740009 1.71710226378 1.28265040582 1.29313668359 1.33182508157 1.18097804792 
1.89417978264 3.22209074853 1.57770740009 1.71710226378 1.28265040582 1.29313668359 1.33182508157 1.18097804792 
1.89417978264 3.22209074853 1.57770740009 1.71710226378 1.28265040582 1.29313668359 1.33182508157 1.18097804792 
1.89417978264 3.22209074853 1.57770740009 1.71710226378 1.28265040582 1.29313668359 1.33182508157 1.18097804792 
1.89417978264 3.22209074853 1.57770740009 1.71710226378 1.28265040582 1.29313668359 1.33182508157 1.18097804792 
1.89417978264 3.22209074853 1.57770740009 1.71710226378 1.28265040582 1.29313668359 1.33182508157 1.18097804792 
1.89417978264 3.22209074853 1.57770740009 1.71710226378 1.28265040582 1.29313668359 1.33182508157 1.18097804792 
1.89417978264 3.22209074853 1.57770740009 1.71710226378 1.28265040582 1.29313668359 1.33182508157 1.18097804792 
1.89417978264 3.22209074853 1.57770740009 1.71710226378 1.28265040582 1.29313668359 1.33182508157 1.18097804792 
1.89417978264 3.22209074853 1.57770740009 1.71710226378 1.28265040582 1.29313668359 1.33182508157 1.18097804792 
1.89417978264 3.22209074853 1.57770740009 1.71710226378 1.28265040582 1.29313668359 1.33182508157 1.18097804792 
1.89417978264 3.22209074853 1.57770740009 1.71710226378 1.28265040582 1.29313668359 1.33182508157 1.18097804792 
1.89417978264 3.22209074853 1.57770740009 1.71710226378 1.28265040582 1.29313668359 1.33182508157 1.18097804792 
1.89417978264 3.22209074853 1.57770740009 1.71710226378 1.28265040582 1.29313668359 1.33182508157 1.18097804792 
1.89417978264 3.22209074853 1.57770740009 1.71710226378 1.28265040582 1.29313668359 1.33182508157 1.18097804792 
1.89417978264 3.22209074853 1.57770740009 1.71710226378 1.28265040582 1.29313668359 1.33182508157 1.18097804792 
1.89417978264 3.22209074853 1.57770740009 1.71710226378 1.28265040582 1.29313668359 1.33182508157 1.18097804792 
1.89417978264 3.22209074853 1.57770740009 1.71710226378 1.28265040582 1.29313668359 1.33182508157 1.18097804792 
1.89417978264 3.22209074853 1.57770740009 1.71710226378 1.28265040582 1.29313668359 1.33182508157 1.18097804792 
1.89417978264 3.22209074853 1.57770740009 1.71710226378 1.28265040582 1.29313668359 1.33182508157 1.18097804792 
1.89417978264 3.22209074853 1.57770740009 1.71710226378 1.28265040582 1.29313668359 1.33182508157 1.18097804792 
1.89417978264 3.22209074853 1.57770740009 1.71710226378 1.28265040582 1.29313668359 1.33182508157 1.18097804792 
1.89417978264 3.22209074853 1.57770740009 1.71710226378 1.28265040582 1.29313668359 1.33182508157 1.18097804792 
1.89417978264 3.22209074853 1.57770740009 1.71710226378 1.28265040582 1.29313668359 1.33182508157 1.18097804792 
1.89417978264 3.22209074853 1.57770740009 1.71710226378 1.28265040582 1.29313668359 1.33182508157 1.18097804792 
1.89417978264 3.22209074853 1.57770740009 1.71710226378 1.28265040582 1.29313668359 1.33182508157 1.18097804792 
1.89417978264 3.22209074853 1.57770740009 1.71710226378 1.28265040582 1.29313668359 1.33182508157 1.18097804792 
1.89417978264 3.22209074853 1.57770740009 1.71710226378 1.28265040582 1.29313668359 1.33182508157 1.18097804792 
1.89417978264 3.22209074853 1.57770740009 1.71710226378 1.28265040582 1.29313668359 1.33182508157 1.18097804792 
1.89417978264 3.22209074853 1.57770740009 1.71710226378 1.28265040582 1.29313668359 1.33182508157 1.18097804792 
1.89417978264 3.22209074853 1.57770740009 1.71710226378 1.28265040582 1.29313668359 1.33182508157 1.18097804792 
1.89417978264 3.22209074853 1.57770740009 1.71710226378 1.28265040582 1.29313668359 1.33182508157 1.18097804792 
1.89417978264 3.22209074853 1.57770740009 1.71710226378 1.28265040582 1.29313668359 1.33182508157 1.18097804792 
1.89417978264 3.22209074853 1.57770740009 1.71710226378 1.28265040582 1.29313668359 1.33182508157 1.18097804792 
1.89417978264 3.22209074853 1.57770740009 1.71710226378 1.28265040582 1.29313668359 1.33182508157 1.18097804792 
1.89417978264 3.22209074853 1.57770740009 1.71710226378 1.28265040582 1.29313668359 1.33182508157 1.18097804792 
