2.42335043677 1.92031272159 2.41285150137 2.14091155548 1.70119818513 1.58562485316 1.47323974216 1.34843293136 
2.42335043677 1.92031272159 2.41285150137 2.14091155548 1.70119818513 1.58562485316 1.47323974216 1.34843293136 
2.46890049693 1.63187621968 2.05043425493 1.81934046735 1.44567329242 1.34745935846 1.25195468058 1.14586878888 
2.42335043677 1.92031272159 2.41285150137 2.14091155548 1.70119818513 1.58562485316 1.47323974216 1.34843293136 
2.42335043677 1.92031272159 2.41285150137 2.14091155548 1.70119818513 1.58562485316 1.47323974216 1.34843293136 
1.69031437481 1.33943987179 1.68299124666 1.49331004481 1.18660495008 1.10599114276 1.50449409143 1.34843293136 
2.42335043677 1.92031272159 2.41285150137 2.14091155548 1.70119818513 1.58562485316 1.47323974216 1.34843293136 
2.42335043677 1.92031272159 2.41285150137 2.14091155548 1.70119818513 1.58562485316 1.47323974216 1.34843293136 
2.46890049693 1.63187621968 2.05043425493 1.81934046735 1.44567329242 1.34745935846 1.25195468058 1.14586878888 
2.42335043677 1.92031272159 2.41285150137 2.14091155548 1.70119818513 1.58562485316 1.47323974216 1.34843293136 
2.42335043677 1.92031272159 2.41285150137 2.14091155548 1.70119818513 1.58562485316 1.47323974216 1.34843293136 
2.42335043677 1.92031272159 2.41285150137 2.14091155548 1.70119818513 1.58562485316 1.47323974216 1.34843293136 
2.42335043677 1.92031272159 2.41285150137 2.14091155548 1.70119818513 1.58562485316 1.47323974216 1.34843293136 
2.46890049693 1.63187621968 2.05043425493 1.81934046735 1.44567329242 1.34745935846 1.25195468058 1.14586878888 
2.42335043677 1.92031272159 2.41285150137 2.14091155548 1.70119818513 1.58562485316 1.47323974216 1.34843293136 
2.42335043677 1.92031272159 2.41285150137 2.14091155548 1.70119818513 1.58562485316 1.47323974216 1.34843293136 
2.42335043677 1.92031272159 2.41285150137 2.14091155548 1.70119818513 1.58562485316 1.47323974216 1.34843293136 
2.46890049693 1.63187621968 2.05043425493 1.81934046735 1.44567329242 1.34745935846 1.25195468058 1.14586878888 
1.69031437481 1.33943987179 1.68299124666 1.49331004481 1.18660495008 1.10599114276 1.50449409143 1.34843293136 
1.69031437481 1.33943987179 1.68299124666 1.49331004481 1.18660495008 1.10599114276 1.50449409143 1.34843293136 
2.42335043677 1.92031272159 2.41285150137 2.14091155548 1.70119818513 1.58562485316 1.47323974216 1.34843293136 
2.42335043677 1.92031272159 2.41285150137 2.14091155548 1.70119818513 1.58562485316 1.47323974216 1.34843293136 
2.46890049693 1.63187621968 2.05043425493 1.81934046735 1.44567329242 1.34745935846 1.25195468058 1.14586878888 
2.42335043677 1.92031272159 2.41285150137 2.14091155548 1.70119818513 1.58562485316 1.47323974216 1.34843293136 
2.42335043677 1.92031272159 2.41285150137 2.14091155548 1.70119818513 1.58562485316 1.47323974216 1.34843293136 
2.42335043677 1.92031272159 2.41285150137 2.14091155548 1.70119818513 1.58562485316 1.47323974216 1.34843293136 
2.42335043677 1.92031272159 2.41285150137 2.14091155548 1.70119818513 1.58562485316 1.47323974216 1.34843293136 
2.42335043677 1.92031272159 2.41285150137 2.14091155548 1.70119818513 1.58562485316 1.47323974216 1.34843293136 
2.42335043677 1.92031272159 2.41285150137 2.14091155548 1.70119818513 1.58562485316 1.47323974216 1.34843293136 
2.42335043677 1.92031272159 2.41285150137 2.14091155548 1.70119818513 1.58562485316 1.47323974216 1.34843293136 
1.69031437481 1.33943987179 1.68299124666 1.49331004481 1.18660495008 1.10599114276 1.50449409143 1.34843293136 
2.42335043677 1.92031272159 2.41285150137 2.14091155548 1.70119818513 1.58562485316 1.47323974216 1.34843293136 
2.42335043677 1.92031272159 2.41285150137 2.14091155548 1.70119818513 1.58562485316 1.47323974216 1.34843293136 
2.42335043677 1.92031272159 2.41285150137 2.14091155548 1.70119818513 1.58562485316 1.47323974216 1.34843293136 
1.69031437481 1.33943987179 1.68299124666 1.49331004481 1.18660495008 1.10599114276 1.50449409143 1.34843293136 
2.42335043677 1.92031272159 2.41285150137 2.14091155548 1.70119818513 1.58562485316 1.47323974216 1.34843293136 
2.42335043677 1.92031272159 2.41285150137 2.14091155548 1.70119818513 1.58562485316 1.47323974216 1.34843293136 
2.42335043677 1.92031272159 2.41285150137 2.14091155548 1.70119818513 1.58562485316 1.47323974216 1.34843293136 
2.42335043677 1.92031272159 2.41285150137 2.14091155548 1.70119818513 1.58562485316 1.47323974216 1.34843293136 
2.42335043677 1.92031272159 2.41285150137 2.14091155548 1.70119818513 1.58562485316 1.47323974216 1.34843293136 
2.42335043677 1.92031272159 2.41285150137 2.14091155548 1.70119818513 1.58562485316 1.47323974216 1.34843293136 
2.42335043677 1.92031272159 2.41285150137 2.14091155548 1.70119818513 1.58562485316 1.47323974216 1.34843293136 
2.42335043677 1.92031272159 2.41285150137 2.14091155548 1.70119818513 1.58562485316 1.47323974216 1.34843293136 
2.46890049693 1.63187621968 2.05043425493 1.81934046735 1.44567329242 1.34745935846 1.25195468058 1.14586878888 
2.42335043677 1.92031272159 2.41285150137 2.14091155548 1.70119818513 1.58562485316 1.47323974216 1.34843293136 
2.42335043677 1.92031272159 2.41285150137 2.14091155548 1.70119818513 1.58562485316 1.47323974216 1.34843293136 
2.42335043677 1.92031272159 2.41285150137 2.14091155548 1.70119818513 1.58562485316 1.47323974216 1.34843293136 
2.42335043677 1.92031272159 2.41285150137 2.14091155548 1.70119818513 1.58562485316 1.47323974216 1.34843293136 
2.42335043677 1.92031272159 2.41285150137 2.14091155548 1.70119818513 1.58562485316 1.47323974216 1.34843293136 
2.46890049693 1.63187621968 2.05043425493 1.81934046735 1.44567329242 1.34745935846 1.25195468058 1.14586878888 
2.46890049693 1.63187621968 2.05043425493 1.81934046735 1.44567329242 1.34745935846 1.25195468058 1.14586878888 
2.42335043677 1.92031272159 2.41285150137 2.14091155548 1.70119818513 1.58562485316 1.47323974216 1.34843293136 
2.42335043677 1.92031272159 2.41285150137 2.14091155548 1.70119818513 1.58562485316 1.47323974216 1.34843293136 
2.46890049693 1.63187621968 2.05043425493 1.81934046735 1.44567329242 1.34745935846 1.25195468058 1.14586878888 
2.42335043677 1.92031272159 2.41285150137 2.14091155548 1.70119818513 1.58562485316 1.47323974216 1.34843293136 
2.42335043677 1.92031272159 2.41285150137 2.14091155548 1.70119818513 1.58562485316 1.47323974216 1.34843293136 
2.46890049693 1.63187621968 2.05043425493 1.81934046735 1.44567329242 1.34745935846 1.25195468058 1.14586878888 
2.42335043677 1.92031272159 2.41285150137 2.14091155548 1.70119818513 1.58562485316 1.47323974216 1.34843293136 
2.42335043677 1.92031272159 2.41285150137 2.14091155548 1.70119818513 1.58562485316 1.47323974216 1.34843293136 
2.42335043677 1.92031272159 2.41285150137 2.14091155548 1.70119818513 1.58562485316 1.47323974216 1.34843293136 
2.42335043677 1.92031272159 2.41285150137 2.14091155548 1.70119818513 1.58562485316 1.47323974216 1.34843293136 
2.46890049693 1.63187621968 2.05043425493 1.81934046735 1.44567329242 1.34745935846 1.25195468058 1.14586878888 
2.46890049693 1.63187621968 2.05043425493 1.81934046735 1.44567329242 1.34745935846 1.25195468058 1.14586878888 
2.42335043677 1.92031272159 2.41285150137 2.14091155548 1.70119818513 1.58562485316 1.47323974216 1.34843293136 
2.42335043677 1.92031272159 2.41285150137 2.14091155548 1.70119818513 1.58562485316 1.47323974216 1.34843293136 
2.46890049693 1.63187621968 2.05043425493 1.81934046735 1.44567329242 1.34745935846 1.25195468058 1.14586878888 
1.69031437481 1.33943987179 1.68299124666 1.49331004481 1.18660495008 1.10599114276 1.50449409143 1.34843293136 
1.69031437481 1.33943987179 1.68299124666 1.49331004481 1.18660495008 1.10599114276 1.50449409143 1.34843293136 
2.42335043677 1.92031272159 2.41285150137 2.14091155548 1.70119818513 1.58562485316 1.47323974216 1.34843293136 
2.42335043677 1.92031272159 2.41285150137 2.14091155548 1.70119818513 1.58562485316 1.47323974216 1.34843293136 
2.42335043677 1.92031272159 2.41285150137 2.14091155548 1.70119818513 1.58562485316 1.47323974216 1.34843293136 
2.46890049693 1.63187621968 2.05043425493 1.81934046735 1.44567329242 1.34745935846 1.25195468058 1.14586878888 
2.42335043677 1.92031272159 2.41285150137 2.14091155548 1.70119818513 1.58562485316 1.47323974216 1.34843293136 
2.42335043677 1.92031272159 2.41285150137 2.14091155548 1.70119818513 1.58562485316 1.47323974216 1.34843293136 
2.46890049693 1.63187621968 2.05043425493 1.81934046735 1.44567329242 1.34745935846 1.25195468058 1.14586878888 
2.42335043677 1.92031272159 2.41285150137 2.14091155548 1.70119818513 1.58562485316 1.47323974216 1.34843293136 
2.42335043677 1.92031272159 2.41285150137 2.14091155548 1.70119818513 1.58562485316 1.47323974216 1.34843293136 
2.42335043677 1.92031272159 2.41285150137 2.14091155548 1.70119818513 1.58562485316 1.47323974216 1.34843293136 
2.46890049693 1.63187621968 2.05043425493 1.81934046735 1.44567329242 1.34745935846 1.25195468058 1.14586878888 
2.42335043677 1.92031272159 2.41285150137 2.14091155548 1.70119818513 1.58562485316 1.47323974216 1.34843293136 
2.42335043677 1.92031272159 2.41285150137 2.14091155548 1.70119818513 1.58562485316 1.47323974216 1.34843293136 
2.42335043677 1.92031272159 2.41285150137 2.14091155548 1.70119818513 1.58562485316 1.47323974216 1.34843293136 
2.42335043677 1.92031272159 2.41285150137 2.14091155548 1.70119818513 1.58562485316 1.47323974216 1.34843293136 
2.42335043677 1.92031272159 2.41285150137 2.14091155548 1.70119818513 1.58562485316 1.47323974216 1.34843293136 
2.42335043677 1.92031272159 2.41285150137 2.14091155548 1.70119818513 1.58562485316 1.47323974216 1.34843293136 
2.46890049693 1.63187621968 2.05043425493 1.81934046735 1.44567329242 1.34745935846 1.25195468058 1.14586878888 
2.42335043677 1.92031272159 2.41285150137 2.14091155548 1.70119818513 1.58562485316 1.47323974216 1.34843293136 
2.46890049693 1.63187621968 2.05043425493 1.81934046735 1.44567329242 1.34745935846 1.25195468058 1.14586878888 
2.46890049693 1.63187621968 2.05043425493 1.81934046735 1.44567329242 1.34745935846 1.25195468058 1.14586878888 
2.42335043677 1.92031272159 2.41285150137 2.14091155548 1.70119818513 1.58562485316 1.47323974216 1.34843293136 
2.46890049693 1.63187621968 2.05043425493 1.81934046735 1.44567329242 1.34745935846 1.25195468058 1.14586878888 
2.42335043677 1.92031272159 2.41285150137 2.14091155548 1.70119818513 1.58562485316 1.47323974216 1.34843293136 
2.42335043677 1.92031272159 2.41285150137 2.14091155548 1.70119818513 1.58562485316 1.47323974216 1.34843293136 
2.42335043677 1.92031272159 2.41285150137 2.14091155548 1.70119818513 1.58562485316 1.47323974216 1.34843293136 
2.46890049693 1.63187621968 2.05043425493 1.81934046735 1.44567329242 1.34745935846 1.25195468058 1.14586878888 
2.42335043677 1.92031272159 2.41285150137 2.14091155548 1.70119818513 1.58562485316 1.47323974216 1.34843293136 
2.42335043677 1.92031272159 2.41285150137 2.14091155548 1.70119818513 1.58562485316 1.47323974216 1.34843293136 
1.69031437481 1.33943987179 1.68299124666 1.49331004481 1.18660495008 1.10599114276 1.50449409143 1.34843293136 
2.42335043677 1.92031272159 2.41285150137 2.14091155548 1.70119818513 1.58562485316 1.47323974216 1.34843293136 
2.42335043677 1.92031272159 2.41285150137 2.14091155548 1.70119818513 1.58562485316 1.47323974216 1.34843293136 
