2.68502060778 3.10152737979 1.99562206859 1.90486452683 1.53668495338 1.48721824134 1.32784973565 1.19490122919 
2.68502060778 3.10152737979 1.99562206859 1.90486452683 1.53668495338 1.48721824134 1.32784973565 1.19490122919 
2.68502060778 3.10152737979 1.99562206859 1.90486452683 1.53668495338 1.48721824134 1.32784973565 1.19490122919 
2.68502060778 3.10152737979 1.99562206859 1.90486452683 1.53668495338 1.48721824134 1.32784973565 1.19490122919 
1.68832844097 1.95022595781 1.25483785314 1.95553519693 1.637510124 1.48721824134 1.32784973565 1.19490122919 
2.68502060778 3.10152737979 1.99562206859 1.90486452683 1.53668495338 1.48721824134 1.32784973565 1.19490122919 
2.68502060778 3.10152737979 1.99562206859 1.90486452683 1.53668495338 1.48721824134 1.32784973565 1.19490122919 
2.68502060778 3.10152737979 1.99562206859 1.90486452683 1.53668495338 1.48721824134 1.32784973565 1.19490122919 
1.68832844097 1.95022595781 1.25483785314 1.95553519693 1.637510124 1.48721824134 1.32784973565 1.19490122919 
2.68502060778 3.10152737979 1.99562206859 1.90486452683 1.53668495338 1.48721824134 1.32784973565 1.19490122919 
1.68832844097 1.95022595781 1.25483785314 1.95553519693 1.637510124 1.48721824134 1.32784973565 1.19490122919 
2.68502060778 3.10152737979 1.99562206859 1.90486452683 1.53668495338 1.48721824134 1.32784973565 1.19490122919 
2.68502060778 3.10152737979 1.99562206859 1.90486452683 1.53668495338 1.48721824134 1.32784973565 1.19490122919 
2.68502060778 3.10152737979 1.99562206859 1.90486452683 1.53668495338 1.48721824134 1.32784973565 1.19490122919 
2.68502060778 3.10152737979 1.99562206859 1.90486452683 1.53668495338 1.48721824134 1.32784973565 1.19490122919 
2.68502060778 3.10152737979 1.99562206859 1.90486452683 1.53668495338 1.48721824134 1.32784973565 1.19490122919 
2.68502060778 3.10152737979 1.99562206859 1.90486452683 1.53668495338 1.48721824134 1.32784973565 1.19490122919 
2.68502060778 3.10152737979 1.99562206859 1.90486452683 1.53668495338 1.48721824134 1.32784973565 1.19490122919 
2.68502060778 3.10152737979 1.99562206859 1.90486452683 1.53668495338 1.48721824134 1.32784973565 1.19490122919 
2.68502060778 3.10152737979 1.99562206859 1.90486452683 1.53668495338 1.48721824134 1.32784973565 1.19490122919 
2.68502060778 3.10152737979 1.99562206859 1.90486452683 1.53668495338 1.48721824134 1.32784973565 1.19490122919 
1.68832844097 1.95022595781 1.25483785314 1.95553519693 1.637510124 1.48721824134 1.32784973565 1.19490122919 
2.68502060778 3.10152737979 1.99562206859 1.90486452683 1.53668495338 1.48721824134 1.32784973565 1.19490122919 
2.68502060778 3.10152737979 1.99562206859 1.90486452683 1.53668495338 1.48721824134 1.32784973565 1.19490122919 
2.68502060778 3.10152737979 1.99562206859 1.90486452683 1.53668495338 1.48721824134 1.32784973565 1.19490122919 
2.68502060778 3.10152737979 1.99562206859 1.90486452683 1.53668495338 1.48721824134 1.32784973565 1.19490122919 
2.68502060778 3.10152737979 1.99562206859 1.90486452683 1.53668495338 1.48721824134 1.32784973565 1.19490122919 
2.68502060778 3.10152737979 1.99562206859 1.90486452683 1.53668495338 1.48721824134 1.32784973565 1.19490122919 
2.68502060778 3.10152737979 1.99562206859 1.90486452683 1.53668495338 1.48721824134 1.32784973565 1.19490122919 
2.68502060778 3.10152737979 1.99562206859 1.90486452683 1.53668495338 1.48721824134 1.32784973565 1.19490122919 
2.68502060778 3.10152737979 1.99562206859 1.90486452683 1.53668495338 1.48721824134 1.32784973565 1.19490122919 
2.68502060778 3.10152737979 1.99562206859 1.90486452683 1.53668495338 1.48721824134 1.32784973565 1.19490122919 
2.68502060778 3.10152737979 1.99562206859 1.90486452683 1.53668495338 1.48721824134 1.32784973565 1.19490122919 
2.68502060778 3.10152737979 1.99562206859 1.90486452683 1.53668495338 1.48721824134 1.32784973565 1.19490122919 
2.68502060778 3.10152737979 1.99562206859 1.90486452683 1.53668495338 1.48721824134 1.32784973565 1.19490122919 
2.68502060778 3.10152737979 1.99562206859 1.90486452683 1.53668495338 1.48721824134 1.32784973565 1.19490122919 
2.68502060778 3.10152737979 1.99562206859 1.90486452683 1.53668495338 1.48721824134 1.32784973565 1.19490122919 
2.68502060778 3.10152737979 1.99562206859 1.90486452683 1.53668495338 1.48721824134 1.32784973565 1.19490122919 
2.68502060778 3.10152737979 1.99562206859 1.90486452683 1.53668495338 1.48721824134 1.32784973565 1.19490122919 
1.68832844097 1.95022595781 1.25483785314 1.95553519693 1.637510124 1.48721824134 1.32784973565 1.19490122919 
2.68502060778 3.10152737979 1.99562206859 1.90486452683 1.53668495338 1.48721824134 1.32784973565 1.19490122919 
2.68502060778 3.10152737979 1.99562206859 1.90486452683 1.53668495338 1.48721824134 1.32784973565 1.19490122919 
1.68832844097 1.95022595781 1.25483785314 1.95553519693 1.637510124 1.48721824134 1.32784973565 1.19490122919 
2.68502060778 3.10152737979 1.99562206859 1.90486452683 1.53668495338 1.48721824134 1.32784973565 1.19490122919 
2.68502060778 3.10152737979 1.99562206859 1.90486452683 1.53668495338 1.48721824134 1.32784973565 1.19490122919 
2.68502060778 3.10152737979 1.99562206859 1.90486452683 1.53668495338 1.48721824134 1.32784973565 1.19490122919 
2.68502060778 3.10152737979 1.99562206859 1.90486452683 1.53668495338 1.48721824134 1.32784973565 1.19490122919 
1.68832844097 1.95022595781 1.25483785314 1.95553519693 1.637510124 1.48721824134 1.32784973565 1.19490122919 
2.68502060778 3.10152737979 1.99562206859 1.90486452683 1.53668495338 1.48721824134 1.32784973565 1.19490122919 
2.68502060778 3.10152737979 1.99562206859 1.90486452683 1.53668495338 1.48721824134 1.32784973565 1.19490122919 
2.68502060778 3.10152737979 1.99562206859 1.90486452683 1.53668495338 1.48721824134 1.32784973565 1.19490122919 
2.68502060778 3.10152737979 1.99562206859 1.90486452683 1.53668495338 1.48721824134 1.32784973565 1.19490122919 
1.68832844097 1.95022595781 1.25483785314 1.95553519693 1.637510124 1.48721824134 1.32784973565 1.19490122919 
2.68502060778 3.10152737979 1.99562206859 1.90486452683 1.53668495338 1.48721824134 1.32784973565 1.19490122919 
2.68502060778 3.10152737979 1.99562206859 1.90486452683 1.53668495338 1.48721824134 1.32784973565 1.19490122919 
2.68502060778 3.10152737979 1.99562206859 1.90486452683 1.53668495338 1.48721824134 1.32784973565 1.19490122919 
2.68502060778 3.10152737979 1.99562206859 1.90486452683 1.53668495338 1.48721824134 1.32784973565 1.19490122919 
2.68502060778 3.10152737979 1.99562206859 1.90486452683 1.53668495338 1.48721824134 1.32784973565 1.19490122919 
1.68832844097 1.95022595781 1.25483785314 1.95553519693 1.637510124 1.48721824134 1.32784973565 1.19490122919 
2.68502060778 3.10152737979 1.99562206859 1.90486452683 1.53668495338 1.48721824134 1.32784973565 1.19490122919 
2.68502060778 3.10152737979 1.99562206859 1.90486452683 1.53668495338 1.48721824134 1.32784973565 1.19490122919 
2.68502060778 3.10152737979 1.99562206859 1.90486452683 1.53668495338 1.48721824134 1.32784973565 1.19490122919 
1.68832844097 1.95022595781 1.25483785314 1.95553519693 1.637510124 1.48721824134 1.32784973565 1.19490122919 
2.68502060778 3.10152737979 1.99562206859 1.90486452683 1.53668495338 1.48721824134 1.32784973565 1.19490122919 
2.68502060778 3.10152737979 1.99562206859 1.90486452683 1.53668495338 1.48721824134 1.32784973565 1.19490122919 
1.68832844097 1.95022595781 1.25483785314 1.95553519693 1.637510124 1.48721824134 1.32784973565 1.19490122919 
2.68502060778 3.10152737979 1.99562206859 1.90486452683 1.53668495338 1.48721824134 1.32784973565 1.19490122919 
1.68832844097 1.95022595781 1.25483785314 1.95553519693 1.637510124 1.48721824134 1.32784973565 1.19490122919 
2.68502060778 3.10152737979 1.99562206859 1.90486452683 1.53668495338 1.48721824134 1.32784973565 1.19490122919 
2.68502060778 3.10152737979 1.99562206859 1.90486452683 1.53668495338 1.48721824134 1.32784973565 1.19490122919 
2.68502060778 3.10152737979 1.99562206859 1.90486452683 1.53668495338 1.48721824134 1.32784973565 1.19490122919 
2.68502060778 3.10152737979 1.99562206859 1.90486452683 1.53668495338 1.48721824134 1.32784973565 1.19490122919 
2.68502060778 3.10152737979 1.99562206859 1.90486452683 1.53668495338 1.48721824134 1.32784973565 1.19490122919 
1.68832844097 1.95022595781 1.25483785314 1.95553519693 1.637510124 1.48721824134 1.32784973565 1.19490122919 
1.68832844097 1.95022595781 1.25483785314 1.95553519693 1.637510124 1.48721824134 1.32784973565 1.19490122919 
2.68502060778 3.10152737979 1.99562206859 1.90486452683 1.53668495338 1.48721824134 1.32784973565 1.19490122919 
2.68502060778 3.10152737979 1.99562206859 1.90486452683 1.53668495338 1.48721824134 1.32784973565 1.19490122919 
2.68502060778 3.10152737979 1.99562206859 1.90486452683 1.53668495338 1.48721824134 1.32784973565 1.19490122919 
2.68502060778 3.10152737979 1.99562206859 1.90486452683 1.53668495338 1.48721824134 1.32784973565 1.19490122919 
1.68832844097 1.95022595781 1.25483785314 1.95553519693 1.637510124 1.48721824134 1.32784973565 1.19490122919 
2.68502060778 3.10152737979 1.99562206859 1.90486452683 1.53668495338 1.48721824134 1.32784973565 1.19490122919 
2.68502060778 3.10152737979 1.99562206859 1.90486452683 1.53668495338 1.48721824134 1.32784973565 1.19490122919 
2.68502060778 3.10152737979 1.99562206859 1.90486452683 1.53668495338 1.48721824134 1.32784973565 1.19490122919 
2.68502060778 3.10152737979 1.99562206859 1.90486452683 1.53668495338 1.48721824134 1.32784973565 1.19490122919 
2.68502060778 3.10152737979 1.99562206859 1.90486452683 1.53668495338 1.48721824134 1.32784973565 1.19490122919 
2.68502060778 3.10152737979 1.99562206859 1.90486452683 1.53668495338 1.48721824134 1.32784973565 1.19490122919 
2.68502060778 3.10152737979 1.99562206859 1.90486452683 1.53668495338 1.48721824134 1.32784973565 1.19490122919 
2.68502060778 3.10152737979 1.99562206859 1.90486452683 1.53668495338 1.48721824134 1.32784973565 1.19490122919 
2.68502060778 3.10152737979 1.99562206859 1.90486452683 1.53668495338 1.48721824134 1.32784973565 1.19490122919 
2.68502060778 3.10152737979 1.99562206859 1.90486452683 1.53668495338 1.48721824134 1.32784973565 1.19490122919 
2.68502060778 3.10152737979 1.99562206859 1.90486452683 1.53668495338 1.48721824134 1.32784973565 1.19490122919 
2.68502060778 3.10152737979 1.99562206859 1.90486452683 1.53668495338 1.48721824134 1.32784973565 1.19490122919 
1.68832844097 1.95022595781 1.25483785314 1.95553519693 1.637510124 1.48721824134 1.32784973565 1.19490122919 
2.68502060778 3.10152737979 1.99562206859 1.90486452683 1.53668495338 1.48721824134 1.32784973565 1.19490122919 
2.68502060778 3.10152737979 1.99562206859 1.90486452683 1.53668495338 1.48721824134 1.32784973565 1.19490122919 
2.68502060778 3.10152737979 1.99562206859 1.90486452683 1.53668495338 1.48721824134 1.32784973565 1.19490122919 
2.68502060778 3.10152737979 1.99562206859 1.90486452683 1.53668495338 1.48721824134 1.32784973565 1.19490122919 
1.68832844097 1.95022595781 1.25483785314 1.95553519693 1.637510124 1.48721824134 1.32784973565 1.19490122919 
2.68502060778 3.10152737979 1.99562206859 1.90486452683 1.53668495338 1.48721824134 1.32784973565 1.19490122919 
2.68502060778 3.10152737979 1.99562206859 1.90486452683 1.53668495338 1.48721824134 1.32784973565 1.19490122919 
