1.84512234732 2.7093375507 2.03745590956 1.44679843214 1.33216531881 1.45097903243 1.23585500924 1.11554993842 
1.84512234732 2.7093375507 2.03745590956 1.44679843214 1.33216531881 1.45097903243 1.23585500924 1.11554993842 
1.76076602203 2.5854705562 1.94430637166 1.38065289947 1.27126062853 1.3846422614 1.25456555789 1.11554993842 
1.84512234732 2.7093375507 2.03745590956 1.44679843214 1.33216531881 1.45097903243 1.23585500924 1.11554993842 
1.84512234732 2.7093375507 2.03745590956 1.44679843214 1.33216531881 1.45097903243 1.23585500924 1.11554993842 
1.84512234732 2.7093375507 2.03745590956 1.44679843214 1.33216531881 1.45097903243 1.23585500924 1.11554993842 
1.84512234732 2.7093375507 2.03745590956 1.44679843214 1.33216531881 1.45097903243 1.23585500924 1.11554993842 
1.84512234732 2.7093375507 2.03745590956 1.44679843214 1.33216531881 1.45097903243 1.23585500924 1.11554993842 
1.84512234732 2.7093375507 2.03745590956 1.44679843214 1.33216531881 1.45097903243 1.23585500924 1.11554993842 
1.76076602203 2.5854705562 1.94430637166 1.38065289947 1.27126062853 1.3846422614 1.25456555789 1.11554993842 
1.84512234732 2.7093375507 2.03745590956 1.44679843214 1.33216531881 1.45097903243 1.23585500924 1.11554993842 
1.84512234732 2.7093375507 2.03745590956 1.44679843214 1.33216531881 1.45097903243 1.23585500924 1.11554993842 
1.84512234732 2.7093375507 2.03745590956 1.44679843214 1.33216531881 1.45097903243 1.23585500924 1.11554993842 
1.84512234732 2.7093375507 2.03745590956 1.44679843214 1.33216531881 1.45097903243 1.23585500924 1.11554993842 
1.84512234732 2.7093375507 2.03745590956 1.44679843214 1.33216531881 1.45097903243 1.23585500924 1.11554993842 
1.84512234732 2.7093375507 2.03745590956 1.44679843214 1.33216531881 1.45097903243 1.23585500924 1.11554993842 
1.76076602203 2.5854705562 1.94430637166 1.38065289947 1.27126062853 1.3846422614 1.25456555789 1.11554993842 
1.61375035009 2.36959593903 2.07140981034 1.44679843214 1.33216531881 1.45097903243 1.23585500924 1.11554993842 
1.61375035009 2.36959593903 2.07140981034 1.44679843214 1.33216531881 1.45097903243 1.23585500924 1.11554993842 
1.84512234732 2.7093375507 2.03745590956 1.44679843214 1.33216531881 1.45097903243 1.23585500924 1.11554993842 
1.76076602203 2.5854705562 1.94430637166 1.38065289947 1.27126062853 1.3846422614 1.25456555789 1.11554993842 
1.84512234732 2.7093375507 2.03745590956 1.44679843214 1.33216531881 1.45097903243 1.23585500924 1.11554993842 
1.84512234732 2.7093375507 2.03745590956 1.44679843214 1.33216531881 1.45097903243 1.23585500924 1.11554993842 
1.76076602203 2.5854705562 1.94430637166 1.38065289947 1.27126062853 1.3846422614 1.25456555789 1.11554993842 
1.61375035009 2.36959593903 2.07140981034 1.44679843214 1.33216531881 1.45097903243 1.23585500924 1.11554993842 
1.84512234732 2.7093375507 2.03745590956 1.44679843214 1.33216531881 1.45097903243 1.23585500924 1.11554993842 
1.84512234732 2.7093375507 2.03745590956 1.44679843214 1.33216531881 1.45097903243 1.23585500924 1.11554993842 
1.84512234732 2.7093375507 2.03745590956 1.44679843214 1.33216531881 1.45097903243 1.23585500924 1.11554993842 
1.84512234732 2.7093375507 2.03745590956 1.44679843214 1.33216531881 1.45097903243 1.23585500924 1.11554993842 
1.84512234732 2.7093375507 2.03745590956 1.44679843214 1.33216531881 1.45097903243 1.23585500924 1.11554993842 
1.61375035009 2.36959593903 2.07140981034 1.44679843214 1.33216531881 1.45097903243 1.23585500924 1.11554993842 
1.84512234732 2.7093375507 2.03745590956 1.44679843214 1.33216531881 1.45097903243 1.23585500924 1.11554993842 
1.84512234732 2.7093375507 2.03745590956 1.44679843214 1.33216531881 1.45097903243 1.23585500924 1.11554993842 
1.76076602203 2.5854705562 1.94430637166 1.38065289947 1.27126062853 1.3846422614 1.25456555789 1.11554993842 
1.84512234732 2.7093375507 2.03745590956 1.44679843214 1.33216531881 1.45097903243 1.23585500924 1.11554993842 
1.84512234732 2.7093375507 2.03745590956 1.44679843214 1.33216531881 1.45097903243 1.23585500924 1.11554993842 
1.84512234732 2.7093375507 2.03745590956 1.44679843214 1.33216531881 1.45097903243 1.23585500924 1.11554993842 
1.76076602203 2.5854705562 1.94430637166 1.38065289947 1.27126062853 1.3846422614 1.25456555789 1.11554993842 
1.61375035009 2.36959593903 2.07140981034 1.44679843214 1.33216531881 1.45097903243 1.23585500924 1.11554993842 
1.76076602203 2.5854705562 1.94430637166 1.38065289947 1.27126062853 1.3846422614 1.25456555789 1.11554993842 
1.84512234732 2.7093375507 2.03745590956 1.44679843214 1.33216531881 1.45097903243 1.23585500924 1.11554993842 
1.84512234732 2.7093375507 2.03745590956 1.44679843214 1.33216531881 1.45097903243 1.23585500924 1.11554993842 
1.84512234732 2.7093375507 2.03745590956 1.44679843214 1.33216531881 1.45097903243 1.23585500924 1.11554993842 
1.84512234732 2.7093375507 2.03745590956 1.44679843214 1.33216531881 1.45097903243 1.23585500924 1.11554993842 
1.84512234732 2.7093375507 2.03745590956 1.44679843214 1.33216531881 1.45097903243 1.23585500924 1.11554993842 
1.84512234732 2.7093375507 2.03745590956 1.44679843214 1.33216531881 1.45097903243 1.23585500924 1.11554993842 
1.84512234732 2.7093375507 2.03745590956 1.44679843214 1.33216531881 1.45097903243 1.23585500924 1.11554993842 
1.61375035009 2.36959593903 2.07140981034 1.44679843214 1.33216531881 1.45097903243 1.23585500924 1.11554993842 
1.61375035009 2.36959593903 2.07140981034 1.44679843214 1.33216531881 1.45097903243 1.23585500924 1.11554993842 
1.84512234732 2.7093375507 2.03745590956 1.44679843214 1.33216531881 1.45097903243 1.23585500924 1.11554993842 
1.84512234732 2.7093375507 2.03745590956 1.44679843214 1.33216531881 1.45097903243 1.23585500924 1.11554993842 
1.76076602203 2.5854705562 1.94430637166 1.38065289947 1.27126062853 1.3846422614 1.25456555789 1.11554993842 
1.61375035009 2.36959593903 2.07140981034 1.44679843214 1.33216531881 1.45097903243 1.23585500924 1.11554993842 
1.84512234732 2.7093375507 2.03745590956 1.44679843214 1.33216531881 1.45097903243 1.23585500924 1.11554993842 
1.84512234732 2.7093375507 2.03745590956 1.44679843214 1.33216531881 1.45097903243 1.23585500924 1.11554993842 
1.84512234732 2.7093375507 2.03745590956 1.44679843214 1.33216531881 1.45097903243 1.23585500924 1.11554993842 
1.84512234732 2.7093375507 2.03745590956 1.44679843214 1.33216531881 1.45097903243 1.23585500924 1.11554993842 
1.84512234732 2.7093375507 2.03745590956 1.44679843214 1.33216531881 1.45097903243 1.23585500924 1.11554993842 
1.76076602203 2.5854705562 1.94430637166 1.38065289947 1.27126062853 1.3846422614 1.25456555789 1.11554993842 
1.84512234732 2.7093375507 2.03745590956 1.44679843214 1.33216531881 1.45097903243 1.23585500924 1.11554993842 
1.61375035009 2.36959593903 2.07140981034 1.44679843214 1.33216531881 1.45097903243 1.23585500924 1.11554993842 
1.76076602203 2.5854705562 1.94430637166 1.38065289947 1.27126062853 1.3846422614 1.25456555789 1.11554993842 
1.84512234732 2.7093375507 2.03745590956 1.44679843214 1.33216531881 1.45097903243 1.23585500924 1.11554993842 
1.76076602203 2.5854705562 1.94430637166 1.38065289947 1.27126062853 1.3846422614 1.25456555789 1.11554993842 
1.84512234732 2.7093375507 2.03745590956 1.44679843214 1.33216531881 1.45097903243 1.23585500924 1.11554993842 
1.76076602203 2.5854705562 1.94430637166 1.38065289947 1.27126062853 1.3846422614 1.25456555789 1.11554993842 
1.61375035009 2.36959593903 2.07140981034 1.44679843214 1.33216531881 1.45097903243 1.23585500924 1.11554993842 
1.84512234732 2.7093375507 2.03745590956 1.44679843214 1.33216531881 1.45097903243 1.23585500924 1.11554993842 
1.76076602203 2.5854705562 1.94430637166 1.38065289947 1.27126062853 1.3846422614 1.25456555789 1.11554993842 
1.76076602203 2.5854705562 1.94430637166 1.38065289947 1.27126062853 1.3846422614 1.25456555789 1.11554993842 
1.76076602203 2.5854705562 1.94430637166 1.38065289947 1.27126062853 1.3846422614 1.25456555789 1.11554993842 
1.84512234732 2.7093375507 2.03745590956 1.44679843214 1.33216531881 1.45097903243 1.23585500924 1.11554993842 
1.61375035009 2.36959593903 2.07140981034 1.44679843214 1.33216531881 1.45097903243 1.23585500924 1.11554993842 
1.76076602203 2.5854705562 1.94430637166 1.38065289947 1.27126062853 1.3846422614 1.25456555789 1.11554993842 
1.84512234732 2.7093375507 2.03745590956 1.44679843214 1.33216531881 1.45097903243 1.23585500924 1.11554993842 
1.76076602203 2.5854705562 1.94430637166 1.38065289947 1.27126062853 1.3846422614 1.25456555789 1.11554993842 
1.84512234732 2.7093375507 2.03745590956 1.44679843214 1.33216531881 1.45097903243 1.23585500924 1.11554993842 
1.61375035009 2.36959593903 2.07140981034 1.44679843214 1.33216531881 1.45097903243 1.23585500924 1.11554993842 
1.84512234732 2.7093375507 2.03745590956 1.44679843214 1.33216531881 1.45097903243 1.23585500924 1.11554993842 
1.84512234732 2.7093375507 2.03745590956 1.44679843214 1.33216531881 1.45097903243 1.23585500924 1.11554993842 
1.84512234732 2.7093375507 2.03745590956 1.44679843214 1.33216531881 1.45097903243 1.23585500924 1.11554993842 
1.84512234732 2.7093375507 2.03745590956 1.44679843214 1.33216531881 1.45097903243 1.23585500924 1.11554993842 
1.61375035009 2.36959593903 2.07140981034 1.44679843214 1.33216531881 1.45097903243 1.23585500924 1.11554993842 
1.84512234732 2.7093375507 2.03745590956 1.44679843214 1.33216531881 1.45097903243 1.23585500924 1.11554993842 
1.61375035009 2.36959593903 2.07140981034 1.44679843214 1.33216531881 1.45097903243 1.23585500924 1.11554993842 
1.84512234732 2.7093375507 2.03745590956 1.44679843214 1.33216531881 1.45097903243 1.23585500924 1.11554993842 
1.84512234732 2.7093375507 2.03745590956 1.44679843214 1.33216531881 1.45097903243 1.23585500924 1.11554993842 
1.61375035009 2.36959593903 2.07140981034 1.44679843214 1.33216531881 1.45097903243 1.23585500924 1.11554993842 
1.84512234732 2.7093375507 2.03745590956 1.44679843214 1.33216531881 1.45097903243 1.23585500924 1.11554993842 
1.76076602203 2.5854705562 1.94430637166 1.38065289947 1.27126062853 1.3846422614 1.25456555789 1.11554993842 
1.61375035009 2.36959593903 2.07140981034 1.44679843214 1.33216531881 1.45097903243 1.23585500924 1.11554993842 
1.84512234732 2.7093375507 2.03745590956 1.44679843214 1.33216531881 1.45097903243 1.23585500924 1.11554993842 
1.61375035009 2.36959593903 2.07140981034 1.44679843214 1.33216531881 1.45097903243 1.23585500924 1.11554993842 
1.84512234732 2.7093375507 2.03745590956 1.44679843214 1.33216531881 1.45097903243 1.23585500924 1.11554993842 
1.84512234732 2.7093375507 2.03745590956 1.44679843214 1.33216531881 1.45097903243 1.23585500924 1.11554993842 
1.84512234732 2.7093375507 2.03745590956 1.44679843214 1.33216531881 1.45097903243 1.23585500924 1.11554993842 
1.84512234732 2.7093375507 2.03745590956 1.44679843214 1.33216531881 1.45097903243 1.23585500924 1.11554993842 
1.84512234732 2.7093375507 2.03745590956 1.44679843214 1.33216531881 1.45097903243 1.23585500924 1.11554993842 
1.84512234732 2.7093375507 2.03745590956 1.44679843214 1.33216531881 1.45097903243 1.23585500924 1.11554993842 
1.76076602203 2.5854705562 1.94430637166 1.38065289947 1.27126062853 1.3846422614 1.25456555789 1.11554993842 
