0.876197896129 0.910026500336 1.00825368718 1.58288893975 1.256624867 1.35876194185 1.16392182029 1.113270675 
0.876197896129 0.910026500336 1.00825368718 1.58288893975 1.256624867 1.35876194185 1.16392182029 1.113270675 
0.876197896129 0.910026500336 1.00825368718 1.58288893975 1.256624867 1.35876194185 1.16392182029 1.113270675 
0.876197896129 0.910026500336 1.00825368718 1.58288893975 1.256624867 1.35876194185 1.16392182029 1.113270675 
1.31829394408 1.36919117175 1.51698005303 1.5112560278 1.256624867 1.35876194185 1.16392182029 1.113270675 
1.31829394408 1.36919117175 1.51698005303 1.5112560278 1.256624867 1.35876194185 1.16392182029 1.113270675 
0.876197896129 0.910026500336 1.00825368718 1.58288893975 1.256624867 1.35876194185 1.16392182029 1.113270675 
1.31829394408 1.36919117175 1.51698005303 1.5112560278 1.256624867 1.35876194185 1.16392182029 1.113270675 
0.355277892489 0.368994605982 0.408823446663 0.641824681303 0.509532179807 0.550946187492 1.17731489857 1.113270675 
0.876197896129 0.910026500336 1.00825368718 1.58288893975 1.256624867 1.35876194185 1.16392182029 1.113270675 
1.31829394408 1.36919117175 1.51698005303 1.5112560278 1.256624867 1.35876194185 1.16392182029 1.113270675 
1.31829394408 1.36919117175 1.51698005303 1.5112560278 1.256624867 1.35876194185 1.16392182029 1.113270675 
1.31829394408 1.36919117175 1.51698005303 1.5112560278 1.256624867 1.35876194185 1.16392182029 1.113270675 
1.31829394408 1.36919117175 1.51698005303 1.5112560278 1.256624867 1.35876194185 1.16392182029 1.113270675 
0.876197896129 0.910026500336 1.00825368718 1.58288893975 1.256624867 1.35876194185 1.16392182029 1.113270675 
0.876197896129 0.910026500336 1.00825368718 1.58288893975 1.256624867 1.35876194185 1.16392182029 1.113270675 
1.31829394408 1.36919117175 1.51698005303 1.5112560278 1.256624867 1.35876194185 1.16392182029 1.113270675 
0.876197896129 0.910026500336 1.00825368718 1.58288893975 1.256624867 1.35876194185 1.16392182029 1.113270675 
0.876197896129 0.910026500336 1.00825368718 1.58288893975 1.256624867 1.35876194185 1.16392182029 1.113270675 
0.876197896129 0.910026500336 1.00825368718 1.58288893975 1.256624867 1.35876194185 1.16392182029 1.113270675 
0.876197896129 0.910026500336 1.00825368718 1.58288893975 1.256624867 1.35876194185 1.16392182029 1.113270675 
0.876197896129 0.910026500336 1.00825368718 1.58288893975 1.256624867 1.35876194185 1.16392182029 1.113270675 
0.876197896129 0.910026500336 1.00825368718 1.58288893975 1.256624867 1.35876194185 1.16392182029 1.113270675 
0.876197896129 0.910026500336 1.00825368718 1.58288893975 1.256624867 1.35876194185 1.16392182029 1.113270675 
0.876197896129 0.910026500336 1.00825368718 1.58288893975 1.256624867 1.35876194185 1.16392182029 1.113270675 
1.31829394408 1.36919117175 1.51698005303 1.5112560278 1.256624867 1.35876194185 1.16392182029 1.113270675 
0.876197896129 0.910026500336 1.00825368718 1.58288893975 1.256624867 1.35876194185 1.16392182029 1.113270675 
1.31829394408 1.36919117175 1.51698005303 1.5112560278 1.256624867 1.35876194185 1.16392182029 1.113270675 
1.31829394408 1.36919117175 1.51698005303 1.5112560278 1.256624867 1.35876194185 1.16392182029 1.113270675 
1.31829394408 1.36919117175 1.51698005303 1.5112560278 1.256624867 1.35876194185 1.16392182029 1.113270675 
0.876197896129 0.910026500336 1.00825368718 1.58288893975 1.256624867 1.35876194185 1.16392182029 1.113270675 
1.31829394408 1.36919117175 1.51698005303 1.5112560278 1.256624867 1.35876194185 1.16392182029 1.113270675 
0.876197896129 0.910026500336 1.00825368718 1.58288893975 1.256624867 1.35876194185 1.16392182029 1.113270675 
0.876197896129 0.910026500336 1.00825368718 1.58288893975 1.256624867 1.35876194185 1.16392182029 1.113270675 
1.31829394408 1.36919117175 1.51698005303 1.5112560278 1.256624867 1.35876194185 1.16392182029 1.113270675 
1.31829394408 1.36919117175 1.51698005303 1.5112560278 1.256624867 1.35876194185 1.16392182029 1.113270675 
1.31829394408 1.36919117175 1.51698005303 1.5112560278 1.256624867 1.35876194185 1.16392182029 1.113270675 
0.876197896129 0.910026500336 1.00825368718 1.58288893975 1.256624867 1.35876194185 1.16392182029 1.113270675 
1.31829394408 1.36919117175 1.51698005303 1.5112560278 1.256624867 1.35876194185 1.16392182029 1.113270675 
0.876197896129 0.910026500336 1.00825368718 1.58288893975 1.256624867 1.35876194185 1.16392182029 1.113270675 
1.31829394408 1.36919117175 1.51698005303 1.5112560278 1.256624867 1.35876194185 1.16392182029 1.113270675 
0.876197896129 0.910026500336 1.00825368718 1.58288893975 1.256624867 1.35876194185 1.16392182029 1.113270675 
0.876197896129 0.910026500336 1.00825368718 1.58288893975 1.256624867 1.35876194185 1.16392182029 1.113270675 
1.31829394408 1.36919117175 1.51698005303 1.5112560278 1.256624867 1.35876194185 1.16392182029 1.113270675 
1.31829394408 1.36919117175 1.51698005303 1.5112560278 1.256624867 1.35876194185 1.16392182029 1.113270675 
1.31829394408 1.36919117175 1.51698005303 1.5112560278 1.256624867 1.35876194185 1.16392182029 1.113270675 
1.31829394408 1.36919117175 1.51698005303 1.5112560278 1.256624867 1.35876194185 1.16392182029 1.113270675 
0.0543322372161 0.964437886431 1.00636840827 1.57992918151 1.25427517226 1.35622126589 1.16174546532 1.11118902529 
0.876197896129 0.910026500336 1.00825368718 1.58288893975 1.256624867 1.35876194185 1.16392182029 1.113270675 
1.31829394408 1.36919117175 1.51698005303 1.5112560278 1.256624867 1.35876194185 1.16392182029 1.113270675 
0.876197896129 0.910026500336 1.00825368718 1.58288893975 1.256624867 1.35876194185 1.16392182029 1.113270675 
0.876197896129 0.910026500336 1.00825368718 1.58288893975 1.256624867 1.35876194185 1.16392182029 1.113270675 
1.31829394408 1.36919117175 1.51698005303 1.5112560278 1.256624867 1.35876194185 1.16392182029 1.113270675 
0.876197896129 0.910026500336 1.00825368718 1.58288893975 1.256624867 1.35876194185 1.16392182029 1.113270675 
1.31829394408 1.36919117175 1.51698005303 1.5112560278 1.256624867 1.35876194185 1.16392182029 1.113270675 
1.31829394408 1.36919117175 1.51698005303 1.5112560278 1.256624867 1.35876194185 1.16392182029 1.113270675 
1.31829394408 1.36919117175 1.51698005303 1.5112560278 1.256624867 1.35876194185 1.16392182029 1.113270675 
0.876197896129 0.910026500336 1.00825368718 1.58288893975 1.256624867 1.35876194185 1.16392182029 1.113270675 
1.31829394408 1.36919117175 1.51698005303 1.5112560278 1.256624867 1.35876194185 1.16392182029 1.113270675 
0.876197896129 0.910026500336 1.00825368718 1.58288893975 1.256624867 1.35876194185 1.16392182029 1.113270675 
0.876197896129 0.910026500336 1.00825368718 1.58288893975 1.256624867 1.35876194185 1.16392182029 1.113270675 
0.876197896129 0.910026500336 1.00825368718 1.58288893975 1.256624867 1.35876194185 1.16392182029 1.113270675 
0.876197896129 0.910026500336 1.00825368718 1.58288893975 1.256624867 1.35876194185 1.16392182029 1.113270675 
1.31829394408 1.36919117175 1.51698005303 1.5112560278 1.256624867 1.35876194185 1.16392182029 1.113270675 
0.876197896129 0.910026500336 1.00825368718 1.58288893975 1.256624867 1.35876194185 1.16392182029 1.113270675 
0.876197896129 0.910026500336 1.00825368718 1.58288893975 1.256624867 1.35876194185 1.16392182029 1.113270675 
1.31829394408 1.36919117175 1.51698005303 1.5112560278 1.256624867 1.35876194185 1.16392182029 1.113270675 
0.876197896129 0.910026500336 1.00825368718 1.58288893975 1.256624867 1.35876194185 1.16392182029 1.113270675 
0.876197896129 0.910026500336 1.00825368718 1.58288893975 1.256624867 1.35876194185 1.16392182029 1.113270675 
0.876197896129 0.910026500336 1.00825368718 1.58288893975 1.256624867 1.35876194185 1.16392182029 1.113270675 
1.31829394408 1.36919117175 1.51698005303 1.5112560278 1.256624867 1.35876194185 1.16392182029 1.113270675 
1.31829394408 1.36919117175 1.51698005303 1.5112560278 1.256624867 1.35876194185 1.16392182029 1.113270675 
0.876197896129 0.910026500336 1.00825368718 1.58288893975 1.256624867 1.35876194185 1.16392182029 1.113270675 
0.876197896129 0.910026500336 1.00825368718 1.58288893975 1.256624867 1.35876194185 1.16392182029 1.113270675 
1.31829394408 1.36919117175 1.51698005303 1.5112560278 1.256624867 1.35876194185 1.16392182029 1.113270675 
0.876197896129 0.910026500336 1.00825368718 1.58288893975 1.256624867 1.35876194185 1.16392182029 1.113270675 
1.31829394408 1.36919117175 1.51698005303 1.5112560278 1.256624867 1.35876194185 1.16392182029 1.113270675 
1.31829394408 1.36919117175 1.51698005303 1.5112560278 1.256624867 1.35876194185 1.16392182029 1.113270675 
1.31829394408 1.36919117175 1.51698005303 1.5112560278 1.256624867 1.35876194185 1.16392182029 1.113270675 
1.31829394408 1.36919117175 1.51698005303 1.5112560278 1.256624867 1.35876194185 1.16392182029 1.113270675 
1.31829394408 1.36919117175 1.51698005303 1.5112560278 1.256624867 1.35876194185 1.16392182029 1.113270675 
0.876197896129 0.910026500336 1.00825368718 1.58288893975 1.256624867 1.35876194185 1.16392182029 1.113270675 
0.876197896129 0.910026500336 1.00825368718 1.58288893975 1.256624867 1.35876194185 1.16392182029 1.113270675 
0.876197896129 0.910026500336 1.00825368718 1.58288893975 1.256624867 1.35876194185 1.16392182029 1.113270675 
0.876197896129 0.910026500336 1.00825368718 1.58288893975 1.256624867 1.35876194185 1.16392182029 1.113270675 
1.31829394408 1.36919117175 1.51698005303 1.5112560278 1.256624867 1.35876194185 1.16392182029 1.113270675 
1.31829394408 1.36919117175 1.51698005303 1.5112560278 1.256624867 1.35876194185 1.16392182029 1.113270675 
1.31829394408 1.36919117175 1.51698005303 1.5112560278 1.256624867 1.35876194185 1.16392182029 1.113270675 
0.876197896129 0.910026500336 1.00825368718 1.58288893975 1.256624867 1.35876194185 1.16392182029 1.113270675 
0.876197896129 0.910026500336 1.00825368718 1.58288893975 1.256624867 1.35876194185 1.16392182029 1.113270675 
1.31829394408 1.36919117175 1.51698005303 1.5112560278 1.256624867 1.35876194185 1.16392182029 1.113270675 
0.876197896129 0.910026500336 1.00825368718 1.58288893975 1.256624867 1.35876194185 1.16392182029 1.113270675 
0.876197896129 0.910026500336 1.00825368718 1.58288893975 1.256624867 1.35876194185 1.16392182029 1.113270675 
0.876197896129 0.910026500336 1.00825368718 1.58288893975 1.256624867 1.35876194185 1.16392182029 1.113270675 
1.31829394408 1.36919117175 1.51698005303 1.5112560278 1.256624867 1.35876194185 1.16392182029 1.113270675 
0.876197896129 0.910026500336 1.00825368718 1.58288893975 1.256624867 1.35876194185 1.16392182029 1.113270675 
1.31829394408 1.36919117175 1.51698005303 1.5112560278 1.256624867 1.35876194185 1.16392182029 1.113270675 
1.31829394408 1.36919117175 1.51698005303 1.5112560278 1.256624867 1.35876194185 1.16392182029 1.113270675 
0.876197896129 0.910026500336 1.00825368718 1.58288893975 1.256624867 1.35876194185 1.16392182029 1.113270675 
0.876197896129 0.910026500336 1.00825368718 1.58288893975 1.256624867 1.35876194185 1.16392182029 1.113270675 
