1.79239536451 1.63350655605 1.79104109034 1.47593894145 1.27970184394 1.30554960251 1.27688288423 1.12153689494 
1.79239536451 1.63350655605 1.79104109034 1.47593894145 1.27970184394 1.30554960251 1.27688288423 1.12153689494 
1.79239536451 1.63350655605 1.79104109034 1.47593894145 1.27970184394 1.30554960251 1.27688288423 1.12153689494 
1.79239536451 1.63350655605 1.79104109034 1.47593894145 1.27970184394 1.30554960251 1.27688288423 1.12153689494 
1.79239536451 1.63350655605 1.79104109034 1.47593894145 1.27970184394 1.30554960251 1.27688288423 1.12153689494 
1.79239536451 1.63350655605 1.79104109034 1.47593894145 1.27970184394 1.30554960251 1.27688288423 1.12153689494 
1.79239536451 1.63350655605 1.79104109034 1.47593894145 1.27970184394 1.30554960251 1.27688288423 1.12153689494 
1.79239536451 1.63350655605 1.79104109034 1.47593894145 1.27970184394 1.30554960251 1.27688288423 1.12153689494 
1.79239536451 1.63350655605 1.79104109034 1.47593894145 1.27970184394 1.30554960251 1.27688288423 1.12153689494 
1.79239536451 1.63350655605 1.79104109034 1.47593894145 1.27970184394 1.30554960251 1.27688288423 1.12153689494 
1.79239536451 1.63350655605 1.79104109034 1.47593894145 1.27970184394 1.30554960251 1.27688288423 1.12153689494 
1.79239536451 1.63350655605 1.79104109034 1.47593894145 1.27970184394 1.30554960251 1.27688288423 1.12153689494 
1.79239536451 1.63350655605 1.79104109034 1.47593894145 1.27970184394 1.30554960251 1.27688288423 1.12153689494 
1.79239536451 1.63350655605 1.79104109034 1.47593894145 1.27970184394 1.30554960251 1.27688288423 1.12153689494 
1.79239536451 1.63350655605 1.79104109034 1.47593894145 1.27970184394 1.30554960251 1.27688288423 1.12153689494 
1.79239536451 1.63350655605 1.79104109034 1.47593894145 1.27970184394 1.30554960251 1.27688288423 1.12153689494 
1.79239536451 1.63350655605 1.79104109034 1.47593894145 1.27970184394 1.30554960251 1.27688288423 1.12153689494 
1.79239536451 1.63350655605 1.79104109034 1.47593894145 1.27970184394 1.30554960251 1.27688288423 1.12153689494 
1.79239536451 1.63350655605 1.79104109034 1.47593894145 1.27970184394 1.30554960251 1.27688288423 1.12153689494 
1.79239536451 1.63350655605 1.79104109034 1.47593894145 1.27970184394 1.30554960251 1.27688288423 1.12153689494 
1.79239536451 1.63350655605 1.79104109034 1.47593894145 1.27970184394 1.30554960251 1.27688288423 1.12153689494 
1.79239536451 1.63350655605 1.79104109034 1.47593894145 1.27970184394 1.30554960251 1.27688288423 1.12153689494 
1.79239536451 1.63350655605 1.79104109034 1.47593894145 1.27970184394 1.30554960251 1.27688288423 1.12153689494 
1.79239536451 1.63350655605 1.79104109034 1.47593894145 1.27970184394 1.30554960251 1.27688288423 1.12153689494 
1.79239536451 1.63350655605 1.79104109034 1.47593894145 1.27970184394 1.30554960251 1.27688288423 1.12153689494 
1.79239536451 1.63350655605 1.79104109034 1.47593894145 1.27970184394 1.30554960251 1.27688288423 1.12153689494 
1.79239536451 1.63350655605 1.79104109034 1.47593894145 1.27970184394 1.30554960251 1.27688288423 1.12153689494 
1.79239536451 1.63350655605 1.79104109034 1.47593894145 1.27970184394 1.30554960251 1.27688288423 1.12153689494 
1.79239536451 1.63350655605 1.79104109034 1.47593894145 1.27970184394 1.30554960251 1.27688288423 1.12153689494 
1.79239536451 1.63350655605 1.79104109034 1.47593894145 1.27970184394 1.30554960251 1.27688288423 1.12153689494 
1.79239536451 1.63350655605 1.79104109034 1.47593894145 1.27970184394 1.30554960251 1.27688288423 1.12153689494 
1.79239536451 1.63350655605 1.79104109034 1.47593894145 1.27970184394 1.30554960251 1.27688288423 1.12153689494 
1.79239536451 1.63350655605 1.79104109034 1.47593894145 1.27970184394 1.30554960251 1.27688288423 1.12153689494 
1.79239536451 1.63350655605 1.79104109034 1.47593894145 1.27970184394 1.30554960251 1.27688288423 1.12153689494 
1.79239536451 1.63350655605 1.79104109034 1.47593894145 1.27970184394 1.30554960251 1.27688288423 1.12153689494 
1.79239536451 1.63350655605 1.79104109034 1.47593894145 1.27970184394 1.30554960251 1.27688288423 1.12153689494 
1.79239536451 1.63350655605 1.79104109034 1.47593894145 1.27970184394 1.30554960251 1.27688288423 1.12153689494 
1.79239536451 1.63350655605 1.79104109034 1.47593894145 1.27970184394 1.30554960251 1.27688288423 1.12153689494 
1.79239536451 1.63350655605 1.79104109034 1.47593894145 1.27970184394 1.30554960251 1.27688288423 1.12153689494 
1.79239536451 1.63350655605 1.79104109034 1.47593894145 1.27970184394 1.30554960251 1.27688288423 1.12153689494 
1.79239536451 1.63350655605 1.79104109034 1.47593894145 1.27970184394 1.30554960251 1.27688288423 1.12153689494 
1.79239536451 1.63350655605 1.79104109034 1.47593894145 1.27970184394 1.30554960251 1.27688288423 1.12153689494 
1.79239536451 1.63350655605 1.79104109034 1.47593894145 1.27970184394 1.30554960251 1.27688288423 1.12153689494 
1.79239536451 1.63350655605 1.79104109034 1.47593894145 1.27970184394 1.30554960251 1.27688288423 1.12153689494 
1.79239536451 1.63350655605 1.79104109034 1.47593894145 1.27970184394 1.30554960251 1.27688288423 1.12153689494 
1.79239536451 1.63350655605 1.79104109034 1.47593894145 1.27970184394 1.30554960251 1.27688288423 1.12153689494 
1.79239536451 1.63350655605 1.79104109034 1.47593894145 1.27970184394 1.30554960251 1.27688288423 1.12153689494 
1.79239536451 1.63350655605 1.79104109034 1.47593894145 1.27970184394 1.30554960251 1.27688288423 1.12153689494 
1.79239536451 1.63350655605 1.79104109034 1.47593894145 1.27970184394 1.30554960251 1.27688288423 1.12153689494 
1.79239536451 1.63350655605 1.79104109034 1.47593894145 1.27970184394 1.30554960251 1.27688288423 1.12153689494 
1.79239536451 1.63350655605 1.79104109034 1.47593894145 1.27970184394 1.30554960251 1.27688288423 1.12153689494 
1.79239536451 1.63350655605 1.79104109034 1.47593894145 1.27970184394 1.30554960251 1.27688288423 1.12153689494 
1.79239536451 1.63350655605 1.79104109034 1.47593894145 1.27970184394 1.30554960251 1.27688288423 1.12153689494 
1.79239536451 1.63350655605 1.79104109034 1.47593894145 1.27970184394 1.30554960251 1.27688288423 1.12153689494 
1.79239536451 1.63350655605 1.79104109034 1.47593894145 1.27970184394 1.30554960251 1.27688288423 1.12153689494 
1.79239536451 1.63350655605 1.79104109034 1.47593894145 1.27970184394 1.30554960251 1.27688288423 1.12153689494 
1.79239536451 1.63350655605 1.79104109034 1.47593894145 1.27970184394 1.30554960251 1.27688288423 1.12153689494 
1.79239536451 1.63350655605 1.79104109034 1.47593894145 1.27970184394 1.30554960251 1.27688288423 1.12153689494 
1.79239536451 1.63350655605 1.79104109034 1.47593894145 1.27970184394 1.30554960251 1.27688288423 1.12153689494 
1.79239536451 1.63350655605 1.79104109034 1.47593894145 1.27970184394 1.30554960251 1.27688288423 1.12153689494 
1.79239536451 1.63350655605 1.79104109034 1.47593894145 1.27970184394 1.30554960251 1.27688288423 1.12153689494 
1.79239536451 1.63350655605 1.79104109034 1.47593894145 1.27970184394 1.30554960251 1.27688288423 1.12153689494 
1.79239536451 1.63350655605 1.79104109034 1.47593894145 1.27970184394 1.30554960251 1.27688288423 1.12153689494 
1.79239536451 1.63350655605 1.79104109034 1.47593894145 1.27970184394 1.30554960251 1.27688288423 1.12153689494 
1.79239536451 1.63350655605 1.79104109034 1.47593894145 1.27970184394 1.30554960251 1.27688288423 1.12153689494 
1.79239536451 1.63350655605 1.79104109034 1.47593894145 1.27970184394 1.30554960251 1.27688288423 1.12153689494 
1.79239536451 1.63350655605 1.79104109034 1.47593894145 1.27970184394 1.30554960251 1.27688288423 1.12153689494 
1.79239536451 1.63350655605 1.79104109034 1.47593894145 1.27970184394 1.30554960251 1.27688288423 1.12153689494 
1.79239536451 1.63350655605 1.79104109034 1.47593894145 1.27970184394 1.30554960251 1.27688288423 1.12153689494 
1.79239536451 1.63350655605 1.79104109034 1.47593894145 1.27970184394 1.30554960251 1.27688288423 1.12153689494 
1.79239536451 1.63350655605 1.79104109034 1.47593894145 1.27970184394 1.30554960251 1.27688288423 1.12153689494 
1.79239536451 1.63350655605 1.79104109034 1.47593894145 1.27970184394 1.30554960251 1.27688288423 1.12153689494 
1.79239536451 1.63350655605 1.79104109034 1.47593894145 1.27970184394 1.30554960251 1.27688288423 1.12153689494 
1.79239536451 1.63350655605 1.79104109034 1.47593894145 1.27970184394 1.30554960251 1.27688288423 1.12153689494 
1.79239536451 1.63350655605 1.79104109034 1.47593894145 1.27970184394 1.30554960251 1.27688288423 1.12153689494 
1.79239536451 1.63350655605 1.79104109034 1.47593894145 1.27970184394 1.30554960251 1.27688288423 1.12153689494 
0.200524821446 0.616661553107 0.616251270371 0.630620418226 0.779801105793 1.34023602478 1.31080768651 1.15133536905 
1.79239536451 1.63350655605 1.79104109034 1.47593894145 1.27970184394 1.30554960251 1.27688288423 1.12153689494 
1.79239536451 1.63350655605 1.79104109034 1.47593894145 1.27970184394 1.30554960251 1.27688288423 1.12153689494 
1.79239536451 1.63350655605 1.79104109034 1.47593894145 1.27970184394 1.30554960251 1.27688288423 1.12153689494 
1.79239536451 1.63350655605 1.79104109034 1.47593894145 1.27970184394 1.30554960251 1.27688288423 1.12153689494 
1.79239536451 1.63350655605 1.79104109034 1.47593894145 1.27970184394 1.30554960251 1.27688288423 1.12153689494 
1.79239536451 1.63350655605 1.79104109034 1.47593894145 1.27970184394 1.30554960251 1.27688288423 1.12153689494 
1.79239536451 1.63350655605 1.79104109034 1.47593894145 1.27970184394 1.30554960251 1.27688288423 1.12153689494 
1.79239536451 1.63350655605 1.79104109034 1.47593894145 1.27970184394 1.30554960251 1.27688288423 1.12153689494 
1.79239536451 1.63350655605 1.79104109034 1.47593894145 1.27970184394 1.30554960251 1.27688288423 1.12153689494 
1.79239536451 1.63350655605 1.79104109034 1.47593894145 1.27970184394 1.30554960251 1.27688288423 1.12153689494 
1.79239536451 1.63350655605 1.79104109034 1.47593894145 1.27970184394 1.30554960251 1.27688288423 1.12153689494 
1.79239536451 1.63350655605 1.79104109034 1.47593894145 1.27970184394 1.30554960251 1.27688288423 1.12153689494 
1.79239536451 1.63350655605 1.79104109034 1.47593894145 1.27970184394 1.30554960251 1.27688288423 1.12153689494 
1.79239536451 1.63350655605 1.79104109034 1.47593894145 1.27970184394 1.30554960251 1.27688288423 1.12153689494 
1.79239536451 1.63350655605 1.79104109034 1.47593894145 1.27970184394 1.30554960251 1.27688288423 1.12153689494 
1.79239536451 1.63350655605 1.79104109034 1.47593894145 1.27970184394 1.30554960251 1.27688288423 1.12153689494 
1.79239536451 1.63350655605 1.79104109034 1.47593894145 1.27970184394 1.30554960251 1.27688288423 1.12153689494 
1.79239536451 1.63350655605 1.79104109034 1.47593894145 1.27970184394 1.30554960251 1.27688288423 1.12153689494 
1.79239536451 1.63350655605 1.79104109034 1.47593894145 1.27970184394 1.30554960251 1.27688288423 1.12153689494 
1.79239536451 1.63350655605 1.79104109034 1.47593894145 1.27970184394 1.30554960251 1.27688288423 1.12153689494 
1.79239536451 1.63350655605 1.79104109034 1.47593894145 1.27970184394 1.30554960251 1.27688288423 1.12153689494 
1.79239536451 1.63350655605 1.79104109034 1.47593894145 1.27970184394 1.30554960251 1.27688288423 1.12153689494 
1.79239536451 1.63350655605 1.79104109034 1.47593894145 1.27970184394 1.30554960251 1.27688288423 1.12153689494 
