0.449051298767 0.442489050639 0.470636387046 0.533310021192 0.436830633211 0.460414262886 0.808748474653 0.515140707197 
0.416301598315 0.418660686807 0.435062496131 0.466761540173 0.391903443454 0.809429667582 0.814281467357 0.233854770292 
0.422722515218 0.428587305617 0.457829483901 0.501856272177 0.405727375841 0.703987922118 0.749769922383 0.550886188741 
0.832334926427 0.907834184372 0.77492874891 0.858052535554 0.672377315898 0.738042577156 0.792787156211 0.449061855935 
0.432646773627 0.430629970139 0.445863341679 0.480453034889 0.440198684405 0.464526569101 0.896574092022 0.158597193251 
0.431487719655 0.432628471997 0.46079650501 0.490976501527 0.449885236609 0.454250914497 0.859720263721 0.42315372118 
0.422138279436 0.427652722045 0.503362792587 0.525790202476 0.432994828641 0.699555969333 0.820034857002 0.239753389233 
0.43034945705 0.430161694404 0.447268600401 0.483148582823 0.386613849593 0.418489434634 0.902846750263 0.237396419692 
0.424267243193 0.44780584537 0.475622261021 0.53402098983 0.431525268099 0.649331472561 0.852880776565 0.230214794292 
0.417629894209 0.418878482064 0.436173221001 0.470776872223 0.617160962161 0.638531901375 0.692537532753 0.647176689847 
0.416504810109 0.430031153557 0.453325112148 0.48350962942 0.40189666986 0.557463661531 0.662185771317 0.873315358206 
0.415574167015 0.415835346455 0.432910814066 0.464372989367 0.369332990383 0.379245074992 0.944156664013 0.0737868074192 
0.499904674101 0.482872288148 0.531789394657 0.582136244798 0.497680239086 0.532289669343 0.724696619311 0.540905623917 
0.451916930396 0.522272515696 0.547460845924 0.580661417691 0.484156624776 0.576985367031 0.678835707335 0.63428053388 
0.414803381823 0.415246321187 0.44934989466 0.547122091616 0.523757314977 0.697312933397 0.778232003477 0.540020367583 
0.417718605076 0.420711355515 0.474317124597 0.529909473644 0.478387402828 0.602494745569 0.837611212409 0.385674803753 
0.430614302647 0.439442740297 0.457171508236 0.496013024712 0.404779838902 0.495447024206 0.797921025336 0.384280916244 
0.41796195763 0.423435402654 0.45913716539 0.485538526928 0.425111570384 0.463327220332 0.74217003309 0.546032290164 
0.4153534678 0.415488495316 0.430063427195 0.543746458572 0.509273181057 0.542836874198 0.918917586473 0.247652411437 
0.709406681093 0.608958380666 0.846590512645 0.78636685908 0.820132050202 0.773252518809 0.803323212783 0.360290844976 
0.419388764658 0.42407771058 0.507050570639 0.650246846479 0.620655890231 0.640517527353 0.720962466867 0.529671525608 
0.421485029791 0.42074163882 0.437480107335 0.484668773463 0.459799316619 0.569212556895 0.878122905096 0.0692895002314 
0.417864096012 0.431486704485 0.444621550006 0.476622267031 0.380671959425 0.499632214992 0.54570279119 0.770218328827 
0.415678495102 0.415866856207 0.432902213149 0.464247113622 0.368685829445 0.378918789724 0.582692790551 0.932708836347 
0.432276924481 0.482369504324 0.573577014608 0.653118302015 0.533221834969 0.596054782699 0.867573818998 0.055608610551 
0.444418103985 0.479215989636 0.585142048227 0.611468770172 0.54407540559 0.642816796745 0.87585405628 0.37008009926 
0.463966204018 0.450636683605 0.55143473022 0.567509464031 0.483840487338 0.582718502581 0.87596166646 0.168718013105 
0.548408694212 0.494712881284 0.545390336706 0.567492242653 0.466336922873 0.757270418868 0.721513874016 0.737291734788 
0.432242157954 0.436971299654 0.452550156379 0.489155985824 0.394917294915 0.480284947293 0.822031969878 0.407342994416 
0.423366941054 0.444496561044 0.47119526704 0.526797965162 0.425019664539 0.621343642478 0.810345233713 0.40344606686 
0.416202900298 0.418328227291 0.43478700222 0.466439443026 0.389991584883 0.812820634801 0.814794676572 0.234682778475 
0.428213072271 0.492678851096 0.604855067951 0.689606960472 0.548432712043 0.603742274776 0.8890321227 0.0584714128264 
0.455958821741 0.465704248218 0.493108489586 0.517405015441 0.42088287648 0.740147941161 0.834833289912 0.253546309078 
0.420053396395 0.425293220095 0.50553543617 0.641732244498 0.610304578585 0.63529674416 0.719855831466 0.523627084203 
0.416039860289 0.416081518798 0.433208468184 0.464528204101 0.368951689858 0.379849948968 1.00908387528 0.126204220912 
0.417629894209 0.418878482064 0.436173221001 0.470776872223 0.617160962161 0.638531901375 0.692537532753 0.647176689847 
0.415761914336 0.416318730171 0.434254154737 0.477228628563 0.393752196744 0.687701787026 0.787070885134 0.527737784411 
0.411852908306 0.411420652544 0.42975863685 0.544068146068 0.510513904473 0.542564779581 0.923833763897 0.250071382552 
0.415895545002 0.415995790857 0.432941917798 0.455023011387 0.458043015361 0.579677934858 0.996774196402 0.087091163961 
0.43002235497 0.424387572233 0.439213449381 0.480240397404 0.532308943131 0.571353380792 0.604838712885 0.893371444364 
0.426882825604 0.42524650308 0.441742193174 0.503354229861 0.458059373571 0.474399203331 0.826528061957 0.392246600744 
0.42755025481 0.432389175788 0.520451436985 0.525568858699 0.723167447387 0.766358171547 0.841012234331 0.117677940001 
0.413539484803 0.414456965185 0.44323671804 0.554862738165 0.546104507867 0.745279270022 0.796756829157 0.584230602903 
0.418903043034 0.44942916009 0.464072447368 0.542487650564 0.455553646678 0.853117620951 0.84776866674 0.0753489493673 
0.418662667469 0.420415711253 0.437854923068 0.474079417023 0.741108804612 0.768143678502 0.817748004045 0.264088672765 
0.417120116332 0.426422850392 0.44080669373 0.472598453124 0.376775321064 0.460575508914 0.559409563298 0.770218328827 
0.448708700858 0.439655190478 0.514042565191 0.534932920548 0.447517205292 0.468170282289 0.83661677738 0.401567353473 
0.43833321825 0.464847729673 0.474497511481 0.547198954023 0.52605515129 0.571428238699 0.881816323447 0.0512182928716 
0.431487719655 0.432628471997 0.46079650501 0.490976501527 0.449885236609 0.454250914497 0.859720263721 0.42315372118 
0.415382975826 0.415532652842 0.430456833179 0.532307531703 0.489055489051 0.519234444421 0.751455458248 0.666618027688 
0.415678495102 0.415866856207 0.432902213149 0.464247113622 0.368685829445 0.378918789724 0.582692790551 0.932708836347 
0.445869929788 0.44244244895 0.471631730131 0.532496278079 0.442128428016 0.475121138677 0.781531136034 0.48022658177 
0.416504810109 0.430031153557 0.453325112148 0.48350962942 0.40189666986 0.557463661531 0.662185771317 0.873315358206 
0.423662770931 0.470955045538 0.474355038729 0.507984398859 0.411042868411 0.804045290028 0.807955062273 0.252656730544 
0.709406681093 0.608958380666 0.846590512645 0.78636685908 0.820132050202 0.773252518809 0.803323212783 0.360290844976 
0.478764035102 0.49225944845 0.518629737396 0.546244232024 0.560165259152 0.577509357002 0.941213952286 0.0578862573967 
0.416218160555 0.418388226446 0.434834059942 0.466493589441 0.39049844391 0.823107873978 0.823640080298 0.162603564708 
0.432497531712 0.435361561039 0.458198915884 0.57892779694 0.530703069192 0.628223791704 0.756520046632 0.480679453579 
0.416320617238 0.417529624735 0.447444797487 0.487347878878 0.407323780415 0.45758091551 0.560467737676 0.777835220806 
0.418881176943 0.41837831453 0.435063513137 0.47781148622 0.459538004492 0.571305056166 0.900984366759 0.0727061387151 
0.61133316113 0.646923462573 0.652735173118 0.639154190422 0.69454801684 0.845463275086 0.842728667131 0.114252925517 
0.4153534678 0.415488495316 0.430063427195 0.543746458572 0.509273181057 0.542836874198 0.918917586473 0.247652411437 
0.417120116332 0.426422850392 0.44080669373 0.472598453124 0.376775321064 0.460575508914 0.559409563298 0.770218328827 
0.439410958965 0.458780005348 0.688604305661 0.687599373665 0.60205190365 0.70808447914 0.823953328429 0.107746942331 
0.462732177774 0.486010881341 0.509614901258 0.523871696054 0.732463496093 0.772036153785 0.842655099211 0.118690111118 
0.421951030589 0.439292030139 0.464232907592 0.515438271824 0.414788263594 0.577327017646 0.743449335523 0.557865589409 
0.434967249041 0.43526123607 0.453338528681 0.491463688851 0.395713235058 0.437823345533 0.885177603671 0.228804255294 
0.417207032754 0.418076539177 0.444848489045 0.472595570073 0.417333941898 0.664138012182 0.750346352533 0.573109862348 
0.415325232276 0.415621993436 0.450631902527 0.545333337058 0.518863474867 0.686855583768 0.774145122749 0.530443393019 
0.471423576719 0.456004081285 0.569710807752 0.583431821936 0.501594129535 0.614162252456 0.728029250121 0.558783776388 
0.449051298767 0.442489050639 0.470636387046 0.533310021192 0.436830633211 0.460414262886 0.808748474653 0.515140707197 
0.457122621406 0.450711158502 0.460310534039 0.516067829507 0.45029287241 0.458387177814 0.521634189842 0.855289868145 
0.417120116332 0.426422850392 0.44080669373 0.472598453124 0.376775321064 0.460575508914 0.559409563298 0.770218328827 
0.709406681093 0.608958380666 0.846590512645 0.78636685908 0.820132050202 0.773252518809 0.803323212783 0.360290844976 
0.417020288582 0.418956106082 0.461134156459 0.535166197825 0.439967215714 0.468208429515 0.794220895604 0.496425343019 
0.426687104222 0.424777351325 0.439975171924 0.472931514527 0.42534645371 0.4414070545 0.927391001738 0.168581355152 
0.420053396395 0.425293220095 0.50553543617 0.641732244498 0.610304578585 0.63529674416 0.719855831466 0.523627084203 
0.432654861706 0.43647803478 0.456016216605 0.486358179435 0.420413905961 0.432409542431 0.57662304674 0.845024523547 
0.417004441909 0.4169194861 0.453706753134 0.540678206279 0.506585782766 0.660702064833 0.763834447389 0.506595889388 
0.41221368874 0.405812473948 0.517346896535 0.776925112131 0.76938324352 0.703067435794 0.733618257309 0.614411587161 
0.427339643457 0.428861993565 0.44870547038 0.609323168191 0.569893168361 0.66848122658 0.774897437028 0.521963192508 
0.417266402531 0.418410089874 0.444087570759 0.526733114302 0.476168547297 0.514056957416 0.731206208957 0.623803529274 
0.42348446413 0.432543343128 0.561059177246 0.599261132614 0.510010960572 0.536814590411 0.734331551715 0.560645693977 
0.417718605076 0.420711355515 0.474317124597 0.529909473644 0.478387402828 0.602494745569 0.837611212409 0.385674803753 
0.41640838279 0.416620945417 0.453026331294 0.541761600802 0.509385062975 0.66665430116 0.766193010452 0.512009846591 
0.471423576719 0.456004081285 0.569710807752 0.583431821936 0.501594129535 0.614162252456 0.728029250121 0.558783776388 
0.4153534678 0.415488495316 0.430063427195 0.543746458572 0.509273181057 0.542836874198 0.918917586473 0.247652411437 
0.418500233557 0.435816537409 0.463396638832 0.494587520118 0.454075378348 0.462891123674 0.845282480354 0.409625740712 
0.404789555368 0.409398474322 0.423673895807 0.455777074433 0.360674714578 0.485615473546 0.581066068994 0.926735554017 
0.417625918691 0.418960505653 0.446463859612 0.539908320622 0.509383297136 0.589132056811 0.683766139892 0.654449783144 
0.418176982576 0.424118964644 0.461493627726 0.487451917885 0.430168170516 0.470907304681 0.769077792006 0.49863382624 
0.426331414667 0.496525470261 0.617430436864 0.704017643576 0.554059896526 0.606627058302 0.897346084763 0.0595807009202 
0.415868521138 0.415979737809 0.432930590339 0.455755743983 0.450865317375 0.56354289739 0.976838585396 0.276214882891 
0.415678495102 0.415866856207 0.432902213149 0.464247113622 0.368685829445 0.378918789724 0.582692790551 0.932708836347 
0.428097040758 0.429757953075 0.4499032578 0.606007624448 0.565623545632 0.664203896762 0.772948273241 0.517515448816 
0.428693170038 0.439019687217 0.46246833845 0.496416789279 0.417287443539 0.446639619897 0.73406188188 0.573755361196 
0.416213826977 0.425652552174 0.447012124662 0.477556122774 0.258163912985 1.0049984052 0.848599871948 0.194703922819 
0.417304954394 0.418408813241 0.456080975223 0.484046645337 0.398517451529 0.414933077687 0.777029249775 0.65159742746 
0.42755025481 0.432389175788 0.520451436985 0.525568858699 0.723167447387 0.766358171547 0.841012234331 0.117677940001 
0.418079065008 0.423613586423 0.439519977674 0.472111636777 0.413499459821 0.767620527467 0.807765285767 0.223801105264 
