0.335625943315 0.472777452085 0.296822557688 0.379621763472 0.369560810502 0.410863277927 0.43440949849 0.862723516868 
0.349337759783 0.495951309087 0.310294824777 0.397295319469 0.442109870557 0.554318629953 0.686409418645 0.57788499864 
0.336614078463 0.474553863464 0.311003615152 0.39046152964 0.730251396916 0.639303057511 0.875765043385 0.271254246148 
0.34579817889 0.502044872673 0.334495848674 0.478413282649 0.51440238368 0.552352874965 0.704558045265 0.492807087951 
0.340825008312 0.477387108811 0.30721248684 0.38752127339 0.38502693775 0.427954046447 0.483717519406 0.852631697119 
0.386042521162 0.530769437541 0.409123305905 0.48726824892 0.508944046661 0.522247708305 0.77891126453 0.509954482239 
0.334820968132 0.476333409784 0.287853765876 0.36642131247 0.356268016417 0.731908400102 0.904633910721 0.464799390026 
0.381487080212 0.537655747424 0.329793119609 0.413405311158 0.445539929124 0.490452630749 0.776146721327 0.646578000267 
0.379146587585 0.517009682055 0.324613250566 0.458388818836 0.450797103185 0.560740036537 0.844557978722 0.0454671287686 
0.337809392402 0.451108519307 0.284684741919 0.369226973779 0.292889018041 0.350933445652 0.379161070141 0.945192453754 
0.352994016135 0.516435413096 0.348051141379 0.441836469236 0.535935727431 0.698707329973 0.78129670519 0.272064351211 
0.388442674514 0.617607217264 0.354185001246 0.524249321245 0.46991062464 0.499856027209 0.960664060944 0.244157892999 
0.363505817856 0.52932281261 0.361651455431 0.447400264591 0.550276685496 0.585981645786 0.798932698404 0.307860694426 
0.335481774423 0.472500977305 0.296553313192 0.379975701738 0.370373968741 0.411726076405 0.521956676416 0.870570043872 
0.352963421767 0.502669738501 0.318133488064 0.405576983147 0.443534945001 0.570067501789 0.703306622482 0.514061738526 
0.339505783805 0.481289380937 0.305124931456 0.396735231063 0.408799761403 0.515191535419 0.71421033624 0.59235721387 
0.344326039196 0.484915567195 0.354342676591 0.515267703723 0.609767227569 0.713910930669 0.78771109853 0.305221371346 
0.335565324579 0.472611766797 0.296611727252 0.381477021868 0.424978411071 0.452032077943 0.545995268183 0.860436795065 
0.343781837546 0.507415184928 0.353842927326 0.479112606318 0.595961490974 0.628814906965 0.773456212139 0.36751047243 
0.316557632811 0.461003177788 0.29126087944 0.362795079055 0.30682077392 0.729805190529 0.704215782083 0.802820329828 
0.364406272432 0.54704991907 0.371758735093 0.457371650432 0.580701082416 0.63730526865 0.857662084898 0.0257673056837 
0.394304785933 0.667564742209 0.389504860704 0.508175260073 0.522682722361 0.571503650442 0.83295461094 0.46619844674 
0.344044735905 0.492778741107 0.314449815303 0.439321920098 0.445696453908 0.583131728178 0.706760604684 0.453880405553 
0.339505783805 0.481289380937 0.305124931456 0.396735231063 0.408799761403 0.515191535419 0.71421033624 0.59235721387 
0.34027652901 0.505495749268 0.364251356304 0.495030727022 0.65032493986 0.652120945488 0.79388022843 0.394568221388 
0.390586506116 0.516194882195 0.32278999865 0.448946120689 0.445371025169 0.514627139972 0.589553884118 0.776916012618 
0.412148112655 0.567019758866 0.352643528736 0.437362002518 0.469662629993 0.525197595607 0.844409131483 0.404684986624 
0.35239447586 0.484838300725 0.304162370185 0.447748683062 0.603458466416 0.620743598469 0.641094226842 0.763083411544 
0.342200917975 0.480438992095 0.320105796814 0.480726660263 0.518243704122 0.565244938284 0.621371091501 0.626920017216 
0.343922860225 0.507449135307 0.35343644507 0.478484935262 0.593937386306 0.627902262997 0.772675684195 0.366483492434 
0.335453715538 0.472482775371 0.296661487929 0.375984028035 0.363767172541 0.404903477473 0.528911447492 0.938364725015 
0.584955239467 1.1560325312 0.568140905218 1.06272569636 0.844472777163 0.889303168481 0.819494510754 0.252335488967 
0.335347964821 0.472403367096 0.301926548653 0.534245552359 0.517904403412 0.513773401513 0.817478283235 0.563106021485 
0.464662875974 0.590634054034 0.554972460052 0.582032318305 0.757314050411 0.839093290827 0.827002386664 0.0233121482566 
0.339505783805 0.481289380937 0.305124931456 0.396735231063 0.408799761403 0.515191535419 0.71421033624 0.59235721387 
0.339596732577 0.484850289391 0.304073990861 0.408196314904 0.442900602956 0.616985570535 0.728429833128 0.496516950317 
0.334820968132 0.476333409784 0.287853765876 0.36642131247 0.356268016417 0.731908400102 0.904633910721 0.464799390026 
0.316557632811 0.461003177788 0.29126087944 0.362795079055 0.30682077392 0.729805190529 0.704215782083 0.802820329828 
0.350777197074 0.614059646111 0.365454309161 0.512791390015 0.514157685015 0.517795955678 0.798770395537 0.53727946549 
0.387404270885 0.548904584597 0.35695756839 0.530992513228 0.579922289356 0.67839365053 0.744001093643 0.43797651567 
0.345367119069 0.488115761837 0.326183558612 0.441286192825 0.457696335245 0.627592797146 0.82529654036 0.138247011011 
0.336548636942 0.481306702482 0.308803675512 0.393026452168 0.392033128864 0.442543640798 0.720779200308 0.738269536458 
0.339556534887 0.488034201947 0.319489293862 0.546052392651 0.819723337523 0.714514909316 0.853324303676 0.474927354748 
0.350482652474 0.38561482916 0.493114468909 0.667290802317 1.12841207886 0.918131219705 0.832458086139 0.195817352945 
0.3442496162 0.501879480444 0.337289343372 0.496660540425 0.532675232062 0.556753258477 0.715258320587 0.513210203397 
0.340834016021 0.441503492528 0.366660260128 0.48193523877 0.471686572394 0.545021391529 0.61816164065 0.935311354586 
0.33628761669 0.473630755904 0.297460775334 0.386279474384 0.418235421007 0.451614690058 0.535761697241 0.786327519433 
0.336331994917 0.473066249315 0.291609624074 0.548457346887 0.52154357949 0.50860407839 0.842830452156 0.598219640264 
0.360034647145 0.522284513623 0.328289993303 0.419563342296 0.451061174683 0.509990803808 0.714691104651 0.539275929338 
0.335347964821 0.472403367096 0.301926548653 0.534245552359 0.517904403412 0.513773401513 0.817478283235 0.563106021485 
0.335198887606 0.472294619607 0.307912867781 0.70611752118 0.682931706399 0.641466541051 0.881409819172 0.274898723824 
0.340046151467 0.490864935106 0.312130673689 0.449518542137 0.464622198643 0.631382546436 0.701200858069 0.515980331788 
0.37314989954 0.527929222763 0.34036636299 0.489300810164 0.522007300174 0.604769632235 0.658277456107 0.614154042092 
0.384351868191 0.540101202825 0.328873902537 0.410828990399 0.441999840126 0.483834589648 0.797332772532 0.684194971012 
0.34027652901 0.505495749268 0.364251356304 0.495030727022 0.65032493986 0.652120945488 0.79388022843 0.394568221388 
0.357451592475 0.509683843899 0.318359302373 0.407933273859 0.484943923471 0.6387065657 0.835540751466 0.0460773020834 
0.352994016135 0.516435413096 0.348051141379 0.441836469236 0.535935727431 0.698707329973 0.78129670519 0.272064351211 
0.354013142754 0.498513781753 0.339985379456 0.523253841359 0.557798092443 0.562331986347 0.73015387539 0.541637079482 
0.348070898569 0.504084006397 0.333564958839 0.42420737465 0.488994523629 0.617602290436 0.785412001878 0.342338851144 
0.352526702703 0.494059315893 0.308615793654 0.403147994247 0.408726164701 0.45012518919 0.86240104944 0.421999136368 
0.341710856283 0.486105826093 0.30983900136 0.406384365718 0.430631768276 0.572725833153 0.869020088249 0.021054915993 
0.470683036252 0.663980023607 0.394297232343 0.479860271982 0.594005147295 0.620456468404 0.64100052266 0.762450766487 
0.34795700164 0.499749013271 0.340082079872 0.524591139318 0.559022139018 0.562590975854 0.73088552539 0.543034030693 
0.33555929302 0.472565135551 0.297035331252 0.383361701388 0.376085145927 0.41826792119 0.515174535209 0.806850091143 
0.375392077578 0.513359955788 0.335675529837 0.417660603577 0.402545449175 0.730919306394 0.6766482008 0.678824161059 
0.343485866152 0.480265447968 0.321475684047 0.491221522275 0.50142399517 0.527305222881 0.757173887472 0.480169102779 
0.33574868064 0.470959737314 0.300012287113 0.384243175241 0.383576524259 0.500447171652 0.802428673336 0.765136403003 
0.3356348094 0.472777744314 0.298472725218 0.380655018101 0.417592498944 0.441050396987 0.714315312493 0.722459393709 
0.353684138435 0.507517669427 0.334428944126 0.44155195101 0.444437769544 0.492221703472 0.767482078974 0.63127457226 
0.335261943325 0.472340616918 0.305380813139 0.6334202247 0.671309952626 0.766215306236 0.769930222508 0.507243823103 
0.340286152453 0.482993906674 0.306793226894 0.400150031363 0.416526044254 0.535552753722 0.76899705095 0.494007139343 
0.348321695618 0.504713220774 0.334302924526 0.425105448857 0.491385836703 0.621734002573 0.68803303747 0.540163919342 
0.338013732109 0.477092442223 0.319166366287 0.431854789364 0.432655127253 0.675635844885 0.898905072669 0.164417168871 
0.45590296869 0.639075943369 0.376238584467 0.535461271582 0.521302185405 0.509009899055 0.840780214041 0.595375534793 
0.347513334188 0.49716867683 0.318618715316 0.509685784424 0.535906782041 0.567418732475 0.81450127268 0.304227398614 
0.339731592444 0.477875830685 0.302163310022 0.39099891121 0.39792356883 0.510357507494 0.745700112297 0.653533816609 
0.334973575555 0.475449448102 0.289853825786 0.369352984222 0.35919726773 0.657698993404 0.795546964121 0.733309984842 
0.335040892113 0.475059524359 0.298955890747 0.384459678706 0.383576524259 0.500447171652 0.802428673336 0.765136403003 
0.33628761669 0.473630755904 0.297460775334 0.386279474384 0.418235421007 0.451614690058 0.535761697241 0.786327519433 
0.339625591104 0.501015752263 0.355055234652 0.440309557712 0.559199132873 0.756352232723 0.798587128642 0.294988175882 
0.34027652901 0.505495749268 0.364251356304 0.495030727022 0.65032493986 0.652120945488 0.79388022843 0.394568221388 
0.379425272868 0.535614411255 0.33002869822 0.414731998102 0.447150053454 0.494060503677 0.76468614591 0.62634724368 
0.328357613245 0.46776489936 0.337740923491 0.640819402008 0.656003305975 0.580012948017 0.790793344785 0.657580824648 
0.340817834703 0.477392566384 0.307173480914 0.387517889746 0.385011434627 0.42795916377 0.483614904313 0.851040025563 
0.316557632811 0.461003177788 0.29126087944 0.362795079055 0.30682077392 0.729805190529 0.704215782083 0.802820329828 
0.361435983633 0.50368158092 0.319812084641 0.448054725603 0.449589069836 0.693795422033 0.745603475414 0.360497550246 
0.339505783805 0.481289380937 0.305124931456 0.396735231063 0.408799761403 0.515191535419 0.71421033624 0.59235721387 
0.335672122838 0.465223880025 0.347141932091 0.455575417296 0.453970138086 0.523915769258 0.598270520011 0.82501599359 
0.337061633984 0.473529148947 0.288975231985 0.551662599467 0.522233591416 0.507369915264 0.849133548447 0.606967923078 
0.34504107919 0.505810098861 0.341454016802 0.421809784684 0.52564195504 0.710804384284 0.714092652017 0.636724485436 
0.45590296869 0.639075943369 0.376238584467 0.535461271582 0.521302185405 0.509009899055 0.840780214041 0.595375534793 
0.340825008312 0.477387108811 0.30721248684 0.38752127339 0.38502693775 0.427954046447 0.483717519406 0.852631697119 
0.35675792693 0.499556435921 0.319158354564 0.425991383459 0.447746588841 0.533688393884 0.663389319379 0.630073586408 
0.34160121642 0.485866344447 0.309604609982 0.405904594732 0.429546244667 0.5698651324 0.861322690495 0.146147847371 
0.337672728065 0.511232071924 0.32942192718 0.417251192757 0.413719389707 0.461309338302 0.484019549548 0.804762751613 
0.350203317953 0.509433945478 0.339839563505 0.431843313162 0.509326829645 0.529066899194 0.749751001046 0.470031441662 
0.355942340345 0.507129458295 0.316859230773 0.405954510439 0.476976371259 0.623009585415 0.807800866962 0.274116437012 
0.335307744917 0.472377309253 0.299222212489 0.538268220295 0.519027682067 0.512355756219 0.82427301417 0.572504761814 
0.336694031194 0.475659344917 0.299590071839 0.38578671944 0.38671303295 0.503096048798 0.787860836228 0.736335934678 
0.34504107919 0.505810098861 0.341454016802 0.421809784684 0.52564195504 0.710804384284 0.714092652017 0.636724485436 
