0.355587780717 0.416230631443 0.379991742773 0.479379227744 0.460671033607 0.445760905886 0.905842220695 0.313070004242 
0.393614453518 0.443617761868 0.412675093994 0.516790933379 0.496428055401 0.612588114069 0.683903128629 0.594562269596 
0.354060563667 0.409813537858 0.37193070954 0.471093286861 0.441602335241 0.408376854462 0.796567723101 0.654899908316 
0.375412740302 0.440659479658 0.422682381279 0.526496174805 0.54030213428 0.620190209676 0.6450629256 0.678374284505 
0.410643322572 0.467314864354 0.41852427458 0.613793262219 0.60249839971 0.675487121607 0.785292773756 0.22937693906 
0.355691237366 0.416284656008 0.383063153084 0.482263229573 0.457439303798 0.48880132846 0.490245002744 0.873745094011 
0.356123910407 0.417492757472 0.3823595853 0.481703018871 0.472934398027 0.504132683095 0.856086260227 0.301348337233 
0.374244941045 0.441259708776 0.41040690271 0.529151340958 0.542214569825 0.569066666427 0.662850238736 0.450362772328 
0.360317426475 0.48305597643 0.437625097883 0.523631102957 0.595829100661 0.555682041608 0.666207297402 0.716442590337 
0.356048882272 0.419366500738 0.382034286385 0.479868063876 0.455351844582 0.351871368062 0.941848676502 0.245557074849 
0.377102672646 0.443896114993 0.430281824453 0.621540003937 0.613315830293 0.640473483853 0.725048104118 0.379833077184 
0.355708953228 0.416726849179 0.381081311461 0.479836399827 0.452243951987 0.45956424629 0.802005266527 0.475641706096 
0.362052403746 0.423317013017 0.384885467558 0.482574538264 0.458292699887 0.453398199926 0.732014082377 0.644221805073 
0.357859523809 0.419499139296 0.383334846687 0.486506995398 0.506135035963 0.682390419977 0.742409919361 0.551817218938 
0.420928635998 0.463627364327 0.449994382111 0.592639260187 0.600483881265 0.666170520884 0.798598718494 0.313907266895 
0.362578081592 0.425486840612 0.413884786332 0.544269368519 0.606215352674 0.66775678883 0.752074031615 0.45083767383 
0.374044179253 0.464788842181 0.413533845246 0.612352270141 0.589678527865 0.656827985184 0.834319577594 0.171812260158 
0.394505420884 0.453085865624 0.405880342202 0.517235018577 0.574387363353 0.683445347784 0.779524998354 0.346012100549 
0.354805826945 0.476061019514 0.404897890103 0.527041861823 0.489582568726 0.587064706922 0.579837737635 0.901005022383 
0.357018231899 0.439521309641 0.396144976011 0.512183128725 0.551088017699 0.589615570566 0.662947608699 0.714848938643 
0.36535673549 0.426910038229 0.414642315257 0.547487432269 0.525661885831 0.608694709126 0.776089540541 0.374757000765 
0.383913852857 0.440518539824 0.402033186617 0.51807519727 0.50019393476 0.488491368731 0.692692980491 0.532079499973 
0.356075598377 0.416567585677 0.380578896463 0.481879232768 0.457672770149 0.635484956922 0.778062969528 0.529802134774 
0.357296860584 0.419645575441 0.382809511615 0.483639175844 0.546776706618 0.691829780754 0.673951738475 0.634362768728 
0.464723667394 0.661114777444 0.537488926921 0.671226651546 0.716571127074 0.681580214627 0.816426222859 0.204741541919 
0.355690795821 0.416607803424 0.380958938194 0.485744167594 0.571758971554 0.81840678018 0.858226800501 0.129835137362 
0.371336212916 0.443266517496 0.402992837676 0.506804928786 0.514748642951 0.507146245929 0.862663135571 0.0866694412639 
0.35609371774 0.417209987312 0.380733290747 0.480619924402 0.45255670658 0.431713211787 0.476892236478 0.794005036579 
0.382377307262 0.443818285437 0.402897761846 0.599017775891 0.557008185921 0.543781126267 0.699153672992 0.567319002575 
0.38090983531 0.43531449486 0.399497904965 0.496993375245 0.492449664853 0.570173065583 0.753201829023 0.473567381251 
0.40813869124 0.471830676999 0.425850594076 0.545567204994 0.593503862167 0.690548678738 0.754697988353 0.265819411472 
0.37100470309 0.424547439817 0.385271740298 0.486307138719 0.464540608175 0.446801542553 0.453064864965 0.89506085728 
0.865130615153 0.701334846539 0.633690784748 0.909078842306 0.875402586588 0.837147904361 0.81064963408 0.0633279836342 
0.357246152343 0.418988849832 0.389662306768 0.520791108138 0.575242784755 0.634785306648 0.757028130549 0.393643392572 
0.359797541679 0.424450895984 0.386029958095 0.490058301124 0.511622715733 0.518715446693 0.842813848133 0.311640744514 
0.35666003822 0.488069888979 0.440658216663 0.523920840735 0.606723180869 0.55930944211 0.673765881087 0.740212273449 
0.373610681414 0.429300883326 0.399295918562 0.499909563165 0.478683705814 0.477986994679 0.733168409745 0.545277201258 
0.362648619219 0.426428676517 0.399610209501 0.526183403978 0.555320085116 0.605554334711 0.730844658146 0.358945456463 
0.356164879214 0.416919740873 0.381190324041 0.479884073032 0.46130585811 0.453376688975 0.453706079065 0.799697992963 
0.355587780717 0.416230631443 0.379991742773 0.479379227744 0.460671033607 0.445760905886 0.905842220695 0.313070004242 
0.358261812686 0.456613552975 0.436948426343 0.562495052166 0.518296466168 0.687677749194 0.760547473833 0.534167963501 
0.355753046783 0.416342585208 0.380151163696 0.481901802734 0.47391897035 0.471221749089 0.879511676597 0.296314784862 
0.383913852857 0.440518539824 0.402033186617 0.51807519727 0.50019393476 0.488491368731 0.692692980491 0.532079499973 
0.355387223801 0.433554077777 0.387219657311 0.492594879323 0.462654644888 1.0634752488 0.82605226286 0.071756792716 
0.355620157889 0.416238508146 0.379991311104 0.478532220436 0.455438625828 0.452697452038 0.916143129193 0.341664140309 
0.359445745133 0.420452466217 0.383024597428 0.484541332119 0.500974549766 0.500851115393 0.869387590404 0.330149082405 
0.464723667394 0.661114777444 0.537488926921 0.671226651546 0.716571127074 0.681580214627 0.816426222859 0.204741541919 
0.363526726392 0.424937196879 0.386000378898 0.483492041038 0.46010003129 0.45983038133 0.801702361068 0.5256488061 
0.373783082658 0.432314949595 0.391191664864 0.549254494387 0.643180873879 0.703835789106 0.801396285047 0.242755531267 
0.390108602455 0.458961195653 0.415683942305 0.541187614955 0.547531994433 0.564161336703 0.724091799818 0.435412918153 
0.353801034453 0.402896740435 0.371402539276 0.473023484202 0.429226237376 0.740501702818 0.834692301517 0.497590797375 
0.36213734851 0.421723557172 0.386032313677 0.486175951442 0.492515057855 0.502059562086 0.7574912157 0.458692588053 
0.356698294386 0.417027368507 0.381349775882 0.485234321361 0.464716945876 0.629379862655 0.769038646014 0.515975456611 
0.417983184308 0.461490606888 0.446838500238 0.587494552384 0.593715170552 0.655308832565 0.832015202418 0.170810305047 
0.356603880434 0.416791201427 0.384376979774 0.484051290123 0.460628377552 0.48001252343 0.486755002559 0.806079750429 
0.378268387124 0.432679783534 0.404286382017 0.515156402032 0.489647712861 0.530936936397 0.556318060951 0.715738662466 
0.353632541208 0.401662206964 0.370605609181 0.472510431034 0.427267924933 0.76963249447 0.868008327885 0.379800333097 
0.865130615153 0.701334846539 0.633690784748 0.909078842306 0.875402586588 0.837147904361 0.81064963408 0.0633279836342 
0.40813869124 0.471830676999 0.425850594076 0.545567204994 0.593503862167 0.690548678738 0.754697988353 0.265819411472 
0.865130615153 0.701334846539 0.633690784748 0.909078842306 0.875402586588 0.837147904361 0.81064963408 0.0633279836342 
0.355630463754 0.416300355512 0.380164316496 0.480175782804 0.570307265616 0.845159946126 0.870854062372 0.134799338888 
0.36535673549 0.426910038229 0.414642315257 0.547487432269 0.525661885831 0.608694709126 0.776089540541 0.374757000765 
0.412638093511 0.465106744766 0.412528566675 0.651898335467 0.625091961229 0.707460925103 0.803452965849 0.24447910901 
0.382377307262 0.443818285437 0.402897761846 0.599017775891 0.557008185921 0.543781126267 0.699153672992 0.567319002575 
0.357246152343 0.418988849832 0.389662306768 0.520791108138 0.575242784755 0.634785306648 0.757028130549 0.393643392572 
0.356123910407 0.417492757472 0.3823595853 0.481703018871 0.472934398027 0.504132683095 0.856086260227 0.301348337233 
0.355851109145 0.416876420742 0.381267835445 0.480215692116 0.46731387746 0.49106144369 0.871806961985 0.311714983087 
0.390502694555 0.459449271614 0.416091463742 0.541903165271 0.548641881776 0.543393440892 0.676171431367 0.521145291198 
0.562445547864 0.551508051531 0.487956885637 0.612107471774 0.660595193489 0.635273400849 0.828553034996 0.293505304479 
0.387201350291 0.449516043241 0.435440410814 0.546489908372 0.540837204039 0.585566412559 0.656737630876 0.482564079508 
0.356062099483 0.417359289001 0.382129785136 0.481387321144 0.471859789197 0.501789965177 0.85893259707 0.303214757663 
0.355766347191 0.416547358697 0.381407731839 0.483395493668 0.578682125815 0.76047186105 0.813294580447 0.600886998023 
0.355549010868 0.421725542155 0.382300281845 0.481570896684 0.434544700497 0.393950578641 0.861484083625 0.597621289036 
0.355693055636 0.416638213931 0.380883771919 0.479600509723 0.451901682854 0.453171744111 0.732151534941 0.604440256719 
0.356698294386 0.417027368507 0.381349775882 0.485234321361 0.464716945876 0.629379862655 0.769038646014 0.515975456611 
0.357429805403 0.418462312287 0.389955030213 0.516498565831 0.484311584446 0.633312056712 0.713859298215 0.55556300161 
0.393614453518 0.443617761868 0.412675093994 0.516790933379 0.496428055401 0.612588114069 0.683903128629 0.594562269596 
0.359930711577 0.424712484051 0.386221588257 0.49042473469 0.513575769703 0.521694414027 0.856044577108 0.252531859369 
0.40813869124 0.471830676999 0.425850594076 0.545567204994 0.593503862167 0.690548678738 0.754697988353 0.265819411472 
0.355630463754 0.416300355512 0.380164316496 0.480175782804 0.570307265616 0.845159946126 0.870854062372 0.134799338888 
0.367249141898 0.425071019553 0.38913793352 0.49862227153 0.494260058304 0.554860430962 0.55121801179 0.774948768644 
0.368036689711 0.437142723446 0.405657205549 0.511048808358 0.49744173231 0.511230535398 0.69964153217 0.492252934957 
0.394978667448 0.452636857255 0.404386907233 0.514970289267 0.578200871162 0.696622280889 0.787338442905 0.355384730006 
0.359900189756 0.421526761681 0.3892424249 0.488929788518 0.536519757044 0.646870173721 0.630152735619 0.683422513902 
0.41341482142 0.47192098392 0.42040152943 0.528523627472 0.545330109796 0.636463776034 0.65154851613 0.707322031001 
0.394842586961 0.451201551004 0.401830352839 0.511169960009 0.584166313992 0.71833026525 0.800158297875 0.370851677577 
0.398571444474 0.456235455261 0.420574477678 0.567872759852 0.543777784123 0.695544426572 0.78392661779 0.311923159152 
0.383094801768 0.459950989444 0.45333029178 0.561677490586 0.570292565725 0.670464368667 0.758475080548 0.218734981479 
0.361141595418 0.421567556334 0.384703533266 0.482296514268 0.47719547945 0.571612504435 0.794838819517 0.530212906704 
0.367762470091 0.431875091769 0.408426907153 0.559370237614 0.54247605884 0.564141500216 0.722018652502 0.432569409031 
0.359445745133 0.420452466217 0.383024597428 0.484541332119 0.500974549766 0.500851115393 0.869387590404 0.330149082405 
0.36831883463 0.425408291785 0.395687902991 0.822657378707 0.731484801905 0.720191434654 0.754538818158 0.449728966447 
0.355619977359 0.416223956544 0.379955611225 0.478487261924 0.454021965044 0.446243086239 0.923399002253 0.346657384917 
0.35581715926 0.419848492704 0.383686353371 0.486466915746 0.455977583662 0.433634372729 0.43967683683 0.841769363114 
0.392174301101 0.45017415684 0.405600467095 0.568402609394 0.551445830186 0.591521268281 0.665406545808 0.552361763822 
0.390620843079 0.441640786781 0.417521327262 0.610188748844 0.588631727461 0.65531015662 0.832015202418 0.170810305047 
0.464723667394 0.661114777444 0.537488926921 0.671226651546 0.716571127074 0.681580214627 0.816426222859 0.204741541919 
0.355775064536 0.416634340361 0.380750578444 0.479444827414 0.451673729579 0.45163538946 0.733413098515 0.606841454509 
0.355630153916 0.416298105745 0.380157727322 0.480100514531 0.564673627189 0.825433977679 0.852726809393 0.286613579616 
0.361962937234 0.421238683528 0.383425206811 0.496703373476 0.48963952506 0.550880539956 0.758303389265 0.532521348432 
