0.640929144513 0.555218487248 0.447507535772 1.01010929353 0.774708121724 0.74558198895 0.768566169481 0.497244172338 
0.64825880373 0.568967315291 0.484433217735 0.46808267659 0.441564767258 0.459501865357 0.694090118022 0.76937596783 
0.650002418186 0.578002588272 0.490869314956 0.475702200191 0.574649283105 0.55599920055 0.874426356747 0.270407906079 
0.65705323995 0.578515483709 0.504258270382 0.530030518008 0.561837544925 0.577955012982 0.698240857151 0.610216967129 
0.647947112304 0.571570865213 0.486462838781 0.475937991114 0.461281650285 0.495564505641 0.753504147182 0.626515095902 
0.647389077823 0.568409385079 0.483406223216 0.465962887976 0.431835442334 0.424168657951 0.849158217413 0.525346284251 
0.651098353331 0.571924272237 0.490464846082 0.47017012529 0.440405766089 0.642476829971 0.60491927362 0.826003906789 
0.665321071047 0.591523696372 0.516227655391 0.503991791029 0.471748836011 0.516177790491 0.696923454741 0.586429074383 
0.653706193786 0.595013142607 0.503418272229 0.492518037968 0.48465123786 0.47707381427 0.648349504165 0.683935138875 
0.665637162019 0.578789062203 0.492193834199 0.478812675533 0.470905912182 0.512903962297 0.634107586268 0.865904795869 
0.648558466308 0.569519869321 0.491865809566 0.477434917099 0.48452795897 0.577776536863 0.77855701655 0.537865846123 
0.652888019405 0.583472739532 0.51685617267 0.499615730117 0.48433074729 0.523303608251 0.528842530756 0.799695931555 
0.651602838885 0.580526425705 0.496418551427 0.475773815395 0.505551315757 0.492879881966 0.553698122878 0.777622670141 
0.647372165443 0.568380789767 0.483316545741 0.467348271672 0.438911300123 0.468990473875 0.764467775938 0.721351910346 
0.682820277042 0.610861831339 0.553106992662 0.552265112804 0.640533335259 0.695351649355 0.776310257208 0.244650082927 
0.647345286258 0.568353334977 0.482407655651 0.463701007599 0.424470192788 0.409662022976 0.94347443869 0.139510467131 
0.649307018822 0.575031194331 0.501972775026 0.487881225129 0.454848517526 0.510255606873 0.567925237076 0.732258878757 
0.671995041078 0.597246152621 0.605427094121 0.588815146552 0.608282816476 0.638728301645 0.849082971424 0.0685445781395 
0.661067243008 0.580815506564 0.492290427208 0.472749482059 0.457170798466 0.453839798101 0.533122788978 0.838825728365 
0.678380681891 0.593141092568 0.503598274031 0.495698682682 0.461600573372 0.467175373104 0.710101767973 0.606044824257 
0.657817274721 0.593653182871 0.511859757703 0.538990831138 0.53033090646 0.608440473113 0.700077288509 0.516798825997 
0.70967439493 0.658627574649 0.546365259966 0.622424904981 0.553226771862 0.602663965499 0.863444490435 0.298175010075 
0.656064084908 0.583897998365 0.504415900873 0.548489524526 0.598256851668 0.791953757736 0.784420708221 0.29924490845 
0.65156865199 0.591673173094 0.505994754135 0.539967011612 0.522761499793 0.579114645723 0.807436326566 0.514111821726 
0.662455055397 0.587582983875 0.504158451877 0.519678159103 0.495432783514 0.648953159118 0.758831637232 0.459941862418 
0.649879969388 0.570425299514 0.486327712865 0.472932823192 0.452144979335 0.479753141527 0.660394642074 0.672143616827 
0.656008490201 0.616317662011 0.579876467802 0.531032249814 0.535165510595 0.665977981346 0.805458679136 0.480250583985 
0.647343762358 0.568351015435 0.48228545764 0.463427128115 0.423659681096 0.408267741332 0.944575440811 0.139822522372 
0.647976397084 0.56884057244 0.485892921261 0.468783144805 0.467134168715 0.524500432532 0.662236170424 0.735458842222 
0.660587427615 0.584559132027 0.499925074323 0.516733683865 0.4879037553 0.677166610457 0.776842296577 0.490884669001 
0.673861629945 0.589692408945 0.506502139022 0.508440770731 0.476578596946 0.567523474678 0.737133176228 0.59932989544 
0.655109097317 0.59013236393 0.547455983344 0.560063046109 0.497391136313 0.914095904006 0.833621303019 0.132182415259 
0.652821835373 0.583827352456 0.518576791743 0.5007776757 0.486143910647 0.527006090882 0.529341639508 0.813419466674 
0.729102444773 0.626805612628 0.576652335991 0.535456525619 0.633695805786 0.713764197196 0.874949773903 0.173316986016 
0.662735290226 0.582328135017 0.520916812546 0.502329536588 0.488568464773 0.531972038106 0.529989120258 0.831944790536 
0.669436006611 0.626869953189 0.536673656522 0.527654936968 0.51904295611 0.574456047878 0.779410829007 0.47620962953 
0.690455006313 0.592908497208 0.504169822911 0.496446346101 0.463172122433 0.752163891709 0.825092538972 0.574750250476 
0.668240511333 0.585276581152 0.507927870014 0.524955697098 0.51754687835 0.53742102127 0.708352236967 0.609726416641 
0.655800444068 0.591900591311 0.504100890598 0.494331293049 0.484653775129 0.485919124318 0.630311332612 0.629300874456 
0.657575051192 0.586193167953 0.507625400043 0.546231293908 0.588530839991 0.761316834142 0.780131372411 0.289141490237 
0.634568737927 0.555288472004 0.465010113593 0.436578975259 0.411738542587 0.394859598711 0.400390363746 0.872295601829 
0.725629435693 0.624323630495 0.572688759912 0.532498036698 0.625064743935 0.57218643802 0.626103566679 0.731706312772 
0.657591365143 0.597706578693 0.514888172139 0.489850775064 0.611750686637 0.595830222992 0.719826552114 0.619243614384 
0.654683530046 0.576038448547 0.499146228757 0.47814590086 0.496721719049 0.488889577173 0.549515922788 0.74333358979 
0.651602838885 0.580526425705 0.496418551427 0.475773815395 0.505551315757 0.492879881966 0.553698122878 0.777622670141 
0.738430600971 0.628842624841 0.58223098692 0.534515259361 0.649489520155 0.72865819303 0.886596632004 0.231344108297 
0.663359681419 0.615345477699 0.521068239803 0.524741371042 0.606239406481 0.71987334519 0.767300378514 0.34908562354 
0.661249212026 0.594996007906 0.504104213604 0.49539174478 0.563200991972 0.568273015063 0.831089210316 0.245213730488 
0.647372348519 0.568378275901 0.483299431723 0.466736612641 0.436553066812 0.461600299546 0.776934168226 0.74836242734 
0.669436006611 0.626869953189 0.536673656522 0.527654936968 0.51904295611 0.574456047878 0.779410829007 0.47620962953 
0.653418575787 0.574121064148 0.494879697604 0.472870578387 0.446523712069 0.781012572911 0.906107989734 0.242667857171 
0.662338686576 0.58593178531 0.510703430935 0.505272314268 0.471614952282 0.516052514962 0.697397330829 0.58742467675 
0.666265931512 0.592032593991 0.517050549768 0.503003655674 0.467999239489 0.51245248404 0.710775074395 0.61564665012 
0.658763816962 0.582328639842 0.497641579544 0.509708442261 0.476578596946 0.567523474678 0.737133176228 0.59932989544 
0.712799294448 0.621318819963 0.560348801845 0.651208830715 0.703252151366 0.787733202983 0.818172738289 0.120388025952 
0.682266010445 0.715080825004 0.593814261172 0.612888485804 0.728550467711 0.733608439974 0.840720527178 0.0299236327034 
0.670558247306 0.586898930248 0.498497697902 0.488164808998 0.453776753582 0.455326684266 0.642944116477 0.676934417129 
0.724528515166 0.647385122076 0.594056337816 0.642097690996 0.544156893565 0.572941320195 0.835689855657 0.541506950164 
0.678380681891 0.593141092568 0.503598274031 0.495698682682 0.461600573372 0.467175373104 0.710101767973 0.606044824257 
0.648829314483 0.576467760281 0.491220786999 0.491535374088 0.508676245683 0.494706395854 0.555656596193 0.793732521198 
0.645408201173 0.566385412038 0.480559193942 0.46134240436 0.416846007284 0.396571985304 0.953754024366 0.142440844738 
0.666801727413 0.591161137996 0.579682170788 0.562873576088 0.570799361357 0.59263329485 0.763615011623 0.45453462756 
0.649994994501 0.59611719158 0.500922502088 0.488565184298 0.480676865576 0.464967101776 0.674274797307 0.764100037602 
0.652107071096 0.594661809857 0.508898589884 0.549486290972 0.534597606561 0.665977981346 0.805458679136 0.480250583985 
0.669410816929 0.58256295169 0.509622004287 0.52186499933 0.704462452098 0.870956751826 0.794752148737 0.422440981361 
0.835675237794 0.675527583519 0.5742466528 0.59962878578 0.846300177563 0.869433744151 0.894373095249 0.0362173653445 
0.651602838885 0.580526425705 0.496418551427 0.475773815395 0.505551315757 0.492879881966 0.553698122878 0.777622670141 
0.646922743899 0.567473378357 0.480860451051 0.504089497819 0.46017204916 0.502962812443 0.744362353933 0.687368459114 
0.662455055397 0.587582983875 0.504158451877 0.519678159103 0.495432783514 0.648953159118 0.758831637232 0.459941862418 
0.648632822878 0.569590293423 0.492399231048 0.478164079941 0.487919195927 0.5876831125 0.79959690348 0.494051489977 
0.665552406274 0.644815537897 0.540913264088 0.542446016128 0.601582984202 0.802802684293 0.785865948928 0.302848349886 
0.683069806954 0.718460047816 0.596358394464 0.616276229742 0.735414844745 0.697964997422 0.753385598033 0.445059041292 
0.647422247289 0.568563531585 0.483814921624 0.470339649904 0.447207717831 0.487398037636 0.732405233085 0.652901245468 
0.657925426463 0.577922468881 0.502462098014 0.492726538699 0.465214718083 0.499942370775 0.754099334492 0.575293650156 
0.70967439493 0.658627574649 0.546365259966 0.622424904981 0.553226771862 0.602663965499 0.863444490435 0.298175010075 
0.650280953801 0.596062024319 0.508991388072 0.566774511002 0.788254265736 0.732886260466 0.90398843021 0.0817545734079 
0.645104690516 0.566061471395 0.651136252657 0.605413455019 0.621816638535 0.614872524305 0.813741857529 0.527754916798 
0.726188144183 0.622866358118 0.583931555327 0.607019146578 0.618853954663 0.709423617146 0.868576347265 0.220909751411 
0.665552406274 0.644815537897 0.540913264088 0.542446016128 0.601582984202 0.802802684293 0.785865948928 0.302848349886 
0.648021008135 0.575227455624 0.492217129071 0.553500297319 0.630946335597 0.90769736426 0.798147685312 0.338376217406 
0.653795945625 0.604036351816 0.555144955623 0.514322911699 0.508362962995 0.602988423881 0.712795867439 0.654827797153 
0.651836223792 0.57296612364 0.489780115488 0.469982010805 0.523549884395 0.500528679051 0.562084206344 0.846812925233 
0.656187149562 0.583771858975 0.504326342849 0.535291388387 0.567038426393 0.714899619587 0.734379619852 0.446463002304 
0.656514715 0.841277536052 0.644401399929 0.672857620171 0.904325786127 0.816059992477 0.886603813404 0.0352775760014 
0.665605234109 0.663016178404 0.601338928281 0.654103262557 0.545734492572 0.573985223546 0.848931203245 0.559126484284 
0.653435802127 0.589208783917 0.541719344334 0.535009281886 0.506711315478 0.702763245875 0.833047679951 0.260960653643 
0.647346356037 0.568371872643 0.483325655214 0.467467293947 0.43932450005 0.470143958778 0.76250469392 0.717117366481 
0.64681146098 0.567818719175 0.525067638998 0.500521265853 0.47810875111 0.465827750727 0.67237417058 0.758165981111 
0.669436006611 0.626869953189 0.536673656522 0.527654936968 0.51904295611 0.574456047878 0.779410829007 0.47620962953 
0.665486569032 0.589620164641 0.516451362894 0.513568585445 0.480245721343 0.482023692864 0.638181041967 0.653007050805 
0.657626702358 0.61643044636 0.518884605436 0.507928846912 0.482576585773 0.61428253415 0.844009135116 0.256048261529 
0.655490237416 0.578324663675 0.493542457952 0.497097369179 0.605423007037 0.593104453619 0.716555893727 0.610964339134 
0.682266010445 0.715080825004 0.593814261172 0.612888485804 0.728550467711 0.733608439974 0.840720527178 0.0299236327034 
0.656329738934 0.593958202352 0.51077496125 0.550014739119 0.54051992421 0.629414893893 0.709849123585 0.543528413259 
0.647389077823 0.568409385079 0.483406223216 0.465962887976 0.431835442334 0.424168657951 0.849158217413 0.525346284251 
0.662066057698 0.580282254178 0.500663968479 0.50746096171 0.491813935979 0.502735582121 0.527952602803 0.74913959484 
0.669436006611 0.626869953189 0.536673656522 0.527654936968 0.51904295611 0.574456047878 0.779410829007 0.47620962953 
0.71226215276 0.611471810244 0.521030993025 0.521110526733 0.492806951855 0.812752068679 0.762103768156 0.530242774415 
0.665605234109 0.663016178404 0.601338928281 0.654103262557 0.545734492572 0.573985223546 0.848931203245 0.559126484284 
0.653299769399 0.588741669023 0.540409797713 0.533456534353 0.505002570472 0.696420617255 0.824312581423 0.302014013183 
