0.475886446962 0.369775983294 0.452560226396 0.337427432544 0.444785263392 0.433372281698 0.444566286321 0.844042432775 
0.473938913142 0.365077032169 0.455628905755 0.341404853857 0.457612742557 0.798921227627 0.779463770588 0.34179114569 
0.511217061325 0.425372699552 0.546766760247 0.419506744351 0.569940870882 0.784548737445 0.788051082666 0.373981877245 
0.473769575095 0.365552293247 0.450307289953 0.332323368407 0.422494678902 0.478572294187 0.560278584735 0.788559261247 
0.476146740953 0.368753144742 0.456524819552 0.369155913879 0.469328194371 0.623728834037 0.722780914883 0.470211030384 
0.485719533094 0.375395112518 0.470627260169 0.397183825312 0.492909674448 0.499562563442 0.771676844362 0.496712623403 
0.530139589331 0.410086727079 0.509651759449 0.425601543158 0.667499690821 0.659897148108 0.757638110584 0.445116015859 
0.479943007169 0.37813591435 0.461169237631 0.357156102846 0.46256791744 0.476303741931 0.812028722892 0.319323025145 
0.509867108465 0.391835497442 0.47657236955 0.368818687437 0.552954232306 0.664718983399 0.81810585551 0.119479226021 
0.474482880543 0.368739755816 0.455509275396 0.343001325009 0.435902596727 0.449826151833 0.83911585637 0.62966034307 
0.47564843355 0.369370687171 0.45697894054 0.349939974936 0.651507774548 0.786403379262 0.766152723644 0.385977964047 
0.475938069399 0.365754774939 0.45104806982 0.34641188319 0.453357948338 0.528674326627 0.762506208665 0.507961976165 
0.481383692885 0.372412388932 0.456525403012 0.342556491363 0.446442718451 0.516506091551 0.738344474825 0.507529388126 
0.473689585104 0.36431579604 0.449375449384 0.33109211255 0.421504842407 0.515916796174 0.772687850603 0.595030374217 
0.480727261558 0.37457010404 0.458277502387 0.3558730312 0.456109401311 0.458876463933 0.495689949776 0.747205848955 
0.472792843302 0.371071313937 0.458264150075 0.357938156456 0.436059024401 0.678358449125 0.723492733423 0.757840116204 
0.49335352862 0.391804662971 0.475289922738 0.359062286274 0.450881011091 0.549029195147 0.689065094889 0.646404693638 
0.476215442517 0.370037615231 0.463377040241 0.382190321736 0.492835723848 0.583811189009 0.715571553882 0.56171532126 
0.481676529095 0.37304377863 0.455222564663 0.336692415272 0.440865543245 0.468948426029 0.55626698696 0.852560564 
0.605708820757 0.481483700134 0.563087572591 0.483855472606 0.590398709558 0.702920369537 0.831445483404 0.00435677675441 
0.497652607304 0.37977540293 0.485974184009 0.403606544841 0.623515890112 0.725870598731 0.760456625827 0.442103489788 
0.489290805508 0.391946451867 0.481493299183 0.444148535859 0.591949620351 0.643206959306 0.79413483261 0.179335751325 
0.475489710989 0.367830816428 0.464819182507 0.351698381274 0.488607120418 0.527908680525 0.768703969934 0.440046280324 
0.473696974103 0.364281737479 0.449518979957 0.331982029363 0.477241599249 0.500792690316 0.90049519554 0.0971078361517 
0.492131805476 0.392745582538 0.548821937154 0.539247057126 0.602654676836 0.744657651513 0.687519398757 0.651126197533 
0.476864272682 0.369623545397 0.452168228901 0.33412090021 0.423257242661 0.541973228493 0.84373291033 0.575465304964 
0.473957638452 0.364449864196 0.450465189487 0.332883037361 0.422896526322 0.473681662289 0.524585987033 0.79494024898 
0.473998701966 0.364432002014 0.446694632616 0.323699344911 0.406243060547 0.398649725903 0.387322818267 0.999791946445 
0.472995877015 0.363230661775 0.448038667766 0.327230626645 0.548307159453 0.724432541371 0.883577840875 0.0238568936849 
0.494618879848 0.383169447293 0.464270962936 0.351716728226 0.453654732839 0.565248650869 0.819989737729 0.407628782929 
0.479279244493 0.367894327468 0.457926850867 0.348002760883 0.468315237647 0.488030465324 0.775328672846 0.537127114145 
0.474028947209 0.36763135609 0.451941783996 0.334665633925 0.425812700128 0.578788235493 0.772909899005 0.533663273807 
0.475171644331 0.365496152757 0.451781609884 0.357557704762 0.452500718197 0.655739345504 0.742249658611 0.507173656887 
0.481383692885 0.372412388932 0.456525403012 0.342556491363 0.446442718451 0.516506091551 0.738344474825 0.507529388126 
0.486813620766 0.432084317492 0.543131531944 0.513785937813 0.653727854121 0.797222192782 0.694330036086 0.706049481905 
0.520300012326 0.432044236635 0.508354425146 0.495010711442 0.654624286773 0.705046693494 0.753433987647 0.354152450926 
0.475059071697 0.366038798409 0.452972664344 0.339374652304 0.428062985538 0.453031152836 0.482852899206 0.792409379341 
0.517259598288 0.410672045459 0.494085006763 0.482924242779 0.571826634284 0.677270400269 0.772498078699 0.180050170633 
0.49698772266 0.381287525289 0.466203155664 0.397762513023 0.555624969523 0.677551277316 0.829319751208 0.123284892608 
0.488024282119 0.379145812342 0.47323929088 0.394118893514 0.499231507904 0.521639531542 0.732450036303 0.446260691649 
0.47352091986 0.36408875396 0.449096175515 0.330336424569 0.437837486319 0.456859707859 0.487491109827 0.860406547579 
0.480617629757 0.379616414134 0.46243629418 0.359958075187 0.467058147636 0.630657330452 0.726968949151 0.478125501661 
0.470783923627 0.359554491436 0.444132181796 0.395214389574 0.49017355847 0.552446458591 0.604893200754 0.870114719004 
0.480904439727 0.382805660923 0.486008526052 0.403649285231 0.62449328027 0.727089426447 0.760860348655 0.442982391459 
0.508695489116 0.3877555747 0.467245936793 0.378791229683 0.465236970234 0.614045267495 0.731771361445 0.525936873934 
0.47588015063 0.365696314448 0.452738061046 0.337833634688 0.431642403977 0.429917434603 0.84974233818 0.34852087723 
0.478715528367 0.36685207406 0.45097356435 0.3361296191 0.424351286128 0.461037730259 0.490414581412 0.903344969951 
0.485284813533 0.373719542701 0.457962190889 0.350204099344 0.45147006147 0.458780410223 0.826522594001 0.330288317754 
0.50567844953 0.390297085988 0.51379017314 0.465827013343 0.559419672378 0.66471714093 0.67528239066 0.570809865823 
0.48318857462 0.374695698319 0.463894177218 0.372343628983 0.44768819458 0.645541617331 0.703185958579 0.697087160997 
0.491072983174 0.377300633131 0.466927529773 0.354050146563 0.459621142221 0.488307411471 0.799879656389 0.421434107392 
0.481676529095 0.37304377863 0.455222564663 0.336692415272 0.440865543245 0.468948426029 0.55626698696 0.852560564 
0.479606093745 0.368050298471 0.469656988334 0.396372647807 0.489372883462 0.492139634121 0.785143734798 0.514385191938 
0.475919627567 0.369584111655 0.462961336102 0.382707255018 0.49315969227 0.587108076558 0.719898608212 0.570322508068 
0.472972266092 0.360979539601 0.444774847087 0.322078841902 0.409217257847 0.484752006085 0.54159032841 0.932279420488 
0.475855546839 0.3657799537 0.454177669109 0.347309981545 0.431335036012 0.424728165545 0.464920510765 0.874346377992 
0.476146740953 0.368753144742 0.456524819552 0.369155913879 0.469328194371 0.623728834037 0.722780914883 0.470211030384 
0.473696974103 0.364281737479 0.449518979957 0.331982029363 0.477241599249 0.500792690316 0.90049519554 0.0971078361517 
0.473998701966 0.364432002014 0.446694632616 0.323699344911 0.406243060547 0.398649725903 0.387322818267 0.999791946445 
0.462412370755 0.358339054763 0.522081533527 0.532893945997 0.821003731415 0.71816775998 0.947261245109 0.0151429644427 
0.493350652319 0.393286759051 0.522056990218 0.483078823556 0.570271083693 0.684513277074 0.678563161078 0.59031618858 
0.482550403797 0.371496800481 0.465465904046 0.376901362211 0.458770473414 0.502231818272 0.755355987467 0.509042118115 
0.474974140076 0.367180467055 0.456154553436 0.340641469333 0.442954866769 0.512811119785 0.745965139045 0.51861929186 
0.476215442517 0.370037615231 0.463377040241 0.382190321736 0.492835723848 0.583811189009 0.715571553882 0.56171532126 
0.473769575095 0.365552293247 0.450307289953 0.332323368407 0.422494678902 0.478572294187 0.560278584735 0.788559261247 
0.475638403094 0.365558299684 0.450818940107 0.344411092699 0.449123551093 0.550168787736 0.771851383501 0.482268648414 
0.48540771051 0.37501184076 0.458215076103 0.358795332341 0.4595753084 0.461021136461 0.497873393513 0.773589078602 
0.514171038741 0.406920135532 0.487130884202 0.391988109373 0.4964643669 0.509127107291 0.754555367911 0.474493432552 
0.53974430854 0.417878176182 0.519911013262 0.441702516631 0.709483073447 0.701576204133 0.814239174094 0.197647917586 
0.47566348963 0.37020347818 0.45242808783 0.337190229591 0.450985098183 0.435256009771 0.445211629813 0.91075433899 
0.473769575095 0.365552293247 0.450307289953 0.332323368407 0.422494678902 0.478572294187 0.560278584735 0.788559261247 
0.491072983174 0.377300633131 0.466927529773 0.354050146563 0.459621142221 0.488307411471 0.799879656389 0.421434107392 
0.473938913142 0.365077032169 0.455628905755 0.341404853857 0.457612742557 0.798921227627 0.779463770588 0.34179114569 
0.479803515347 0.369263914584 0.461735556904 0.356921083714 0.457996765877 0.46005255984 0.496882783876 0.761608143985 
0.489468718759 0.380921648124 0.46407240326 0.354745825394 0.460587910298 0.473087929498 0.814713790186 0.321330068454 
0.481708296625 0.373214788402 0.455677206809 0.3375381662 0.44147574118 0.467979056569 0.550091762058 0.814371088556 
0.478670609933 0.377120126796 0.474765158127 0.438084614112 0.679315135204 0.665135014311 0.858091716471 0.0122733280025 
0.481100667 0.3724146455 0.460707017633 0.363299789572 0.441910747177 0.470741990692 0.806595521953 0.581992429353 
0.478115231459 0.374052286641 0.463513240181 0.365170606635 0.621180103882 0.742201634345 0.757608362496 0.364125989076 
0.481925274633 0.383532309427 0.48530451892 0.402700691104 0.607808972219 0.706150524558 0.753878363623 0.427948652902 
0.490977424009 0.373519924099 0.478566384444 0.366086142873 0.453071997532 0.731444931284 0.875525174184 0.0975632289535 
0.473769575095 0.365552293247 0.450307289953 0.332323368407 0.422494678902 0.478572294187 0.560278584735 0.788559261247 
0.462412370755 0.358339054763 0.522081533527 0.532893945997 0.821003731415 0.71816775998 0.947261245109 0.0151429644427 
0.478532962747 0.367366264088 0.466010803104 0.359472612489 0.455505846686 0.490315025403 0.775152565153 0.536877411986 
0.481100667 0.3724146455 0.460707017633 0.363299789572 0.441910747177 0.470741990692 0.806595521953 0.581992429353 
0.493136844709 0.520795545962 0.572354669458 0.507219918051 0.670250733695 0.667544737736 0.861853561004 0.0123939803832 
0.531097134769 0.438843580117 0.500371155398 0.464519538373 0.554052180081 0.640900045272 0.815815542828 0.288601072122 
0.481212363964 0.375936575692 0.49014692247 0.416414587701 0.495228136313 0.550116597221 0.714728084168 0.707535782971 
0.47673327546 0.367274486042 0.451396013506 0.35392407253 0.473634614642 0.497470722677 0.596699854085 0.758039679707 
0.487726574302 0.387062277111 0.585087178438 0.61619025393 0.641997322299 0.82010737164 0.697054845302 0.730438320028 
0.501536620707 0.395210845592 0.471369493252 0.353956940046 0.493100069352 0.568496716263 0.583585525728 0.779743512951 
0.473555319085 0.3641908212 0.44918293831 0.334508948409 0.424522380847 0.700494766702 0.770048932384 0.560605822072 
0.474271052357 0.364575223931 0.44492257453 0.318781978896 0.406230598116 0.484874214878 0.590388074862 0.956696899623 
0.473003966346 0.363686564238 0.448944031044 0.352812437737 0.481957818046 0.505873821948 0.621198828214 0.863507113734 
0.473769575095 0.365552293247 0.450307289953 0.332323368407 0.422494678902 0.478572294187 0.560278584735 0.788559261247 
0.499685665642 0.381324810469 0.469205866777 0.355579445064 0.445764073079 0.550168787736 0.771851383501 0.482268648414 
0.593053049634 0.470250151103 0.552183106498 0.469195239267 0.574110325966 0.675295589203 0.792456926948 0.333799118597 
0.527787198198 0.421250755103 0.499840943564 0.418906923069 0.627658024492 0.640351220949 0.745161505932 0.422255069303 
0.480904439727 0.382805660923 0.486008526052 0.403649285231 0.62449328027 0.727089426447 0.760860348655 0.442982391459 
0.485284813533 0.373719542701 0.457962190889 0.350204099344 0.45147006147 0.458780410223 0.826522594001 0.330288317754 
