0.556954553214 0.371654161221 0.364736010165 0.457872963465 0.466976773546 0.541343651001 0.559303944782 0.736080539955 
0.532590688857 0.348140408147 0.338404880702 0.428615174951 0.603203592231 0.592632253256 0.894277557714 0.253797860263 
0.542002365083 0.355686521189 0.350380996939 0.446030501067 0.468738585508 0.447491283404 0.566392735128 0.737132040121 
0.540850062858 0.357804340789 0.362921489304 0.463320830823 0.534745424072 0.637284685656 0.885349950019 0.0640680286892 
0.54803959909 0.366117850297 0.363635344999 0.484155969855 0.558734260941 0.671163598949 0.809684140165 0.194760013722 
0.58435206691 0.441330866513 0.414368708438 0.538650398542 0.575354301956 0.685408207447 0.782233629096 0.106111474291 
0.540105753421 0.354229752745 0.395471043433 0.515902964646 0.501292608914 0.610892096031 0.690188092147 0.693231310438 
0.543484619997 0.357190743582 0.348825610395 0.452945262869 0.336317688908 0.330103587519 0.260521855449 0.858628644483 
0.66640315345 0.473497675545 0.515485066525 0.6402720225 0.650519948235 0.661070208038 0.735532916615 0.384980503823 
0.560801351264 0.375947138312 0.39142652783 0.532318728555 0.650633705433 0.680529921947 0.755239754657 0.223569347512 
0.556873182076 0.380623140171 0.373812748574 0.526718286318 0.523299635773 0.879412739731 0.806505534354 0.143731418959 
0.545587904046 0.358671149599 0.362271143048 0.458811816365 0.465628770831 0.459006175729 0.497471071723 0.728264976243 
0.539696757484 0.353686315337 0.344521330717 0.439146630053 0.448158350175 0.436798598888 0.490683151037 0.894155743011 
0.572121992418 0.391795741068 0.393360138004 0.593200329387 0.603914717126 0.599208340643 0.65212374034 0.56205134556 
0.542054486905 0.357656346073 0.350488126219 0.448049966896 0.492515041775 0.761278058778 0.795697964821 0.215879296135 
0.539950403318 0.353907137595 0.350958863578 0.444878655626 0.45197674882 0.496351051165 0.478324711273 0.816937533517 
0.544374585354 0.35751986326 0.348478195233 0.412591626775 0.587828403643 0.870901815931 0.732530583319 0.680233858419 
0.538348997829 0.352316674443 0.341697113798 0.435214627241 0.50022206356 0.584599358642 0.710867443578 0.773879593685 
0.539860738022 0.353849118705 0.350405260175 0.48333119412 0.524857621241 0.736240303219 0.774066022238 0.603939834927 
0.539593071786 0.353557632725 0.343640762982 0.438470749627 0.457566452738 0.484180239939 0.463993860781 0.869135929666 
0.553672915259 0.381870225449 0.371331320999 0.508982388777 0.537650065039 0.58861647471 0.767881924467 0.192535165586 
0.540567561159 0.359807404861 0.349706723425 0.449934821116 0.490239755156 0.5282694111 0.538529790379 0.748411670527 
0.539570576036 0.368710322523 0.356153388862 0.511846213039 0.516396024365 0.600415995243 0.849319359063 0.376304422752 
0.539476065711 0.353129436314 0.344007540584 0.438650933398 0.457793365872 0.432838902602 0.495828221423 0.861975641006 
0.539686946412 0.353527014539 0.343816619653 0.435172539357 0.629140116028 0.684602895727 0.8661798029 0.189785663278 
0.540364215842 0.357062011503 0.346616696445 0.444861964273 0.455556374716 0.455312723041 0.525080324608 0.823005225164 
0.558282969797 0.384066573811 0.381057556086 0.500259586264 0.539330173125 0.5679605243 0.761304144058 0.189144028928 
0.572774157563 0.390148764536 0.381161280892 0.507880652047 0.56190838562 0.642065855384 0.817857534929 0.0641419978716 
0.544569632508 0.359065303507 0.359274408177 0.462988531665 0.534013901031 0.519784365816 0.5476037768 0.685721607122 
0.559116601683 0.378457136221 0.404099330275 0.539937007991 0.556239284137 0.639124745911 0.674728006815 0.507192667817 
0.540282346739 0.355200092933 0.348378058543 0.446975243878 0.488484769547 0.472156780986 0.462983004257 0.878796932471 
0.558937245999 0.378283054484 0.380298069737 0.524914191515 0.677580409695 0.662671858569 0.684744827773 0.517061941078 
0.607383881555 0.454334714037 0.421328360241 0.533315612136 0.5268977132 0.636315517549 0.779024107875 0.472690345689 
0.542002365083 0.355686521189 0.350380996939 0.446030501067 0.468738585508 0.447491283404 0.566392735128 0.737132040121 
0.539669070058 0.357814775564 0.347750449702 0.444460765944 0.448531775437 0.48150862535 0.470614630136 0.843436965747 
0.640889821639 0.502991681274 0.442209514886 0.546525221269 0.524742574012 0.675712141714 0.829773790745 0.541463661291 
0.544569632508 0.359065303507 0.359274408177 0.462988531665 0.534013901031 0.519784365816 0.5476037768 0.685721607122 
0.574619957012 0.405129418436 0.389513217048 0.552563718379 0.61577905847 0.68872107804 0.817873945582 0.0584518991705 
0.545515036163 0.359127619341 0.350114062051 0.449702655387 0.45400935363 0.435366118414 0.462953590071 0.783906042725 
0.542054486905 0.357656346073 0.350488126219 0.448049966896 0.492515041775 0.761278058778 0.795697964821 0.215879296135 
0.539981256259 0.354066293644 0.379597838254 0.491993768215 0.483554108138 0.552552161407 0.605583804049 0.785079366754 
0.571865436875 0.392334377755 0.38147462196 0.508617724373 0.565524526688 0.652933312608 0.834790347745 0.0669054676297 
0.543243248658 0.356691533086 0.355199323794 0.455001793492 0.508536600688 0.732475101876 0.78634099435 0.207619919042 
0.568111273692 0.391842229179 0.379609301505 0.523580134093 0.515392070923 0.490702103155 0.718028670799 0.677157132907 
0.564779611764 0.373314091687 0.368596814036 0.516301815104 0.510354794266 0.923254462478 0.813798656457 0.150324368209 
0.539581856904 0.353589338147 0.339803364933 0.403634494422 0.396589744969 0.380463136655 0.932009722719 0.27320415284 
0.607383881555 0.454334714037 0.421328360241 0.533315612136 0.5268977132 0.636315517549 0.779024107875 0.472690345689 
0.539570576036 0.368710322523 0.356153388862 0.511846213039 0.516396024365 0.600415995243 0.849319359063 0.376304422752 
0.542112887279 0.357289942936 0.35329750393 0.468618216021 0.5969082208 0.649167523982 0.817447615527 0.168321179294 
0.543251541535 0.357394519618 0.347380833992 0.446308683976 0.4577300117 0.457287213614 0.517087890142 0.765611912354 
0.550421352815 0.367678245017 0.428849243391 0.505785708204 0.500752005238 0.615944455834 0.694702118914 0.705803683048 
0.542054486905 0.357656346073 0.350488126219 0.448049966896 0.492515041775 0.761278058778 0.795697964821 0.215879296135 
0.543740390205 0.360361907255 0.454016887059 0.564536604979 0.625719968522 0.675497151441 0.860733564701 0.0322220192507 
0.544065668652 0.366519161226 0.356263874058 0.453918155396 0.457578991672 0.493944576811 0.514633807909 0.763895013998 
0.545498059897 0.362317037392 0.358792194975 0.476093330818 0.562259157047 0.704807452386 0.839512040039 0.211126620855 
0.543278449493 0.358474941332 0.392037100569 0.512003667296 0.502660718081 0.597351827468 0.678093778027 0.659590946015 
0.534119018541 0.348551011028 0.338180801196 0.4188104982 0.604140956221 0.625939385009 0.632178862579 0.79682371411 
0.540262220069 0.354928258499 0.357721315416 0.472740107875 0.564007362092 0.553120711414 0.865108479471 0.348800994898 
0.539721353431 0.35516454196 0.34627362938 0.440548058082 0.448387142624 0.501619913444 0.884922252436 0.421893470835 
0.469209804679 0.296100172244 0.281164898921 0.37505399625 0.342661262386 0.338208585742 0.969649275688 0.294744743022 
0.53967688861 0.353646697015 0.344500744649 0.439088853952 0.456119879002 0.464367108805 0.765562129807 0.678594060419 
0.572774157563 0.390148764536 0.381161280892 0.507880652047 0.56190838562 0.642065855384 0.817857534929 0.0641419978716 
0.5590930942 0.378033684954 0.408494202869 0.546613017184 0.560191028965 0.649685707829 0.676866086408 0.516267075533 
0.540850062858 0.357804340789 0.362921489304 0.463320830823 0.534745424072 0.637284685656 0.885349950019 0.0640680286892 
0.558060894461 0.36954338402 0.391293126877 0.49398173166 0.508661441678 0.482541438783 0.64951705279 0.667980781566 
0.540850062858 0.357804340789 0.362921489304 0.463320830823 0.534745424072 0.637284685656 0.885349950019 0.0640680286892 
0.556310917012 0.370350907245 0.363085956 0.455280625582 0.463534345299 0.549617506374 0.562874708636 0.761633453154 
0.572702874401 0.419862238878 0.411289079311 0.541754158329 0.542810959191 0.636147008103 0.705990026325 0.473832651565 
0.539702896104 0.353699317337 0.344521450648 0.439160882945 0.41989070193 0.860004996367 0.827544814637 0.24546417614 
0.562188694935 0.388504205573 0.384582373364 0.535489628355 0.55027635937 0.746367550023 0.78190855163 0.124398155518 
0.616194888645 0.418285348541 0.406601416055 0.522738373156 0.527932830661 0.612810887106 0.748811138674 0.431779007361 
0.539549263534 0.353392213981 0.344368512779 0.438717736839 0.507259702725 0.641449773202 0.699221310713 0.726904779234 
0.541063612652 0.360584869966 0.350587691943 0.451582802002 0.488821130721 0.521012788586 0.53591235044 0.724083404518 
0.547196940558 0.378816722806 0.364168830859 0.467145319892 0.524813463211 0.718324931467 0.769278746769 0.202162679513 
0.539661876593 0.358610526746 0.348373814174 0.447769318624 0.484247568228 0.468910491359 0.462183327496 0.845373225179 
0.540999261939 0.354898010005 0.358176373277 0.45609267816 0.531228106875 0.648695828002 0.92772845273 0.0696770627178 
0.544569632508 0.359065303507 0.359274408177 0.462988531665 0.534013901031 0.519784365816 0.5476037768 0.685721607122 
0.539860738022 0.353849118705 0.350405260175 0.48333119412 0.524857621241 0.736240303219 0.774066022238 0.603939834927 
0.539813140365 0.341877516134 0.335265741494 0.423958917016 0.432379108955 0.875268455683 0.801765537921 0.242362977628 
0.54694910241 0.362961820685 0.369260182943 0.474700899319 0.539258702996 0.623518611688 0.835300064383 0.0574544705668 
0.539727890924 0.353739109527 0.34467506291 0.439381204944 0.482761911082 0.499442480611 0.525302077526 0.812419716384 
0.588323734233 0.450647985841 0.394903561969 0.580547550426 0.612006801402 0.683766645943 0.735742122701 0.65595843144 
0.539267145427 0.352829673498 0.344076211248 0.437897374096 0.620305435747 0.559934447802 0.564959447592 0.848264562896 
0.542054486905 0.357656346073 0.350488126219 0.448049966896 0.492515041775 0.761278058778 0.795697964821 0.215879296135 
0.574856017751 0.395926620993 0.38759602267 0.502746224941 0.499597289545 0.551388125902 0.57906724854 0.694445352297 
0.545498059897 0.362317037392 0.358792194975 0.476093330818 0.562259157047 0.704807452386 0.839512040039 0.211126620855 
0.540026506504 0.354233683487 0.353223578471 0.449127095069 0.453658366427 0.434654469603 0.464479141475 0.808682144312 
0.542001196547 0.356053064475 0.349323284084 0.445459271932 0.370361108232 0.91405583696 0.845039221095 0.262565986679 
0.54822401106 0.367039845413 0.401102571336 0.557590424193 0.590571911283 0.653635839531 0.716902296706 0.608157208655 
0.54423115572 0.35744757157 0.463642762564 0.544883867742 0.585388866281 0.649054343235 0.714031648769 0.600925389955 
0.640889821639 0.502991681274 0.442209514886 0.546525221269 0.524742574012 0.675712141714 0.829773790745 0.541463661291 
0.558836716426 0.376184711898 0.373348065596 0.530074258066 0.538525552938 0.527265311489 0.573403238544 0.660400405586 
0.552883321035 0.368769995864 0.369135573765 0.514028904093 0.875559854723 0.754776408421 0.700075018521 0.623161024768 
0.5521115607 0.374477666377 0.366983454719 0.506300536619 0.50489024622 0.773120508252 0.716053282473 0.549395810218 
0.539846650902 0.350616556811 0.342849646297 0.437157455204 0.421831890263 0.884779086405 0.803615067298 0.244948483394 
0.542793085399 0.358798773809 0.428307415969 0.535098961746 0.52688856535 0.636498822264 0.77925993179 0.473009781069 
0.540697547855 0.357257777059 0.360469399632 0.46010121717 0.522694710869 0.608802098848 0.620161497451 0.732728736107 
0.54822401106 0.367039845413 0.401102571336 0.557590424193 0.590571911283 0.653635839531 0.716902296706 0.608157208655 
0.548423072879 0.371586474929 0.35917624243 0.461329347496 0.579111169949 0.641612302156 0.836881225614 0.221029468302 
0.549340998011 0.367148962212 0.367772929334 0.523330127776 0.526227585198 0.606385335999 0.59868983392 0.660351704446 
