0.440428142052 0.587010426459 0.491682347321 0.420286113185 0.622756552692 0.634933508793 0.818559192629 0.0873728503753 
0.454232875461 0.593195604393 0.489670599978 0.380317139455 0.495029836271 0.496245762715 0.561746765126 0.711571888319 
0.440833909741 0.555228354563 0.448598373257 0.361524310475 0.450440701141 0.599001075248 0.8993647171 0.186128683657 
0.44109861115 0.559698094133 0.452265781631 0.401745692109 0.511098962214 0.607594222235 0.696884162546 0.697246769969 
0.435813611178 0.608859420443 0.543210267101 0.412386189647 0.534428114879 0.634011413659 0.886511403253 0.165173005943 
0.431707431503 0.547218494553 0.445029886841 0.313540908 0.68781739381 0.834007706852 0.755459168455 0.547226503985 
0.467689802257 0.583758586362 0.475151547501 0.390966966357 0.512994786507 0.591529424417 0.815832916507 0.21484003008 
0.461991135291 0.628732335393 0.51159248265 0.388908827623 0.510280550164 0.495726424244 0.660671278226 0.727451049753 
0.443638349628 0.558681822901 0.519008271129 0.710630156637 0.626401566716 0.702581416464 0.878503937109 0.346906359603 
0.447072345099 0.644780465254 0.533422745581 0.44420663739 0.541322859461 0.542258053824 0.594236733569 0.789589541916 
0.422861267726 0.534007328658 0.436730341537 0.325821572824 0.669324389258 0.657084397868 0.877032058256 0.172368582938 
0.445073194718 0.58297185252 0.474266889781 0.479683539102 0.550631401356 0.589511896668 0.835223361389 0.116368188916 
0.436419619349 0.56512859692 0.480372094661 0.38377957516 0.617649989323 0.634452940719 0.727912622475 0.443673481588 
0.435182759717 0.551361176221 0.446939791856 0.505642172783 0.532225580986 0.763585307259 0.829740014432 0.167303346214 
0.431166851219 0.544224617283 0.4425619295 0.337413670114 0.413375559384 0.419056471344 0.421521048447 0.935706061905 
0.431359805231 0.544566546804 0.442399236717 0.345093706233 0.629029658212 0.63024544214 0.78321100597 0.472325798375 
0.462967793396 0.667289730834 0.535510429345 0.44349815599 0.545352163024 0.593301006337 0.840417869266 0.117788211556 
0.448655006736 0.59216849285 0.481555615842 0.366493762708 0.664079633543 0.63461361244 0.63816746058 0.696145217096 
0.431082859849 0.543680172084 0.441802887489 0.405822270001 0.484409179288 0.631224109713 0.815839881726 0.476096343723 
0.4304160994 0.543169745553 0.549848667268 0.399406320793 0.555970320004 0.519057226838 0.588706651401 0.881637298218 
0.454101841271 0.599719751722 0.492852316579 0.383951762678 0.494892923541 0.496806673596 0.633293793331 0.646352949662 
0.436121849533 0.567111918496 0.468654985919 0.381597230794 0.500090897172 0.565239487581 0.749898446743 0.446334294049 
0.450730201327 0.566902456213 0.562709604752 0.923079798176 0.747721397787 0.670157720773 0.91050470779 0.110402241592 
0.438734680068 0.951268088868 0.666146910445 0.564434912876 0.658014515888 0.670626042024 0.712306124286 0.579759282875 
0.431219119039 0.544796152623 0.443253871823 0.340046713425 0.422564609639 0.463865947054 0.79090729051 0.610000497796 
0.457302064551 0.57001632532 0.487278678656 0.484496241291 0.552123333386 0.688114302449 0.838185977934 0.320886815476 
0.484790039295 0.602268186969 0.490593288561 0.416187469961 0.559769998582 0.588576880878 0.828733626531 0.114594529881 
0.441064561854 0.562522840157 0.474080833603 0.364301789307 0.437990627895 0.518165541392 0.819464490923 0.447925361387 
0.354164163747 0.460254245551 0.405567504273 0.251952543755 0.747156672276 0.696316249886 0.942669893295 0.198931057749 
0.429793131694 0.522869766613 0.427233398453 0.315777292884 0.385772513618 0.734842869815 0.911347769749 0.183779863109 
0.437065107695 0.553413810144 0.448165880372 0.374282719406 0.48077852816 0.50762482884 0.639677615642 0.778957852589 
0.45227155827 0.661537845274 0.52937530004 0.392006425121 0.524201902576 0.494708665457 0.689516792775 0.81320273505 
0.430658201741 0.54364640008 0.441833323491 0.405822233103 0.484408051788 0.631229360592 0.815847579551 0.476105980725 
0.432286660807 0.545404959867 0.481706779381 0.372542452939 0.636555258999 0.63520764066 0.779414519357 0.566047603588 
0.598743107601 1.47579719158 0.87741560857 0.741130032743 0.817538836393 0.799538671643 0.80505355519 0.420805455178 
0.45192713416 0.61907079679 0.504926679868 0.38737062092 0.504928634736 0.496114937446 0.650636068652 0.697686697654 
0.441296354712 0.610128138969 0.48512434975 0.417877849392 0.71584032425 0.675823016611 0.868559553662 0.100094130856 
0.468094682245 0.65686613404 0.527834736246 0.391790119481 0.523008086536 0.494794368164 0.686883011697 0.805362530277 
0.451985362907 0.570477363705 0.463997741192 0.548586697276 0.647745545078 0.666669860011 0.741261135027 0.476739858307 
0.469608298731 0.604251810066 0.569317616138 0.456241348233 0.554288275305 0.598731095873 0.870292396467 0.125960555916 
0.446879457454 0.562438804871 0.53898059154 0.807723585149 0.68184698079 0.620599960655 0.815324742977 0.558701088461 
0.431151716095 0.544203693268 0.442685572857 0.337501002221 0.413446727813 0.419239500431 0.42137708651 0.962017852084 
0.440833909741 0.555228354563 0.448598373257 0.361524310475 0.450440701141 0.599001075248 0.8993647171 0.186128683657 
0.43196158891 0.564440377404 0.465732049374 0.377168533041 0.504344264692 0.5814964074 0.802362318943 0.516454777128 
0.447553869095 0.635311438017 0.509879887046 0.379732245742 0.499363060014 0.47765289936 0.630831154213 0.864086407927 
0.43213519361 0.596183641827 0.472092094996 0.386579523128 0.51419437285 0.605723872281 0.871175276331 0.244149854823 
0.431176033591 0.544302488414 0.442286633177 0.337204700127 0.413193542758 0.418624500499 0.421871128987 0.873566202248 
0.38967061398 1.142683803 0.738517467824 0.621109364298 0.704970675187 0.702559764645 0.722946379293 0.623307567144 
0.431560998901 0.54640445172 0.444252179279 0.319956133196 0.613025306473 0.720863694205 0.666041290415 0.755475011336 
0.480334496463 0.629352400344 0.545209545657 0.638657810923 0.650543082572 0.634897118218 0.837972721451 0.0920814956537 
0.468094682245 0.65686613404 0.527834736246 0.391790119481 0.523008086536 0.494794368164 0.686883011697 0.805362530277 
0.429062059966 0.541267202149 0.743348663035 0.511366702199 0.812719827942 0.699910850229 0.913333240277 0.111581081746 
0.440428142052 0.587010426459 0.491682347321 0.420286113185 0.622756552692 0.634933508793 0.818559192629 0.0873728503753 
0.454232875461 0.593195604393 0.489670599978 0.380317139455 0.495029836271 0.496245762715 0.561746765126 0.711571888319 
0.354164163747 0.460254245551 0.405567504273 0.251952543755 0.747156672276 0.696316249886 0.942669893295 0.198931057749 
0.453155197948 0.604060009935 0.491610436191 0.374430087819 0.482800431691 0.503874990705 0.658944564113 0.72232682022 
0.464832386685 0.625685434295 0.51656621603 0.541745319802 0.587429827699 0.586013034743 0.746281728427 0.44895233747 
0.431515829994 0.544683589626 0.461796680248 0.399092555972 0.507227917158 0.492335500149 0.748226773149 0.765320965944 
0.406240624711 0.515331651986 0.425859800085 0.308748812938 0.704481995252 0.687173982145 0.723135285349 0.687090074732 
0.469608298731 0.604251810066 0.569317616138 0.456241348233 0.554288275305 0.598731095873 0.870292396467 0.125960555916 
0.440428142052 0.587010426459 0.491682347321 0.420286113185 0.622756552692 0.634933508793 0.818559192629 0.0873728503753 
0.433087203556 0.550078054934 0.446621951628 0.375796034384 0.485520209402 0.511760781157 0.654759410469 0.832769137488 
0.431151716095 0.544203693268 0.442685572857 0.337501002221 0.413446727813 0.419239500431 0.42137708651 0.962017852084 
0.451985362907 0.570477363705 0.463997741192 0.548586697276 0.647745545078 0.666669860011 0.741261135027 0.476739858307 
0.446682709108 0.562410221205 0.462586702559 0.433298887117 0.561986054915 0.623574721993 0.814752883334 0.147230682415 
0.443127893226 0.5580901192 0.515862742087 0.695338483315 0.61766922332 0.690948161416 0.723135285349 0.687090074732 
0.429800950896 0.542331635512 0.481441245953 0.401112641925 0.826163008386 0.719343440428 0.925518457444 0.114719245599 
0.431173150637 0.544319795636 0.442262473435 0.348516651402 0.642199859008 0.762820953049 0.74374698211 0.49568366113 
0.477208781963 0.59430081679 0.476282027736 0.38420153141 0.462826500313 0.496533270212 0.540270356829 0.726535067665 
0.445367053686 0.57858338698 0.473548929239 0.423413000889 0.486624014026 0.496806673596 0.633293793331 0.646352949662 
0.48018874915 0.677628975522 0.552398400647 0.420325505113 0.568505384258 0.601691759413 0.886543601716 0.130409716265 
0.446879457454 0.562438804871 0.53898059154 0.807723585149 0.68184698079 0.620599960655 0.815324742977 0.558701088461 
0.43254156514 0.618048405213 0.484683086282 0.407400473644 0.556739222909 0.772204523291 0.833138257426 0.169404202878 
0.54470589727 0.63651971017 0.509628908561 0.448907531965 0.644233800315 0.647700286109 0.705975753945 0.626019835655 
0.453480695234 0.577481139398 0.658260458199 0.486202117342 0.723074441513 0.669409174056 0.868559553662 0.100094130856 
0.468094682245 0.65686613404 0.527834736246 0.391790119481 0.523008086536 0.494794368164 0.686883011697 0.805362530277 
0.440428142052 0.587010426459 0.491682347321 0.420286113185 0.622756552692 0.634933508793 0.818559192629 0.0873728503753 
0.458600050929 0.583618100058 0.478474279002 0.475715114375 0.583856359663 0.621244802972 0.722412279957 0.430602173268 
0.442443282403 0.71916644793 0.564538370526 0.511786040327 0.636916369959 0.704710485074 0.673500557503 0.739509799926 
0.447597245763 0.563270840668 0.543403739073 0.829226272369 0.694126137216 0.706815853306 0.908751231434 0.110402241592 
0.457613461066 0.605154283501 0.539549947149 0.411901717519 0.533162035442 0.63040016278 0.878010374593 0.16215376057 
0.443846800968 0.563979832195 0.455059210972 0.419637239249 0.538223687122 0.659954690661 0.793119249822 0.523253497963 
0.446682709108 0.562410221205 0.462586702559 0.433298887117 0.561986054915 0.623574721993 0.814752883334 0.147230682415 
0.433364805749 0.546540464205 0.519862008915 0.406744801774 0.747810637625 0.688864284889 0.885240810968 0.104364935867 
0.38519308801 1.20725408731 0.77049149415 0.651752027377 0.736462141317 0.733217096904 0.754875449688 0.543730577832 
0.433043811181 0.549965522613 0.446526236538 0.375871755958 0.485762204352 0.51197318611 0.655533535229 0.835531839312 
0.458578850068 0.565069838564 0.45528483702 0.380505973204 0.498792217585 0.548644150381 0.536959408793 0.849777614501 
0.413973176542 0.520395544943 0.935566099729 0.718858630116 0.74800391733 0.719343440428 0.925518457444 0.114719245599 
0.44109861115 0.559698094133 0.452265781631 0.401745692109 0.511098962214 0.607594222235 0.696884162546 0.697246769969 
0.440194192858 0.594397791722 0.479466707545 0.405709918931 0.802590574703 0.71036508731 0.913472223296 0.111616849282 
0.431071829749 0.544133567713 0.441888904538 0.336914517408 0.41293417655 0.438043066162 0.493175211391 0.867697542508 
0.431237119965 0.544305322735 0.442429191319 0.337371428121 0.739278837556 0.703700245056 0.756549502577 0.516800556209 
0.431707431503 0.547218494553 0.445029886841 0.313540908 0.68781739381 0.834007706852 0.755459168455 0.547226503985 
0.394749031695 0.502010988165 0.418339705649 0.295677519493 0.838801944119 0.811062973726 0.859637219096 0.187566727723 
0.435720510999 0.551133057092 0.446385311889 0.375713171021 0.485255882193 0.511528914531 0.653914312051 0.829753212825 
0.450155964256 0.558665265455 0.451255652904 0.367168719425 0.472458648164 0.508625917651 0.674620315759 0.768885507129 
0.429817704622 0.614494261632 0.56179519624 0.414663941477 0.54105946314 0.652782679754 0.930732647154 0.180879828669 
0.454109800794 0.56686615767 0.481768745812 0.466491343412 0.535140555776 0.655169176792 0.787959089171 0.491236724021 
0.431967948628 0.548666751943 0.446413500427 0.302127629818 0.820879425532 0.745731066387 0.773914871065 0.564846761199 
0.430479685379 0.543259089394 0.540761866471 0.391999419971 0.52416245564 0.494711488122 0.689429276888 0.812942188374 
