0.344924223454 0.43894862699 0.442737535847 0.514907117477 0.566054385797 0.677703675371 0.902582956232 0.175546427818 
0.31152198049 0.408868420439 0.420959495022 0.415482381253 0.434579774505 0.475190775895 0.873521149901 0.323990970661 
0.328373425789 0.432272124525 0.483308726877 0.461892092008 0.571338041044 0.636863993049 0.935192206126 0.0494668449575 
0.320346648151 0.413285291938 0.431196664569 0.451418921556 0.526676592051 0.559718906486 0.787928140761 0.471995326293 
0.330723017671 0.463197758272 0.570662390181 0.535773110123 0.599372091182 0.752740871792 0.785282460999 0.223537132242 
0.330032579711 0.420372388371 0.525078196791 0.532458759408 0.565587623772 0.801768130465 0.825420406535 0.0548364151194 
0.317634508102 0.413996710767 0.4536296448 0.450364913248 0.561630411372 0.644877179831 0.69463167692 0.545932234555 
0.312756644889 0.40892993634 0.427803163719 0.431683366017 0.69317596059 0.689562712964 0.875477211634 0.0651975297936 
0.313073166084 0.409761300076 0.42094138591 0.453581407246 0.533668440331 0.587240413106 0.663297186387 0.761890884408 
0.311241023445 0.405942093031 0.418868120123 0.412278422378 0.432050559415 0.460724282512 0.858131761342 0.424878635134 
0.318771464878 0.414360782731 0.42701819645 0.417951336172 0.473023021765 0.566890520718 0.722973379474 0.553983145775 
0.315978648694 0.41461626644 0.439467612292 0.448986046205 0.615544878336 0.798813578523 0.826584406402 0.0389577854474 
0.312083542205 0.407600995017 0.422537432969 0.420435739065 0.497206882913 0.720047879064 0.733153108156 0.601967437051 
0.311194301516 0.405829477496 0.418350261366 0.411009990039 0.430951255944 0.458533750429 0.544102198908 0.899278339604 
0.311696717694 0.406688561102 0.420097731024 0.412549687703 0.429688759419 0.461893693196 0.44786788495 0.833047751982 
0.319720340351 0.41231992334 0.425804785467 0.455977838483 0.480066510388 0.564938371791 0.566403896242 0.730893973805 
0.312086516816 0.408401631905 0.434809530928 0.437924313714 0.454404630527 0.737384283753 0.865044359439 0.000822589263145 
0.313249003947 0.371121112311 0.397105398328 0.356488417454 0.347199586065 0.352155611881 0.218495622385 0.850902471597 
0.340689965001 0.432164143396 0.451836116359 0.441989786059 0.489051871153 0.668783532369 0.810385628511 0.129562156753 
0.311911843908 0.408499205223 0.423353289644 0.416256156779 0.464349654777 0.552969930453 0.670644930334 0.719744580356 
0.342469550848 0.44562654652 0.532851335134 0.535120573261 0.597324882375 0.693149030807 0.82385397166 0.110065375533 
0.3182062611 0.425872719212 0.449074412288 0.443155084977 0.473390113285 0.522942756369 0.77874995934 0.430574720093 
0.312597855407 0.413105573295 0.425395863707 0.419592653934 0.447209686364 0.479475659601 0.476609518424 0.786380062731 
0.312140644139 0.407261182977 0.422233055072 0.416049972834 0.436853777596 0.471950721419 0.728096855758 0.633144202928 
0.328155514837 0.438591028927 0.447865746709 0.511482748186 0.567586814424 0.612104933826 0.831143046787 0.145198966727 
0.342892141205 0.434205452468 0.533796099727 0.53253952743 0.60771620499 0.66498615841 0.681636553771 0.592349289415 
0.34889626808 0.443549975099 0.490082009977 0.514015502785 0.669120516229 0.741509401157 0.864375099639 0.123758771203 
0.316298553181 0.410196515941 0.42946414343 0.425544014916 0.449412337963 0.509194096063 0.763126403155 0.489979662375 
0.319720340351 0.41231992334 0.425804785467 0.455977838483 0.480066510388 0.564938371791 0.566403896242 0.730893973805 
0.411642421157 0.495345891728 0.532069448159 0.515491776371 0.581343285512 0.718421327293 0.777535492039 0.213251891307 
0.357151295177 0.455213571692 0.521786422531 0.529897167289 0.553023687339 0.752826984726 0.784156340373 0.289339389089 
0.311832620204 0.406299816759 0.425041589407 0.431702280946 0.443466766881 0.50024435658 0.627686558588 0.806415569655 
0.348629753437 0.453453576766 0.555391404591 0.559497880387 0.631137741922 0.740089871127 0.811520908068 0.0364747640812 
0.311370362907 0.40621358848 0.419210588495 0.413018832943 0.43819303134 0.469671197945 0.835111906695 0.495950634568 
0.312083542205 0.407600995017 0.422537432969 0.420435739065 0.497206882913 0.720047879064 0.733153108156 0.601967437051 
0.309965572127 0.42745518395 0.431757232954 0.445475626929 0.474436514131 0.487517469312 0.501834613525 0.927646429608 
0.35575725656 0.450960067058 0.500881604965 0.504096175177 0.622503961277 0.650414948248 0.83679460946 0.0506292215793 
0.311696717694 0.406688561102 0.420097731024 0.412549687703 0.429688759419 0.461893693196 0.44786788495 0.833047751982 
0.319049344779 0.418708038473 0.452349681799 0.464275062869 0.589527500015 0.67605932888 0.819655410991 0.225591642217 
0.313616529179 0.410887307691 0.421653922299 0.465935413854 0.565306292896 0.626017999297 0.915625599205 0.174262522025 
0.325191682738 0.433101342441 0.480634104159 0.462229212794 0.565369748546 0.634015093192 0.909664518357 0.0470472783546 
0.311098302661 0.397860765924 0.40624323362 0.400872561093 0.412520189702 0.437729197641 0.867463809465 0.53591458769 
0.294435952809 0.395650130132 0.566201413986 0.571203409205 0.574753893009 0.942430682723 0.866184655738 0.0652357320845 
0.335564360189 0.436852949325 0.507585367847 0.507795180784 0.559422842863 0.640531369704 0.67934007098 0.565018095348 
0.312907600278 0.411174831336 0.424845576389 0.423962042222 0.478588999822 0.515617857411 0.506397798245 0.79515481722 
0.33682459104 0.431011752283 0.481862521833 0.462079307458 0.568058416379 0.635284020296 0.921056808304 0.0481266769599 
0.316438967621 0.411035766874 0.42226290205 0.427478062437 0.496962051122 0.542987526236 0.576374752846 0.827236814163 
0.310812157276 0.412930262764 0.422822761288 0.422531568981 0.668717936366 0.929184904814 0.865744486351 0.0459863086155 
0.312044784292 0.408282137905 0.434024064358 0.436648923349 0.486414980068 0.534871223773 0.567454874852 0.770885631977 
0.311407492237 0.406457360225 0.422029304258 0.417172599261 0.448031925417 0.52729635281 0.820779415618 0.454339938236 
0.33845140037 0.433075441348 0.470220025764 0.485594581754 0.601929224384 0.638708411871 0.698476781769 0.660361438733 
0.318105134694 0.417165968479 0.448268580579 0.440641975109 0.468750497126 0.515690108439 0.786659965624 0.439398527658 
0.325191682738 0.433101342441 0.480634104159 0.462229212794 0.565369748546 0.634015093192 0.909664518357 0.0470472783546 
0.314129407789 0.410603982767 0.428199928123 0.418109827712 0.449548693901 0.503211503417 0.617894786345 0.768401351208 
0.4127864029 0.532068363099 0.532474484679 0.514566152658 0.541751771852 0.610840027159 0.600680190688 0.719773112177 
0.311370362907 0.40621358848 0.419210588495 0.413018832943 0.43819303134 0.469671197945 0.835111906695 0.495950634568 
0.338426233771 0.433093266652 0.470192774754 0.485515828817 0.601502483628 0.661897459723 0.883933187439 0.168616069085 
0.311387413814 0.402119237195 0.415700111846 0.406542426354 0.41473534347 0.426968847551 0.914575973099 0.354313789949 
0.312413039224 0.408175077087 0.423738804459 0.422607352348 0.499550688918 0.706915552208 0.727617177178 0.586256050831 
0.331404430478 0.438408181187 0.485735262782 0.457593502604 0.590578091565 0.822464209678 0.802369754982 0.318139997971 
0.312137030131 0.409015374897 0.424250681039 0.417235416372 0.46528379551 0.551847162327 0.665032435726 0.703478645299 
0.409557053339 0.475317795934 0.496074427706 0.523498750946 0.555045226098 0.666951864682 0.802666400619 0.426803872429 
0.312464466999 0.408262689852 0.423917343777 0.42291779391 0.499845697782 0.705111777513 0.726854762613 0.584104019744 
0.36220050978 0.44883346539 0.528465448254 0.552842642971 0.6051859074 0.76402086202 0.787716818221 0.226952683593 
0.334943881897 0.435386893543 0.547989797238 0.545081606391 0.622520405427 0.676175251247 0.68490245108 0.608321944191 
0.312086533771 0.407183348759 0.422036098863 0.415805245895 0.43628306639 0.471069723813 0.728891050694 0.634792484785 
0.293031416062 0.564396424228 0.517020507804 0.613027009077 0.623245420574 0.67199899218 0.918940174781 0.0451084363684 
0.315535661499 0.417378588435 0.496072671318 0.488579999374 0.592450882341 0.620731705455 0.836246147789 0.28247824659 
0.346547040787 0.441148006085 0.465916139495 0.552954238579 0.624256602472 0.697069792998 0.882937658688 0.0883715322657 
0.343745865854 0.486423129451 0.56900348678 0.537578419504 0.68471098657 0.730190069404 0.811563468833 0.0242948593798 
0.370894302979 0.464396851898 0.566159286704 0.529433445173 0.757350739295 0.726743427639 0.762954339913 0.540489970107 
0.35380181112 0.438660306561 0.466823761252 0.530354034877 0.601337915969 0.679127424829 0.85521850352 0.0826525204524 
0.358912977022 0.437461989781 0.464681487298 0.56679979094 0.637949032048 0.707701270086 0.899492998831 0.0917897673079 
0.312083542205 0.407600995017 0.422537432969 0.420435739065 0.497206882913 0.720047879064 0.733153108156 0.601967437051 
0.313249003947 0.371121112311 0.397105398328 0.356488417454 0.347199586065 0.352155611881 0.218495622385 0.850902471597 
0.357151295177 0.455213571692 0.521786422531 0.529897167289 0.553023687339 0.752826984726 0.784156340373 0.289339389089 
0.341525894946 0.526946800719 0.667451938971 0.586525643352 0.798812953559 0.791020681056 0.837477190686 0.0272358589867 
0.312137030131 0.409015374897 0.424250681039 0.417235416372 0.46528379551 0.551847162327 0.665032435726 0.703478645299 
0.332541097938 0.438086937046 0.479261616701 0.46152059198 0.568473447845 0.739261930776 0.780434216626 0.283793475121 
0.441458447094 0.497830446142 0.521236492388 0.559844830565 0.596973118239 0.735701047111 0.852548879678 0.119740772992 
0.411642421157 0.495345891728 0.532069448159 0.515491776371 0.581343285512 0.718421327293 0.777535492039 0.213251891307 
0.311937795683 0.408595954838 0.423535051577 0.41467791265 0.433043816236 0.729547042806 0.874042829804 0.153151251981 
0.319385748824 0.419081684609 0.445795350197 0.4301186035 0.492772130455 0.582680720008 0.572495313171 0.785587880682 
0.339371241881 0.451230786923 0.512269130117 0.475802392804 0.599604262489 0.637253228342 0.697363467463 0.656894258118 
0.311173379993 0.405217117029 0.417439469769 0.410510115228 0.424577208849 0.453415623723 0.851678618451 0.516209595383 
0.357151295177 0.455213571692 0.521786422531 0.529897167289 0.553023687339 0.752826984726 0.784156340373 0.289339389089 
0.315981862022 0.41462213791 0.43948176459 0.449011388329 0.61567302086 0.799045751021 0.826850173973 0.0259341382257 
0.318771464878 0.414360782731 0.42701819645 0.417951336172 0.473023021765 0.566890520718 0.722973379474 0.553983145775 
0.340008662258 0.431630459781 0.523300263834 0.521516189856 0.591154140352 0.645871216047 0.853285581515 0.157227551073 
0.312917312845 0.409222997844 0.426426812898 0.429106768334 0.56619937465 0.625023133472 0.901791927793 0.169490618942 
0.406312190438 0.512192577054 0.525634109998 0.493191037647 0.641105243948 0.671759948842 0.735298833155 0.470015317259 
0.411642421157 0.495345891728 0.532069448159 0.515491776371 0.581343285512 0.718421327293 0.777535492039 0.213251891307 
0.311194301516 0.405829477496 0.418350261366 0.411009990039 0.430951255944 0.458533750429 0.544102198908 0.899278339604 
0.393768307762 0.479429349928 0.511857326572 0.496975392572 0.553658433065 0.671540506315 0.716221761218 0.439081504091 
0.318771464878 0.414360782731 0.42701819645 0.417951336172 0.473023021765 0.566890520718 0.722973379474 0.553983145775 
0.348629753437 0.453453576766 0.555391404591 0.559497880387 0.631137741922 0.740089871127 0.811520908068 0.0364747640812 
0.316235585839 0.421024163536 0.488666277627 0.465674207453 0.481314500902 0.524875968253 0.598929451783 0.744559573852 
0.311726895432 0.407631077962 0.421682394873 0.415447810308 0.435445744462 0.46977869116 0.730052218943 0.63720788364 
0.432413787242 0.5413626123 0.555037942298 0.515624897305 0.700203633521 0.731249491078 0.818260723657 0.0371275861864 
0.311050807096 0.407337203348 0.419333679692 0.413724062992 0.682973874931 0.967356380293 0.876682772345 0.0480798286661 
