0.48699139641 0.472256370408 0.638292466337 0.459446059763 0.479836362088 0.623302564196 0.77339068437 0.516658515141 
0.396275912555 0.361728425338 0.48589131264 0.386185941265 0.522083643998 0.701014289896 0.782440330254 0.475852057246 
0.442260748064 0.406583001007 0.48979949637 0.439203961351 0.49140527877 0.612414191013 0.729578640886 0.383943912386 
0.397299185096 0.364581885492 0.442155938268 0.373263994331 0.481105623959 0.537234715757 0.601677189098 0.678352911518 
0.390676819334 0.362230655124 0.449579606504 0.365876491881 0.392294312763 0.481067639984 0.485077902433 0.796560539038 
0.396518041863 0.362459945177 0.454197263116 0.370790043618 0.392670685406 0.47089506703 0.579670271251 0.69495752759 
0.407871122401 0.410326635192 0.524388291549 0.429606607375 0.48256806653 0.5402376278 0.738403760767 0.53512590871 
0.39371069832 0.369579818905 0.486997673962 0.443033076504 0.59128023166 0.607508311062 0.857269781781 0.230494369203 
0.403612535199 0.363617661744 0.400823393652 0.63309426803 0.646176537774 0.76341529784 0.871253673518 0.445326605073 
0.392302623222 0.360248268729 0.447100844822 0.367898660538 0.412041123187 0.518361885702 0.618741593519 0.750765249988 
0.399843694452 0.376563196376 0.463129600021 0.38400322559 0.410746059192 0.59044199597 0.562357970413 0.782364714673 
0.404807470057 0.386096420642 0.461103831156 0.384515732235 0.496112643542 0.591500411344 0.617254795797 0.625751705037 
0.44116472158 0.392992662157 0.500274306662 0.473514194697 0.522843975182 0.715560827415 0.80464496361 0.0913980198091 
0.489008372903 0.454529566918 0.535137948999 0.429296501379 0.549805518692 0.735501122293 0.776224455788 0.1877740297 
0.393513075912 0.364627378661 0.438410924618 0.364807283103 0.391509508078 0.529914293885 0.665092341736 0.644530424291 
0.465513306262 0.413469469441 0.470223943456 0.412671957093 0.413963769543 0.470772205181 0.877390818158 0.543714103071 
0.416626240262 0.372722298732 0.449791817352 0.366520776734 0.404225922346 0.471464631526 0.627902945141 0.743032560809 
0.404354056927 0.402301132843 0.489064322229 0.465527377282 0.529755517647 0.721660083216 0.815905306485 0.0234335920334 
0.410210663436 0.373400481824 0.446958898439 0.374714501728 0.385704424634 0.449230480707 0.467290352903 0.918341623791 
0.400676981545 0.371419435254 0.52082711438 0.406547654426 0.522723131497 0.694283260209 0.868811882414 0.307627828809 
0.395765780885 0.367605212426 0.460835919996 0.381483059199 0.40890304114 0.457417685388 0.705001400886 0.750927418618 
0.390188353706 0.358024958636 0.424560487597 0.340665339808 0.292628364365 0.373407721246 0.965731215674 0.104588354226 
0.413307136062 0.376819569209 0.488164423483 0.409620357476 0.527917808715 0.656988563067 0.717483599364 0.422507194775 
0.407864915208 0.370637683555 0.453530579809 0.373782883016 0.407069933754 0.484683692271 0.688539114986 0.623087760706 
0.39329456492 0.360140572149 0.436180368519 0.361840220531 0.422630720141 0.573802774173 0.681947282147 0.793886890983 
0.39035199582 0.35817145867 0.433323941249 0.361608030042 0.390855839742 0.527778176258 0.72199438569 0.678161142574 
0.415153016312 0.382209017464 0.454478660586 0.397226550353 0.52323180706 0.581151136488 0.631416439483 0.664867576987 
0.437758837419 0.395927636795 0.498226465391 0.393664449891 0.414524608496 0.546327836971 0.589089113544 0.682829745949 
0.410186951244 0.37070174852 0.458971085234 0.438035426596 0.474446933613 0.78060562439 0.815485124604 0.0353803725508 
0.406623877185 0.380926978752 0.468286220935 0.375914016493 0.552094700156 0.660323585768 0.861192685863 0.0407521944805 
0.39033676997 0.358193263198 0.44085261663 0.378179664521 0.402779969034 0.459427084636 0.466793882777 0.86878592793 
0.382481593435 0.342237389535 0.424414998769 0.347320517524 0.362040493517 0.903068902104 0.878065924142 0.291164788971 
0.409606587721 0.366224342058 0.356324529645 0.618137678275 0.91904605343 0.769315488126 0.888791924731 0.0686347923832 
0.476610665789 0.478380205402 0.618128336806 0.454718920244 0.494266748047 0.669402765676 0.856443594487 0.113972944175 
0.468555987329 0.413869664879 0.523661176707 0.430192380501 0.483077436116 0.539892848851 0.739964538319 0.537692706749 
0.393138158316 0.361143026959 0.448077366149 0.368998956874 0.412136198454 0.516091021332 0.610918818753 0.719749623522 
0.39099538637 0.35886802657 0.440835843775 0.374062045893 0.397460998729 0.456855029881 0.465418448594 0.8104088027 
0.394435290037 0.361205825928 0.438475660243 0.375113769197 0.387114292585 0.460359378153 0.526744628668 0.8019050051 
0.392957427354 0.360083458405 0.434473840027 0.359441978546 0.373061486114 0.434656947528 0.925270371794 0.408136430842 
0.465513306262 0.413469469441 0.470223943456 0.412671957093 0.413963769543 0.470772205181 0.877390818158 0.543714103071 
0.392023623882 0.358865098702 0.426480796974 0.59916185181 0.623024206653 0.741965197771 0.852535658124 0.423358259406 
0.429680140869 0.406920969573 0.507544664303 0.416015175982 0.44928090826 0.629513955628 0.714675396109 0.43353990609 
0.390973342749 0.35872206059 0.433999973667 0.35940920771 0.516266084125 0.550543035034 0.616364508989 0.749074367411 
0.403722030747 0.368424479844 0.442470244195 0.36519795207 0.411844850179 0.525061657784 0.642056148813 0.843306269619 
0.400451585079 0.375065261624 0.478693157507 0.394916913108 0.470192980485 0.609739239176 0.663323100156 0.537853830356 
0.390487529494 0.358278424972 0.433510140628 0.362195902705 0.392430926087 0.528494557451 0.717121202064 0.667308307612 
0.392739518284 0.360714647377 0.44763047172 0.368483078845 0.412091071044 0.517127949974 0.614485101852 0.733886687051 
0.390428427346 0.358294119684 0.434659235201 0.36055546489 0.513827515295 0.549662613644 0.61535349667 0.744182705296 
0.404161839104 0.36799987685 0.449251549492 0.370352726034 0.390642871561 0.467527138976 0.584614134865 0.716568256878 
0.413263831128 0.491068650487 0.645144350476 0.568526438814 0.798580517872 0.838284563562 0.807105001323 0.0194326544365 
0.407868496335 0.447428270472 0.573074889609 0.433835830376 0.467507217442 0.635927583294 0.698485397655 0.589634716753 
0.45793000719 0.42360333207 0.512894943321 0.428940812666 0.474154424643 0.637669234822 0.736852440544 0.330453436442 
0.394799007361 0.366883981965 0.447435006096 0.370101592558 0.383865253031 0.447685263944 0.464278548733 0.827495505228 
0.39425991612 0.359915478232 0.395230764581 0.587288657452 0.846101733978 0.75166257159 0.870144176504 0.0648828644674 
0.456237346866 0.418765498838 0.517184028136 0.504754668311 0.66996996401 0.698820514291 0.822648317349 0.0555764877145 
0.413051434151 0.379063398768 0.462208500518 0.408407164441 0.429987611849 0.518483795514 0.822493680895 0.325914035476 
0.380972826565 0.35155814356 0.411956077397 0.425047230076 0.479471476181 0.591411305452 0.947150778804 0.26335049928 
0.386400034516 0.356265275583 0.428655639926 0.421695438277 0.438128524404 0.944857230281 0.862737004118 0.0429265219609 
0.399843694452 0.376563196376 0.463129600021 0.38400322559 0.410746059192 0.59044199597 0.562357970413 0.782364714673 
0.390753877662 0.358480141329 0.440899614423 0.376228141558 0.400280273093 0.458244284008 0.466155353095 0.841465114227 
0.389162230013 0.357519450995 0.44187300222 0.361517672812 0.377334191562 0.443693251381 0.61780605912 0.867426335707 
0.469384257397 0.425377488704 0.492761608453 0.433412794537 0.450881815044 0.517605372327 0.793474207965 0.445686474604 
0.45037583813 0.417070900396 0.498406412552 0.467280620651 0.505260940151 0.608969675122 0.719043670097 0.441092872561 
0.415362508938 0.380654723832 0.479542661896 0.383733343067 0.466347717087 0.523301382661 0.783943300884 0.434880883758 
0.528864341869 0.43502286525 0.52061852256 0.483762178478 0.497672364311 0.68176602355 0.875901700321 0.119324603733 
0.423486555024 0.385724449237 0.501217861384 0.436537949556 0.477273990068 0.632155219259 0.737567806503 0.403233344769 
0.390972185622 0.358843875435 0.440843846964 0.374200486017 0.397642746171 0.456946526238 0.465466557192 0.812420107203 
0.412325837422 0.372533314297 0.462154268892 0.437544820009 0.476389472829 0.76606838517 0.811119105937 0.0347296726222 
0.392171568535 0.375209854563 0.500717028093 0.392151579792 0.413792004976 0.49312882642 0.854048605357 0.350368458478 
0.410839103242 0.397660029005 0.497337564344 0.414303249218 0.455467072583 0.77057072745 0.706198971108 0.585272843102 
0.422413382678 0.421913765728 0.48456284534 0.429197228503 0.565778595349 0.673016174947 0.793407271936 0.3546001403 
0.410601682315 0.393051244896 0.534673288717 0.445584077958 0.508510421331 0.524093662236 0.791562911546 0.623043112626 
0.489435591801 0.540038121295 0.547479716821 0.485780360192 0.503269502473 0.700983246351 0.877702510583 0.314144635305 
0.389814339541 0.356519626268 0.432265165573 0.355884885805 0.365889508427 0.528821463365 0.726443770817 0.806698561517 
0.436633716208 0.387592608895 0.521441080154 0.421605916084 0.527205980812 0.573749765428 0.805739273438 0.3724979179 
0.396684809485 0.362619975083 0.441539238027 0.364544817315 0.381333319807 0.493287057887 0.612200538412 0.882411764187 
0.511149135826 0.46569211788 0.526637084726 0.629464187825 0.615618319688 0.713634834941 0.849687190314 0.0708325866361 
0.441114269263 0.407987958659 0.488357952618 0.450372749927 0.484676234537 0.581793613981 0.675505835388 0.523347054654 
0.389578058979 0.357577752207 0.432804480975 0.356881550664 0.369642061036 0.529194471099 0.715627574739 0.777964120183 
0.394278527157 0.362382769826 0.449201722508 0.370408554671 0.412261782078 0.513479536018 0.601984499068 0.684353190123 
0.389223292702 0.431578875325 0.573659730994 0.451434137315 0.498695917181 0.524903948068 0.81380096025 0.660071858451 
0.501710489684 0.459884017085 0.527304839164 0.587767703007 0.595175113659 0.698510159337 0.835787617125 0.0680010911346 
0.447513393329 0.411479165964 0.495518363106 0.447455235578 0.503501567869 0.630576729747 0.759182327578 0.290808207964 
0.40904752044 0.372077900402 0.456957911519 0.436109238375 0.440912701279 0.502521987364 0.819316624088 0.475355754756 
0.399843694452 0.376563196376 0.463129600021 0.38400322559 0.410746059192 0.59044199597 0.562357970413 0.782364714673 
0.410210663436 0.373400481824 0.446958898439 0.374714501728 0.385704424634 0.449230480707 0.467290352903 0.918341623791 
0.448281157217 0.43893273146 0.557474696445 0.422819982732 0.448957074429 0.514218055008 0.799197280576 0.45221159893 
0.49021279622 0.437698594418 0.570035147898 0.433640400883 0.461968197633 0.536403808446 0.600801600881 0.674162242785 
0.44445835162 0.388537866127 0.462001605988 0.37448648318 0.437211039439 0.58613546401 0.896814755297 0.0263526545339 
0.410926837681 0.397828364607 0.497610516137 0.430996290075 0.438874188286 0.499206554737 0.825130629586 0.482100169075 
0.442738904378 0.409581259568 0.490120621675 0.453338675129 0.511977819973 0.637136200588 0.763368775564 0.320177565382 
0.416047607423 0.371870740849 0.448604312417 0.365596971269 0.402424839762 0.468585237691 0.63301809768 0.761565426914 
0.468341948941 0.416027018595 0.472561106479 0.415549010548 0.416970391279 0.473846909784 0.871512049374 0.536701899865 
0.389162230013 0.357519450995 0.44187300222 0.361517672812 0.377334191562 0.443693251381 0.61780605912 0.867426335707 
0.441700393407 0.39172982414 0.52945105581 0.428756117497 0.454119311224 0.523983151531 0.782809817306 0.433601024438 
0.396518041863 0.362459945177 0.454197263116 0.370790043618 0.392670685406 0.47089506703 0.579670271251 0.69495752759 
0.392127234103 0.360061987378 0.446874834083 0.367657334169 0.412020985907 0.518891035372 0.620570899131 0.758020856005 
0.394113443595 0.362202019099 0.449051293692 0.370209328862 0.412243973396 0.513830468313 0.603180897268 0.689091377496 
0.393671137199 0.361600259035 0.466670085106 0.531646076902 0.574559752711 0.69680108179 0.813609652511 0.377965224553 
0.414070605818 0.387601216585 0.478119447237 0.392848944617 0.418533416219 0.534396336401 0.619809829366 0.592258468371 
