0.488660726911 0.75968421685 0.595109823857 0.505100131307 0.390919985357 0.594929903519 0.706818312325 0.593247937442 
0.380434467922 0.723516646332 0.559143412688 0.465011703608 0.366471121291 0.498266266826 0.671475971618 0.656004764427 
0.397390383373 0.728531062059 0.553421589172 0.51471357778 0.393237575258 0.503899372713 0.659306345172 0.665136564109 
0.413765252692 0.732745035461 0.569487186319 0.478343323326 0.353905701585 0.587619987873 0.836072474759 0.129268677749 
0.451550005217 0.742842021912 0.613937332096 0.533811469407 0.430780027942 0.550239039467 0.842118207454 0.312906701007 
0.400525007678 0.729688683278 0.577366149111 0.486075723533 0.427468262109 0.58520595511 0.681141188602 0.504801294284 
0.376188760244 0.721795164451 0.541818720137 0.502012098304 0.360860466458 0.511857532918 0.779529878473 0.593079779722 
0.45408311934 0.754891241745 0.57889894987 0.700828008961 0.523408259067 0.774000367787 0.810770084308 0.358288962304 
0.399526998108 0.730327434292 0.559302731756 0.467653493256 0.367109662481 0.58166914821 0.861930388438 0.136559036423 
0.381327331517 0.724363496615 0.559586287007 0.469218596275 0.386732412365 0.507639735341 0.615332407754 0.663240219813 
0.400665596037 0.740888507323 0.585116121088 0.558183829829 0.417608787851 0.589523314819 0.862993148835 0.0879829118827 
0.378631146996 0.722813071888 0.544213867056 0.450257803 0.325732102679 0.430947033028 0.856987579706 0.417971934389 
0.387100037041 0.730432222909 0.581078606934 0.499030927086 0.387488309535 0.636165015266 0.723380418039 0.475277990603 
0.380256143655 0.723912320573 0.551685377465 0.459603516888 0.337053148018 0.584888744877 0.548870844478 0.753995040533 
0.378805979786 0.722454320108 0.544616830625 0.451183514761 0.333613753908 0.707835472029 0.784789420976 0.41008090913 
0.400424155312 0.746966824141 0.577153909999 0.530192857799 0.406307012637 0.594513033551 0.836789024747 0.165402061655 
0.381370271808 0.724125591903 0.558272347477 0.462114070115 0.356734150004 0.544733288361 0.655685060725 0.658920021276 
0.381586853072 0.723715159443 0.549247187863 0.467753588649 0.335509309644 0.552231020815 0.868197473296 0.412518569085 
0.377918274535 0.722030950396 0.543113098676 0.458571633952 0.365563287527 0.529670584597 0.679784294632 0.740680553954 
0.427333338375 0.737053223281 0.570722929466 0.565375196475 0.406925607124 0.85430283256 0.816418723727 0.13315988213 
0.444775946501 0.759837379825 0.600608408776 0.517598129924 0.409564773225 0.567524739757 0.767832895102 0.644749708281 
0.382801835654 0.724866125483 0.547795563191 0.456876838665 0.34700129146 0.640143406164 0.621046718186 0.65199918102 
0.388634556812 0.728705697499 0.558155854152 0.482217527438 0.425830972671 0.718853231226 0.766058010465 0.362331111906 
0.379009254422 0.723079947623 0.545535962656 0.453185240943 0.337469473574 0.455483850925 0.767654348701 0.71742387836 
0.44703625517 0.764238532087 0.597668183153 0.50113876825 0.447988714413 0.662988677446 0.793521323862 0.437116957249 
0.381003068705 0.723280660477 0.545987967098 0.490443876347 0.366186262547 0.499838338631 0.875490462402 0.268467698556 
0.382560679001 0.745790388015 0.567337832123 0.472216031795 0.354184656536 0.459082412854 0.52012523843 0.817753134972 
0.371278858454 0.719353298223 0.771243708152 0.657599907736 0.512618517443 0.702623385194 0.903672642747 0.00881230100171 
0.388824171288 0.725090210024 0.54982611873 0.466817832007 0.344102900537 0.481341614651 0.480686222094 0.763352519589 
0.380940408946 0.733304556423 0.552869756704 0.458450460535 0.337939360625 0.447797561729 0.441562756709 0.936679155424 
0.390196676966 0.72895375625 0.573267477867 0.526462234891 0.464139493172 0.725634086825 0.732582739182 0.603917546533 
0.387194893005 0.724998130661 0.549931909708 0.46543618268 0.340694354317 0.576108225944 0.597095466778 0.747406379334 
0.378045996489 0.722084299795 0.543169719471 0.457071960327 0.358791627252 0.512248748396 0.784817309204 0.601159192815 
0.380713915047 0.734639558145 0.555974931216 0.461480771928 0.339092098501 0.580419993203 0.599414453571 0.759379283584 
0.382860659238 0.724192970328 0.558466144536 0.460571436668 0.339218701294 0.437004028022 0.442110961976 0.992540862969 
0.382707848612 0.725008629469 0.565637194322 0.46830830658 0.37236894636 0.603728742802 0.861207726771 0.0876549721107 
0.42102288707 0.742580516166 0.589207384265 0.503714168084 0.424816084106 0.745749670543 0.810109479919 0.0609540309895 
0.400525007678 0.729688683278 0.577366149111 0.486075723533 0.427468262109 0.58520595511 0.681141188602 0.504801294284 
0.383732420632 0.727357888782 0.569829304851 0.481537949171 0.36301808191 0.496446907954 0.67654780403 0.667937876427 
0.382801835654 0.724866125483 0.547795563191 0.456876838665 0.34700129146 0.640143406164 0.621046718186 0.65199918102 
0.651447782475 0.803172802703 0.745865495261 0.672730377163 0.547900890727 0.751034407587 0.781713629854 0.0868160091218 
0.388824171288 0.725090210024 0.54982611873 0.466817832007 0.344102900537 0.481341614651 0.480686222094 0.763352519589 
0.378395063791 0.725139738084 0.548038597821 0.523667573532 0.397560918538 0.49885625362 0.681654678917 0.721950859113 
0.38956442618 0.725735349855 0.551735334009 0.469828940723 0.344986379733 0.617872027973 0.647862518571 0.693768270216 
0.701732364143 0.82044382252 0.667544782615 0.606101440661 0.522761957446 0.713312306974 0.850629761425 0.103264930814 
0.405137002936 0.752302222771 0.584458347331 0.547648920491 0.423870121568 0.637399970214 0.766235969516 0.403073564539 
0.385223733005 0.724973175239 0.550595641526 0.564510023509 0.440474194011 0.665553874334 0.796258461435 0.440537504904 
0.437069719749 0.746738481016 0.569335699679 0.473085749735 0.355186177277 0.458417862268 0.524889944461 0.852656889814 
0.503571471257 0.827660635362 0.780123506632 0.743250647821 0.59195992253 0.788059779538 0.788941217846 0.0917669092344 
0.385482813237 0.730051782027 0.553996340404 0.523526811659 0.386334696065 0.52103819268 0.732712405044 0.5223506075 
0.393196562797 0.728043864081 0.594910995424 0.502114061611 0.426512475754 0.776971860242 0.822755107603 0.0637448310181 
0.383121881044 0.723816613587 0.545817986836 0.465098978592 0.341408767068 0.649808996803 0.622787812978 0.664664209898 
0.442723574065 0.761595698167 0.59424757751 0.497890213253 0.427352966663 0.802295333135 0.832900338335 0.066020207983 
0.39014423983 0.725007287655 0.54964044986 0.469480576808 0.345571774511 0.491230269848 0.484452142818 0.82846062771 
0.371278858454 0.719353298223 0.771243708152 0.657599907736 0.512618517443 0.702623385194 0.903672642747 0.00881230100171 
0.38523874946 0.729565417917 0.582802648307 0.499576634777 0.386686043103 0.653094594787 0.734704767787 0.495868637724 
0.381470983067 0.724457304134 0.559694965841 0.469444316606 0.386247441819 0.507642920873 0.614333619667 0.660115433031 
0.41179172388 0.73491294278 0.572657519843 0.484005604271 0.361509517288 0.590319481878 0.817425593354 0.124057399743 
0.385848925761 0.724379884342 0.550179870402 0.454985998439 0.329989762082 0.4491539982 0.841051631315 0.403151731005 
0.390356292905 0.725724623419 0.547530757038 0.453534092519 0.359531300825 0.651136730258 0.882325153287 0.227373033774 
0.400873854513 0.731310450398 0.576265374145 0.537421788844 0.491019067237 0.619590345384 0.670019058258 0.569064074714 
0.377918274535 0.722030950396 0.543113098676 0.458571633952 0.365563287527 0.529670584597 0.679784294632 0.740680553954 
0.378248675781 0.722040658756 0.555707120267 0.46023253222 0.36228871002 0.486962025911 0.702912735638 0.730553077958 
0.385653527635 0.724324527126 0.54999648359 0.465175058617 0.340395818963 0.576920905259 0.597532267205 0.749658821848 
0.385733835884 0.724332630744 0.550079861923 0.468105229715 0.3448302958 0.486013799264 0.482478212064 0.794034027831 
0.381453167035 0.724176308402 0.558357829558 0.462255607635 0.3568799923 0.544427648072 0.654905913486 0.656847779263 
0.417061262327 0.7389135367 0.561494426775 0.577504840787 0.426126374367 0.603141201026 0.732289794006 0.646987034704 
0.400986834738 0.730247064294 0.576716567181 0.487110514841 0.420281978832 0.579867813428 0.67626516819 0.493953667022 
0.373502744572 0.72102741777 0.538780530836 0.446355152478 0.322536619388 0.409114010804 0.875489093997 0.435565766794 
0.378631763866 0.722806992465 0.544203873291 0.450249820574 0.325726029487 0.430882313327 0.851199941345 0.435074643809 
0.397566273054 0.733923063915 0.558431036721 0.463875183563 0.3384599018 0.57952198228 0.883399682229 0.142616801275 
0.385968485277 0.724703355322 0.55701160914 0.466366831586 0.342873728529 0.463304456143 0.955429715055 0.0354888711651 
0.386083966239 0.724906510151 0.546448764971 0.455588311481 0.330876731697 0.293849380811 0.297594314153 0.86394466233 
0.382707848612 0.725008629469 0.565637194322 0.46830830658 0.37236894636 0.603728742802 0.861207726771 0.0876549721107 
0.378639107108 0.722734622746 0.544084907067 0.450154797427 0.325653733933 0.430111887141 0.78230363825 0.590092120136 
0.40025142537 0.731059128292 0.575345134692 0.534960343487 0.486370914627 0.614161510322 0.66285713937 0.581033886727 
0.42102288707 0.742580516166 0.589207384265 0.503714168084 0.424816084106 0.745749670543 0.810109479919 0.0609540309895 
0.383970662133 0.724222247969 0.551342014285 0.458535185401 0.347808580127 0.462503131529 0.476697551449 0.678847682638 
0.400609536422 0.731000820252 0.560991181757 0.470202474584 0.370606383972 0.583993650295 0.847345453093 0.132448731871 
0.651447782475 0.803172802703 0.745865495261 0.672730377163 0.547900890727 0.751034407587 0.781713629854 0.0868160091218 
0.396929119708 0.728330927719 0.553035700989 0.515409535924 0.393598697044 0.50353117843 0.660889990388 0.669150760747 
0.383732420632 0.727357888782 0.569829304851 0.481537949171 0.36301808191 0.496446907954 0.67654780403 0.667937876427 
0.399147814306 0.730182316559 0.55901441217 0.467326014454 0.366348669719 0.498656287799 0.670387803365 0.653449656094 
0.432302789586 0.742695644658 0.590749178065 0.505287526121 0.38395822962 0.573338827933 0.678716339375 0.534014369668 
0.38143172518 0.724162183958 0.55824263469 0.462158184352 0.35663572099 0.543512542637 0.65304925003 0.658983962584 
0.38305116535 0.724101961002 0.548223862177 0.526384812828 0.402234820874 0.564888662046 0.597973829665 0.75193713093 
0.651447782475 0.803172802703 0.745865495261 0.672730377163 0.547900890727 0.751034407587 0.781713629854 0.0868160091218 
0.389440121586 0.730401808295 0.552918779497 0.458649391409 0.345435475165 0.479541824237 0.481549787696 0.812693413545 
0.453468364721 0.7557522097 0.584291287898 0.648161331524 0.49585895526 0.734092651958 0.791713552806 0.333788894329 
0.405602670004 0.730132486275 0.552858414271 0.458525761431 0.352467880886 0.553694561459 0.678843654729 0.720533352717 
0.441850421803 0.752135553151 0.591515250572 0.502437465543 0.422840915609 0.720398837804 0.799709517936 0.0586996900365 
0.378079754414 0.722090095471 0.543168642779 0.458869418088 0.365591877276 0.529429513123 0.677870969132 0.735576232057 
0.378020592901 0.722073688729 0.543158457732 0.457370241787 0.360138494115 0.515713909513 0.686961711122 0.735490716247 
0.401371274088 0.73153091856 0.562384821368 0.472424188396 0.373478616294 0.585727896475 0.836006282706 0.129264239029 
0.386312234482 0.730746334519 0.589241905511 0.507746491925 0.392116236167 0.504995401715 0.65463004457 0.653294622317 
0.385223733005 0.724973175239 0.550595641526 0.564510023509 0.440474194011 0.665553874334 0.796258461435 0.440537504904 
0.403067472523 0.728348685644 0.558753841 0.464505468351 0.338529136889 0.579568718718 0.883148109991 0.142545438264 
0.379385196324 0.722860820973 0.554807464033 0.481599451464 0.400162013801 0.67286533062 0.695257535785 0.733609381619 
0.378770447654 0.722646051972 0.544314540563 0.451118913418 0.331155800986 0.440416073918 0.790643445606 0.763212526305 
0.377918274535 0.722030950396 0.543113098676 0.458571633952 0.365563287527 0.529670584597 0.679784294632 0.740680553954 
