0.462577923109 0.474171348386 0.415240427968 0.400093781409 0.455422643448 0.480276578518 0.47238539023 0.88761672749 
0.458495124643 0.451822433549 0.402653394161 0.399337100664 0.44977674973 0.438058460521 0.863599563444 0.353764419866 
0.458355468688 0.456877831423 0.445744738577 0.418327476927 0.529983967144 0.814015542401 0.766303558834 0.430658229749 
0.453681297242 0.438032065274 0.386719513786 0.37377846409 0.505252093548 0.484983219979 0.499003363068 0.934690592551 
0.456186960503 0.449428276659 0.400610424745 0.386634001598 0.444166533214 0.582312922307 0.597437890427 0.808862286999 
0.478822037374 0.508627223754 0.508343453044 0.478244829199 0.587128546033 0.666431104066 0.821230569126 0.155137238375 
0.456440056198 0.449931878957 0.401079255668 0.385538927537 0.477537224107 0.456708004075 0.788399411846 0.707324717663 
0.460650412487 0.457100462517 0.408955573309 0.391116154971 0.447007395943 0.556236106746 0.770307632212 0.583386779216 
0.488629088521 0.487118305752 0.46739352938 0.453765878481 0.524102460771 0.669554672631 0.811073320979 0.195549059262 
0.456069931042 0.449204021238 0.406589079668 0.389357303746 0.493225625929 0.824144446669 0.795634689437 0.450848992786 
0.4542200198 0.446209334344 0.398561756995 0.376553847396 0.434512633276 0.421142642948 0.538686568116 0.870096208512 
0.456266509429 0.450037069095 0.403847239823 0.40262946896 0.526096753335 0.563638697375 0.877477347447 0.054984836337 
0.462920478079 0.458356646672 0.41211414506 0.43658485488 0.546809477763 0.554610981207 0.734879951696 0.504013084037 
0.470823866716 0.47953398391 0.435330095186 0.443847037348 0.548777655177 0.661910310621 0.794663655524 0.193305672897 
0.456193087894 0.449523766155 0.400686057823 0.388467909358 0.469936745608 0.503376607628 0.50761726816 0.860963760975 
0.463284604451 0.467836770415 0.441714519608 0.414910737276 0.490040364519 0.543195560271 0.636077710044 0.74204548561 
0.465299393046 0.46512156649 0.438621452362 0.429138586105 0.516663525933 0.521373918927 0.845327452157 0.249978014984 
0.463275931202 0.457685903378 0.47934400447 0.479997943522 0.507823948163 0.530887180911 0.82406379464 0.412704697346 
0.454449530964 0.465963689733 0.414850568809 0.407291850001 0.486553216946 0.667985872284 0.921546467911 0.220707502422 
0.460303087296 0.484436857868 0.43646355748 0.428931967688 0.514146683708 0.576833564523 0.68186273925 0.634592708063 
0.483219770298 0.51877581835 0.462690560088 0.452450760367 0.49742012753 0.622601098839 0.846125594837 0.0389505706851 
0.460600020148 0.457600589655 0.423627143107 0.445953112581 0.504183111661 0.533391848093 0.834259265393 0.244073748183 
0.463427201317 0.459019753775 0.412972687954 0.440469885108 0.481315660744 0.532065052179 0.819820148947 0.302446974181 
0.464134491573 0.460528306477 0.410968274614 0.420301428151 0.510496424553 0.688848840267 0.822353585561 0.00811060548155 
0.45619325035 0.449558052457 0.400720070444 0.384938914971 0.441073817363 0.422473378516 0.536811289449 0.85515620242 
0.458495124643 0.451822433549 0.402653394161 0.399337100664 0.44977674973 0.438058460521 0.863599563444 0.353764419866 
0.45390121724 0.439271458673 0.388185187143 0.374861910842 0.503882389226 0.484309396248 0.498447775933 0.925745378421 
0.456241831388 0.450560404702 0.401566943392 0.391718338992 0.450605852389 0.495937852056 0.693553345471 0.744415183061 
0.464264397325 0.455803537969 0.444092246557 0.44429310883 0.501507573375 0.56482309389 0.645203858303 0.796468025738 
0.481472450513 0.498278707742 0.481010056441 0.457697643284 0.553299280909 0.538927687447 0.773025336636 0.625606698841 
0.458030859336 0.452511772997 0.406309452823 0.39999209133 0.453446967317 0.557038906427 0.754969255276 0.55908156579 
0.465140807779 0.45837389135 0.408246883562 0.440708978665 0.498040893737 0.484574710266 0.641536088659 0.734714264889 
0.470591415962 0.487140758302 0.469197160989 0.45341324136 0.523184947581 0.674811754422 0.815553096542 0.19806162129 
0.51388320639 0.550141662071 0.533488323843 0.571624656058 0.552171804542 0.622780558997 0.818008587597 0.486660478242 
0.459951830028 0.455800023221 0.407936051298 0.434529689821 0.553626297174 0.553781545343 0.748930514467 0.525453520767 
0.45776961451 0.451107210008 0.40204275216 0.394820527105 0.522075508756 0.554806302965 0.901666848977 0.0576859044117 
0.461920189741 0.468952544185 0.519972855068 0.473257116656 0.676347751451 0.614724614569 0.725938873619 0.608947536417 
0.456440056198 0.449931878957 0.401079255668 0.385538927537 0.477537224107 0.456708004075 0.788399411846 0.707324717663 
0.457355007978 0.456174585376 0.416347127368 0.407036249065 0.518889466905 0.671969137966 0.820205153174 0.28066041255 
0.456080054406 0.449232722768 0.406105966777 0.388999346152 0.488945848386 0.791621456586 0.765183097881 0.542781599883 
0.458047133633 0.455833413873 0.439324283773 0.413576268275 0.517324046531 0.523146939463 0.841466129897 0.429321294473 
0.460188189123 0.46060167594 0.419725397824 0.459580286707 0.551763750621 0.692743808482 0.846256997212 0.132510742095 
0.535150738194 0.542619632619 0.483188197117 0.467321009656 0.602240868761 0.646120592919 0.744600389621 0.493638206223 
0.458977107409 0.486738744508 0.437506182678 0.429344361619 0.516677220029 0.583556267482 0.690514717222 0.656867865307 
0.4898112832 0.483711519728 0.437316798676 0.466620372603 0.560437330882 0.622552717662 0.634815896499 0.730742233599 
0.462736664699 0.478609106978 0.416088996336 0.400623953899 0.455391904416 0.487185196389 0.474273820859 0.95068119884 
0.456196348681 0.448400423941 0.399542801998 0.409442005773 0.454045347151 0.472407815556 0.895535023639 0.35590220597 
0.454731092803 0.445408177545 0.470481878247 0.4366980245 0.501012421152 0.563141883578 0.643209130766 0.788893565598 
0.463284604451 0.467836770415 0.441714519608 0.414910737276 0.490040364519 0.543195560271 0.636077710044 0.74204548561 
0.456197250779 0.449600142349 0.401492378612 0.393864284976 0.521482944417 0.553584065717 0.904997584498 0.0580596991219 
0.489332838218 0.482222916849 0.428608652714 0.591313470565 0.564727506292 0.562685049732 0.69336536008 0.664208715932 
0.458090065925 0.451784971485 0.402424982814 0.399465484122 0.47939865961 0.748516760832 0.865813474353 0.00913416948145 
0.458625720346 0.457793249794 0.45137218354 0.422491849392 0.541080222575 0.862163071429 0.80890415945 0.222449565759 
0.456041796954 0.44643317783 0.398079908965 0.347505302689 0.421007929785 0.408061503428 0.89057453406 0.375733534969 
0.469924665964 0.496065956367 0.443730300787 0.503603661811 0.579186728743 0.567189299182 0.688460508522 0.682311458755 
0.459977385571 0.46237172006 0.479517881986 0.443319982296 0.596578208125 0.551639005541 0.62399792701 0.74489733027 
0.488240294492 0.493614588881 0.444938609442 0.429846932929 0.577746172471 0.613938002901 0.75972501927 0.366732196549 
0.51388320639 0.550141662071 0.533488323843 0.571624656058 0.552171804542 0.622780558997 0.818008587597 0.486660478242 
0.456196348681 0.448400423941 0.399542801998 0.409442005773 0.454045347151 0.472407815556 0.895535023639 0.35590220597 
0.463476393945 0.470368952219 0.456594671022 0.483459374256 0.522321728513 0.637236205911 0.737106436924 0.448384408173 
0.457236610207 0.450361134472 0.404324070319 0.389967818923 0.503712448432 0.726407991285 0.876549589682 0.3233857298 
0.456041796954 0.44643317783 0.398079908965 0.347505302689 0.421007929785 0.408061503428 0.89057453406 0.375733534969 
0.466425239044 0.475934065886 0.459871507377 0.428154760743 0.511672196567 0.593877598479 0.729367705435 0.627819332392 
0.45593529746 0.448408648703 0.547589747471 0.475348779064 0.775910263337 0.637576320673 0.761767954361 0.697366840711 
0.458952369531 0.460767471741 0.424129959232 0.418420092765 0.52956756004 0.668684359153 0.819513101085 0.123408198755 
0.471204651099 0.488741640536 0.472113815831 0.456326757865 0.526676922707 0.578811306122 0.618606571826 0.644294774466 
0.475852798666 0.481165652793 0.43546362206 0.415019804524 0.512683566965 0.538682215969 0.67026291089 0.702375871967 
0.455367900531 0.44877255478 0.400068325888 0.378734935639 0.437615257017 0.424971591595 0.875290015785 0.363161278405 
0.457651353283 0.453615886143 0.409797902792 0.405626292543 0.481637773211 0.540408311423 0.555676313827 0.799504137544 
0.466602467704 0.476727401323 0.450225017129 0.434461511628 0.500470482534 0.606643913737 0.707472366664 0.533336005238 
0.535979405111 0.52924170355 0.461401500851 0.439562525161 0.568605193001 0.582609450277 0.632692028381 0.778664775014 
0.494277358464 0.512848142366 0.473871586227 0.453715437172 0.586471031134 0.659476229475 0.820782068909 0.281097172688 
0.478419570771 0.493462918679 0.443405109977 0.499697758706 0.575289795149 0.565694226192 0.685309116768 0.673737082714 
0.457980966788 0.45733412098 0.406698820432 0.3953470578 0.447964112358 0.668503761873 0.840595686117 0.351427484692 
0.462683421815 0.46030237184 0.43143878005 0.418795573351 0.502810458373 0.497798788082 0.87741203056 0.267434076195 
0.478822037374 0.508627223754 0.508343453044 0.478244829199 0.587128546033 0.666431104066 0.821230569126 0.155137238375 
0.49330671775 0.509231331933 0.46631268888 0.441666406642 0.576150629699 0.636275566604 0.875065512405 0.200512980515 
0.45479971214 0.444180827201 0.471984531518 0.437225064673 0.501507573375 0.56482309389 0.645203858303 0.796468025738 
0.552393030819 0.562942947759 0.501198007889 0.485296545762 0.637408973319 0.669317911211 0.849496254198 0.00861724875156 
0.45619325035 0.449558052457 0.400720070444 0.384938914971 0.441073817363 0.422473378516 0.536811289449 0.85515620242 
0.463275931202 0.457685903378 0.47934400447 0.479997943522 0.507823948163 0.530887180911 0.82406379464 0.412704697346 
0.45619315558 0.449500448041 0.400662326346 0.39123413734 0.495672523578 0.817091389748 0.793485669522 0.446586533257 
0.457580648693 0.454253298183 0.429610677014 0.406388090197 0.4981706541 0.481350499949 0.746220692757 0.62883503667 
0.469960939456 0.493926288214 0.443013014847 0.495471742116 0.571053922437 0.564050777859 0.681882398174 0.664415406036 
0.476066790335 0.467153409433 0.414688788601 0.645511576445 0.579162080414 0.569025314141 0.712068968441 0.712391600552 
0.488629088521 0.487118305752 0.46739352938 0.453765878481 0.524102460771 0.669554672631 0.811073320979 0.195549059262 
0.463284604451 0.467836770415 0.441714519608 0.414910737276 0.490040364519 0.543195560271 0.636077710044 0.74204548561 
0.456196348681 0.448400423941 0.399542801998 0.409442005773 0.454045347151 0.472407815556 0.895535023639 0.35590220597 
0.475399070528 0.471796163959 0.44019702715 0.425719933353 0.590409467694 0.621239252093 0.769729610204 0.378579686154 
0.457996414064 0.455661612427 0.438268151176 0.412794718294 0.497661721 0.490409115783 0.887524358588 0.273034531247 
0.457203913517 0.45033581376 0.406148495589 0.392429410348 0.534724647108 0.723290861906 0.876549589682 0.3233857298 
0.456270912042 0.449773837994 0.39699775028 0.382250705564 0.408258412439 0.403220902812 0.894992820741 0.379427222819 
0.455989478931 0.445353721937 0.397167892259 0.381699993885 0.494617200774 0.479653989301 0.494680013622 0.86547685992 
0.465707263337 0.4604776732 0.506334448654 0.512605660377 0.530695314349 0.541953441609 0.74376469139 0.575822594086 
0.470823866716 0.47953398391 0.435330095186 0.443847037348 0.548777655177 0.661910310621 0.794663655524 0.193305672897 
0.489332838218 0.482222916849 0.428608652714 0.591313470565 0.564727506292 0.562685049732 0.69336536008 0.664208715932 
0.535150738194 0.542619632619 0.483188197117 0.467321009656 0.602240868761 0.646120592919 0.744600389621 0.493638206223 
0.45619325035 0.449558052457 0.400720070444 0.384938914971 0.441073817363 0.422473378516 0.536811289449 0.85515620242 
0.468558556639 0.471439297187 0.426956302252 0.408610471822 0.465606224632 0.557834506201 0.730211423089 0.520032411321 
0.457550598751 0.454151510579 0.428984947666 0.405925043453 0.496936834361 0.643248250378 0.738794266334 0.599006707411 
