0.270337162518 0.554608565438 0.412293928848 0.447644739715 0.376845608523 0.481060656635 0.630376410917 0.7985882952 
0.280847354654 0.559503667131 0.414370020054 0.480777887168 0.455924190969 0.723035169948 0.689969334764 0.598703963895 
0.26925807387 0.6894829409 0.61449192779 0.697749659572 0.618832612135 0.698052142702 0.862884081405 0.142688457021 
0.264996475926 0.568039865737 0.441543663772 0.455433662249 0.430648979346 0.512465899591 0.674903906686 0.791536804148 
0.268245017292 0.549065697104 0.398856504967 0.427980929171 0.32704298905 0.42074606968 0.546427268284 0.861483848489 
0.268771871394 0.551796819636 0.409135807737 0.457105731515 0.345138167767 0.437210971919 0.481598681546 0.831572581744 
0.268886142775 0.550581042931 0.399393205566 0.429931085903 0.347491922759 0.576827008838 0.763521228526 0.607045714258 
0.268660646437 0.55106021293 0.400435486926 0.429560597485 0.333518574925 0.417600567865 0.458546685325 0.862080691837 
0.268238164949 0.549322274148 0.397341705613 0.439930786143 0.33453924849 0.552620257275 0.709797102039 0.683916382067 
0.309615305386 0.596980100331 0.472703026211 0.54177819721 0.490340195168 0.580929494818 0.775255246478 0.580752682201 
0.268668827618 0.552754588012 0.405700893358 0.443419051758 0.468550952496 0.666350738814 0.685308913 0.733588610216 
0.268662743982 0.553472499258 0.402450851207 0.441197874075 0.330887487422 0.5865650596 0.860826765802 0.51822949985 
0.313253320724 0.618856462843 0.457642933026 0.527553617102 0.484261411551 0.575258537624 0.596414118579 0.709942765809 
0.268798608559 0.549360155905 0.398116979327 0.428116148516 0.32564794623 0.411167363507 0.437186186517 0.890441447975 
0.276138714109 0.552946218872 0.42140422298 0.462496750725 0.428277067763 0.600646376709 0.89079986756 0.040392451322 
0.269599004027 0.556215615257 0.435874745436 0.58918935198 0.435125083758 0.711261978698 0.726188726175 0.623014588408 
0.268388493348 0.549120612462 0.397181414422 0.432536435006 0.381800535886 0.809790403928 0.862918001192 0.0465677347015 
0.286135564266 0.563823591955 0.462714753765 0.523272072419 0.501036003995 0.621805466279 0.745115865869 0.432464719648 
0.280416278238 0.559804786678 0.415938300983 0.480125644915 0.432630775773 0.617587315439 0.848037564665 0.0478091789767 
0.293197698986 0.565145268834 0.417710596716 0.450496083429 0.340751895013 0.785826749355 0.844411614978 0.178830079553 
0.71856799964 0.813323239739 0.584037500633 0.615324257723 0.693124620912 0.845277805163 0.836600729368 0.34975376226 
0.261393226555 0.544590266807 0.389689585956 0.392562772175 0.304230058246 0.347431955023 0.388512573814 0.897480514191 
0.2695029698 0.552724399302 0.432293420386 0.456036666467 0.381720605639 0.619169926185 0.783493178665 0.594780602464 
0.380295462045 0.751297862905 0.616491142474 0.594792873766 0.521157310903 0.592742960931 0.807435185312 0.538977639986 
0.268350855306 0.572022179258 0.432759826221 0.471064068828 0.372461802957 0.481293833217 0.625556778319 0.780114672876 
0.268662743982 0.553472499258 0.402450851207 0.441197874075 0.330887487422 0.5865650596 0.860826765802 0.51822949985 
0.271997209727 0.551622388146 0.479745502216 0.540269795259 0.580575503393 0.656866051841 0.776834963797 0.487263092497 
0.292052779258 0.584376318842 0.430663837874 0.461722100694 0.398843599488 0.506144369149 0.630455264956 0.649720257882 
0.289662556162 0.604463082442 0.46302845988 0.52387005518 0.402563906957 0.6249146307 0.635432602839 0.624217174682 
0.269261286037 0.550765861554 0.398387245725 0.431729347258 0.329099512661 0.416134780615 0.507560292594 0.844335676585 
0.26925807387 0.6894829409 0.61449192779 0.697749659572 0.618832612135 0.698052142702 0.862884081405 0.142688457021 
0.268622031195 0.578801979622 0.517878309662 0.565220675866 0.56348194453 0.624574210786 0.635759978813 0.694700316143 
0.269174375695 0.678646245381 0.597725686678 0.676836099237 0.596102932822 0.779692561062 0.811694138796 0.315606518025 
0.286135564266 0.563823591955 0.462714753765 0.523272072419 0.501036003995 0.621805466279 0.745115865869 0.432464719648 
0.281294485286 0.559109853888 0.470544274223 0.531360084711 0.533636006537 0.637043315874 0.758407539091 0.455279958957 
0.298523064084 0.584098995343 0.452418030927 0.510884172227 0.445783498849 0.534970166829 0.683680826919 0.725680709458 
0.284831913827 0.573635141481 0.42045864611 0.489643771879 0.391714662236 0.512338084466 0.845245342432 0.124453261302 
0.268401093375 0.550652497029 0.400966199639 0.434222676405 0.390596251784 0.507518073097 0.878504661207 0.433164637917 
0.268690581449 0.550761938081 0.399881243014 0.437082962834 0.331650334882 0.435627877731 0.570646361472 0.831578985159 
0.276138714109 0.552946218872 0.42140422298 0.462496750725 0.428277067763 0.600646376709 0.89079986756 0.040392451322 
0.286135564266 0.563823591955 0.462714753765 0.523272072419 0.501036003995 0.621805466279 0.745115865869 0.432464719648 
0.272270450812 0.559747475641 0.426026902001 0.466657813171 0.424150142412 0.511219337935 0.665812185779 0.762511374897 
0.270020729428 0.552002812813 0.401040305489 0.430593477318 0.357629051624 0.66990193565 0.820478895475 0.415439170348 
0.279098328909 0.557958908071 0.436937092145 0.533140713543 0.415172626744 0.628793406904 0.695843419081 0.531612254384 
0.282086910757 0.571804357246 0.429307200242 0.457779478834 0.426623290127 0.599497181564 0.657964982721 0.623641733969 
0.268334380272 0.549790594921 0.397785500547 0.442553819623 0.336840594925 0.550798181662 0.704507802561 0.671255205543 
0.268812350862 0.551995434476 0.409960464481 0.459180788067 0.346573449945 0.574033243832 0.754923904646 0.591783885292 
0.268764441824 0.549581727795 0.397661792537 0.436199130015 0.388170722889 0.789820664501 0.85324862407 0.0452472107623 
0.266539716408 0.547532364645 0.393778027313 0.403949568442 0.651014792965 0.732923197215 0.776869534581 0.515210000847 
0.268253552635 0.559424062027 0.413268361256 0.44675116972 0.346037588666 0.576350158004 0.762044490695 0.604423856384 
0.356902482058 0.686635834602 0.516443270006 0.625541607987 0.639561787828 0.736027872406 0.754529793125 0.380622933668 
0.268660646437 0.55106021293 0.400435486926 0.429560597485 0.333518574925 0.417600567865 0.458546685325 0.862080691837 
0.268668827618 0.552754588012 0.405700893358 0.443419051758 0.468550952496 0.666350738814 0.685308913 0.733588610216 
0.280539897945 0.559158921105 0.413854010027 0.480329676703 0.458232727748 0.73017014336 0.690968114898 0.604945784688 
0.268681036423 0.549265021959 0.397891143022 0.429670405824 0.327015036889 0.413230988447 0.510797560763 0.879896886816 
0.26925807387 0.6894829409 0.61449192779 0.697749659572 0.618832612135 0.698052142702 0.862884081405 0.142688457021 
0.268321521294 0.558807634306 0.437120198686 0.57123656994 0.429177844073 0.684861815651 0.716633969616 0.593565264083 
0.268662743982 0.553472499258 0.402450851207 0.441197874075 0.330887487422 0.5865650596 0.860826765802 0.51822949985 
0.26922728814 0.55308704949 0.405619367932 0.442951756993 0.397141946225 0.522399516042 0.841646925232 0.39945613836 
0.282950093194 0.556445747772 0.442343314024 0.493400817752 0.517546060395 0.764315340149 0.851291824433 0.0449808613679 
0.71856799964 0.813323239739 0.584037500633 0.615324257723 0.693124620912 0.845277805163 0.836600729368 0.34975376226 
0.267201337193 0.541232720803 0.488021708846 0.547577612584 0.637728298728 0.678451981624 0.798507764736 0.525319687959 
0.292052779258 0.584376318842 0.430663837874 0.461722100694 0.398843599488 0.506144369149 0.630455264956 0.649720257882 
0.272085763538 0.673453657235 0.589180677651 0.668346039829 0.588062711232 0.772404139932 0.8089257733 0.311921248917 
0.269968818476 0.550307035754 0.400364755819 0.451011859926 0.336112154949 0.584546499512 0.840944247419 0.49519168148 
0.270970915134 0.560106656985 0.410881539765 0.460469305071 0.342989207506 0.582033605778 0.818181864493 0.468865143215 
0.356902482058 0.686635834602 0.516443270006 0.625541607987 0.639561787828 0.736027872406 0.754529793125 0.380622933668 
0.27221339137 0.567104452874 0.426039744675 0.452896419795 0.354247798213 0.449017453022 0.915932188167 0.144163136881 
0.26925807387 0.6894829409 0.61449192779 0.697749659572 0.618832612135 0.698052142702 0.862884081405 0.142688457021 
0.272669402571 0.556889924212 0.417068753665 0.449748854749 0.406231348687 0.563300047768 0.888384821671 0.0416167174419 
0.269842479565 0.554366988997 0.407842602281 0.447029414679 0.399264671474 0.528258559483 0.827114737705 0.386296492863 
0.268237975411 0.553248931505 0.414668333892 0.480348863112 0.458137718896 0.729875155321 0.690927145983 0.604687352551 
0.294497994406 0.596386153605 0.448469069178 0.465899878247 0.373367307494 0.480945638795 0.632798641053 0.807881167476 
0.280539897945 0.559158921105 0.413854010027 0.480329676703 0.458232727748 0.73017014336 0.690968114898 0.604945784688 
0.268297426102 0.549008114897 0.397068635403 0.429935405684 0.357440729623 0.449335048479 0.915578289866 0.144061161736 
0.289662556162 0.604463082442 0.46302845988 0.52387005518 0.402563906957 0.6249146307 0.635432602839 0.624217174682 
0.272777114224 0.556448851276 0.437583712275 0.543826292348 0.41933127992 0.644577701858 0.701776172958 0.548967963006 
0.28863191938 0.572612689742 0.434329547436 0.586027120072 0.434101652678 0.70660523844 0.724512426636 0.617807818597 
0.243649150188 0.72774077468 0.678811459526 0.759498225322 0.676426361392 0.71977873019 0.891465146518 0.153788766164 
0.269598860645 0.552305354867 0.401867948867 0.432566515326 0.33355513281 0.417515817517 0.451018826757 0.857541262179 
0.276138714109 0.552946218872 0.42140422298 0.462496750725 0.428277067763 0.600646376709 0.89079986756 0.040392451322 
0.269141838008 0.557981419668 0.407856022369 0.455690155578 0.337741775377 0.759673044304 0.649526285223 0.771023837661 
0.274077457114 0.558023325562 0.404868631954 0.462051652109 0.558674031482 0.680307053851 0.751845977852 0.458861701665 
0.269271403191 0.691208734789 0.617162029242 0.701080240795 0.622452418706 0.701596732614 0.868158217214 0.0533211163961 
0.268852222508 0.551588312943 0.400308281966 0.438162965395 0.332713835255 0.43809014359 0.566695498208 0.809108149142 
0.281836593784 0.560675541052 0.416099463868 0.482014704854 0.448075337734 0.699282555954 0.686520590438 0.578060545399 
0.268330955141 0.559435312817 0.439655422023 0.580372263155 0.56348194453 0.624574210786 0.635759978813 0.694700316143 
0.350778544712 0.644781801807 0.547980519087 0.65642573412 0.655689821468 0.706686655672 0.798026402172 0.426369753323 
0.26888085285 0.554419284784 0.409450412012 0.450701884182 0.530285168444 0.776065340202 0.792916518759 0.501911521038 
0.266094975104 0.547187685459 0.39289666632 0.394955338042 0.662533519894 0.739095599983 0.779884019943 0.522201451199 
0.282065637034 0.61159731582 0.497043839282 0.517609833919 0.428313875559 0.546049695616 0.914299824251 0.0438263102617 
0.268662743982 0.553472499258 0.402450851207 0.441197874075 0.330887487422 0.5865650596 0.860826765802 0.51822949985 
0.268662743982 0.553472499258 0.402450851207 0.441197874075 0.330887487422 0.5865650596 0.860826765802 0.51822949985 
0.292144564105 0.589000258894 0.442322709454 0.464856146304 0.37167235968 0.481584460369 0.61971013771 0.757736523865 
0.276138714109 0.552946218872 0.42140422298 0.462496750725 0.428277067763 0.600646376709 0.89079986756 0.040392451322 
0.271124005031 0.553701489892 0.403330426331 0.433202485114 0.363757351177 0.659432865675 0.809003731587 0.402653366065 
0.276067968729 0.561114235504 0.407550075311 0.448905458587 0.400091901483 0.530792835898 0.820821310596 0.380622933668 
0.268771871394 0.551796819636 0.409135807737 0.457105731515 0.345138167767 0.437210971919 0.481598681546 0.831572581744 
0.266410045986 0.532271575412 0.377035760286 0.37305523048 0.690488685326 0.75379855952 0.787134889392 0.539178990279 
0.276429463457 0.57139156895 0.425782614403 0.492015323169 0.366357745609 0.651478441414 0.638143796264 0.647189127514 
