0.416801351651 0.341447693926 0.424760105025 0.439761692263 0.485224108255 0.510098384342 0.505733704105 0.951929662719 
0.384828424423 0.290297546853 0.527874381978 0.487808288023 0.532991608698 0.521717548988 0.854355992622 0.378589288702 
0.390801215923 0.30893124289 0.422045847601 0.459558401731 0.417315379844 0.451711621476 0.462070389409 0.759125743245 
0.400844769316 0.310342026378 0.413129138668 0.551135134598 0.517703695162 0.631447518238 0.648095410642 0.687398002367 
0.389390729902 0.305656135672 0.421869442426 0.432744631464 0.409288062577 0.532137215031 0.758892664869 0.553537817793 
0.435590920846 0.354211485827 0.47436083818 0.847507156613 0.732267028903 0.771189909445 0.779768395345 0.499780822699 
0.388647161022 0.298384248357 0.398913878514 0.426779835752 0.428808229488 0.526828931465 0.739639175274 0.500497751501 
0.395837023976 0.319229940327 0.422329220323 0.494453354173 0.531539390747 0.607154696987 0.807195099011 0.0358507272887 
0.561225703333 0.443666916754 0.548901258731 0.531381385425 0.542404098926 0.686638352211 0.771445594665 0.479106051645 
0.384866442579 0.291019264913 0.418109957941 0.439478949567 0.392785737533 0.667187312757 0.705989453204 0.677154729243 
0.388811519781 0.339421167423 0.534380180097 0.561693507588 0.805064510187 0.800439885346 0.788359670184 0.298962018466 
0.393179446608 0.308708172831 0.407105882429 0.426977763573 0.387019279066 0.530824677032 0.819781999568 0.374889211878 
0.423278014727 0.331544759427 0.437018762688 0.453986766882 0.47860444898 0.527678502196 0.648362148417 0.595922122026 
0.38613371703 0.304354250999 0.414118713868 0.502930101305 0.539185953085 0.720017084937 0.818185546335 0.292726511498 
0.405629034007 0.326087373728 0.439482734038 0.497275667997 0.441354887604 0.577240000682 0.855179521313 0.159629803951 
0.504397259887 0.39607313939 0.542783289142 0.576165391316 0.627766535654 0.655204600325 0.763834186526 0.358137727284 
0.389337368415 0.298284079219 0.405974286449 0.438807956056 0.41276977745 0.481253028341 0.536687588977 0.7033656931 
0.389337368415 0.298284079219 0.405974286449 0.438807956056 0.41276977745 0.481253028341 0.536687588977 0.7033656931 
0.400844769316 0.310342026378 0.413129138668 0.551135134598 0.517703695162 0.631447518238 0.648095410642 0.687398002367 
0.396902315167 0.312519944206 0.502386359222 0.49085413184 0.521463733248 0.542266403158 0.795848647996 0.331883115957 
0.389790917234 0.31024782094 0.419454849189 0.451581450797 0.405057674301 0.838964447444 0.759890690552 0.360761490813 
0.389390729902 0.305656135672 0.421869442426 0.432744631464 0.409288062577 0.532137215031 0.758892664869 0.553537817793 
0.435590920846 0.354211485827 0.47436083818 0.847507156613 0.732267028903 0.771189909445 0.779768395345 0.499780822699 
0.415083518898 0.322856605343 0.427170676207 0.463019023699 0.45355725532 0.630400775746 0.800544404854 0.169345909803 
0.392918589029 0.307487580965 0.40856733603 0.443281466009 0.500431579963 0.519303783646 0.73181205929 0.513452771118 
0.395105422056 0.310373058992 0.431435260848 0.450475257549 0.415331333553 0.571217238773 0.728055945033 0.613129875115 
0.398014365993 0.325014339565 0.4287345321 0.464561050485 0.45599669069 0.627012220806 0.794949928071 0.166926647199 
0.38678635887 0.294153437693 0.397006454696 0.434599019242 0.426541088269 0.601035254216 0.694071757445 0.653294350704 
0.400844769316 0.310342026378 0.413129138668 0.551135134598 0.517703695162 0.631447518238 0.648095410642 0.687398002367 
0.412078460027 0.404801784852 0.559461402749 0.570277453697 0.524014829833 0.639168297024 0.679499061137 0.639928634537 
0.411164396576 0.365023116454 0.452736173453 0.466350965583 0.531078621481 0.85418375728 0.772963289032 0.305492046253 
0.388951607956 0.304891345484 0.420669845881 0.431475887372 0.407220997809 0.530987097824 0.765107637256 0.56278637906 
0.442453061389 0.382311830273 0.451941050373 0.460797553128 0.576584535877 0.803032800615 0.875072760438 0.340273111347 
0.391626100653 0.303589449555 0.415561400965 0.503042418448 0.540104304114 0.722461845634 0.820508487262 0.294500174383 
0.386775580602 0.292614917898 0.392675373597 0.420568570415 0.391647756953 0.444395630911 0.880621080083 0.138929865515 
0.387880531516 0.298594053806 0.397471255396 0.419130481924 0.377422911716 0.416605667126 0.634582396828 0.745815684352 
0.384866442579 0.291019264913 0.418109957941 0.439478949567 0.392785737533 0.667187312757 0.705989453204 0.677154729243 
0.38834424567 0.297832453014 0.398230692177 0.425731447307 0.427593548622 0.525690098224 0.743150073794 0.505381371381 
0.399005651344 0.313098475447 0.405903507848 0.425168205923 0.4218434289 0.512467727548 0.574410171683 0.924788241642 
0.384866442579 0.291019264913 0.418109957941 0.439478949567 0.392785737533 0.667187312757 0.705989453204 0.677154729243 
0.406735942214 0.350466434044 0.519642416855 0.569415118014 0.636189164745 0.715060516144 0.776686837773 0.119975844381 
0.392476141884 0.302696721818 0.398984739407 0.419813636815 0.397776503565 0.499642258188 0.56415021478 0.931844460264 
0.388380431752 0.304263895543 0.410594419261 0.439692941502 0.394968886592 0.701876078482 0.650154043981 0.656018019748 
0.401896770459 0.316122596011 0.429689542635 0.652560646807 0.557932767014 0.593009513243 0.844791566302 0.0613070535749 
0.504397259887 0.39607313939 0.542783289142 0.576165391316 0.627766535654 0.655204600325 0.763834186526 0.358137727284 
0.45247857171 0.3643605843 0.495541175339 0.549824611287 0.519099801495 0.566767790942 0.788262588505 0.26612411114 
0.391339588724 0.304329978525 0.404977316843 0.427227138312 0.403719425211 0.473876412865 0.527737362464 0.706182832424 
0.495141809229 0.426008795348 0.50069205526 0.497010157227 0.551863486171 0.643861257345 0.628395756858 0.700792384763 
0.385116471767 0.291175553657 0.40359079735 0.425597469542 0.382094048153 0.524638306156 0.546421528375 0.850768777531 
0.388811519781 0.339421167423 0.534380180097 0.561693507588 0.805064510187 0.800439885346 0.788359670184 0.298962018466 
0.39574112311 0.313862541861 0.414909102417 0.436945270197 0.397872180497 0.490322176215 0.526915633878 0.70478691687 
0.3807437597 0.284006596671 0.38430803693 0.618278083416 0.563677958557 0.698532832 0.672755864356 0.797921910448 
0.399402112453 0.366173161243 0.597288091719 0.650092121096 0.784894409263 0.808093493243 0.803964692105 0.137553102199 
0.398014365993 0.325014339565 0.4287345321 0.464561050485 0.45599669069 0.627012220806 0.794949928071 0.166926647199 
0.385810914894 0.292281572777 0.526362154501 0.48825507053 0.532487765544 0.523326375784 0.849539788812 0.374718079522 
0.470143278934 0.533290363368 0.592724233522 0.585962178906 0.537211471428 0.554938054029 0.847205480865 0.304865434338 
0.435467682575 0.358660819455 0.455511074862 0.472878887587 0.52639919224 0.683171109481 0.792777969584 0.27169506087 
0.398216975428 0.305330287079 0.411398146925 0.440033076817 0.401145274556 0.473469184596 0.527172058671 0.702679856636 
0.394297350793 0.317529640701 0.419206066419 0.49536080563 0.538317483912 0.609285996466 0.817302187223 0.036737101248 
0.411508772451 0.324073361156 0.424280562267 0.462182920991 0.403787586296 0.452175389243 0.937353468479 0.108731040593 
0.436112015988 0.357520623595 0.482685446251 0.712638426564 0.652969051661 0.715604642852 0.755331301663 0.449328282317 
0.386554795 0.292964460669 0.418555667497 0.436655283043 0.421251427826 0.492400315368 0.667506219398 0.680435454295 
0.400844769316 0.310342026378 0.413129138668 0.551135134598 0.517703695162 0.631447518238 0.648095410642 0.687398002367 
0.39079706981 0.310120914319 0.424262683269 0.463192554603 0.419595797266 0.45308317473 0.462378462892 0.770748115432 
0.388168116548 0.296676549534 0.404658631911 0.440920872353 0.415950793583 0.494947171042 0.553228715537 0.80040959614 
0.385504076805 0.294180039569 0.430201367869 0.45241486374 0.405415771582 0.641491831848 0.691265798248 0.636805464904 
0.628640566638 0.495389140187 0.6087861916 0.602774113621 0.593294115099 0.744071938767 0.804750712097 0.0784139487624 
0.386330637852 0.304833946262 0.414898723233 0.502395442742 0.537524443776 0.71595184127 0.815388172998 0.290403759461 
0.386696255611 0.294043303993 0.524928845841 0.488630710501 0.531978393038 0.524774638018 0.845243348656 0.371268287255 
0.38678635887 0.294153437693 0.397006454696 0.434599019242 0.426541088269 0.601035254216 0.694071757445 0.653294350704 
0.454064257108 0.351786872985 0.478795064673 0.5075947805 0.520125214167 0.541392130699 0.798224758128 0.333764894373 
0.426582924067 0.341912998298 0.432465370516 0.44515512018 0.440274284252 0.490632261934 0.885198580351 0.0984007071884 
0.390791149761 0.298673029397 0.428336022044 0.441979112842 0.470283145733 0.55331777084 0.701488850712 0.534125354851 
0.386739846 0.295857201379 0.41300969101 0.436775524774 0.395215740599 0.496763044301 0.530543708837 0.731634388187 
0.389390729902 0.305656135672 0.421869442426 0.432744631464 0.409288062577 0.532137215031 0.758892664869 0.553537817793 
0.474229053714 0.380249927839 0.514068035252 0.573065381607 0.528023200169 0.561783380066 0.812606061994 0.282079893516 
0.388951607956 0.304891345484 0.420669845881 0.431475887372 0.407220997809 0.530987097824 0.765107637256 0.56278637906 
0.390772267328 0.306844200375 0.404334872854 0.424995022168 0.382290604141 0.429706480204 0.885963209593 0.14040646038 
0.657749774206 0.52727394311 0.635324677053 0.59582117918 0.635296230831 0.841167704531 0.773954665878 0.307534002697 
0.395527121035 0.303464810336 0.40467604062 0.574154178752 0.533899275024 0.655077582822 0.656866094733 0.725964109513 
0.388380431752 0.304263895543 0.410594419261 0.439692941502 0.394968886592 0.701876078482 0.650154043981 0.656018019748 
0.388647161022 0.298384248357 0.398913878514 0.426779835752 0.428808229488 0.526828931465 0.739639175274 0.500497751501 
0.454305136 0.365759854679 0.497200098237 0.551911933853 0.519974013855 0.5663294725 0.790385668643 0.267512871106 
0.393400936905 0.307049835807 0.42445871146 0.444109048945 0.399686851238 0.849533066929 0.761525777895 0.364866194747 
0.451349849834 0.44350584295 0.540987706259 0.555041029126 0.524833185978 0.563706589894 0.803152829189 0.275875702464 
0.366524347577 0.270338108406 0.370726524525 0.64340421871 0.580100634321 0.722533980937 0.681427798928 0.838172988322 
0.385469523361 0.302411207579 0.410926026027 0.505069006897 0.545986626691 0.736789387052 0.829713524218 0.302315532423 
0.38678635887 0.294153437693 0.397006454696 0.434599019242 0.426541088269 0.601035254216 0.694071757445 0.653294350704 
0.400844769316 0.310342026378 0.413129138668 0.551135134598 0.517703695162 0.631447518238 0.648095410642 0.687398002367 
0.388008942729 0.328341493342 0.50145706936 0.527671602217 0.705598236122 0.7093868054 0.796617420569 0.400859386913 
0.393188299545 0.364508341439 0.509504561623 0.754581213716 0.613332472438 0.767770423754 0.776703555249 0.495738318958 
0.397861006798 0.30233557903 0.407344008741 0.431026902748 0.414921246133 0.485323319103 0.541602778083 0.732192240043 
0.425431927334 0.326045335877 0.427317469294 0.440725004696 0.411719874381 0.469240514921 0.464017391404 0.839115699449 
0.385902699381 0.299264547091 0.415055293073 0.441782528132 0.396407445089 0.487630829091 0.547035699232 0.825775371971 
0.566939839085 0.404830066528 0.555624365981 0.624747803455 0.542232557465 0.549816910198 0.874417463848 0.3228603449 
0.389390729902 0.305656135672 0.421869442426 0.432744631464 0.409288062577 0.532137215031 0.758892664869 0.553537817793 
0.383945840802 0.290443813319 0.471569176415 0.466019258238 0.556000843331 0.752450568113 0.840460054184 0.311277541532 
0.389786859696 0.300003493885 0.40966609908 0.430610562664 0.387797485122 0.650583386069 0.648832522212 0.690604273868 
0.385372883586 0.294920707707 0.397760650366 0.443605349559 0.396328466716 0.487874700625 0.547381036401 0.827915559537 
0.388244599111 0.29803411864 0.405701469109 0.439250657562 0.413429269864 0.484012402823 0.540019629492 0.72290638423 
