0.407572350856 0.231514278891 0.362671048613 0.587286835832 0.457150168857 0.595340640904 0.871909601684 0.323744272204 
0.402460839098 0.227951065655 0.340228563591 0.477359874566 0.395014517262 0.470880146348 0.462719263906 0.829382500825 
0.44602421783 0.26123257038 0.467851393332 0.584644124016 0.604084361604 0.71256988597 0.780561508041 0.30339890882 
0.471293218122 0.265280141815 0.406019949477 0.513877902557 0.454451048838 0.578361924706 0.927821612835 0.0391954783825 
0.518167082054 0.295458919555 0.455564045401 0.561647451189 0.519860049886 0.696079417094 0.831274004112 0.0102928259559 
0.367445862621 0.211442076218 0.290505247592 0.448007878792 0.330092423954 0.389426030887 0.784353934168 0.713822629428 
0.461864620861 0.260900813111 0.430318082029 0.559669309128 0.505306607415 0.656782480793 0.725596759893 0.444749238377 
0.437100061157 0.248777006076 0.382591078383 0.502929341426 0.447960285654 0.599717965626 0.603089296407 0.765799353893 
0.400619878159 0.227186091572 0.348443302183 0.489101420599 0.382519803562 0.470169150781 0.734528653434 0.754354099576 
0.404946592902 0.230290935235 0.344940203974 0.474354314818 0.372135724378 0.466773833369 0.537115541552 0.805710418755 
0.402549239841 0.227891105817 0.340374322755 0.47101538424 0.369923320902 0.492290164729 0.704565592046 0.67122808975 
0.410587875834 0.238207754281 0.366834868277 0.506979853315 0.427149560659 0.675929862196 0.690268649215 0.501945028772 
0.408742531737 0.232956277862 0.34928848349 0.523555919596 0.484068298886 0.57303785659 0.812795831191 0.415482901475 
0.402525182085 0.227950427695 0.341940018451 0.485754439459 0.618333614132 0.757379276141 0.807465962087 0.294461737594 
0.416043889422 0.234110447183 0.348586481329 0.479878909822 0.383572218599 0.470187870522 0.515938680346 0.773702813326 
0.402285563117 0.227780570158 0.340081619843 0.470690570524 0.358878796718 0.417714673445 0.913635463836 0.294826552606 
0.404847347902 0.230986027146 0.344146249103 0.477464436548 0.415520011484 0.724678365827 0.692663345609 0.55352215722 
0.422008060572 0.244306912588 0.429055244632 0.532431848614 0.513102873361 0.684411630552 0.778448206406 0.353668976058 
0.403752287702 0.228564389616 0.34500401917 0.476185976756 0.410195221539 0.510095101808 0.533964379096 0.804079997487 
0.415457378095 0.232713197574 0.347017855791 0.496073155033 0.145983249322 0.282956336641 0.242238929132 0.920929962569 
0.40262875207 0.229369304493 0.361049738085 0.487120057734 0.450980708115 0.631162456984 0.641159896388 0.675178116871 
0.407346617859 0.229958639317 0.34570598536 0.482687993199 0.376098043782 0.466231314838 0.751256140896 0.679312597384 
0.422571805303 0.239728370488 0.420074777631 0.543085235021 0.467028742076 0.688958286209 0.885766372068 0.0993306042075 
0.416794233939 0.235379027602 0.376789168047 0.496170188158 0.390448573294 0.552391628059 0.756491427852 0.508930183773 
0.403057768402 0.229687332076 0.351733889026 0.480329771107 0.391277216076 0.508631168463 0.723448967034 0.562342478446 
0.401671972931 0.220787082344 0.328949286719 0.459376126297 0.526036342762 0.666642453423 0.673674779187 0.789001757566 
0.402273827918 0.228845705775 0.341284468872 0.48218258345 0.397956659495 0.526064132229 0.509676840871 0.813974552218 
0.448399466096 0.250545983353 0.387533910671 0.56293092684 0.457100888997 0.558622476555 0.807671850967 0.507780405705 
0.402911162881 0.22838291934 0.342406391999 0.518465165248 0.457506138113 0.534870618775 0.794233312633 0.533368648733 
0.407149963057 0.244236475419 0.387775590106 0.511932984347 0.424739466939 0.557367506867 0.833990468467 0.321849660713 
0.429561524583 0.248311759017 0.37917758619 0.509129713628 0.463403990461 0.681593745025 0.765839501972 0.36535021442 
0.403538347827 0.22957503516 0.343402234823 0.483824998055 0.42188951161 0.681844979254 0.677655864207 0.555325430916 
0.402259146469 0.227576106164 0.339699445056 0.470310849505 0.366001914162 0.370445231205 0.874455740146 0.538968599612 
0.416043889422 0.234110447183 0.348586481329 0.479878909822 0.383572218599 0.470187870522 0.515938680346 0.773702813326 
0.40312490456 0.228085701088 0.340453799015 0.472258324836 0.366298219333 0.454752369826 0.560281125377 0.968552055868 
0.518167082054 0.295458919555 0.455564045401 0.561647451189 0.519860049886 0.696079417094 0.831274004112 0.0102928259559 
0.416794233939 0.235379027602 0.376789168047 0.496170188158 0.390448573294 0.552391628059 0.756491427852 0.508930183773 
0.404626304063 0.230026330798 0.344339158897 0.473777273114 0.370906216686 0.464559756335 0.541517303782 0.836196874675 
0.406300541201 0.22987725747 0.35020008767 0.477701924154 0.417888402932 0.717922841555 0.691423176129 0.547928762422 
0.380617246135 0.21964018446 0.328473919441 0.428794532918 0.715610886052 0.820451105899 0.808637400258 0.623824910323 
0.402624519612 0.228101944017 0.340374960941 0.471006160857 0.362313620428 0.485233897535 0.731856224805 0.689657455366 
0.402273827918 0.228845705775 0.341284468872 0.48218258345 0.397956659495 0.526064132229 0.509676840871 0.813974552218 
0.430989051023 0.248415151152 0.372909212059 0.498340474951 0.467330430423 0.78294828872 0.825418260832 0.444376947024 
0.414577656319 0.233662608937 0.354731460515 0.487825923015 0.390200235247 0.490289644086 0.816262373104 0.558035980829 
0.436216423057 0.248243896944 0.374740196386 0.500738177032 0.467367929989 0.759337911805 0.811606290213 0.425864362709 
0.50800616818 0.359220232174 0.471272446833 0.652566363002 0.69759655133 0.804380014987 0.871543138986 0.265552939128 
0.413825979269 0.234574105383 0.385570467394 0.51185849089 0.421555758772 0.582251209476 0.590609318737 0.753472458844 
0.401283828066 0.232778109379 0.386300050097 0.53460618912 0.502179633771 0.606294888191 0.6094856819 0.869787743625 
0.40262875207 0.229369304493 0.361049738085 0.487120057734 0.450980708115 0.631162456984 0.641159896388 0.675178116871 
0.403807924591 0.228955063946 0.345760608706 0.482617218775 0.374065926196 0.757091082929 0.656096007958 0.682064303089 
0.403885074106 0.229977981828 0.344214442603 0.485358435293 0.423918856142 0.673946796575 0.675904617069 0.54797966807 
0.402525182085 0.227950427695 0.341940018451 0.485754439459 0.618333614132 0.757379276141 0.807465962087 0.294461737594 
0.458077496308 0.251101769081 0.386526915802 0.627536281335 0.525559120698 0.655472252019 0.723415669688 0.664597017035 
0.402822827694 0.230249982771 0.372618665274 0.496190142292 0.50016281845 0.735504913686 0.705111442138 0.558830596189 
0.402283359659 0.227771300956 0.340026623868 0.470633447252 0.361814224699 0.444705690346 0.612481218715 0.750701940895 
0.411768319509 0.233019936473 0.370629028783 0.489198175845 0.385676040976 0.731896303777 0.653416938808 0.655592231296 
0.430989051023 0.248415151152 0.372909212059 0.498340474951 0.467330430423 0.78294828872 0.825418260832 0.444376947024 
0.402418840884 0.228416767445 0.348536846574 0.477263702382 0.384169972042 0.495134733999 0.739435155586 0.590240417056 
0.401671972931 0.220787082344 0.328949286719 0.459376126297 0.526036342762 0.666642453423 0.673674779187 0.789001757566 
0.403807924591 0.228955063946 0.345760608706 0.482617218775 0.374065926196 0.757091082929 0.656096007958 0.682064303089 
0.403885074106 0.229977981828 0.344214442603 0.485358435293 0.423918856142 0.673946796575 0.675904617069 0.54797966807 
0.448399466096 0.250545983353 0.387533910671 0.56293092684 0.457100888997 0.558622476555 0.807671850967 0.507780405705 
0.403057768402 0.229687332076 0.351733889026 0.480329771107 0.391277216076 0.508631168463 0.723448967034 0.562342478446 
0.402652785828 0.22797201938 0.344192548981 0.473640248375 0.373747341541 0.472697312992 0.764899228689 0.635900993086 
0.40312490456 0.228085701088 0.340453799015 0.472258324836 0.366298219333 0.454752369826 0.560281125377 0.968552055868 
0.407225599146 0.244492036811 0.388516911277 0.51257407607 0.425720756293 0.559168147676 0.840290006461 0.297808205227 
0.480402555907 0.28222014762 0.426118388856 0.626590550317 0.546529318782 0.740931171804 0.734588562641 0.415267626748 
0.423767360531 0.248160436466 0.380724027986 0.510718383457 0.425995294657 0.660858559884 0.734719462428 0.408225618817 
0.518054354295 0.295393075563 0.455451637815 0.561558907073 0.519706013914 0.695831618796 0.830881760417 0.0335847130679 
0.402273373736 0.229113096984 0.34160243512 0.48504924341 0.406993652384 0.547069746303 0.799120571789 0.540002967814 
0.404847347902 0.230986027146 0.344146249103 0.477464436548 0.415520011484 0.724678365827 0.692663345609 0.55352215722 
0.402273827918 0.228845705775 0.341284468872 0.48218258345 0.397956659495 0.526064132229 0.509676840871 0.813974552218 
0.410210089989 0.233460585836 0.369356877179 0.57898552827 0.458239344921 0.597566520747 0.849776470225 0.308584997293 
0.442203019711 0.247485774069 0.375347019158 0.501600878302 0.467261247921 0.751072477558 0.806764042825 0.419398333174 
0.407572350856 0.231514278891 0.362671048613 0.587286835832 0.457150168857 0.595340640904 0.871909601684 0.323744272204 
0.414079330066 0.234835631102 0.383255277185 0.510385302645 0.420195219956 0.576695860273 0.587942102291 0.737345392925 
0.416043889422 0.234110447183 0.348586481329 0.479878909822 0.383572218599 0.470187870522 0.515938680346 0.773702813326 
0.400930556981 0.227295096545 0.349619564753 0.477180484119 0.468036562147 0.689697493557 0.664110773221 0.780806380511 
0.429561524583 0.248311759017 0.37917758619 0.509129713628 0.463403990461 0.681593745025 0.765839501972 0.36535021442 
0.403242349274 0.228703879007 0.345281242366 0.476505237381 0.409456197226 0.509331108141 0.533139990907 0.79734231486 
0.40193491157 0.227639181712 0.339820415815 0.469960368881 0.367072269826 0.508452245839 0.86614788286 0.667536887095 
0.379184784722 0.219102684003 0.327711480501 0.426028354241 0.73903127983 0.718749733692 0.753465061423 0.748572625759 
0.441946391313 0.246778712441 0.38750115601 0.526108227513 0.454048298105 0.599219317604 0.888924898144 0.335433311157 
0.402285563117 0.227780570158 0.340081619843 0.470690570524 0.358878796718 0.417714673445 0.913635463836 0.294826552606 
0.45447132683 0.251007084494 0.387063549087 0.604898047759 0.510138232315 0.640870345294 0.710761612944 0.631752448966 
0.444172538944 0.243487946499 0.366461015082 0.491296100018 0.464241065818 0.860344232059 0.870560480395 0.505480534985 
0.425935587278 0.245591654292 0.444014700274 0.546582480139 0.499146968786 0.647253825593 0.667736086302 0.562515602034 
0.522709547795 0.283254288125 0.415094134056 0.551622399907 0.456949644978 0.562535389389 0.789812777237 0.485469819004 
0.404847347902 0.230986027146 0.344146249103 0.477464436548 0.415520011484 0.724678365827 0.692663345609 0.55352215722 
0.422820812052 0.239969101315 0.36193837157 0.510110630745 0.403666990253 0.55234514116 0.810354572609 0.338814257641 
0.458195412837 0.25353082853 0.374868594279 0.50961695325 0.419479608481 0.573831717843 0.586562961907 0.729041283534 
0.403717323806 0.228630376094 0.345284629907 0.475475386223 0.405794407145 0.729648874492 0.687871262333 0.600592097333 
0.400963830102 0.231781154148 0.390337363111 0.541203208091 0.519019581441 0.619902038379 0.617322497756 0.919005179356 
0.431258392689 0.248759186516 0.374377193475 0.500240447061 0.467400512753 0.764157415881 0.814427956645 0.42963820804 
0.410073630197 0.230779481688 0.343878323388 0.474126323883 0.391860295451 0.491016985368 0.556198861061 0.815214013535 
0.401830212496 0.222616681449 0.331846386595 0.462322965243 0.482908073503 0.607582297317 0.607008378615 0.85433080426 
0.414079330066 0.234835631102 0.383255277185 0.510385302645 0.420195219956 0.576695860273 0.587942102291 0.737345392925 
0.488347854166 0.267422898417 0.393669097903 0.530645341662 0.450742141838 0.56620588006 0.586562961907 0.729041283534 
0.410983804597 0.234167133545 0.352095741025 0.483612647343 0.479023491915 0.613186865975 0.64454299848 0.670203818375 
0.414079330066 0.234835631102 0.383255277185 0.510385302645 0.420195219956 0.576695860273 0.587942102291 0.737345392925 
