0.64780528896 0.547683905316 0.567899397202 0.595143758683 0.58473091253 0.656833024576 0.767773085695 0.301871551013 
0.633290009532 0.523524726911 0.459216488585 0.50746561245 0.476478505621 0.492522507226 0.654683537049 0.782461913056 
0.65219471751 0.52473480752 0.464467656159 0.520081083349 0.552751651658 0.602136433418 0.746433794282 0.306597483241 
0.639105347802 0.505076411583 0.453980783021 0.484979806631 0.460763360089 0.636361748824 0.837159284895 0.124934962367 
0.694571031052 0.56146103905 0.462968122708 0.49288829789 0.446599876245 0.452841235093 0.861695799085 0.435410108275 
0.635138424779 0.493046482579 0.418695948918 0.471939366258 0.471817332532 0.692125388644 0.833241380908 0.445391421972 
0.683966585561 0.571145752157 0.475978972138 0.524664367798 0.600411975652 0.576885505819 0.860072447212 0.0356231795908 
0.642800915414 0.500877450729 0.42511402763 0.465571202986 0.443597095625 0.459659124838 0.661681527871 0.704522307 
0.661189250121 0.570397807075 0.477514567354 0.526552364001 0.55810957205 0.655639408652 0.823632177011 0.0162899215862 
0.635607128258 0.495451318818 0.421788550194 0.466041726808 0.433527051803 0.426858980129 0.465623163914 0.807056189489 
0.637119426062 0.496777217489 0.431778766302 0.514036232384 0.475392072737 0.466445657462 0.64413969846 0.675276904123 
0.634766366391 0.492493116728 0.470008358497 0.551483386178 0.600052768422 0.5582519487 0.633142315121 0.735546717484 
0.693133619171 0.582310170761 0.488960084145 0.528622220306 0.501947137014 0.54324211662 0.615745858 0.693522044118 
0.63839304258 0.498031048908 0.434654857536 0.496330547606 0.445271935577 0.497457899836 0.865563759853 0.388022824149 
0.689023055242 0.56722872481 0.521023444819 0.560213606785 0.53211378836 0.620042891811 0.755821686044 0.326035172423 
0.658779487323 0.523850601984 0.448718861232 0.506610529937 0.534059258304 0.6656901212 0.771151923487 0.29181678395 
0.667937077663 0.545656816581 0.460616629991 0.532040809179 0.506677978223 0.547215543189 0.804492697104 0.455510291719 
0.645248014258 0.51271085249 0.442261405248 0.513055280731 0.610590404386 0.606041369316 0.670468965162 0.66174284784 
0.636986457986 0.496510776216 0.433208887072 0.475601316849 0.430702412033 0.431127139662 0.589969673802 0.802561904461 
0.637965976387 0.503321055606 0.458689598303 0.586297097625 0.610205774121 0.639142886537 0.708833804125 0.495949704767 
0.635380378359 0.493265201747 0.419412422137 0.456580067218 0.432340910237 0.834270384387 0.878864484411 0.0186063619233 
0.643888752572 0.502604464094 0.440942550465 0.483088568686 0.442339167363 0.520435089555 0.732729480678 0.627829467354 
0.635888742012 0.494091610784 0.421072833751 0.461016623325 0.392154929982 0.318111653837 0.359701426907 0.90022904581 
0.63427644491 0.492736131778 0.419049461724 0.462333614985 0.559556239031 0.548485312117 0.87085200346 0.524053648015 
0.646626145185 0.505424536162 0.429637477701 0.465542508378 0.426996568574 0.463207652965 0.482766513827 0.805807679451 
0.650520962825 0.562051559812 0.466565316662 0.527481392233 0.553461268913 0.5478265486 0.654895455862 0.632285674679 
0.635375169782 0.493608456598 0.4198351389 0.457153332869 0.417953602172 0.411238881198 0.42561469365 0.869608635014 
0.635370483838 0.493608245687 0.421202225076 0.458559965633 0.420020027153 0.418832517831 0.518815187847 0.891437392087 
0.720746733249 0.573181204911 0.528421426268 0.555144880709 0.518351761413 0.770767025001 0.761670075829 0.409529483428 
0.63527792898 0.493535068879 0.421655263207 0.459425874857 0.375548474226 0.2986963444 0.315770898905 0.822035489687 
0.635354240485 0.493569129235 0.41979584646 0.470659439321 0.43817585267 0.501513018939 0.868355311121 0.452563954151 
0.652025667729 0.53489852609 0.468856511337 0.528193602262 0.523497901498 0.586074718436 0.775999985122 0.210353686999 
0.638729759749 0.503573552657 0.43811771111 0.500109195404 0.529149035296 0.612506475247 0.758423702466 0.349547195177 
0.649938046174 0.531303856079 0.499324045263 0.560816692674 0.563693256741 0.543943205444 0.78886816228 0.446841017956 
0.652003642637 0.507747772626 0.43341876057 0.539635756618 0.466440192898 0.538479908456 0.832074457192 0.536760226291 
0.664820574999 0.536429031805 0.463175911586 0.506099630206 0.462468660914 0.528119858289 0.742272752544 0.551352625672 
0.654948497868 0.53877129718 0.521452466373 0.576311892064 0.564250408029 0.685313346176 0.796762923797 0.17256334057 
0.652818059107 0.523039653003 0.467642777738 0.542827897182 0.53795126468 0.628791021906 0.774438955601 0.249820119594 
0.658906005799 0.51535859977 0.480205018674 0.558235769943 0.535765496981 0.591477390296 0.779267732254 0.548591726194 
0.635546309238 0.494800141562 0.423296162438 0.467682722052 0.438052854858 0.438459125368 0.681991643815 0.643452395721 
0.636135192869 0.497084790429 0.421824722378 0.461105057321 0.42366071486 0.428562708593 0.889789660177 0.520086602676 
0.636986457986 0.496510776216 0.433208887072 0.475601316849 0.430702412033 0.431127139662 0.589969673802 0.802561904461 
0.689740310874 0.577099163799 0.5222105458 0.553701843698 0.519812894375 0.744623548007 0.758053210803 0.396369557521 
0.637119426062 0.496777217489 0.431778766302 0.514036232384 0.475392072737 0.466445657462 0.64413969846 0.675276904123 
0.637965976387 0.503321055606 0.458689598303 0.586297097625 0.610205774121 0.639142886537 0.708833804125 0.495949704767 
0.652818059107 0.523039653003 0.467642777738 0.542827897182 0.53795126468 0.628791021906 0.774438955601 0.249820119594 
0.671561285767 0.527338860147 0.465869736738 0.498766505204 0.472795869087 0.490776606318 0.635895438853 0.718058459031 
0.638591712957 0.499834403175 0.427151408993 0.475456510489 0.480929098489 0.460486647556 0.657866224086 0.716191009571 
0.651540483211 0.517460529954 0.47898684083 0.601111216971 0.599516555177 0.760076910876 0.831402069921 0.312959164634 
0.64202124306 0.499823845436 0.424190348818 0.464172327305 0.441215141064 0.455596081793 0.669120104805 0.726159124221 
0.644648309983 0.502684896824 0.426423602304 0.467631792777 0.449896568958 0.470919190317 0.655445906759 0.708943958083 
0.652818059107 0.523039653003 0.467642777738 0.542827897182 0.53795126468 0.628791021906 0.774438955601 0.249820119594 
0.642927985273 0.505684040548 0.431612669291 0.470237374127 0.42957557662 0.444744881914 0.520408849385 0.77342133496 
0.633140925797 0.491837373657 0.461237752762 0.506291324642 0.454778805142 0.527269626637 0.780969933776 0.616503631894 
0.639153975804 0.497603507668 0.4292119021 0.463575309071 0.428205053771 0.667922006781 0.878830544768 0.138406692117 
0.635380378359 0.493265201747 0.419412422137 0.456580067218 0.432340910237 0.834270384387 0.878864484411 0.0186063619233 
0.720746733249 0.573181204911 0.528421426268 0.555144880709 0.518351761413 0.770767025001 0.761670075829 0.409529483428 
0.637119426062 0.496777217489 0.431778766302 0.514036232384 0.475392072737 0.466445657462 0.64413969846 0.675276904123 
0.652003642637 0.507747772626 0.43341876057 0.539635756618 0.466440192898 0.538479908456 0.832074457192 0.536760226291 
0.643814274692 0.502490200939 0.440801849698 0.482873200394 0.442057427306 0.520426527117 0.733692293563 0.629743991492 
0.63727857274 0.497040917163 0.434184890492 0.477006836305 0.432042633469 0.433027729517 0.587138451553 0.788524849329 
0.647976095376 0.529186085779 0.496495275054 0.625664952661 0.575673505654 0.672933535747 0.799711932466 0.0190127708997 
0.635138424779 0.493046482579 0.418695948918 0.471939366258 0.471817332532 0.692125388644 0.833241380908 0.445391421972 
0.645000072024 0.518523297724 0.472375711421 0.525711969901 0.514384722415 0.500017013132 0.830672818895 0.358836696341 
0.636089838864 0.499281434627 0.42724868208 0.466990720435 0.478351961749 0.491020978137 0.638546534775 0.727136200197 
0.64780528896 0.547683905316 0.567899397202 0.595143758683 0.58473091253 0.656833024576 0.767773085695 0.301871551013 
0.701865627184 0.581937978102 0.550420396295 0.596535401621 0.589887499301 0.633277961603 0.77631608574 0.187539858152 
0.635569402737 0.494795783435 0.447559649572 0.635545735898 0.684649685391 0.688015445991 0.719433722053 0.547328073851 
0.634766366391 0.492493116728 0.470008358497 0.551483386178 0.600052768422 0.5582519487 0.633142315121 0.735546717484 
0.635375915081 0.493612950208 0.419702388814 0.457149717447 0.418085930982 0.411297895077 0.425191569387 0.902035375791 
0.63190752194 0.490857523065 0.484083388016 0.533340431048 0.609885887487 0.746900090942 0.886489236954 0.019549175897 
0.643888752572 0.502604464094 0.440942550465 0.483088568686 0.442339167363 0.520435089555 0.732729480678 0.627829467354 
0.68401099648 0.571216615258 0.476030272132 0.524725947122 0.600578441983 0.577034013019 0.860459732668 0.0157230108233 
0.64208463644 0.500656458199 0.424753339528 0.465026236387 0.442703100866 0.458138921348 0.664476377423 0.712629994939 
0.636694603523 0.49545730525 0.428769227022 0.485321108351 0.435196252865 0.475745021768 0.906933340556 0.423360997848 
0.637600697788 0.497917308979 0.424901775929 0.469858664184 0.461624635672 0.446286357428 0.534146524169 0.792197844047 
0.639636516993 0.501799635837 0.429625684255 0.479392728689 0.481086206458 0.466445657462 0.64413969846 0.675276904123 
0.638600253595 0.496174416667 0.424196060317 0.462859013432 0.481623003411 0.49220554653 0.65129835181 0.77084645836 
0.633140925797 0.491837373657 0.461237752762 0.506291324642 0.454778805142 0.527269626637 0.780969933776 0.616503631894 
0.700972215005 0.553718427999 0.474824479546 0.689017631922 0.707000816631 0.642832587135 0.892709760087 0.108114293328 
0.646930259879 0.511356987061 0.441606195994 0.47404512669 0.444341403376 0.652720393637 0.858439218116 0.131813040872 
0.64202124306 0.499823845436 0.424190348818 0.464172327305 0.441215141064 0.455596081793 0.669120104805 0.726159124221 
0.646262158895 0.521789854903 0.479263381813 0.534684315319 0.526987391431 0.511244020189 0.882382666447 0.0363943583954 
0.663767608014 0.548536546003 0.484301418113 0.617665021064 0.594578723126 0.606041369316 0.670468965162 0.66174284784 
0.634154169225 0.492472722941 0.416941874915 0.448420664891 0.480416023762 0.643454227132 0.61862707913 0.821965816892 
0.635439904565 0.493790256078 0.420516326907 0.458294541548 0.42085932575 0.456263667219 0.483670935392 0.80236333863 
0.635216830223 0.493486049864 0.419734706847 0.458016589522 0.438659794221 0.433744978866 0.499023303689 0.911695885613 
0.649358249161 0.504844426981 0.430479612538 0.540806139948 0.46396259277 0.537661437458 0.849578764403 0.559242816729 
0.656287854034 0.514426142246 0.440807388294 0.534978389575 0.473057511621 0.540243540587 0.790973857741 0.484222432051 
0.686000498031 0.540796648591 0.484232833321 0.515317322014 0.477621056143 0.62572512938 0.668412506023 0.652081783565 
0.651441879237 0.520717929761 0.463872076724 0.536079090547 0.528509259012 0.61187613077 0.747763300557 0.34883586632 
0.645248014258 0.51271085249 0.442261405248 0.513055280731 0.610590404386 0.606041369316 0.670468965162 0.66174284784 
0.652818059107 0.523039653003 0.467642777738 0.542827897182 0.53795126468 0.628791021906 0.774438955601 0.249820119594 
0.635417153039 0.493692676187 0.419962641357 0.457503745679 0.420163028855 0.421238274988 0.677230495947 0.704788320507 
0.641245551902 0.499432380564 0.433826453501 0.472058333733 0.44305333929 0.454393073989 0.52220668707 0.778419690458 
0.737218923807 0.610342970881 0.494032682601 0.518536233675 0.46700557228 0.456818237745 0.666700483081 0.7427539668 
0.635909495759 0.497184076617 0.431592281228 0.581906336152 0.58833259279 0.684718020708 0.864988655582 0.217232070656 
0.637518589313 0.497557793873 0.465636626704 0.53985612708 0.571449943719 0.547675181871 0.625867277191 0.695658234777 
0.641161381956 0.499482692387 0.433493316845 0.471912007365 0.442686474618 0.453908221815 0.520965971584 0.767331803132 
0.636135192869 0.497084790429 0.421824722378 0.461105057321 0.42366071486 0.428562708593 0.889789660177 0.520086602676 
