0.420659368395 0.886969603896 1.00194325117 0.710863756625 
0.420659368395 0.886969603896 1.00194325117 0.710863756625 
0.420659368395 0.886969603896 1.00194325117 0.710863756625 
0.420659368395 0.886969603896 1.00194325117 0.710863756625 
0.546246782815 1.15177397168 1.00194325117 0.354562806414 
0.635021050333 0.485045320611 0.981934850739 0.16682165313 
0.996004386623 1.15017671489 0.482617053642 0.354071026362 
0.971925740268 1.12379051294 0.49268532034 0.462923712164 
0.71492234006 0.826629501464 0.483506778836 0.761726648461 
0.420659368395 0.886969603896 1.00194325117 0.710863756625 
0.921405000703 1.05077665702 0.453468724474 0.531159057172 
0.420659368395 0.886969603896 1.00194325117 0.710863756625 
0.568977100638 1.19970144489 1.00194325117 0.215583429466 
0.635021050333 0.485045320611 0.981934850739 0.16682165313 
0.971925740268 1.12379051294 0.49268532034 0.462923712164 
0.444584263633 0.486284342896 0.782172733959 0.86155204632 
0.54404754541 0.885739571866 0.882137905118 0.709877866408 
0.736354774584 1.20034337055 0.882719086748 0.215426256228 
0.546246782815 1.15177397168 1.00194325117 0.354562806414 
0.472326015875 1.10096180136 1.0314421625 0.454092414971 
0.842451540481 0.960737431976 0.453468724474 0.639909154582 
0.842451540481 0.960737431976 0.453468724474 0.639909154582 
0.485667387563 0.802087724096 0.976449671793 0.517642809383 
0.763540100976 1.10096180136 0.792571188485 0.454092414971 
0.522148354436 1.10096180136 1.00194325117 0.454092414971 
0.546246782815 1.15177397168 1.00194325117 0.354562806414 
0.513972702467 1.19803772336 1.0300117705 0.215284382897 
0.736354774584 1.20034337055 0.882719086748 0.215426256228 
0.513972702467 1.19803772336 1.0300117705 0.215284382897 
0.61899311542 1.19534492029 0.966250972114 0.214800363483 
0.478430684621 1.20034337055 1.04815984273 0.215426256228 
0.420659368395 0.886969603896 1.00194325117 0.710863756625 
0.723964743377 0.79187061092 0.787382248278 0.527681230622 
0.472326015875 1.10096180136 1.0314421625 0.454092414971 
0.675750278335 1.10155089435 0.882719086748 0.453761401087 
0.420659368395 0.886969603896 1.00194325117 0.710863756625 
0.485667387563 0.802087724096 0.976449671793 0.517642809383 
0.736354774584 1.20034337055 0.882719086748 0.215426256228 
1.08841851756 1.20340085234 0.361936360898 0.215975130779 
0.568977100638 1.19970144489 1.00194325117 0.215583429466 
0.522148354436 1.10096180136 1.00194325117 0.454092414971 
0.420659368395 0.886969603896 1.00194325117 0.710863756625 
0.723964743377 0.79187061092 0.787382248278 0.527681230622 
1.0122343041 1.15435919877 0.454486579206 0.355358773052 
0.61899311542 1.19534492029 0.966250972114 0.214800363483 
0.268350050788 0.437440477278 0.887991781455 0.967381226559 
0.497504994764 0.960737431976 0.969772570584 0.639909154582 
0.921405000703 1.05077665702 0.453468724474 0.531159057172 
0.635021050333 0.485045320611 0.981934850739 0.16682165313 
0.568977100638 1.19970144489 1.00194325117 0.215583429466 
0.546246782815 1.15177397168 1.00194325117 0.354562806414 
0.473820390308 0.415165764676 1.03470552865 0.455529283951 
0.5421545948 1.04696092825 0.966250972114 0.529230030297 
0.568977100638 1.19970144489 1.00194325117 0.215583429466 
0.420659368395 0.886969603896 1.00194325117 0.710863756625 
0.842451540481 0.960737431976 0.453468724474 0.639909154582 
0.573325288981 0.662907453868 0.492583486744 0.889799884419 
0.61899311542 1.19534492029 0.966250972114 0.214800363483 
0.736354774584 1.20034337055 0.882719086748 0.215426256228 
0.420659368395 0.886969603896 1.00194325117 0.710863756625 
1.05909265859 1.22457754375 0.49268532034 0.219776738689 
0.387314586164 0.430542984156 0.460860938155 0.977824351061 
0.485667387563 0.802087724096 0.976449671793 0.517642809383 
0.522148354436 1.10096180136 1.00194325117 0.454092414971 
0.513972702467 1.19803772336 1.0300117705 0.215284382897 
0.546246782815 1.15177397168 1.00194325117 0.354562806414 
0.572654680931 1.20745571971 1.00192824602 0.18254571037 
0.741114199492 1.20810179444 0.882705867094 0.182412617141 
0.635021050333 0.485045320611 0.981934850739 0.16682165313 
0.675750278335 1.10155089435 0.882719086748 0.453761401087 
0.586786981698 0.651033391539 0.377507462975 0.874785233673 
1.0122343041 1.15435919877 0.454486579206 0.355358773052 
0.646866700959 1.05313518982 0.885345721269 0.532351404275 
0.225057724145 0.434610519212 0.969772570584 0.962139384132 
0.723964743377 0.79187061092 0.787382248278 0.527681230622 
0.675750278335 1.10155089435 0.882719086748 0.453761401087 
0.472326015875 1.10096180136 1.0314421625 0.454092414971 
0.871338514796 0.94719854141 0.29981409402 0.630961179214 
0.675750278335 1.10155089435 0.882719086748 0.453761401087 
0.473820390308 0.415165764676 1.03470552865 0.455529283951 
0.190079388028 0.443622296806 1.05149949325 0.980850039649 
0.736354774584 1.20034337055 0.882719086748 0.215426256228 
0.308071621975 0.649575378141 1.00194325117 0.872825995429 
0.472326015875 1.10096180136 1.0314421625 0.454092414971 
1.0122343041 1.15435919877 0.454486579206 0.355358773052 
0.568977100638 1.19970144489 1.00194325117 0.215583429466 
0.522148354436 1.10096180136 1.00194325117 0.454092414971 
0.420659368395 0.886969603896 1.00194325117 0.710863756625 
0.822425693682 0.899567162868 0.783433565518 0.21309730672 
0.921405000703 1.05077665702 0.453468724474 0.531159057172 
0.635021050333 0.485045320611 0.981934850739 0.16682165313 
0.820154812391 1.1825956724 0.781270327134 0.215583429466 
0.921405000703 1.05077665702 0.453468724474 0.531159057172 
0.420659368395 0.886969603896 1.00194325117 0.710863756625 
0.550954603002 0.42083298341 0.981934850739 0.537821192412 
0.497504994764 0.960737431976 0.969772570584 0.639909154582 
0.921405000703 1.05077665702 0.453468724474 0.531159057172 
0.420659368395 0.886969603896 1.00194325117 0.710863756625 
0.387314586164 0.430542984156 0.460860938155 0.977824351061 
0.497504994764 0.960737431976 0.969772570584 0.639909154582 
