0.138468687991 0.412787795026 0.740532449954 0.887290371603 
0.496466293613 0.651218095309 0.705129559367 0.722866764528 
0.499187796268 0.796337305487 0.79279171856 0.64176060394 
0.552807629195 0.578409391484 0.415848757781 0.83010032668 
0.648056790723 0.439105494708 0.523800963059 0.499202611644 
0.499187796268 0.796337305487 0.79279171856 0.64176060394 
0.499187796268 0.796337305487 0.79279171856 0.64176060394 
1.13882583371 1.13543885481 0.14884777331 0.437421675644 
0.496466293613 0.651218095309 0.705129559367 0.722866764528 
1.14040649759 0.420703951035 0.142145630041 0.294286782516 
0.0151870844568 1.0226974172 1.01060982792 0.402436290061 
1.17490970959 0.433432432619 0.145705726299 0.275147519644 
0.0756177394072 0.243334873666 0.923345361313 0.935998906031 
0.496466293613 0.651218095309 0.705129559367 0.722866764528 
0.243260881455 0.782756271296 0.92513091859 0.582794768777 
0.648056790723 0.439105494708 0.523800963059 0.499202611644 
0.0151870844568 1.0226974172 1.01060982792 0.402436290061 
1.14040649759 0.420703951035 0.142145630041 0.294286782516 
1.14040649759 0.420703951035 0.142145630041 0.294286782516 
0.618360045092 0.707188934987 0.515621617113 0.725123494688 
0.713160961487 0.746187602181 0.51550305819 0.806137929315 
0.496466293613 0.651218095309 0.705129559367 0.722866764528 
0.496466293613 0.651218095309 0.705129559367 0.722866764528 
0.504214168618 0.323864599416 0.800774565923 0.648222556725 
0.499187796268 0.796337305487 0.79279171856 0.64176060394 
0.0151870844568 1.0226974172 1.01060982792 0.402436290061 
1.17490970959 0.433432432619 0.145705726299 0.275147519644 
0.333320454111 0.150336676505 0.627546304229 1.01204588619 
0.43193464298 0.0337167476979 0.572772934657 0.858233590357 
0.496466293613 0.651218095309 0.705129559367 0.722866764528 
1.14040649759 0.420703951035 0.142145630041 0.294286782516 
0.351008549274 0.0273992268587 0.465456647444 0.900405330213 
0.0143073640064 0.984146630302 1.0861420144 0.652844646404 
0.496466293613 0.651218095309 0.705129559367 0.722866764528 
1.14040649759 0.420703951035 0.142145630041 0.294286782516 
1.14040649759 0.420703951035 0.142145630041 0.294286782516 
0.713160961487 0.746187602181 0.51550305819 0.806137929315 
0.496466293613 0.651218095309 0.705129559367 0.722866764528 
0.633885983399 1.01121427277 0.875482619065 0.423920996285 
0.496466293613 0.651218095309 0.705129559367 0.722866764528 
1.14040649759 0.420703951035 0.142145630041 0.294286782516 
0.496466293613 0.651218095309 0.705129559367 0.722866764528 
0.504214168618 0.323864599416 0.800774565923 0.648222556725 
1.14040649759 0.420703951035 0.142145630041 0.294286782516 
0.786428736379 0.361316321249 0.635646413112 0.605792318651 
0.0151870844568 1.0226974172 1.01060982792 0.402436290061 
0.240785343978 0.275378222164 0.53630119635 0.978464382821 
0.496466293613 0.651218095309 0.705129559367 0.722866764528 
0.496466293613 0.651218095309 0.705129559367 0.722866764528 
0.0151870844568 1.0226974172 1.01060982792 0.402436290061 
0.243260881455 0.782756271296 0.92513091859 0.582794768777 
0.552807629195 0.578409391484 0.415848757781 0.83010032668 
0.333320454111 0.150336676505 0.627546304229 1.01204588619 
1.14040649759 0.420703951035 0.142145630041 0.294286782516 
1.14040649759 0.420703951035 0.142145630041 0.294286782516 
0.499187796268 0.796337305487 0.79279171856 0.64176060394 
0.499187796268 0.796337305487 0.79279171856 0.64176060394 
0.351008549274 0.0273992268587 0.465456647444 0.900405330213 
0.786428736379 0.361316321249 0.635646413112 0.605792318651 
0.496466293613 0.651218095309 0.705129559367 0.722866764528 
1.14040649759 0.420703951035 0.142145630041 0.294286782516 
1.14040649759 0.420703951035 0.142145630041 0.294286782516 
0.496466293613 0.651218095309 0.705129559367 0.722866764528 
0.204090809962 0.656719652964 0.92513091859 0.718024695436 
1.14040649759 0.420703951035 0.142145630041 0.294286782516 
0.496466293613 0.651218095309 0.705129559367 0.722866764528 
0.496466293613 0.651218095309 0.705129559367 0.722866764528 
0.552807629195 0.578409391484 0.415848757781 0.83010032668 
1.14040649759 0.420703951035 0.142145630041 0.294286782516 
0.0151870844568 1.0226974172 1.01060982792 0.402436290061 
0.5522022808 0.296355872836 0.784292998644 0.804019550878 
1.14040649759 0.420703951035 0.142145630041 0.294286782516 
0.499187796268 0.796337305487 0.79279171856 0.64176060394 
1.14040649759 0.420703951035 0.142145630041 0.294286782516 
0.786428736379 0.361316321249 0.635646413112 0.605792318651 
0.496466293613 0.651218095309 0.705129559367 0.722866764528 
0.496466293613 0.651218095309 0.705129559367 0.722866764528 
0.731606291408 0.654837453444 0.0602439440493 0.723983145468 
0.351008549274 0.0273992268587 0.465456647444 0.900405330213 
0.0151870844568 1.0226974172 1.01060982792 0.402436290061 
1.14040649759 0.420703951035 0.142145630041 0.294286782516 
1.14040649759 0.420703951035 0.142145630041 0.294286782516 
0.0756177394072 0.243334873666 0.923345361313 0.935998906031 
1.14040649759 0.420703951035 0.142145630041 0.294286782516 
0.899503466429 0.405699972494 0.589746291905 0.257542152314 
0.786428736379 0.361316321249 0.635646413112 0.605792318651 
0.496466293613 0.651218095309 0.705129559367 0.722866764528 
0.496466293613 0.651218095309 0.705129559367 0.722866764528 
1.13882583371 1.13543885481 0.14884777331 0.437421675644 
0.899323599046 1.02851097312 0.515805103515 0.256930275267 
0.496466293613 0.651218095309 0.705129559367 0.722866764528 
1.14040649759 0.420703951035 0.142145630041 0.294286782516 
1.14040649759 0.420703951035 0.142145630041 0.294286782516 
0.552807629195 0.578409391484 0.415848757781 0.83010032668 
0.496466293613 0.651218095309 0.705129559367 0.722866764528 
1.14040649759 0.420703951035 0.142145630041 0.294286782516 
0.704779886587 0.924461468186 0.690660013048 0.264582658648 
0.5522022808 0.296355872836 0.784292998644 0.804019550878 
0.499187796268 0.796337305487 0.79279171856 0.64176060394 
0.499187796268 0.796337305487 0.79279171856 0.64176060394 
