0.756757627959 1.06549443913 0.837583278041 0.446717758531 
0.736057254012 0.589322786373 0.717398506 0.709197012785 
0.585783386541 0.549166456806 0.833302180569 0.764700431771 
0.471099491087 0.441651815795 0.833302180569 0.891589325116 
0.587137545798 0.555525450071 0.291924989069 0.965174736499 
0.548660784671 0.426307235318 0.66118245619 0.891589325116 
0.471099491087 0.441651815795 0.833302180569 0.891589325116 
1.14245271495 0.985670344921 0.405851824913 0.300020179735 
0.587137545798 0.555525450071 0.291924989069 0.965174736499 
0.144063925817 0.759212093646 0.988518081822 0.703913733443 
0.587137545798 0.555525450071 0.291924989069 0.965174736499 
1.14245271495 0.985670344921 0.405851824913 0.300020179735 
0.585783386541 0.549166456806 0.833302180569 0.764700431771 
0.537284328396 0.653440805445 0.714672882231 0.90995742643 
0.476261635835 0.370053611222 0.684915331559 0.953696550314 
0.805030984042 1.13346178413 0.846114898826 0.309339600321 
0.617821707688 0.733884346178 0.926604364418 0.300802555955 
0.586689438551 0.409554632011 0.943954842202 0.493191946105 
0.389849783709 0.716234568897 0.915013589062 0.835806391625 
0.893369273989 0.887470327436 0.445416456829 0.711114840191 
0.943307305721 1.09559830696 0.675456899041 0.295553780338 
0.603474859012 0.555525450071 0.153464271499 0.965174736499 
0.624048717774 0.649011849965 0.543138703929 0.803686972887 
0.686584241587 0.728325038083 0.715601747451 0.765460757947 
0.756757627959 1.06549443913 0.837583278041 0.446717758531 
0.852125235386 0.746772142004 0.454325715121 0.784850051536 
0.14766121229 0.749394401123 1.1087549777 0.787606243085 
1.07503485871 1.12481099774 0.546152745037 0.306978173065 
0.0512730254952 0.238383407942 1.10216800789 1.08576245794 
0.139395580596 0.648065625094 1.10593193207 0.882823498655 
0.14766121229 0.749394401123 1.1087549777 0.787606243085 
0.587137545798 0.555525450071 0.291924989069 0.965174736499 
0.465426375232 0.830317011765 0.944780673999 0.769845587816 
0.779966433444 0.715252090735 0.15455243531 0.859474967199 
0.471099491087 0.441651815795 0.833302180569 0.891589325116 
1.21168536873 1.12369996774 0.224251710934 0.301739026439 
0.548660784671 0.426307235318 0.66118245619 0.891589325116 
0.712054074737 0.671143831598 0.296667873196 0.916981005504 
0.466284027002 0.373330039427 0.721151281019 0.977877513262 
0.765615975855 0.664663219859 0.617782891616 0.776572975978 
0.774268333952 0.71804636203 0.224251710934 0.862915854145 
0.357997293706 0.657715399508 0.903617198284 0.872603004727 
0.462423190671 0.562395747318 0.734034805383 0.98085686172 
0.719612568344 0.701812107746 0.296551761525 0.818974892671 
0.928723661992 1.12950379305 0.734034805383 0.308259177386 
0.159497496333 0.667022031414 1.09441564067 0.779329167527 
0.466284027002 0.373330039427 0.721151281019 0.977877513262 
0.199156607548 1.01073264537 1.10487525616 0.307620753618 
0.603474859012 0.555525450071 0.153464271499 0.965174736499 
0.12859935434 0.236267127484 0.817782771009 0.937005947427 
0.389849783709 0.716234568897 0.915013589062 0.835806391625 
0.933198406205 0.755696389346 0.737571497908 0.304730169364 
0.893369273989 0.887470327436 0.445416456829 0.711114840191 
0.288259418406 0.267329418425 0.226199838625 1.0918282982 
0.466284027002 0.373330039427 0.721151281019 0.977877513262 
0.852125235386 0.746772142004 0.454325715121 0.784850051536 
0.466284027002 0.373330039427 0.721151281019 0.977877513262 
0.43325375102 0.907268015979 0.995547655134 0.484605243293 
0.981812707568 1.01073264537 0.703028699185 0.307620753618 
0.587137545798 0.555525450071 0.291924989069 0.965174736499 
0.805030984042 1.13346178413 0.846114898826 0.309339600321 
0.928723661992 1.12950379305 0.734034805383 0.308259177386 
0.299989109705 0.551143174064 0.903617198284 0.933387757577 
0.148870218601 0.176839005726 0.946685007452 1.08471064584 
0.92219423222 0.563089645124 0.15804198307 0.78408972536 
0.755817709291 0.904013210539 0.797399288506 0.482866501891 
0.0512730254952 0.238383407942 1.10216800789 1.08576245794 
0.476261635835 0.370053611222 0.684915331559 0.953696550314 
0.471099491087 0.441651815795 0.833302180569 0.891589325116 
0.585783386541 0.549166456806 0.833302180569 0.764700431771 
1.11937486331 1.02649862477 0.152050843144 0.483696090055 
0.755817709291 0.904013210539 0.797399288506 0.482866501891 
0.587137545798 0.555525450071 0.291924989069 0.965174736499 
0.43325375102 0.907268015979 0.995547655134 0.484605243293 
0.462423190671 0.562395747318 0.734034805383 0.98085686172 
0.189291538479 0.177460573086 0.843553969009 1.08852347739 
1.14245271495 0.985670344921 0.405851824913 0.300020179735 
0.508402485714 0.476622881785 0.836225011763 0.860238100695 
0.852125235386 0.746772142004 0.454325715121 0.784850051536 
0.376742111181 0.592924669835 0.95093039337 0.918295641005 
0.967275200701 0.887555622122 0.159636293672 0.711114840191 
1.14245271495 0.985670344921 0.405851824913 0.300020179735 
0.852125235386 0.746772142004 0.454325715121 0.784850051536 
0.7057642535 0.565068828832 0.735592301672 0.786845916909 
0.587137545798 0.555525450071 0.291924989069 0.965174736499 
1.1587404671 0.93797946526 0.159111779814 0.44577265235 
0.462423190671 0.562395747318 0.734034805383 0.98085686172 
0.712054074737 0.671143831598 0.296667873196 0.916981005504 
0.719612568344 0.701812107746 0.296551761525 0.818974892671 
0.712054074737 0.671143831598 0.296667873196 0.916981005504 
0.136252367779 0.71804636203 1.08099500355 0.862915854145 
0.471099491087 0.441651815795 0.833302180569 0.891589325116 
0.471099491087 0.441651815795 0.833302180569 0.891589325116 
0.586689438551 0.409554632011 0.943954842202 0.493191946105 
0.465426375232 0.830317011765 0.944780673999 0.769845587816 
0.712054074737 0.671143831598 0.296667873196 0.916981005504 
0.471099491087 0.441651815795 0.833302180569 0.891589325116 
0.476261635835 0.370053611222 0.684915331559 0.953696550314 
0.0512730254952 0.238383407942 1.10216800789 1.08576245794 
0.288259418406 0.267329418425 0.226199838625 1.0918282982 
