0.901674534101 0.521834976787 0.566003140566 0.256503581632 
0.583265285026 0.707712055376 0.656766859994 0.712450002776 
0.912395249704 0.833367933642 0.113231192194 0.576895052015 
0.209588448079 0.282034754133 0.82417477109 0.754708447856 
0.813044100751 0.986516536904 0.660987620859 0.120141710664 
0.363409463302 0.489024533996 0.869052216959 0.365454515231 
1.04792794326 0.548462673428 0.422063704212 0.27649115582 
0.334249697451 0.449785594469 0.894147233716 0.553669072992 
1.04792794326 0.548462673428 0.422063704212 0.27649115582 
0.334249697451 0.449785594469 0.894147233716 0.553669072992 
0.71021345824 0.709144503351 0.413362340766 0.709502816216 
0.860724058292 0.389724959466 0.694866004629 0.00558332369829 
0.31295667383 0.688118319399 0.940146396764 0.699723753403 
0.361253188853 0.185124497893 0.785703961417 0.945647924204 
0.0819244475607 0.800708104982 0.937748534305 0.358020944458 
0.334249697451 0.449785594469 0.894147233716 0.553669072992 
0.728668618055 0.825089750082 0.708987803284 0.612042223573 
0.728668618055 0.825089750082 0.708987803284 0.612042223573 
0.0535493620529 0.523382170627 1.00793548508 0.857141616194 
0.334249697451 0.449785594469 0.894147233716 0.553669072992 
0.115506417906 0.602043139855 1.0583049881 0.522501626403 
0.334249697451 0.449785594469 0.894147233716 0.553669072992 
0.0819244475607 0.800708104982 0.937748534305 0.358020944458 
0.550382515269 0.318528373851 0.593214488873 0.904266205127 
0.969843218008 0.825110842624 0.120361089371 0.613219992382 
0.0923507847362 0.902610659541 1.01236394152 0.255945100277 
0.592608584192 0.660719719108 0.667287660627 0.723863041854 
1.04792794326 0.548462673428 0.422063704212 0.27649115582 
0.361253188853 0.185124497893 0.785703961417 0.945647924204 
0.31295667383 0.688118319399 0.940146396764 0.699723753403 
0.0535493620529 0.523382170627 1.00793548508 0.857141616194 
0.592608584192 0.660719719108 0.667287660627 0.723863041854 
0.334249697451 0.449785594469 0.894147233716 0.553669072992 
0.31295667383 0.688118319399 0.940146396764 0.699723753403 
1.04792794326 0.548462673428 0.422063704212 0.27649115582 
0.728668618055 0.825089750082 0.708987803284 0.612042223573 
0.0535493620529 0.523382170627 1.00793548508 0.857141616194 
0.361253188853 0.185124497893 0.785703961417 0.945647924204 
0.334249697451 0.449785594469 0.894147233716 0.553669072992 
0.334249697451 0.449785594469 0.894147233716 0.553669072992 
0.784461489676 0.790231047566 0.575181799531 0.59288501285 
0.0948732827713 0.927264475097 1.00793548508 0.00539413162243 
0.728668618055 0.825089750082 0.708987803284 0.612042223573 
0.0535493620529 0.523382170627 1.00793548508 0.857141616194 
0.00175896606274 0.00213540222941 0.670928539087 1.03306387156 
0.334249697451 0.449785594469 0.894147233716 0.553669072992 
0.134866066138 0.418333739648 0.999149378619 0.957492973185 
1.04184746726 0.61583514857 0.131395835286 0.40066257174 
0.809564216578 0.902610659541 0.674365615831 0.255945100277 
0.31295667383 0.688118319399 0.940146396764 0.699723753403 
0.435218829577 0.483135900292 0.641056520398 0.895636715267 
0.822092583797 0.430265391651 0.422063704212 0.713110564277 
0.0535493620529 0.523382170627 1.00793548508 0.857141616194 
0.754634546797 0.549325550268 0.804445510555 0.270017523797 
0.73073164796 0.517226138727 0.585626257817 0.70090888456 
0.969843218008 0.825110842624 0.120361089371 0.613219992382 
0.402849382794 0.542096997741 0.894147233716 0.00515173281475 
0.0895988349591 0.87571428092 1.00793548508 0.341415585637 
0.284994495428 0.769364608393 0.962142155308 0.579606744161 
0.728668618055 0.825089750082 0.708987803284 0.612042223573 
0.815178020034 0.98910574974 0.658096204761 0.00528667302 
0.728668618055 0.825089750082 0.708987803284 0.612042223573 
0.31295667383 0.688118319399 0.940146396764 0.699723753403 
0.0704046277478 0.688118319399 1.01236394152 0.699723753403 
0.754634546797 0.549325550268 0.804445510555 0.270017523797 
0.361253188853 0.185124497893 0.785703961417 0.945647924204 
0.912395249704 0.833367933642 0.113231192194 0.576895052015 
0.202418501539 0.554968868537 1.00453975393 0.894913012696 
0.853097069211 0.955064705067 0.688708655432 0.00553364755585 
0.333441568717 0.257503355499 0.725215078143 0.872844338446 
0.786895957921 0.411844248407 0.415067283892 0.72595693919 
0.899711502812 0.902610659541 0.564770884963 0.255945100277 
0.0790633396769 0.772744861771 1.01236394152 0.579606744161 
0.728668618055 0.825089750082 0.708987803284 0.612042223573 
0.0535493620529 0.523382170627 1.00793548508 0.857141616194 
0.31295667383 0.688118319399 0.940146396764 0.699723753403 
0.115506417906 0.602043139855 1.0583049881 0.522501626403 
0.815178020034 0.98910574974 0.658096204761 0.00528667302 
0.809564216578 0.902610659541 0.674365615831 0.255945100277 
0.0704046277478 0.688118319399 1.01236394152 0.699723753403 
0.969843218008 0.825110842624 0.120361089371 0.613219992382 
1.04184746726 0.61583514857 0.131395835286 0.40066257174 
0.728668618055 0.825089750082 0.708987803284 0.612042223573 
0.592608584192 0.660719719108 0.667287660627 0.723863041854 
0.0535493620529 0.523382170627 1.00793548508 0.857141616194 
0.860724058292 0.389724959466 0.694866004629 0.00558332369829 
0.809564216578 0.902610659541 0.674365615831 0.255945100277 
0.0819244475607 0.800708104982 0.937748534305 0.358020944458 
0.0535493620529 0.523382170627 1.00793548508 0.857141616194 
0.0895988349591 0.87571428092 1.00793548508 0.341415585637 
0.822092583797 0.430265391651 0.422063704212 0.713110564277 
0.860724058292 0.389724959466 0.694866004629 0.00558332369829 
0.0819244475607 0.800708104982 0.937748534305 0.358020944458 
0.540896902227 0.544875352561 0.582990593914 0.888681203433 
0.334249697451 0.449785594469 0.894147233716 0.553669072992 
0.284994495428 0.769364608393 0.962142155308 0.579606744161 
0.0933055814996 0.526082218614 1.0680213606 0.407760318358 
0.847233920952 0.383616796533 0.705744677084 0.267855478683 
0.0535493620529 0.523382170627 1.00793548508 0.857141616194 
0.0535493620529 0.523382170627 1.00793548508 0.857141616194 
