0.510068037342 0.328190371973 0.490803427866 0.650796720989 
0.25120480734 0.748839361342 1.09749820711 0.801537313287 
0.926637204722 1.13373391103 0.708718649154 0.074790289733 
0.899884975532 1.09273371103 0.690645389629 0.115454143899 
1.0036353287 1.13373391103 0.57826343701 0.074790289733 
0.899884975532 1.09273371103 0.690645389629 0.115454143899 
0.631749927733 1.05070801211 0.915786122492 0.111012697897 
0.477021044916 0.538854776889 0.57826343701 0.976076736319 
0.364187032856 1.08563853591 1.10260960909 0.1186688335 
0.529989044802 0.538297464297 0.269178355672 0.977663266569 
0.767642923674 0.757243784585 0.0482819881848 0.783004571713 
0.363429288079 0.604444216902 0.905179209161 0.874310409858 
0.678265666701 1.13359010636 0.978927197734 0.0581521090598 
0.954811744711 0.969283642068 0.264363954123 0.560801381668 
0.659297591179 1.09652455777 0.952415264234 0.0728822616015 
0.364187032856 1.08563853591 1.10260960909 0.1186688335 
0.926637204722 1.13373391103 0.708718649154 0.074790289733 
0.926637204722 1.13373391103 0.708718649154 0.074790289733 
0.510068037342 0.328190371973 0.490803427866 0.650796720989 
0.281879202176 0.604444216902 0.998028965594 0.874310409858 
0.44649126791 0.528509310786 1.06284208081 0.556652080309 
0.281054013719 0.60562292724 0.99510728513 0.871750826218 
0.899884975532 1.09273371103 0.690645389629 0.115454143899 
0.364187032856 1.08563853591 1.10260960909 0.1186688335 
0.678265666701 1.13359010636 0.978927197734 0.0581521090598 
0.956580905084 0.721195852861 0.553064073205 0.117802022547 
0.926637204722 1.13373391103 0.708718649154 0.074790289733 
0.926637204722 1.13373391103 0.708718649154 0.074790289733 
0.517557485066 0.6126303759 1.06284208081 0.0737662739568 
0.504176621025 1.0864146345 1.03895530776 0.114227387498 
0.926637204722 1.13373391103 0.708718649154 0.074790289733 
0.926637204722 1.13373391103 0.708718649154 0.074790289733 
0.955959872552 1.07701089455 0.552705010991 0.117725523103 
0.583652861477 0.978059871681 0.977338662007 0.564376672662 
0.899884975532 1.09273371103 0.690645389629 0.115454143899 
0.350698769323 0.61360732679 0.925137400904 0.859334627703 
0.44649126791 0.528509310786 1.06284208081 0.556652080309 
0.240284284484 0.284422151318 1.03818424722 0.962717535038 
0.926637204722 1.13373391103 0.708718649154 0.074790289733 
0.926637204722 1.13373391103 0.708718649154 0.074790289733 
0.926637204722 1.13373391103 0.708718649154 0.074790289733 
0.899884975532 1.09273371103 0.690645389629 0.115454143899 
0.899884975532 1.09273371103 0.690645389629 0.115454143899 
0.449151080276 0.752667280464 0.939549435272 0.803495471551 
1.13689510274 1.12864591577 0.0825190511653 0.1186688335 
0.956580905084 0.721195852861 0.553064073205 0.117802022547 
0.767642923674 0.757243784585 0.0482819881848 0.783004571713 
0.477021044916 0.538854776889 0.57826343701 0.976076736319 
0.379927699629 1.13256134657 1.14628925632 0.0749119011955 
0.899884975532 1.09273371103 0.690645389629 0.115454143899 
0.954811744711 0.969283642068 0.264363954123 0.560801381668 
0.926637204722 1.13373391103 0.708718649154 0.074790289733 
0.477021044916 0.538854776889 0.57826343701 0.976076736319 
0.529989044802 0.538297464297 0.269178355672 0.977663266569 
0.430905758222 0.525808962886 0.693401629862 0.977663266569 
0.910795377979 0.610512417029 0.699018947888 0.116854306437 
0.477021044916 0.538854776889 0.57826343701 0.976076736319 
0.899884975532 1.09273371103 0.690645389629 0.115454143899 
0.477021044916 0.538854776889 0.57826343701 0.976076736319 
0.377078673117 1.12406841971 1.1416402074 0.118187420175 
0.477021044916 0.538854776889 0.57826343701 0.976076736319 
0.879171180956 0.985676660851 0.559167809011 0.458690014021 
0.241168755196 0.517147090145 1.04200572767 0.943843505753 
0.910795377979 0.610512417029 0.699018947888 0.116854306437 
0.740282738594 0.751888832966 0.25877038126 0.80480149438 
0.926637204722 1.13373391103 0.708718649154 0.074790289733 
0.926637204722 1.13373391103 0.708718649154 0.074790289733 
0.899884975532 1.09273371103 0.690645389629 0.115454143899 
0.926637204722 1.13373391103 0.708718649154 0.074790289733 
0.910795377979 0.610512417029 0.699018947888 0.116854306437 
0.510068037342 0.328190371973 0.490803427866 0.650796720989 
0.477021044916 0.538854776889 0.57826343701 0.976076736319 
0.364187032856 1.08563853591 1.10260960909 0.1186688335 
0.899884975532 1.09273371103 0.690645389629 0.115454143899 
0.353165754749 0.398944162913 0.57826343701 1.03808816289 
0.899884975532 1.09273371103 0.690645389629 0.115454143899 
0.364187032856 1.08563853591 1.10260960909 0.1186688335 
0.44649126791 0.528509310786 1.06284208081 0.556652080309 
0.865825531669 0.978059871681 0.57826343701 0.564376672662 
0.583652861477 0.978059871681 0.977338662007 0.564376672662 
0.529989044802 0.538297464297 0.269178355672 0.977663266569 
0.893542511924 0.9831720281 0.529349759951 0.555040457846 
0.926637204722 1.13373391103 0.708718649154 0.074790289733 
0.899884975532 1.09273371103 0.690645389629 0.115454143899 
0.899884975532 1.09273371103 0.690645389629 0.115454143899 
0.529989044802 0.538297464297 0.269178355672 0.977663266569 
0.430905758222 0.525808962886 0.693401629862 0.977663266569 
0.740282738594 0.751888832966 0.25877038126 0.80480149438 
0.180373478964 0.537691697882 1.14628925632 0.977982227803 
0.477021044916 0.538854776889 0.57826343701 0.976076736319 
0.926637204722 1.13373391103 0.708718649154 0.074790289733 
0.865825531669 0.978059871681 0.57826343701 0.564376672662 
1.13689510274 1.12864591577 0.0825190511653 0.1186688335 
1.10999011545 1.12981442651 0.26604928497 0.118476216493 
0.240284284484 0.284422151318 1.03818424722 0.962717535038 
0.364187032856 1.08563853591 1.10260960909 0.1186688335 
0.364187032856 1.08563853591 1.10260960909 0.1186688335 
0.477021044916 0.538854776889 0.57826343701 0.976076736319 
0.678265666701 1.13359010636 0.978927197734 0.0581521090598 
0.363429288079 0.604444216902 0.905179209161 0.874310409858 
