0.627885488379 1.1125844905 0.882563138312 0.240464882116 
0.507517849511 1.05781023141 0.980409065298 0.523157221137 
0.683946511572 0.783236498353 0.761108636821 0.489705356627 
0.6752800988 0.771318255261 0.615081567713 0.844235328325 
0.819262038967 1.04953116505 0.730819073361 0.519062074413 
0.975752473686 0.494470743852 0.0532910737401 0.615088001373 
0.436061587358 0.772682090077 0.930975205335 0.842507765766 
0.917826161378 0.920945416448 0.317940683936 0.608249913008 
0.6752800988 0.771318255261 0.615081567713 0.844235328325 
0.772412368088 0.989513581924 0.730487929654 0.608249913008 
0.975752473686 0.494470743852 0.0532910737401 0.615088001373 
0.210102381249 0.210816855329 0.335529588223 1.04954398015 
0.352033485491 0.502082222885 0.82112035995 0.996447874287 
0.351298639337 0.502949183978 0.819406326448 0.994367710464 
0.6752800988 0.771318255261 0.615081567713 0.844235328325 
0.563125330072 0.994033393107 0.929413448137 0.621242717468 
0.765266229685 0.40769744029 0.342913745969 0.837257185372 
0.28993262297 0.86216088296 1.04869248315 0.767453053465 
0.727361395781 0.729833468913 0.341767958487 0.860354795626 
0.210102381249 0.210816855329 0.335529588223 1.04954398015 
0.311990020436 0.494470743852 0.97512453297 0.615088001373 
0.104055175131 0.216057310119 0.982459881546 1.07974655612 
0.608196569255 0.851554760443 0.801218126714 0.76217119425 
0.821886139193 0.559031630999 0.732816465898 0.520885851772 
0.222032865934 0.211917475204 0.055904661615 1.0690588103 
0.507517849511 1.05781023141 0.980409065298 0.523157221137 
1.04948307775 0.559114924674 0.342913745969 0.520802473577 
0.819262038967 1.04953116505 0.730819073361 0.519062074413 
0.6752800988 0.771318255261 0.615081567713 0.844235328325 
0.765266229685 0.40769744029 0.342913745969 0.837257185372 
0.6752800988 0.771318255261 0.615081567713 0.844235328325 
0.801832519449 0.765301444778 0.0566483980072 0.83445942697 
0.28993262297 0.86216088296 1.04869248315 0.767453053465 
1.01937879361 1.1688044008 0.611307589918 0.252619697107 
0.733197503474 0.557339794516 0.815916319329 0.524974499382 
0.599239692011 1.05778258712 0.932884007513 0.525143360966 
0.210102381249 0.210816855329 0.335529588223 1.04954398015 
0.6752800988 0.771318255261 0.615081567713 0.844235328325 
0.66406317067 0.917031384969 0.752505975573 0.571265340203 
0.436061587358 0.772682090077 0.930975205335 0.842507765766 
1.16711903308 1.17108536264 0.335529588223 0.0579253695696 
0.836976696489 0.839821232436 0.335529588223 0.74471873489 
0.210102381249 0.210816855329 0.335529588223 1.04954398015 
0.210102381249 0.210816855329 0.335529588223 1.04954398015 
1.09962989413 1.04953116505 0.0566483980072 0.519062074413 
0.810845787622 0.410902764103 0.0572852438207 0.843840290783 
0.120938471746 0.11378119963 0.920206740862 1.08107675838 
0.390869220904 0.500731118336 0.730487929654 0.986584591416 
0.122353742847 0.216807411203 0.930975205335 1.07936964305 
0.185148745243 0.21228955181 0.601032101078 1.07093594007 
0.601832208892 0.770988911605 0.73625031113 0.841042532381 
1.0459764669 1.04953116505 0.341767958487 0.519062074413 
0.353680858019 0.268850312952 0.824962867239 0.99767546347 
0.608196569255 0.851554760443 0.801218126714 0.76217119425 
0.864524479839 0.99125091799 0.608751228836 0.609317980466 
0.390869220904 0.500731118336 0.730487929654 0.986584591416 
0.486202919676 0.858249693744 0.932884007513 0.771100299737 
0.169129506535 0.502936040121 1.0446201958 0.998142511166 
0.975752473686 0.494470743852 0.0532910737401 0.615088001373 
0.836976696489 0.839821232436 0.335529588223 0.74471873489 
1.09962989413 1.04953116505 0.0566483980072 0.519062074413 
0.819262038967 1.04953116505 0.730819073361 0.519062074413 
0.210102381249 0.210816855329 0.335529588223 1.04954398015 
1.09962989413 1.04953116505 0.0566483980072 0.519062074413 
1.15960355367 0.617781979624 0.342103399378 0.251482466742 
0.727361395781 0.729833468913 0.341767958487 0.860354795626 
0.6752800988 0.771318255261 0.615081567713 0.844235328325 
1.22749729243 1.1715729221 0.057095310275 0.252619697107 
0.185148745243 0.21228955181 0.601032101078 1.07093594007 
0.210102381249 0.210816855329 0.335529588223 1.04954398015 
0.683946511572 0.783236498353 0.761108636821 0.489705356627 
0.819262038967 1.04953116505 0.730819073361 0.519062074413 
0.311990020436 0.494470743852 0.97512453297 0.615088001373 
0.167622047006 0.214736455734 0.730819073361 1.0690588103 
0.507517849511 1.05781023141 0.980409065298 0.523157221137 
0.216414367774 0.115294759746 0.34560977568 1.08107675838 
1.09962989413 1.04953116505 0.0566483980072 0.519062074413 
0.608196569255 0.851554760443 0.801218126714 0.76217119425 
0.284815225445 0.50468106833 0.928935150729 0.994367710464 
0.819262038967 1.04953116505 0.730819073361 0.519062074413 
0.441830531328 0.504667879212 0.614802865725 0.998142511166 
0.6752800988 0.771318255261 0.615081567713 0.844235328325 
0.28993262297 0.86216088296 1.04869248315 0.767453053465 
0.810845787622 0.410902764103 0.0572852438207 0.843840290783 
0.819262038967 1.04953116505 0.730819073361 0.519062074413 
1.22749729243 1.1715729221 0.057095310275 0.252619697107 
0.733197503474 0.557339794516 0.815916319329 0.524974499382 
1.09962989413 1.04953116505 0.0566483980072 0.519062074413 
0.210102381249 0.210816855329 0.335529588223 1.04954398015 
1.0459764669 1.04953116505 0.341767958487 0.519062074413 
0.311990020436 0.494470743852 0.97512453297 0.615088001373 
0.90450273096 0.863293999376 0.057168863281 0.765882596353 
0.926076573794 1.05778258712 0.615081567713 0.525143360966 
0.216414367774 0.115294759746 0.34560977568 1.08107675838 
0.390869220904 0.500731118336 0.730487929654 0.986584591416 
0.905225875598 1.15965662833 0.729092076906 0.250641937248 
0.216414367774 0.115294759746 0.34560977568 1.08107675838 
0.599239692011 1.05778258712 0.932884007513 0.525143360966 
1.22749729243 1.1715729221 0.057095310275 0.252619697107 
0.15336796889 0.214736455734 0.801218126714 1.0690588103 
