0.162507713705 0.458415568295 0.916320538811 0.822572922548 
1.01715002388 0.388279365974 0.0849822451029 0.622539623266 
1.15443372553 0.0816403315427 0.0972433226321 0.166932499064 
0.990527388304 0.378518821054 0.100468653389 0.656951137633 
0.39770386382 1.04371061222 0.918336627556 0.100064032095 
0.872806794363 0.3878367061 0.599419000256 0.621829828876 
0.309928266394 0.743608428751 0.929310925537 0.731032628737 
1.07274148164 1.07521231805 0.0903616992653 0.154670203154 
0.289025060723 0.181103648653 0.572227079047 0.982188677153 
1.1115903442 0.424330413357 0.0804996218922 0.358164023403 
0.0698238313578 0.431880182192 1.11980230717 0.364537575946 
1.1115903442 0.424330413357 0.0804996218922 0.358164023403 
1.01715002388 0.388279365974 0.0849822451029 0.622539623266 
0.259406058211 0.25730767851 0.692264058072 0.977987977297 
0.366926625484 1.0350578236 0.910282155051 0.200080646574 
0.300223963505 0.133405590404 0.594399395391 1.02592189986 
0.219786037609 0.133788172281 0.901957605816 1.02886419168 
0.639622409296 0.28801606097 0.397643094717 0.828093172184 
1.09220540621 0.416930530388 0.0845392944008 0.508354826364 
0.927892926639 0.58142148427 0.576522374297 0.450835086244 
1.01715002388 0.388279365974 0.0849822451029 0.622539623266 
0.18369362619 0.275077166594 1.03578028294 0.929818047417 
0.717567756949 0.955410610867 0.876728741929 0.509093951464 
0.830425975367 0.317000514966 0.0849822451029 0.801761985639 
0.872806794363 0.3878367061 0.599419000256 0.621829828876 
0.850943292503 0.533204454376 0.584403664058 0.606251745234 
0.282590009375 0.132492882105 0.668127666379 1.00723394952 
0.185723398749 0.134759586637 0.991189193003 1.0363349703 
0.830425975367 0.317000514966 0.0849822451029 0.801761985639 
0.950120102422 0.422191405835 0.590332755746 0.456348894654 
0.48871032767 0.717469563541 0.928571510448 0.617828646379 
0.719459030142 0.418637152355 0.879039521414 0.510435910364 
0.18369362619 0.275077166594 1.03578028294 0.929818047417 
0.32304229779 0.303108606154 0.425162009595 1.01868864 
0.785750866192 0.606877635234 0.0804101533893 0.758625793614 
0.955013229863 0.976610586394 0.0797904911294 0.584505651155 
0.922011915088 0.0788311545139 0.627373919392 0.350317307527 
1.1115903442 0.424330413357 0.0804996218922 0.358164023403 
0.982571860605 0.640291426367 0.629151616751 0.0476164344293 
1.08490440682 0.586551999603 0.120675358991 0.103133780621 
1.15443372553 0.0816403315427 0.0972433226321 0.166932499064 
0.848129352763 0.867309476062 0.076329230024 0.629266533997 
0.627997928814 0.393505762027 0.587308332626 0.846719183115 
0.917821902397 0.919935803857 0.0811100943784 0.296105494069 
0.615462799804 0.819462162111 0.87014575008 0.697318573839 
0.32304229779 0.303108606154 0.425162009595 1.01868864 
0.18369362619 0.275077166594 1.03578028294 0.929818047417 
0.955013229863 0.976610586394 0.0797904911294 0.584505651155 
0.694077559401 0.688464331426 0.688776075837 0.662552484859 
0.0690976942965 0.977954392867 1.10815688015 0.360745956484 
0.756883264673 1.00775755304 0.817596674084 0.109202129753 
1.04177597153 0.462919321134 0.583572498227 0.0485464030191 
0.639622409296 0.28801606097 0.397643094717 0.828093172184 
0.572951322581 0.820190583708 0.913836730628 0.697938473148 
0.825699834152 0.827601486222 0.0906822141426 0.613422161079 
0.850943292503 0.533204454376 0.584403664058 0.606251745234 
0.320524190129 0.458836142792 0.905035520623 0.955802778826 
0.742863268758 0.452197978825 0.916602968869 0.371797820579 
0.300223963505 0.133405590404 0.594399395391 1.02592189986 
0.0577523086004 0.141563683648 1.09751404655 0.991383663991 
0.487267087481 0.488388989974 0.100402097268 0.95296414072 
0.346454694103 0.714417458916 1.03883472847 0.789662310075 
1.1115903442 0.424330413357 0.0804996218922 0.358164023403 
0.825699834152 0.827601486222 0.0906822141426 0.613422161079 
0.343110027804 0.13097562371 0.082641190903 1.00723394952 
1.1115903442 0.424330413357 0.0804996218922 0.358164023403 
0.830425975367 0.317000514966 0.0849822451029 0.801761985639 
0.500544248449 0.912053441152 0.91880729369 0.665718623648 
0.876923465619 0.869831705888 0.664893063056 0.10659650453 
0.980337004762 0.435618494041 0.583572498227 0.358164023403 
0.487267087481 0.488388989974 0.100402097268 0.95296414072 
0.424356240718 0.875056790209 1.03883472847 0.613144457764 
0.524247929223 0.20135486685 0.154045286511 0.972431093459 
0.320524190129 0.458836142792 0.905035520623 0.955802778826 
0.0651929139734 1.049761625 1.04553394473 0.331535553492 
0.876923465619 0.869831705888 0.664893063056 0.10659650453 
0.300223963505 0.133405590404 0.594399395391 1.02592189986 
0.289025060723 0.181103648653 0.572227079047 0.982188677153 
1.09942386686 0.0777500380089 0.0971595442369 0.345512205044 
0.825699834152 0.827601486222 0.0906822141426 0.613422161079 
0.551679454866 0.547217688927 0.695430002181 0.820639960592 
0.927892926639 0.58142148427 0.576522374297 0.450835086244 
0.647752592226 0.287832324802 0.605783165615 0.873355900748 
0.18369362619 0.275077166594 1.03578028294 0.929818047417 
0.922011915088 0.0788311545139 0.627373919392 0.350317307527 
0.0198281887739 0.319284985907 1.05764564539 0.932356912322 
0.265321115813 0.389514374878 0.932167316112 0.917638365306 
0.0577523086004 0.141563683648 1.09751404655 0.991383663991 
0.699358155881 0.310763611647 0.588296237186 0.784011034812 
0.18369362619 0.275077166594 1.03578028294 0.929818047417 
0.748882574653 0.739306029726 0.0766370185643 0.748236954255 
0.527164406877 0.382508380309 1.00163626435 0.663875950583 
0.872806794363 0.3878367061 0.599419000256 0.621829828876 
0.50429821727 0.702429010836 0.879299326423 0.803480807333 
0.0698238313578 0.431880182192 1.11980230717 0.364537575946 
0.164693368711 0.154530391235 0.216754153431 1.03224672225 
0.927892926639 0.58142148427 0.576522374297 0.450835086244 
0.120496754399 0.316224523806 0.979308599235 0.940331110804 
0.197250316397 0.483504560286 1.10482909802 0.293136672273 
0.259406058211 0.25730767851 0.692264058072 0.977987977297 
