0.0765058599509 0.0371058264881 0.0124134812337 1.09284771427 
0.932276276419 0.531280303124 0.565466580933 0.368764877704 
0.543819875127 0.388930015568 0.924899142457 0.115494917583 
0.862182478005 0.635411036669 0.621342808618 0.592485472226 
0.211269311673 0.456733366282 1.02682151985 0.94367074513 
0.51644108608 0.136793826482 0.342966753497 0.949418367124 
0.46911643105 0.345728841694 0.631088789295 0.996206445749 
0.883035619706 0.702607664235 0.132422389431 0.736090731675 
1.18524798737 0.752917831867 0.344859664993 0.159614189905 
0.46911643105 0.345728841694 0.631088789295 0.996206445749 
0.76221060853 0.568519503951 0.388117339971 0.781838017152 
1.18524798737 0.752917831867 0.344859664993 0.159614189905 
0.943936460833 0.768852429262 0.17644926395 0.575686235092 
0.46911643105 0.345728841694 0.631088789295 0.996206445749 
0.353315856842 1.0813191497 1.01672788486 0.331516642211 
0.46911643105 0.345728841694 0.631088789295 0.996206445749 
0.46911643105 0.345728841694 0.631088789295 0.996206445749 
1.18524798737 0.752917831867 0.344859664993 0.159614189905 
0.93175127347 0.59188614389 0.344859664993 0.701608286306 
1.15181408304 1.07735820258 0.162079839096 0.149042408959 
0.656596815958 0.374177305638 0.548350220134 0.78768465952 
0.591158723844 0.819468195549 0.867585615397 0.609041419738 
0.984373386629 0.560969174978 0.565466580933 0.151288034293 
1.25285096335 0.607660306992 0.0375812238661 0.14671210123 
0.86962603556 0.465241518566 0.451135626935 0.69825493341 
0.0765058599509 0.0371058264881 0.0124134812337 1.09284771427 
0.353315856842 1.0813191497 1.01672788486 0.331516642211 
0.591158723844 0.819468195549 0.867585615397 0.609041419738 
0.591158723844 0.819468195549 0.867585615397 0.609041419738 
1.18524798737 0.752917831867 0.344859664993 0.159614189905 
0.914889664122 0.443741289558 0.0371551492362 0.757014464969 
0.704280607621 0.976278591646 0.867585615397 0.156371627727 
0.783136538734 0.446289205871 0.572260962952 0.669646586902 
0.751974621105 0.66534056208 0.39009710741 0.603759415699 
0.925735275985 0.863240334295 0.165708445853 0.682167900196 
0.509232614167 0.450564269313 0.454536662583 0.975991263007 
0.310179336986 0.670562233219 1.01936616721 0.704696647086 
0.861270457487 0.642406639116 0.383727983651 0.675098909201 
0.528897083276 0.494707513832 0.16289409241 0.930298539591 
0.211269311673 0.456733366282 1.02682151985 0.94367074513 
0.465476162064 0.474404355391 0.415477180993 0.892109760198 
0.387528418871 1.11411217698 0.999529974314 0.141624568554 
1.10804352183 0.859793905663 0.489611224808 0.153570919222 
0.818410339621 0.911698673905 0.62553010494 0.584345682768 
0.591158723844 0.819468195549 0.867585615397 0.609041419738 
0.392587407905 0.982842306291 1.01257874826 0.143476194715 
0.876803189175 0.834330483332 0.254641379016 0.659315031645 
0.86962603556 0.465241518566 0.451135626935 0.69825493341 
0.392889485595 0.470302083501 0.870028276649 0.928163449526 
0.354050799196 0.666332030748 1.04119961587 0.552976560979 
0.46911643105 0.345728841694 0.631088789295 0.996206445749 
0.399309895516 0.477987542475 0.884246378945 0.926310997084 
0.925735275985 0.863240334295 0.165708445853 0.682167900196 
0.990562397637 0.971038541171 0.607739691158 0.141750504106 
0.119425510679 0.840170408346 1.03705821611 0.684703926694 
0.514969819721 0.226803416016 0.828684277709 0.659455453038 
0.253563329446 0.214655375757 0.456239563312 1.03494508964 
0.965534261258 0.468305086123 0.0369025697934 0.702854261993 
0.258147056913 0.190248428553 0.464487703085 1.0536578473 
0.643875634527 0.551834168473 0.638988668356 0.856614816751 
0.984373386629 0.560969174978 0.565466580933 0.151288034293 
1.02611867319 0.756228892154 0.627934674901 0.121314358486 
0.988463894937 0.632182480867 0.359503573502 0.600191832038 
0.591158723844 0.819468195549 0.867585615397 0.609041419738 
0.261664207816 0.800820627054 1.05324522337 0.828159468653 
0.591158723844 0.819468195549 0.867585615397 0.609041419738 
0.353315856842 1.0813191497 1.01672788486 0.331516642211 
0.351449135228 0.759781441979 1.03354836162 0.548911573802 
0.310179336986 0.670562233219 1.01936616721 0.704696647086 
0.965534261258 0.468305086123 0.0369025697934 0.702854261993 
0.528897083276 0.494707513832 0.16289409241 0.930298539591 
0.86962603556 0.465241518566 0.451135626935 0.69825493341 
0.399309895516 0.477987542475 0.884246378945 0.926310997084 
0.965534261258 0.468305086123 0.0369025697934 0.702854261993 
0.170477447722 0.521744890134 1.03306245718 0.984170095487 
0.514969819721 0.226803416016 0.828684277709 0.659455453038 
0.253563329446 0.214655375757 0.456239563312 1.03494508964 
0.310179336986 0.670562233219 1.01936616721 0.704696647086 
1.18446291141 0.864292800487 0.34463121702 0.160317511826 
0.883035619706 0.702607664235 0.132422389431 0.736090731675 
0.655148732353 0.521283950819 0.130662160961 0.902277820544 
0.0455471054724 0.941431737009 1.07881018796 0.589671618658 
0.514969819721 0.226803416016 0.828684277709 0.659455453038 
0.0534037581064 1.10382101044 1.07881018796 0.157185631211 
0.509232614167 0.450564269313 0.454536662583 0.975991263007 
0.876803189175 0.834330483332 0.254641379016 0.659315031645 
1.18524798737 0.752917831867 0.344859664993 0.159614189905 
0.402480452758 0.870103613784 1.0380961204 0.147097119874 
0.46911643105 0.345728841694 0.631088789295 0.996206445749 
0.10129205605 0.218978781906 0.766078235599 1.05579421432 
0.279560221124 0.247351872122 0.333750472414 1.0298373973 
0.310179336986 0.670562233219 1.01936616721 0.704696647086 
0.395450613361 0.854906139229 1.02164547043 0.158574061646 
0.287242010698 0.879101116246 1.01164649124 0.682167900196 
0.287242010698 0.879101116246 1.01164649124 0.682167900196 
0.862182478005 0.635411036669 0.621342808618 0.592485472226 
0.351449135228 0.759781441979 1.03354836162 0.548911573802 
0.659345600058 0.418842695991 0.344859664993 0.932380125102 
0.279560221124 0.247351872122 0.333750472414 1.0298373973 
0.655148732353 0.521283950819 0.130662160961 0.902277820544 
