0.639320331864 0.724721555833 0.811208720864 0.270012841828 
0.823797654295 0.706101746954 0.129286910144 0.701769859586 
0.639320331864 0.724721555833 0.811208720864 0.270012841828 
0.176066401868 0.724721555833 1.00862079343 0.270012841828 
0.971594164327 0.882057847858 0.377256962669 0.450627308609 
0.823797654295 0.706101746954 0.129286910144 0.701769859586 
0.601960618306 0.543569536614 0.362876871818 0.774473025492 
0.971594164327 0.882057847858 0.377256962669 0.450627308609 
0.0300205495737 0.782922558555 1.04342652469 0.603223663505 
0.843909279119 0.746155759389 0.631340679291 0.0493998314402 
0.0300205495737 0.782922558555 1.04342652469 0.603223663505 
0.106232645222 0.0161466173236 1.01045398236 0.571182675007 
0.971594164327 0.882057847858 0.377256962669 0.450627308609 
1.03078960649 0.948037292583 0.412326253757 0.286747192852 
0.346429887697 0.296934397608 0.129286910144 0.965252427866 
0.802133816833 0.857014319405 0.654574378581 0.499134659347 
1.10805521297 0.9497480925 0.130772765975 0.287264651925 
0.797450839317 0.725837893489 0.36239362307 0.589851412339 
0.598462416856 0.529139488139 0.635950967637 0.67707594241 
0.016883010511 0.440303570157 1.08130633098 0.907216063292 
0.0102616190525 0.267621728262 0.91902418165 0.925122439015 
0.561842484818 0.646198380112 0.598923865623 0.636428826291 
0.797450839317 0.725837893489 0.36239362307 0.589851412339 
0.466196684049 0.629760337718 0.918306686778 0.59951633912 
0.181921145089 0.178869837524 0.673683017503 1.02170095635 
0.514022309644 0.467861250486 0.382842675372 0.888810343282 
0.971594164327 0.882057847858 0.377256962669 0.450627308609 
0.802133816833 0.857014319405 0.654574378581 0.499134659347 
0.823797654295 0.706101746954 0.129286910144 0.701769859586 
0.139771242089 0.166772502 0.989042591906 0.960705715274 
0.428083148831 0.733148508997 0.843231272338 0.550503175719 
1.03078960649 0.948037292583 0.412326253757 0.286747192852 
0.316550860584 0.27988229984 0.666976077453 0.929820188052 
0.0368137890778 0.960086092435 1.04263005914 0.27532166041 
0.036382134648 0.948828808755 1.13552793886 0.523931057339 
0.037047352281 0.116344120465 1.03932843537 0.929301846548 
0.0300205495737 0.782922558555 1.04342652469 0.603223663505 
0.851598489009 0.882057847858 0.61714978823 0.450627308609 
0.0300205495737 0.782922558555 1.04342652469 0.603223663505 
0.740609789562 0.800180771734 0.628245277363 0.528881357668 
0.176066401868 0.724721555833 1.00862079343 0.270012841828 
0.0300205495737 0.782922558555 1.04342652469 0.603223663505 
0.177016629215 0.189126371324 0.655520829122 0.994156307742 
0.00800314221004 0.208722032712 1.13355185019 1.04022455888 
0.0543784281111 0.332545380101 1.02071733093 0.896880243557 
0.0300205495737 0.782922558555 1.04342652469 0.603223663505 
0.971594164327 0.882057847858 0.377256962669 0.450627308609 
0.823797654295 0.706101746954 0.129286910144 0.701769859586 
0.598462416856 0.529139488139 0.635950967637 0.67707594241 
0.971594164327 0.882057847858 0.377256962669 0.450627308609 
0.215436898573 0.19267650994 0.311856361091 0.985034701749 
0.119170405012 0.673069319433 1.00978365666 0.42356476942 
0.971594164327 0.882057847858 0.377256962669 0.450627308609 
0.774956914629 0.693437835048 0.33531258616 0.720335799852 
0.316550860584 0.27988229984 0.666976077453 0.929820188052 
0.802133816833 0.857014319405 0.654574378581 0.499134659347 
0.036382134648 0.948828808755 1.13552793886 0.523931057339 
0.409345174088 0.438206112227 0.522035425081 0.786696090973 
0.843909279119 0.746155759389 0.631340679291 0.0493998314402 
0.176066401868 0.724721555833 1.00862079343 0.270012841828 
0.454752268574 0.96856424927 0.97716378558 0.0512050066859 
0.0864718800622 0.488389303136 1.05080447807 0.775259016514 
0.823797654295 0.706101746954 0.129286910144 0.701769859586 
0.065102530134 0.26797332081 1.00862079343 0.890256565542 
0.0300205495737 0.782922558555 1.04342652469 0.603223663505 
0.466196684049 0.629760337718 0.918306686778 0.59951633912 
1.10805521297 0.9497480925 0.130772765975 0.287264651925 
0.621967776618 0.549922176021 0.639820281484 0.655759670415 
0.971594164327 0.882057847858 0.377256962669 0.450627308609 
0.802133816833 0.857014319405 0.654574378581 0.499134659347 
0.316550860584 0.27988229984 0.666976077453 0.929820188052 
0.119170405012 0.673069319433 1.00978365666 0.42356476942 
0.890499808391 0.903816208921 0.564624310009 0.273371811709 
0.0300205495737 0.782922558555 1.04342652469 0.603223663505 
0.598462416856 0.529139488139 0.635950967637 0.67707594241 
0.130898733517 0.53880290973 0.99716075392 0.659624977952 
0.823797654295 0.706101746954 0.129286910144 0.701769859586 
0.598462416856 0.529139488139 0.635950967637 0.67707594241 
0.598462416856 0.529139488139 0.635950967637 0.67707594241 
0.316550860584 0.27988229984 0.666976077453 0.929820188052 
0.139771242089 0.166772502 0.989042591906 0.960705715274 
0.598462416856 0.529139488139 0.635950967637 0.67707594241 
0.036382134648 0.948828808755 1.13552793886 0.523931057339 
0.797450839317 0.725837893489 0.36239362307 0.589851412339 
0.0284442153323 0.208722032712 1.12570797556 1.04022455888 
0.774956914629 0.693437835048 0.33531258616 0.720335799852 
0.823797654295 0.706101746954 0.129286910144 0.701769859586 
0.621967776618 0.549922176021 0.639820281484 0.655759670415 
0.177016629215 0.189126371324 0.655520829122 0.994156307742 
0.598462416856 0.529139488139 0.635950967637 0.67707594241 
0.0300205495737 0.782922558555 1.04342652469 0.603223663505 
0.030496621758 0.795338230119 1.03812950075 0.582766271064 
0.971594164327 0.882057847858 0.377256962669 0.450627308609 
0.774956914629 0.693437835048 0.33531258616 0.720335799852 
0.306852039819 0.334195754642 0.646540562638 0.901331315314 
0.316550860584 0.27988229984 0.666976077453 0.929820188052 
0.621967776618 0.549922176021 0.639820281484 0.655759670415 
0.843909279119 0.746155759389 0.631340679291 0.0493998314402 
0.386828550699 0.351179629195 0.379374067192 0.947136944549 
0.0102616190525 0.267621728262 0.91902418165 0.925122439015 
