0.766458225977 0.979989386592 0.587376606882 0.322358730784 
0.862107778695 1.06073352049 0.557184363948 0.0643082947245 
0.579272851366 0.650761352656 0.414232935082 0.71145478375 
0.597105932184 1.04941249597 0.793023732585 0.118971841921 
0.240091051166 0.232972485608 0.264898155062 0.941345494751 
0.387621493922 0.681243598607 0.807151791243 0.744782008676 
0.544522883034 1.03734930162 0.812087692889 0.117603694629 
0.597105932184 1.04941249597 0.793023732585 0.118971841921 
0.205586428168 0.293739307681 0.626610619258 0.930992439156 
0.766458225977 0.979989386592 0.587376606882 0.322358730784 
1.03121714154 1.00064974969 0.264584741044 0.0654517580948 
0.862107778695 1.06073352049 0.557184363948 0.0643082947245 
0.822103098939 0.797733807392 0.268698851579 0.610328286647 
0.58421939037 1.07695991499 0.775908868248 0.116403207797 
0.328636837387 0.469553174072 0.623911697911 0.87054911287 
0.795383720246 0.832686128826 0.259965620721 0.590490338596 
0.370752754775 0.529728205748 0.551131721132 0.817344295879 
0.973241770508 0.944392757588 0.265492941806 0.335155258697 
0.766458225977 0.979989386592 0.587376606882 0.322358730784 
1.03093412215 1.15278066054 0.26602252533 0.122359738592 
0.81027653019 1.03601534257 0.587376606882 0.117452403652 
0.358056791213 1.03601534257 0.896119440364 0.117452403652 
0.33869367718 0.979989386592 0.896119440364 0.322358730784 
0.791130830275 1.11003225465 0.641351952162 0.119979284178 
0.324523336447 0.463675822592 0.650436163541 0.885241624326 
0.795383720246 0.832686128826 0.259965620721 0.590490338596 
0.351129846044 1.01597266119 0.906484848658 0.260220668359 
0.633958595866 0.615165871472 0.256484038249 0.72559002632 
0.795383720246 0.832686128826 0.259965620721 0.590490338596 
0.479633480582 0.842954663895 0.806856642179 0.597772714679 
0.511470026491 0.653962218383 0.581320875133 0.714954393727 
0.862107778695 1.06073352049 0.557184363948 0.0643082947245 
0.372617646208 0.686889298152 0.775908868248 0.715951641903 
0.973241770508 0.944392757588 0.265492941806 0.335155258697 
0.57341066605 0.934087706833 0.805091765646 0.331497596199 
0.273659660614 0.26554612788 0.265492941806 0.935552295715 
0.522158778414 0.764951632798 0.774455960455 0.648139055332 
0.597105932184 1.04941249597 0.793023732585 0.118971841921 
0.862107778695 1.06073352049 0.557184363948 0.0643082947245 
0.732593188305 0.979989386592 0.62784969653 0.322358730784 
0.328636837387 0.469553174072 0.623911697911 0.87054911287 
0.636373620892 1.05498284685 0.755396601873 0.330853956552 
0.766458225977 0.979989386592 0.587376606882 0.322358730784 
0.544522883034 1.03734930162 0.812087692889 0.117603694629 
0.423645048318 0.488200099181 0.350126342953 0.905122034568 
0.822103098939 0.797733807392 0.268698851579 0.610328286647 
0.269299990613 0.446445890128 0.747592983 0.867956553853 
0.241512937207 0.424457812191 0.793023732585 0.86555062336 
0.597105932184 1.04941249597 0.793023732585 0.118971841921 
0.597105932184 1.04941249597 0.793023732585 0.118971841921 
0.275648141031 0.403817978231 0.765215879106 0.888417720379 
0.58421939037 1.07695991499 0.775908868248 0.116403207797 
0.778914154925 0.755824975433 0.265492941806 0.640405560201 
0.927729123209 1.01871975379 0.253077172481 0.319479861173 
0.862107778695 1.06073352049 0.557184363948 0.0643082947245 
0.49021398174 1.03691872717 0.835141414992 0.32518805762 
0.610803169354 0.872711148949 0.654071787423 0.641683054546 
0.512257675672 1.08354639243 0.825501722733 0.117115396492 
0.157182556851 0.315239811975 0.863706855081 0.963796308818 
0.790205766072 0.867707944852 0.258273206024 0.586645938354 
0.862107778695 1.06073352049 0.557184363948 0.0643082947245 
0.597105932184 1.04941249597 0.793023732585 0.118971841921 
0.862107778695 1.06073352049 0.557184363948 0.0643082947245 
0.49021398174 1.03691872717 0.835141414992 0.32518805762 
0.732593188305 0.979989386592 0.62784969653 0.322358730784 
0.740258064198 0.855451396596 0.383132406985 0.578358808796 
0.0866237183777 0.250640770958 0.926979023696 0.944703649992 
0.876052969348 0.999084406309 0.56619729028 0.0653492958964 
0.964643307546 1.00988422779 0.263147296386 0.332193789017 
0.746065305695 0.819238136466 0.254296173796 0.613396019373 
0.597105932184 1.04941249597 0.793023732585 0.118971841921 
0.791130830275 1.11003225465 0.641351952162 0.119979284178 
0.642440525548 0.941162231178 0.762598260545 0.334008619483 
0.597105932184 1.04941249597 0.793023732585 0.118971841921 
0.927729123209 1.01871975379 0.253077172481 0.319479861173 
0.862107778695 1.06073352049 0.557184363948 0.0643082947245 
0.372617646208 0.686889298152 0.775908868248 0.715951641903 
0.73889085969 0.773543674001 0.265116204093 0.678661683422 
0.718871460701 0.919145087294 0.578475544179 0.412242718425 
0.732593188305 0.979989386592 0.62784969653 0.322358730784 
0.618915953351 0.644462055593 0.442581714713 0.76014702811 
0.766458225977 0.979989386592 0.587376606882 0.322358730784 
0.569163419193 0.761369103645 0.650589317644 0.686940761657 
0.98903633921 1.06708286288 0.3490408515 0.120975926738 
0.0947115099272 0.274042288529 0.891198905586 0.927711129512 
0.423645048318 0.488200099181 0.350126342953 0.905122034568 
0.0969530440887 0.280528027034 0.912290701576 0.91607440236 
1.03121714154 1.00064974969 0.264584741044 0.0654517580948 
0.766458225977 0.979989386592 0.587376606882 0.322358730784 
0.732593188305 0.979989386592 0.62784969653 0.322358730784 
0.255151140903 0.539704807704 0.819301657938 0.800673395013 
0.610803169354 0.872711148949 0.654071787423 0.641683054546 
0.452038410707 0.794456328969 0.793023732585 0.62392173703 
0.597105932184 1.04941249597 0.793023732585 0.118971841921 
0.275957995247 0.798467625784 0.912290701576 0.627072212186 
0.273659660614 0.26554612788 0.265492941806 0.935552295715 
0.569445673417 1.04972576856 0.799524727668 0.329205048396 
0.273659660614 0.26554612788 0.265492941806 0.935552295715 
0.275957995247 0.798467625784 0.912290701576 0.627072212186 
0.351129846044 1.01597266119 0.906484848658 0.260220668359 
