0.0511020847094 0.294961256901 1.02189219616 0.930071854616 
0.506483962923 0.744225418819 0.738419164254 0.812109063816 
0.409784601683 0.796118180207 0.794281738117 0.629636557689 
0.767511888927 0.939420753569 0.714058149221 0.387090722538 
0.808989599964 0.881142104153 0.296832449005 0.697691313744 
0.0511020847094 0.294961256901 1.02189219616 0.930071854616 
0.964434427431 1.12766193816 0.462748546026 0.309266123464 
0.0891562541778 0.514605351261 0.965547637896 0.700274601074 
0.0511020847094 0.294961256901 1.02189219616 0.930071854616 
0.606332823174 0.890942704353 0.742786357339 0.705452992199 
0.736597354333 0.199667066932 0.438998975003 0.675999955939 
0.451556516082 0.558944114982 0.875248395561 0.693833249936 
0.409784601683 0.796118180207 0.794281738117 0.629636557689 
0.0511020847094 0.294961256901 1.02189219616 0.930071854616 
0.717060455828 1.05364518945 0.738534107284 0.508215527927 
0.48946518471 0.599096871812 0.713692333669 0.822575848796 
0.736597354333 0.199667066932 0.438998975003 0.675999955939 
0.40282724103 0.895299480031 0.93656702931 0.708903382095 
0.464357215741 0.125871686338 0.439815367993 0.883566725524 
0.62261917358 0.618507548707 0.283631090505 0.791618243853 
0.36361772466 0.4890126593 0.661395761449 0.942549392266 
0.606332823174 0.890942704353 0.742786357339 0.705452992199 
1.02051871923 0.761127462257 0.470459549239 0.139288160641 
0.525723802447 0.355492861388 0.177166592516 0.891437701613 
0.0891562541778 0.514605351261 0.965547637896 0.700274601074 
0.69761482013 0.628742618354 0.179616034702 0.80699001425 
0.133413422213 1.20723013208 1.05098631865 0.140923064839 
0.727283827579 0.890182371003 0.718111214023 0.505030535573 
0.0891562541778 0.514605351261 0.965547637896 0.700274601074 
0.606332823174 0.890942704353 0.742786357339 0.705452992199 
1.02358056401 1.01682075622 0.282214578668 0.217091541794 
0.765399899988 1.12467486383 0.742786357339 0.393836173015 
0.0929896700716 0.35195885966 1.02976206249 0.692331926595 
0.0511020847094 0.294961256901 1.02189219616 0.930071854616 
0.425297962787 0.571963400748 0.665300443625 0.914871550255 
0.307493605401 0.7412414476 0.959387400542 0.832478316888 
0.525723802447 0.355492861388 0.177166592516 0.891437701613 
0.986467234338 0.735731051382 0.473320341745 0.31633455062 
0.11042188766 0.41793776806 1.02806026109 0.497937775963 
0.657591865597 0.804880734015 0.685503526969 0.57500983119 
0.525723802447 0.355492861388 0.177166592516 0.891437701613 
0.0929896700716 0.35195885966 1.02976206249 0.692331926595 
1.15292531853 1.21062854725 0.113126934734 0.235749434086 
0.0511020847094 0.294961256901 1.02189219616 0.930071854616 
0.095937945249 0.553748457375 1.02189219616 0.687382456339 
0.964434427431 1.12766193816 0.462748546026 0.309266123464 
0.194252052249 0.992845099235 1.02231398263 0.578676082402 
0.517564986677 0.56497248088 0.309956009637 0.927503436859 
0.964434427431 1.12766193816 0.462748546026 0.309266123464 
0.525723802447 0.355492861388 0.177166592516 0.891437701613 
0.307493605401 0.7412414476 0.959387400542 0.832478316888 
0.0891562541778 0.514605351261 0.965547637896 0.700274601074 
0.451556516082 0.558944114982 0.875248395561 0.693833249936 
0.386319018991 0.567655808051 0.752114383078 0.931909249252 
0.0511020847094 0.294961256901 1.02189219616 0.930071854616 
0.0511020847094 0.294961256901 1.02189219616 0.930071854616 
0.572773642728 0.602021893676 0.821081048211 0.129737147829 
0.325037563236 0.397840588031 0.716650149954 0.941189942063 
0.0891562541778 0.514605351261 0.965547637896 0.700274601074 
0.839643170387 0.89811235739 0.230484590364 0.711131067048 
1.02358056401 1.01682075622 0.282214578668 0.217091541794 
0.964434427431 1.12766193816 0.462748546026 0.309266123464 
0.409784601683 0.796118180207 0.794281738117 0.629636557689 
0.964434427431 1.12766193816 0.462748546026 0.309266123464 
0.867491338584 0.910908909982 0.115172282026 0.749147954957 
0.525723802447 0.355492861388 0.177166592516 0.891437701613 
0.307493605401 0.7412414476 0.959387400542 0.832478316888 
0.727283827579 0.890182371003 0.718111214023 0.505030535573 
1.0445685055 0.950192488118 0.228533140141 0.391367802658 
1.04330443637 1.03641436063 0.28311513927 0.132641519403 
1.02145756555 1.12420675066 0.333330156586 0.393836173015 
0.519774105062 1.00865034519 0.894255266248 0.587890303211 
0.533392022879 0.355492861388 0.034825819104 0.891437701613 
0.525723802447 0.355492861388 0.177166592516 0.891437701613 
0.497415474405 0.730900238984 0.738419164254 0.820862328427 
0.525723802447 0.355492861388 0.177166592516 0.891437701613 
0.0891562541778 0.514605351261 0.965547637896 0.700274601074 
1.0445685055 0.950192488118 0.228533140141 0.391367802658 
0.658980579412 0.445600659457 0.177003049061 0.815470218385 
0.133413422213 1.20723013208 1.05098631865 0.140923064839 
0.307493605401 0.7412414476 0.959387400542 0.832478316888 
1.02145756555 1.12420675066 0.333330156586 0.393836173015 
0.525723802447 0.355492861388 0.177166592516 0.891437701613 
0.430918640497 0.469351886926 0.296832449005 0.944019658503 
0.572773642728 0.602021893676 0.821081048211 0.129737147829 
0.964434427431 1.12766193816 0.462748546026 0.309266123464 
0.0891562541778 0.514605351261 0.965547637896 0.700274601074 
0.307493605401 0.7412414476 0.959387400542 0.832478316888 
0.812539817816 1.19394196179 0.747974844604 0.232498102484 
0.133413422213 1.20723013208 1.05098631865 0.140923064839 
0.0891562541778 0.514605351261 0.965547637896 0.700274601074 
1.02145756555 1.12420675066 0.333330156586 0.393836173015 
0.525723802447 0.355492861388 0.177166592516 0.891437701613 
0.525723802447 0.355492861388 0.177166592516 0.891437701613 
0.380767730978 0.738901239602 0.894355755385 0.829849627136 
0.525723802447 0.355492861388 0.177166592516 0.891437701613 
1.02358056401 1.01682075622 0.282214578668 0.217091541794 
0.519774105062 1.00865034519 0.894255266248 0.587890303211 
1.0010414692 1.17046457982 0.461480394803 0.136627125267 
0.409784601683 0.796118180207 0.794281738117 0.629636557689 
