0.509855330014 0.323800977558 0.509676825497 0.391102827138 0.360245000771 0.518481441264 0.646646124662 0.653583230637 
0.511085536144 0.355443716107 0.505545906053 0.334297322988 0.3467593437 0.26993622248 0.362813202896 0.730152352132 
0.513915234737 0.341063584676 0.568123808075 0.58895648678 0.618184355116 0.509840357493 0.783722009237 0.380889271453 
0.459339248031 0.317714883863 0.551306430283 0.286369442954 0.364562102931 0.336195511464 0.327418871223 0.709360054889 
0.604175133999 0.376137460199 0.521186362961 0.451206889698 0.26940822477 0.617140391428 0.683091117844 0.284233157039 
0.509284091078 0.338914351216 0.495030191914 0.446651618287 0.415621402103 0.446992386359 0.440310115128 0.703761964105 
0.50334740756 0.333269781438 0.489378283267 0.552665036922 0.481986579418 0.535416256763 0.68637367844 0.575008821073 
0.507198590933 0.344952106455 0.498106506266 0.419299715714 0.229771603984 0.217702232348 0.776988449731 0.00130865053987 
0.512591475087 0.349565955666 0.480076571859 0.401014219548 0.485658051026 0.528932757821 0.48972394878 0.729319427318 
0.509023041804 0.339314132414 0.490584387129 0.377534999361 0.464333779926 0.442316713799 0.720261522295 0.581125660357 
0.513257453842 0.339971123601 0.496982041789 0.408393698471 0.400107831983 0.488995979983 0.890935611224 0.157269310038 
0.486002734349 0.299751052045 0.444889930827 0.225090270996 0.306605422655 0.71035092521 0.802735439585 0.0942958351817 
0.503260464248 0.329485449009 0.45933480763 0.359170617773 0.351993505002 0.57408945728 0.662898939254 0.483373066124 
0.509504679968 0.338638371759 0.494818852878 0.415648172512 0.404633092022 0.421955505314 0.467184798363 0.753330820081 
0.508780008912 0.336889205389 0.502165589877 0.427515705854 0.469727898157 0.198620816561 0.760486221029 0.458366664049 
0.509441142887 0.336250693244 0.494043460285 0.413396764815 0.415714126165 0.388610239605 0.483723794231 0.750903223092 
0.511829736625 0.344385994662 0.498092224072 0.404968955029 0.318169751604 0.27285771156 0.697775976908 0.530967253711 
0.509267945813 0.338149444432 0.495420500188 0.416251522453 0.41026469995 0.496668735594 0.509167852226 0.796537839393 
0.401356470479 0.524157075544 0.558408151092 0.616904103437 0.657926290415 0.626329408849 0.74032546549 0.141884494507 
0.51131924529 0.372566028875 0.504712090318 0.479551113873 0.444738436529 0.211855883217 0.770358240526 0.261402007877 
0.510970799291 0.341570799946 0.449380064422 0.0757173811415 0.955163060975 0.590564677794 0.5916172068 0.0891228521344 
0.524826429157 0.364337961073 0.456551374111 0.367289152737 0.541387548352 0.623344943114 0.59974060424 0.504146501199 
0.505932759551 0.344191484664 0.485920899551 0.740562837331 0.661389795708 0.637878566842 0.597654338178 0.102689434847 
0.499869576182 0.350968881506 0.468565953379 0.394536028495 0.376402354614 0.46449358317 0.638544992393 0.649422484255 
0.476784920613 0.435536289566 0.610742910682 0.500971806559 0.450273840458 0.224959101521 0.272969934051 0.72444912419 
0.493469981148 0.329079014334 0.469240855017 0.404443964654 0.387379709297 0.353568926643 0.762421238276 0.381875143236 
0.508660784372 0.364718165465 0.651384578338 0.472942618813 0.770846287225 0.614141162488 0.601785189434 0.0890232715865 
0.502568412504 0.350779021606 0.519847432428 0.425469188139 0.437074892757 0.514364129602 0.455277211409 0.745010505123 
0.509061264966 0.339753694847 0.495474309653 0.340792913365 0.307705366586 0.768208995329 0.570792617145 0.49984983926 
0.519458266283 0.313063433427 0.633915232752 0.643807487699 0.540409053537 0.528963378854 0.67148713178 0.701934889321 
0.485946307079 0.297595970976 0.265641168301 0.910975209853 0.56962434912 0.575510390148 0.559205928616 0.367785378085 
0.511924625024 0.341360099742 0.488790645009 0.402008216622 0.524181660564 0.51022391497 0.743938366554 0.32066630256 
0.509629566173 0.33988029898 0.483057928147 0.434345598082 0.45940442718 0.583230512233 0.663896011723 0.386993974372 
0.50170913543 0.332628356145 0.478031459256 0.484887956913 0.486717694902 0.705251282061 0.720931577902 0.0262717279128 
0.518135344469 0.348275468733 0.481070206257 0.436471059942 0.467031058099 0.240940642746 0.779828424697 0.667055460457 
0.509867110625 0.336903474227 0.493937378959 0.421200477775 0.425570749066 0.630813696103 0.654399977527 0.416202588077 
0.506774956776 0.342449526548 0.503601960973 0.420551087187 0.422757420131 0.378327534413 0.478496166293 0.721692864478 
0.509370762022 0.338544698602 0.495611609056 0.406591964729 0.539467536135 0.583083340684 0.800168702898 0.193280848208 
0.509401282094 0.338535121238 0.494444062139 0.412922174326 0.32952659626 0.171160194659 0.787836562939 0.0626314274444 
0.527372883804 0.347500876821 0.509707535981 0.386424830785 0.377869940832 0.476060518374 0.906832557501 0.104029823236 
0.622252008336 0.517341570986 0.645125344523 0.602990538261 0.536949545078 0.544978306793 0.577714112419 0.69759242661 
0.509239820009 0.338884829559 0.496975430962 0.478006442146 0.58196606017 0.48269212996 0.549948134684 0.601104926438 
0.509624766663 0.33821402792 0.494437773572 0.412839005944 0.415893043585 0.449570183144 0.655048595864 0.661361053915 
0.517226520321 0.327129746162 0.51640354237 0.447903905686 0.528418714797 0.453421944413 0.871452371426 0.0312721645074 
0.509390355633 0.338516007836 0.494639306478 0.42703773636 0.785482026745 0.590477345362 0.779022787836 0.0950055831199 
0.46385201538 0.265996831498 0.417705040913 0.668556137298 0.636815677857 0.540322748899 0.525066845964 0.474301788137 
0.510221520754 0.339585182355 0.491784726208 0.410219129719 0.29156569631 0.780457720715 0.609454432471 0.661756296232 
0.504596351647 0.33253646947 0.491266223146 0.425319936414 0.45152460094 0.470002203509 0.935629752631 0.229338108471 
0.509705557227 0.339967226895 0.490826391766 0.412365576974 0.409891773963 0.427396914575 0.139881955803 0.707438750846 
0.510090624664 0.340094843742 0.478266389256 0.441848491853 0.336495627469 0.512147178899 0.601019261384 0.687987053503 
0.512379838395 0.340030483192 0.496585227244 0.410192441439 0.401840780245 0.391267599194 0.57859326584 0.776513971718 
0.509562754159 0.338587383502 0.495965921012 0.424140756688 0.385834382206 0.498063250441 0.803932519828 0.0466214527263 
0.509394203131 0.338507687302 0.494627453071 0.388549351273 0.59386138737 0.61745615223 0.704546240476 0.115396517919 
0.513670791024 0.34438386061 0.479337787394 0.35133590576 0.38947611152 0.396142424762 0.183682848662 0.930680051722 
0.385366367862 0.199477509791 0.424624868373 0.335277297074 0.669038992041 0.605046410268 0.721703421838 0.452049182987 
0.509378378408 0.338590926424 0.494423728277 0.415186739868 0.405290451698 0.445343154191 0.721451483949 0.405744724007 
0.509389635504 0.338525040844 0.494267296848 0.415093863211 0.405119716671 0.411558984963 0.479814691724 0.798343966934 
0.510187411576 0.340177951747 0.495854412251 0.426184949076 0.406928101997 0.354575658843 0.624457745385 0.803925492711 
0.50776448787 0.451489532226 0.628699040114 0.4789013606 0.677909873583 0.499576018212 0.719609905799 0.5437801127 
0.496518119387 0.359934139906 0.463793723616 0.406130415359 0.479098285901 0.312326583424 0.657020981997 0.841550471101 
0.498251289112 0.333488959291 0.510911639317 0.379138945197 0.37883655071 0.3068489454 0.799062073469 0.231900538564 
0.508759618666 0.340750114312 0.495288716824 0.406074033817 0.386813652149 0.316218777115 0.738812167471 0.470679195748 
0.509362968425 0.338585462023 0.501835446925 0.404211191348 0.400273452588 0.407085328702 0.399467892756 0.698877054185 
0.5095155252 0.339885797188 0.495655101507 0.415905110775 0.405606173067 0.414131637103 0.666422658579 0.633324132811 
0.509311406656 0.338685202886 0.495884256461 0.492349434138 0.626477352406 0.489825863933 0.569852134444 0.715271898068 
0.509578145463 0.34044845863 0.496093589336 0.416120550338 0.40609562661 0.415482057576 0.653322076161 0.600102321952 
0.509474535707 0.338997798042 0.490545407994 0.422146239571 0.423932534542 0.471972065724 0.789888987947 0.0793893759053 
0.501651781723 0.332591895191 0.477917401132 0.485136968608 0.486969559993 0.70632199176 0.721731226565 0.0263525966987 
0.512587643467 0.339767601982 0.496623126157 0.409303997359 0.400611197047 0.486600934052 0.865264007052 0.148820612401 
0.509182910276 0.339319908555 0.495187970524 0.346005978009 0.313980063055 0.754689762564 0.568373629037 0.482260444474 
0.509622476447 0.33821545135 0.494438491687 0.412866985147 0.415857480019 0.449398545008 0.653216187639 0.656315065505 
0.509032153549 0.339300322789 0.490607853213 0.378119647484 0.463855427649 0.442208118523 0.716871641315 0.574688529566 
0.506510236438 0.336761372026 0.493650361887 0.414647131378 0.411479668987 0.42947736532 0.851300835721 0.22807648145 
0.514269913652 0.341473994589 0.55411147653 0.556417064595 0.583115366239 0.501833812877 0.733942323211 0.327568517693 
0.508167868951 0.346522672969 0.497695015669 0.4282397785 0.431714382798 0.425424544522 0.433607253551 0.75159878734 
0.509006608278 0.339338718586 0.490542948693 0.376474862731 0.465201650779 0.442516104198 0.726433132296 0.592845571745 
0.508805505859 0.340610827892 0.496028413938 0.331278699168 0.296321072482 0.792604169114 0.575148601323 0.531756562596 
0.509724150787 0.325423685516 0.508408513082 0.392704452432 0.363309629978 0.514075026488 0.637104640654 0.626103275517 
0.524495672126 0.36380897907 0.457124198979 0.367979299893 0.540175742018 0.621563098955 0.598718170664 0.500431497105 
0.511732420593 0.34115806513 0.489126054912 0.402794790322 0.521491421881 0.508638936785 0.737802976053 0.314625024283 
0.516494959302 0.319208309188 0.613391027973 0.612178601067 0.526465087396 0.518995786578 0.646852757144 0.628688813501 
0.509813023196 0.337624007356 0.493970980666 0.414708001794 0.404222233518 0.784123615054 0.519432317597 0.559776535673 
0.507001152113 0.342190324693 0.502964727477 0.420271521349 0.421569828239 0.379769659888 0.476871783162 0.699273711737 
0.524867622621 0.364403806441 0.456480251182 0.367203470712 0.541537883628 0.623566044501 0.599867471384 0.504607577966 
0.51156480165 0.343750396758 0.497804666581 0.405505837815 0.327657423436 0.286979409227 0.681688456566 0.49587779158 
0.509769633328 0.324846703319 0.508863177256 0.392128283204 0.362209532918 0.515658085971 0.640529454133 0.635966813654 
0.508889690831 0.339267409767 0.496355189726 0.40569705154 0.38611680791 0.311367915117 0.747311977915 0.483878166722 
0.504960293723 0.334594454056 0.490671427484 0.540931626395 0.477319214385 0.527757691723 0.670154501339 0.539388792768 
0.496387145221 0.360117217656 0.463569601529 0.406084772578 0.479515648104 0.311916438377 0.65773238449 0.844266271378 
0.436962678449 0.22629350503 0.380084889029 0.743976707275 0.694236606427 0.55456315913 0.529753710607 0.576718768748 
0.504838442898 0.334493061212 0.490571852939 0.541844567693 0.477684483019 0.528354615592 0.67141723864 0.542161727762 
0.509389659351 0.338518279501 0.494560036646 0.415391240184 0.404648129254 0.411196347639 0.485527190286 0.870956221951 
0.510261565127 0.340477773342 0.475995196915 0.444609741754 0.331328949473 0.516904412295 0.609948989537 0.722490379661 
0.502930967146 0.332933258353 0.48905218667 0.555586393215 0.483140154463 0.537318988534 0.690408959276 0.583871967586 
0.499483078108 0.351349096901 0.467963943185 0.394135267116 0.375885944476 0.46504066297 0.641796045989 0.658879767471 
0.508926748674 0.339224055552 0.496249268764 0.406038907136 0.386748720407 0.315769423433 0.739599833988 0.471901583074 
0.507750757353 0.33675603638 0.494046494172 0.413409451609 0.415665956776 0.38867853068 0.483603653292 0.749449397353 
0.508960282081 0.339184100251 0.49615227338 0.406356813634 0.387336384388 0.319815939624 0.732504417273 0.460895886145 
0.517447749021 0.326917605196 0.516647673103 0.448235813181 0.530044071988 0.453489888968 0.877916462627 0.0317144567211 
0.508914159009 0.339238874368 0.49628539563 0.405921718016 0.386532097705 0.314266335581 0.74223412799 0.475990891907 
