0.477512456465 0.441121040826 0.398708477928 0.489404590162 0.544230700505 0.472290582607 0.189884315414 0.769872886776 
0.476812087054 0.441106652332 0.398803574131 0.448686375323 0.422309087212 0.39470727966 0.50874704103 0.785796669033 
0.45528138965 0.430716399408 0.422215990624 0.464558164688 0.441052869096 0.747859396977 0.587489055066 0.486564570233 
0.476866438467 0.441190869506 0.39872714526 0.450950283307 0.428960294123 0.338191174728 0.52164235948 0.707833154819 
0.476983579093 0.44101254363 0.400981212144 0.44789308853 0.418838880183 0.378573174596 0.756496149169 0.58218501305 
0.472574415483 0.453925015938 0.374435091877 0.414354989501 0.479640610209 0.426497583853 0.273628465995 0.632981081623 
0.475192446086 0.440319551277 0.398146328815 0.445924329426 0.435394470963 0.407517824871 0.709058446098 0.464295875575 
0.517655616904 0.459820636486 0.339218691094 0.413438131537 0.377381963987 0.364275977749 0.3824535949 0.641558518066 
0.474750912949 0.437075627627 0.39498731988 0.459464909888 0.426198690821 0.375983304362 0.596965573098 0.653957923475 
0.467867037391 0.437189137854 0.391894244016 0.474354865529 0.464819912149 0.434808013066 0.281867092556 0.563575869812 
0.478564538631 0.442316736469 0.396063191171 0.445552183246 0.41590614965 0.580848546165 0.677454290103 0.567962915203 
0.474084806032 0.436709517384 0.40496347316 0.424746393086 0.593997596226 0.536595396925 0.680218619694 0.51420966862 
0.484863135211 0.423884040358 0.44982555758 0.462988906489 0.457299867335 0.431931308032 0.316677564837 0.730735561177 
0.477176785585 0.441438745378 0.398205986657 0.45161950533 0.412820494604 0.414729806642 0.620885017931 0.605557840749 
0.480423519212 0.435256396573 0.391620864521 0.437086100722 0.478485094472 0.603084441464 0.690459626589 0.555208476082 
0.494750380488 0.446222324942 0.489623532435 0.305748119604 0.359143414892 0.231372351458 0.320791941773 0.573434119312 
0.463725360196 0.438101929745 0.394761557532 0.646453794231 0.0560079141339 0.242585029701 0.219593046543 0.553574183303 
0.472073892116 0.446126075197 0.401915258504 0.453770405667 0.37608733551 0.36589640469 0.741660419035 0.398104741142 
0.473591392073 0.439395613349 0.393396210329 0.480327018084 0.492392911079 0.422614425593 0.229915341634 0.648284781212 
0.476147634666 0.441336841852 0.400852698772 0.485125253156 0.434359726109 0.413335099548 0.331091065904 0.700674603999 
0.474049411055 0.445231181986 0.35165651553 0.425368278248 0.0847437306486 0.837996017078 0.608831606834 0.188385345804 
0.469938393707 0.439147270349 0.396968305591 0.461640588327 0.529874350241 0.438201064888 0.863344977205 0.186075942687 
0.477427776823 0.441026410791 0.400273884977 0.46022385322 0.425711259652 0.840721654414 0.564882112898 0.155138497941 
0.285643538243 0.336418402934 0.257228918052 0.401594449413 0.753293898461 0.542903570021 0.720466232461 0.285112141279 
0.476567920189 0.442825902383 0.396014253472 0.439335432663 0.456032867852 0.435536062366 0.424593415562 0.694907316368 
0.480407262907 0.445862355808 0.417266801159 0.479823532888 0.456727508927 0.259369833648 0.809136734457 0.138260534241 
0.476471831779 0.444746837149 0.406000571209 0.455937544743 0.396315421838 0.24457571301 0.682360440226 0.457381407063 
0.477863207177 0.442831361751 0.396513837578 0.460801920711 0.639865804634 0.463799215525 0.657715871016 0.624348804999 
0.471491556325 0.43939622109 0.395041725965 0.532073486387 0.447557072389 0.441137751541 0.735474694594 0.436810770213 
0.516915226159 0.468122011248 0.458836688829 0.529429423141 0.478671517392 0.208294834889 0.132401744997 0.666171105396 
0.475945339479 0.442506831231 0.448834956121 0.500815160465 0.435086532715 0.205429122218 0.217719038289 0.810515958845 
0.56343485516 0.306759121217 0.247761264358 0.394650226833 0.011492906032 0.251341656155 0.243170155675 0.551714774412 
0.482259793933 0.446907354931 0.421607366666 0.491001666392 0.432806245137 0.51352211747 0.468683922046 0.813277846601 
0.495119576618 0.481913779232 0.434577081884 0.493394088358 0.484424428002 0.250505520773 0.736177175919 0.192560124899 
0.480870156889 0.44752556563 0.407691007174 0.428336598404 0.392663703288 0.334314140491 0.51019108927 0.841366596578 
0.460132851463 0.51716016917 0.427032683856 0.483972999985 0.5226764708 0.610753802649 0.573700983511 0.561543976595 
0.494571161488 0.490151840038 0.418958967643 0.478044509609 0.355314616312 0.356678677632 0.153510199129 0.527974909419 
0.476796353574 0.4394305685 0.415645667635 0.464072485643 0.430621297028 0.407277244263 0.480788556067 0.618924346427 
0.463839463709 0.419240473695 0.438062495938 0.383809055074 0.756794022425 0.538868656634 0.69280282425 0.0961613299318 
0.472301121332 0.437770165007 0.395118398912 0.447362608125 0.403672223839 0.482585246226 0.486604513082 0.649417887928 
0.415913447135 0.429139925698 0.390066864321 0.415500451166 0.49849806944 0.421113167105 0.513319205528 0.803892696861 
0.47597431788 0.426883593636 0.391939852079 0.437045409075 0.457456442947 0.406400096701 0.341044627208 0.798603731496 
0.474825513273 0.44224936393 0.403432966538 0.454636032398 0.424266116367 0.395542792852 0.935751982499 0.368939459193 
0.470909969295 0.437677535479 0.41745211907 0.459579231424 0.271842408873 0.170030950201 0.77025962796 0.2047159514 
0.47689224322 0.443485872883 0.3957216984 0.418907216932 0.405126907488 0.446416709892 0.821712490814 0.177879227801 
0.473142388649 0.451483840444 0.412911035828 0.545700286333 0.508185057568 0.534136871437 0.674539778093 0.489341567107 
0.330917978934 0.364219290581 0.344574318004 0.394903695906 0.570613259811 0.655442141201 0.739682284494 0.192290793002 
0.381806222885 0.411772206236 0.350176684737 0.624012033165 0.774810770921 0.513674065338 0.686994414132 0.464761043102 
0.462345519456 0.455457058521 0.4306544439 0.503463218469 0.463790998822 0.459049995409 0.161759919607 0.579863627917 
0.433968174945 0.417025801404 0.271073939078 0.402913275162 0.62071060897 0.554637990441 0.61977891214 0.437826164744 
0.474987225157 0.439627519158 0.395565408043 0.446100352256 0.399371548134 0.528856046776 0.669341412128 0.590488516113 
0.475800736577 0.440355096925 0.401189678044 0.444225446674 0.434696261369 0.362132606223 0.361439206904 0.721344592416 
0.455530802779 0.367960113046 0.321750149719 0.658251483634 0.60328474815 0.544626084935 0.738618033497 0.152805498741 
0.476101757741 0.441345145852 0.399944596007 0.450682109737 0.424557877548 0.178401409432 0.81196087074 0.220247231974 
0.477171575635 0.439414542731 0.395668452142 0.507615486549 0.147879452788 0.26381625445 0.916793901642 0.1304269113 
0.498011227415 0.45072428468 0.418334897145 0.420208403164 0.386470852943 0.579604824479 0.498346165353 0.628103019943 
0.611960034679 0.541319586509 0.440368524665 0.490774536235 0.651972827244 0.767198591168 0.705761489802 0.158640730674 
0.280128776897 0.272251383201 0.305590147606 0.867737919304 0.592312650079 0.53477834154 0.716385257098 0.439105350948 
0.423643814049 0.419130853641 0.352461983036 0.51901026665 0.576416866495 0.62646693522 0.490345772224 0.57074846498 
0.483908302443 0.448475855481 0.417896888677 0.395368146126 0.335140987231 0.515600533867 0.585960567942 0.663843381917 
0.478499385464 0.447321508155 0.410743083077 0.45451207414 0.426462794711 0.457730981204 0.300068402963 0.789296806347 
0.47679059485 0.440970562077 0.398622620666 0.449032351535 0.419679821248 0.694807275612 0.54686147623 0.411948135066 
0.479741630521 0.442026812603 0.401531710511 0.439922049077 0.611122100441 0.448704558107 0.516548418557 0.672433855527 
0.460242994878 0.499277718798 0.431585053393 0.382953668713 0.337318487715 0.238875794178 0.818209556168 0.283435093209 
0.452847109343 0.399372832623 0.36675192986 0.552493572013 0.512309036273 0.478654863185 0.548675262054 0.595440517787 
0.468166204905 0.452209134106 0.416507391831 0.460367189524 0.392433526096 0.36821454866 0.472489501582 0.71808231917 
0.505227755458 0.445827296279 0.495084950518 0.219849836307 0.248535730406 0.761585985552 0.521509358827 0.735786299905 
0.478324459233 0.455169683478 0.379392367914 0.370497761476 0.523011929089 0.691079935841 0.75834522632 0.0166845085126 
0.476579160828 0.440926064786 0.401323322253 0.445111111581 0.436132924818 0.364891137871 0.50958226197 0.642855064455 
0.484782751344 0.460432257567 0.442811409033 0.873670634577 0.586697617308 0.612823032269 0.576120646482 0.537079993671 
0.48882585118 0.447352873624 0.420311597069 0.406546852227 0.384619049992 0.354634741239 0.515867254775 0.64870984246 
0.43972452786 0.499336948039 0.285500569924 0.412915361217 0.581600191331 0.705259974633 0.757862199619 0.152278815574 
0.480184878651 0.433043528066 0.442118221421 0.464649501886 0.447001911325 0.438586746022 0.158116210557 0.597792131089 
0.476651797631 0.440875247156 0.399347044356 0.449732688236 0.420481034978 0.390510272241 0.743961552555 0.542196855042 
0.465147389914 0.4533031108 0.425855364956 0.495544088193 0.458386770575 0.450809609563 0.177929480839 0.538253578135 
0.47672694016 0.440559243321 0.398590485443 0.479095703553 0.240616125223 0.296687838059 0.812854675236 0.101501701416 
0.486909114774 0.462907294422 0.445012301828 0.462757176638 0.367887660025 0.270190100174 0.363703772489 0.726981127779 
0.476647578202 0.440864850305 0.399381806056 0.449533382909 0.446249489243 0.402266312585 0.517039982032 0.678442893921 
0.473480614071 0.44349353368 0.406879594631 0.458844356762 0.427787321804 0.399873487154 0.863017503 0.31846359164 
0.431721102435 0.431053880062 0.391360376464 0.423064037602 0.487107989895 0.419008307771 0.499845063141 0.700304275226 
0.467164511468 0.43694413417 0.391378685023 0.475462545145 0.466795277856 0.43640273177 0.27956096235 0.576036001721 
0.424048432048 0.430082639859 0.390696858613 0.419361389261 0.492719808702 0.420055109622 0.506454700183 0.751110111978 
0.477232799647 0.439493730299 0.402065740067 0.441575270613 0.318631789346 0.337953647177 0.571179013782 0.614105585838 
0.476812087054 0.441106652332 0.398803574131 0.448686375323 0.422309087212 0.39470727966 0.50874704103 0.785796669033 
0.47773200967 0.441104190278 0.400647440447 0.463285487562 0.427439043272 0.813108363088 0.562934358958 0.146710676551 
0.4804057825 0.443646343738 0.39348911499 0.442191441329 0.412457182675 0.608227536261 0.711293181196 0.641682781487 
0.474630539685 0.437598217939 0.403942395523 0.428313989093 0.582091410374 0.528879507728 0.666139784353 0.486406988343 
0.57774605827 0.292291398322 0.233047164612 0.392520927473 -0.029842146324 0.246160031385 0.236517578632 0.597136463267 
0.476899929156 0.440078144872 0.397368419538 0.492421927697 0.195787923774 0.2803788813 0.86326712568 0.115479779133 
0.485589654112 0.450148240991 0.421968514836 0.387524410496 0.323296700493 0.525652514334 0.60050947239 0.721136746039 
0.467178081029 0.465335658558 0.358998112188 0.392544061439 0.503187190682 0.436840471006 0.246497048891 0.78589899571 
0.480217136621 0.441912900511 0.393766285436 0.428146289352 0.309206608022 0.281666414886 0.881202717468 0.372086431335 
0.474056931278 0.442855515304 0.401798153267 0.453084124567 0.437729782436 0.0724814895616 0.925884110689 0.290968691063 
0.549888479415 0.575291580474 0.503652322546 0.58438492831 0.591164743572 0.779056543048 0.65091587116 0.369870248417 
0.475286749736 0.438665588477 0.402643746941 0.43308064014 0.565850401022 0.518311215283 0.646950621206 0.448534853913 
0.476664867924 0.440879646976 0.399474206341 0.448955250962 0.448925534027 0.402498801081 0.531430133308 0.764345689262 
0.46835727096 0.411251139051 0.446263667816 0.475812503228 0.556087435885 0.523479061032 0.658853462971 0.590856168427 
0.478513745343 0.447392582882 0.410859072011 0.454535389745 0.42649668885 0.45860235866 0.299285816194 0.796272457356 
0.472574415483 0.453925015938 0.374435091877 0.414354989501 0.479640610209 0.426497583853 0.273628465995 0.632981081623 
0.47741443726 0.44145807117 0.397898426018 0.447961966524 0.418470180665 0.560415952409 0.652237926659 0.513060411169 
