0.438269361074 0.362987044476 0.46479337419 0.411841031806 0.37761035861 0.500702760442 0.651716867166 0.569457186224 
0.437731492931 0.362637849335 0.468712401482 0.473954778909 0.405980564737 0.408813787587 0.453818636297 0.68079108661 
0.438797987696 0.364405997393 0.470819593933 0.482834871781 0.71392588297 0.534387934985 0.608671299966 0.590833245415 
0.420791939571 0.343909528639 0.527511533572 0.572245883106 0.45854805536 0.629372388772 0.605924155268 0.554127621225 
0.437863007443 0.366951140281 0.456885005065 0.481278263451 0.666430205019 0.567147143625 0.710346299875 0.679823828942 
0.438304668744 0.363017055398 0.466214253847 0.47117519538 0.413173157001 0.637096004419 0.738771329089 0.171191235831 
0.422002471026 0.348637740194 0.522508921853 0.555915179679 0.573090563853 0.50699394197 0.509375421195 0.613037700364 
0.438404422587 0.363076016794 0.469693695744 0.428393111555 0.739347939998 0.578531649736 0.683690129709 0.343744558893 
0.433266030698 0.342960631829 0.442918632557 0.527114772622 0.551030196564 0.626253496184 0.845793722436 0.0374263584929 
0.438396767784 0.363017129175 0.467747713823 0.468516738372 0.431891943323 0.437459524062 0.867474185916 0.264402863061 
0.438306804393 0.362996855606 0.466246761873 0.471468401531 0.405595712216 0.410079281942 0.432036475391 0.730729076823 
0.438354984143 0.363603551708 0.465539112854 0.476367434134 0.416569069126 0.419542083154 0.452933935284 0.712517336946 
0.437937449814 0.361113333899 0.481176869475 0.441032572786 0.512538925435 0.454456758202 0.563815052837 0.673007517557 
0.437927249913 0.362827738477 0.467347187542 0.45780344535 0.389562078698 0.476135210561 0.584437374098 0.794676971144 
0.429472717628 0.351276778898 0.450221073173 0.524382799869 0.550870452898 0.471189517815 0.798710334821 0.393488079892 
0.439371925597 0.363650071264 0.471352484967 0.479335356915 0.380942892312 0.401836269166 0.88640799901 0.138020063396 
0.438429348155 0.363097462179 0.466307005693 0.469086872246 0.417830219215 0.429401029307 0.562600143642 0.69043314285 
0.437719999217 0.361135301248 0.46987730078 0.479931702308 0.567669088597 0.640140300869 0.688138191339 0.307493731783 
0.438305381051 0.362995077686 0.466503038187 0.472024168503 0.413448338762 0.41641544846 0.705350515834 0.714833327491 
0.450868842673 0.368022506318 0.441580803785 0.461815776526 0.389379853149 0.497275544826 0.601172616308 0.686300464588 
0.43834486203 0.363145576509 0.46769624238 0.475732665299 0.433950476763 0.423737326922 0.329816970987 0.765886497673 
0.418008139348 0.395691016621 0.39721141658 0.440889451785 0.388321673746 0.313056246147 0.362349580261 0.690757732549 
0.430587102832 0.388054526908 0.4777927095 0.501147612994 0.431751808693 0.466468596036 0.544460912433 0.869180678448 
0.438410044252 0.363032685307 0.466231610807 0.486750903099 0.38811348357 0.388823151171 0.862523347403 0.0766913995134 
0.43747791822 0.362305016203 0.473154521666 0.442056118762 0.390371767189 0.327074344252 0.33520370097 0.653233462849 
0.438386236751 0.363067108534 0.466953023952 0.471646023048 0.410882838153 0.42340115491 0.378823517743 0.69583449654 
0.438672726061 0.363314436879 0.466942388821 0.473993325728 0.450850954685 0.465352719073 0.665441164004 0.689174886429 
0.437041143347 0.369453831819 0.452834396858 0.463821085677 0.395980620963 0.448532559492 0.460521148529 0.725582526292 
0.436037770177 0.362416898724 0.460281880297 0.491333385858 0.319529210122 0.65700127696 0.551245995974 0.486256141591 
0.439900266861 0.364201921578 0.455099146083 0.45923990318 0.555013111137 0.74700364885 0.712030933965 0.336761767928 
0.43856321691 0.363295277407 0.465146227731 0.465239921187 0.40651533568 0.427053613792 0.500897505009 0.711934091314 
0.43757738332 0.36273277172 0.468088583762 0.474410772871 0.42262887467 0.39547214059 0.0941955399896 0.647100498803 
0.440157032753 0.360613941426 0.463106325203 0.486044674793 0.454414915702 0.445931642968 0.55226141117 0.63597621428 
0.436651493525 0.378100343832 0.472973575661 0.501763524579 0.488771952091 0.478220962861 0.8898034763 0.237918123368 
0.438412986748 0.363063257412 0.466338983656 0.471217180345 0.412199155051 0.294842916445 0.692185477538 0.575811001785 
0.429656207984 0.353337622402 0.451427871387 0.402162733446 0.576319376433 0.557426784848 0.791750556371 0.475887601759 
0.441174796326 0.367061071808 0.45564455154 0.468120642004 0.402897735432 0.173695903931 0.270181131367 0.612624914238 
0.452043871219 0.383070482191 0.528092099334 0.395023317938 0.350649465268 0.576831132701 0.741958827341 0.497788657072 
0.448289769474 0.373232921824 0.486164994523 0.482209380738 0.191453677479 0.339242098671 0.336867739703 0.673023231047 
0.439194687632 0.361510165412 0.471358418058 0.461834921577 0.460084514937 0.818661971923 0.595397289548 0.251137303788 
0.438276473631 0.388779126966 0.579374883426 0.251742011435 0.352440130157 0.259780676575 0.876282576074 0.20584146829 
0.437435324402 0.366223143576 0.458143942555 0.454095380898 0.384221878149 0.466533629847 0.720525026068 0.333160934164 
0.438301527499 0.363213932321 0.466858733002 0.464949269548 0.409029580183 0.436460903038 0.331282723135 0.844547542318 
0.43855876321 0.363137904679 0.464604679797 0.477470210609 0.424919528598 0.421388060609 0.561355387153 0.670964212943 
0.432818238548 0.360388698183 0.473758147503 0.476303876492 0.396324773029 0.495576485517 0.695318553534 0.590387391201 
0.437354467242 0.361553736729 0.47669295374 0.451769430496 0.370782203017 0.393476393457 0.547588080896 0.583812242973 
0.438396318184 0.3630507492 0.461067337195 0.464252318868 0.460658179115 0.719402689199 0.818371970195 0.264639873691 
0.438729467573 0.363245580381 0.465265190712 0.47353877743 0.458092795763 0.526697635302 0.599960063819 0.628481709689 
0.431885844509 0.353004873129 0.490558551448 0.490373606315 0.219829930486 0.710548084592 0.766648895375 0.0168301574149 
0.44818548271 0.366936194029 0.48126512929 0.484330567082 0.341672519457 0.285325629967 0.714695770874 0.424737265339 
0.432372101447 0.350550389742 0.438621739271 0.52490586517 0.331702302066 0.781742316585 0.595522118674 0.476002026603 
0.440756074777 0.373948272431 0.476771233984 0.617636721699 0.482771602184 0.618921439222 0.611032430713 0.352880814636 
0.442817275573 0.367882110216 0.45716273207 0.499802278093 0.497663860715 0.741584209938 0.680581087473 0.416820948063 
0.43593668444 0.362381855616 0.470897250924 0.405394668169 0.381224547682 0.320419959319 0.62360115262 0.627954105358 
0.438322172777 0.363467786622 0.46545266603 0.475253545038 0.400058368037 0.582145110349 0.500620016223 0.587750771942 
0.433761258322 0.369035318022 0.47558408246 0.457608999256 0.444076311935 0.448961957348 0.536142775952 0.771831600326 
0.435256767633 0.381379961309 0.478011062016 0.524408841008 0.322107092265 0.373528919585 0.871799025543 0.00348749539866 
0.439032745994 0.36505733518 0.470252526946 0.473876364993 0.429647925015 0.384944202554 0.585959794747 0.593581439512 
0.438729250877 0.363322078289 0.460877416859 0.455419659665 0.34350836078 0.367324177369 0.328059091027 0.74943289048 
0.448594006369 0.343533569197 0.389095052191 0.387248092198 0.733955381973 0.716217294617 0.852250103581 0.234357904423 
0.440550804237 0.364978713655 0.469821180518 0.475307692329 0.377979365728 0.310622781568 0.737958510192 0.65027357953 
0.469692062767 0.397823100703 0.548130309036 0.315739864158 0.238551512353 0.276969373195 0.31270175577 0.490660961434 
0.438245826106 0.362087981725 0.465860997805 0.475714045678 0.687511123907 0.506605489706 0.644606544507 0.538372190843 
0.447876371876 0.379899580208 0.407771954648 0.447701390793 0.380393619164 0.330341443356 0.271152948968 0.489259336919 
0.444237378474 0.369293522916 0.447383270387 0.462917165791 0.334273715699 0.726255261744 0.643283708905 0.40787685269 
0.438366149675 0.363143121728 0.466180806751 0.472107442545 0.409972726689 0.412794439087 0.43887992387 0.85880598462 
0.438939870601 0.363691280214 0.466776868704 0.472213473034 0.437407253787 0.460535912018 0.510597038294 0.577054508139 
0.43883233504 0.364013160821 0.467533414306 0.480494928989 0.398943233965 0.391594962373 0.41630505933 0.722846304351 
0.445614546527 0.415243419072 0.486302140929 0.489130430604 0.347862956817 0.336450845528 0.365371264685 0.716809569996 
0.438826036155 0.363906977165 0.4844728721 0.427971306121 0.383711003689 0.363446672915 0.112797082377 0.598796701406 
0.418960901751 0.353023824677 0.405063624399 0.403356284773 0.692030397817 0.682652752297 0.810954508378 0.208573472666 
0.438289601607 0.362341309974 0.466000269756 0.474423924962 0.701525000251 0.507999948051 0.651236562795 0.559911933361 
0.456673090349 0.383162439925 0.475176200164 0.439815905059 0.298223612284 0.368004735714 0.591703949751 0.744264487171 
0.437594772559 0.36273530678 0.468091835485 0.474415320128 0.422616638442 0.39514141196 0.104751399648 0.627430829329 
0.439078164176 0.364194347876 0.46924253796 0.460883133805 0.370172852794 0.392330369076 0.300317708728 0.545777984281 
0.439498936995 0.364241855238 0.462804908672 0.469707849629 0.397776326379 0.39238312111 0.41691160435 0.701002981801 
0.432404830249 0.357433399688 0.477479470156 0.438390440543 0.554732770756 0.803648324464 0.665892980019 0.198489981549 
0.439785084702 0.363868872668 0.473656133273 0.482961666502 0.370171272472 0.398452023314 0.931926504701 0.152266569894 
0.438833537997 0.363921690602 0.483217193105 0.429685355466 0.384472613299 0.364850702565 0.126884125184 0.573235696957 
0.506779312711 0.287984535652 0.390732904933 0.401757462253 0.342833701262 0.327068286948 0.864460269528 0.240734163646 
0.438835576157 0.363925680562 0.482779495653 0.430284347031 0.38473767318 0.365337383549 0.131775041058 0.564361797364 
0.438802752278 0.364420342976 0.470865283461 0.482949603862 0.711775879193 0.533996906585 0.608018504304 0.58749855015 
0.415751092816 0.398306793227 0.393373476309 0.439810151748 0.387720283689 0.308427558597 0.36006434712 0.718345153332 
0.474364264083 0.402559921776 0.559110145651 0.302944016691 0.225880369153 0.270411996018 0.308832449062 0.519315341795 
0.436863500797 0.37741930264 0.472857035405 0.50054461857 0.485708607057 0.476590854844 0.869126116862 0.227058643568 
0.437597168062 0.362735689102 0.468092095935 0.474415619921 0.422614016 0.395098467483 0.106111719326 0.624896318818 
0.441799923331 0.36518306915 0.627947115163 0.511982248982 0.503050768107 0.482535416605 0.721066074316 0.539699473542 
0.441134311024 0.369681446469 0.434578737971 0.395360337872 0.352610663122 0.373915773157 0.181443672268 0.487193337591 
0.446513369417 0.351700073733 0.452751536814 0.433162517707 0.351711564444 0.0875799051909 0.866940774182 0.374831897194 
0.438344815745 0.363029024453 0.466498292431 0.479607978477 0.397781923096 0.398807244532 0.808716721422 0.0667780057075 
0.438990651124 0.363887304521 0.461872820905 0.449097305406 0.390624794587 0.459724236968 0.663352811627 0.613831286308 
0.440236999882 0.364025807408 0.469082924019 0.472888304603 0.403048126431 0.70522275474 0.811574074526 0.216369700154 
0.437789029236 0.360409290084 0.484557184139 0.436122447055 0.522369224896 0.455989959715 0.573176085941 0.727687634829 
0.438405255865 0.363080201956 0.460582310088 0.463653936863 0.462240841473 0.736836208659 0.836316842578 0.278065249716 
0.428930521899 0.350602893765 0.449387757209 0.525968869625 0.555342341559 0.471788846436 0.809097910685 0.404883041919 
0.449379150676 0.367539965127 0.44366479383 0.462384978966 0.391061061972 0.493722517188 0.594436532938 0.657079775015 
0.451804018443 0.37662092134 0.492598049142 0.485196806936 0.164615279511 0.336243292736 0.331009683755 0.739213407687 
0.439914454271 0.363935574754 0.474393790474 0.484115736645 0.366904864694 0.397486684631 0.945678435104 0.156574942931 
0.430906620786 0.333996625238 0.514758478712 0.407888275453 0.367043651703 0.578282064974 0.723070804604 0.521219390786 
0.438839391187 0.363933123035 0.481617818943 0.431878692484 0.385440308789 0.366621956973 0.144705900072 0.540902412837 
