0.422475182409 0.330681708149 0.370417819804 0.390372546195 0.454879824649 0.497513417192 0.549794146321 0.755965138753 
0.432998680744 0.339315828457 0.379912883506 0.40888114351 0.427728202692 0.427669108724 0.31255968546 0.758797692314 
0.463395299951 0.355883933595 0.485023550275 0.468716697548 0.717297477679 0.700810540512 0.688208934111 0.102695066146 
0.43468572687 0.336744726306 0.38517226335 0.417824685901 0.382423859423 0.385576150996 0.665375385209 0.561422028184 
0.433942446219 0.340336993268 0.377986560263 0.406563350307 0.392113786862 0.212514051004 0.817025787033 0.187860204551 
0.426149752815 0.358023158265 0.510437568338 0.450497521354 0.508325203263 0.71614573863 0.578412296523 0.665226024253 
0.400736684346 0.39041492892 0.396866801777 0.307108013974 0.551185175804 0.496233266897 0.825394400805 0.582557072353 
0.431920721701 0.335775305276 0.362876359294 0.399900640042 0.425164421015 0.483685794627 0.301587986741 0.796560111989 
0.432229209602 0.340143721538 0.385222965748 0.421485546837 0.455939066552 0.512110764489 0.512963068207 0.748638204747 
0.432887558668 0.342263479898 0.373545915105 0.422464459046 0.441079257586 0.420020259186 0.394344118387 0.713934040937 
0.43287765356 0.339015672033 0.379443214398 0.408132105062 0.42472469039 0.438927572639 0.698155617777 0.509694154615 
0.357777771518 0.287728516291 0.479886117294 0.527989237437 0.609478094347 0.619107911471 0.720953643595 0.520482633328 
0.437105961305 0.340551788211 0.382810468509 0.415640924018 0.408318640831 0.422441055529 0.396972972548 0.767885199659 
0.433982077866 0.342896475754 0.423218294927 0.424708450057 0.369342514909 0.586983742804 0.754572869288 0.375926690629 
0.426973743431 0.334388503436 0.373948583074 0.422500863253 0.439121786046 0.447384378569 0.554264815342 0.714516668649 
0.436182767858 0.344514771946 0.36258611317 0.398342500643 0.556208823749 0.73643744084 0.594446276725 0.451599142922 
0.432515698665 0.339022208098 0.374965245896 0.461869936932 0.453114496507 0.513580748089 0.798799094177 0.425764025806 
0.433156433431 0.34027381207 0.380400496651 0.410928376815 0.433558871848 0.467121719111 0.280915436952 0.64780426894 
0.43299288058 0.33895782546 0.37902963089 0.409025918816 0.291859013551 0.409835316303 0.288951827221 0.904032156845 
0.432472938438 0.337325016042 0.36907875658 0.383037074301 0.383341568604 0.35838396391 0.608139293649 0.572437647382 
0.432791866111 0.339077763733 0.380885070692 0.404891456675 0.44291664289 0.642941468371 0.544873024536 0.667179437834 
0.433053862713 0.339572712252 0.378559902807 0.409354160549 0.428204046445 0.437992543605 0.40058526471 0.623947782356 
0.435708541848 0.333216350303 0.3735598854 0.40263479146 0.420804373135 0.630060257897 0.783129229464 0.143628155637 
0.433208860342 0.339503275439 0.380300458086 0.415917598647 0.437836627832 0.444789221704 0.486610800018 0.669598876007 
0.543097933737 0.208570540853 0.310102942879 0.360389927821 0.323160463409 0.33599543783 0.323582345484 0.767653463973 
0.428481598623 0.335103668788 0.368181330003 0.467133671877 0.468402965112 0.490649278277 0.671982383334 0.535942464776 
0.43290587375 0.33934890056 0.379159735071 0.384406756747 0.796819064948 0.630426860899 0.602969585969 0.265783232839 
0.433007677876 0.339653672705 0.379922373715 0.411256713688 0.441908098454 0.609609409381 0.510911593211 0.587117085669 
0.648771580902 0.751331508597 0.763816110834 0.743386578081 0.585393652361 0.604486521922 0.566753130737 0.417805140748 
0.438674730447 0.329719900154 0.417440622746 0.441991489943 0.501984790446 0.49588282687 0.823613723084 0.151335712442 
0.432793610224 0.339166772102 0.378998214709 0.409610878124 0.442568987253 0.453758251738 0.85388467887 0.430313229268 
0.43713184587 0.342711019269 0.445890754601 0.460491042705 0.721463426498 0.531030906891 0.646286665817 0.515255895962 
0.432835516715 0.339379700612 0.380756074042 0.405639634328 0.49493816102 0.575034390213 0.52668029795 0.750943647553 
0.432846010016 0.33921713134 0.358333455479 0.446758911866 0.441777653465 0.294682580426 0.823647993904 0.298633392862 
0.43269640946 0.339646254026 0.37998223436 0.408367791811 0.427744832644 0.577300791217 0.746379443012 0.281016431758 
0.537768019939 0.399819943283 0.413625567872 0.488202422393 0.668213656751 0.591097562257 0.681136166356 0.404032473591 
0.602416897957 0.499283282276 0.449782576926 0.591532123367 0.503569851942 0.818448085776 0.585204801234 0.241741881985 
0.432494436301 0.3437226365 0.389752374329 0.358078954725 0.376349070627 0.409893663745 0.821394588468 0.268503563492 
0.432779159563 0.339175922137 0.378819916328 0.411408515113 0.434014202849 0.442658357467 0.424027888413 0.859576795323 
0.432824912068 0.338683146338 0.387491818604 0.41722422425 0.363940363353 0.420927119418 0.401898815543 0.789311600939 
0.4324986941 0.343871755916 0.356915813727 0.354606418133 0.411018419652 0.405775320374 0.362485448176 0.647089992669 
0.432554583799 0.339029439828 0.379578631894 0.409955229755 0.429391566204 0.442350050357 0.543498969482 0.841280154183 
0.449697121703 0.344644495507 0.353346554784 0.468940112361 0.286368773059 0.701407729637 0.693706305514 0.328972714164 
0.428706356202 0.330620659584 0.371199074586 0.404238292427 0.514343156198 0.531745466633 0.512291679058 0.630268197398 
0.433818497828 0.337352119713 0.382792238778 0.411003412784 0.438340685886 0.399585505533 0.552524799244 0.840030920182 
0.555322256074 0.435750892352 0.41892182904 0.563841005205 0.499930871991 0.516349375839 0.781814610095 0.409766771944 
0.433248043651 0.339619173445 0.37240044996 0.423581935731 0.472759888866 0.616603635603 0.835857070157 0.00859676772795 
0.437910403746 0.332578650432 0.377545714297 0.425347854983 0.454365819622 0.196129282057 0.872125134765 0.0359193561559 
0.408414713631 0.37904777711 0.479836274051 0.447421551505 0.747693875515 0.666836325852 0.624828106425 0.213067507287 
0.422428820218 0.478105760624 0.434931446286 0.646672637037 0.619782810377 0.532040765959 0.623395628619 0.517520729799 
0.433256189348 0.337242385412 0.377919785793 0.399013230718 0.449503059437 0.40253315347 0.41351945451 0.671120426172 
0.432850443052 0.339214706107 0.379806030533 0.410179227112 0.429647641261 0.440735192364 0.435901274676 0.74799417582 
0.428763548358 0.333863582216 0.373856985466 0.397084492768 0.481376571192 0.484045280818 0.844379464619 0.259408841631 
0.442734384316 0.355704555617 0.322977426669 0.317969837759 0.374647574271 0.414487218237 0.874175542218 0.186164415616 
0.410439774769 0.399255019205 -0.0278235356814 0.198094031934 0.868073491868 0.628864862408 0.685744610464 0.197524430669 
0.433211716939 0.340257617329 0.377318053479 0.404540285074 0.423105793939 0.534984331556 0.186414310717 0.596055445024 
0.432770526757 0.339063758085 0.384512152677 0.398428534524 0.425412983961 0.456381992076 0.23099633348 0.55480350619 
0.391640323514 0.329265904738 0.507591064279 1.02239024185 0.648766334154 0.708017768484 0.606079610033 0.11087575868 
0.43000627424 0.344044497134 0.351585007096 0.316157738264 0.375219359763 0.61181772544 0.76285074995 0.00662187749259 
0.432775413144 0.338683923187 0.378024583417 0.415075346594 0.434156975086 0.378594639628 0.692635257383 0.530091969242 
0.42779003734 0.476564249974 0.470915767254 0.54721079785 0.213558914227 0.826098067617 0.584253446209 0.280326861681 
0.432710683729 0.339552452234 0.380042517393 0.414548107685 0.463112318897 0.386526383592 0.374458545678 0.630543177588 
0.431347266462 0.338426419604 0.374399316504 0.420925860104 0.433408006971 0.396604887484 0.632034072685 0.569042187998 
0.454575251782 0.381559608074 0.415436481411 0.444544586419 0.456050028019 0.496153079688 0.670380066383 0.472053252544 
0.532886457902 0.373144380291 0.463014094198 0.456588776145 0.497256007555 0.187004446031 0.279689365033 0.463869738287 
0.431906583848 0.336720083948 0.359437175549 0.326132196031 0.568555733778 0.549923021138 0.756578480861 0.156013708345 
0.420036340605 0.333005810231 0.348995661806 0.397439529502 0.590339448485 0.519933869483 0.68987571864 0.501670394474 
0.432494922057 0.339120510206 0.378959728396 0.412421702268 0.433670420562 0.404076488673 0.378630126444 0.732328398169 
0.407579357828 0.36905664146 0.488322388599 0.478968796716 0.738699753967 0.61884411466 0.757266175203 0.168284263404 
0.432972459574 0.33934316037 0.383736229739 0.412824774861 0.432401750754 0.442700635732 0.482860177525 0.683990160813 
0.449122241803 0.38539068529 0.392037365851 0.420956844944 0.326472630917 0.410187564029 0.814910451517 0.519146625512 
0.41369462028 0.240879958779 0.56434625028 0.504131640025 0.582761545212 0.746512507036 0.621104608909 0.279548894131 
0.432256139881 0.339064482778 0.377750671609 0.409647276529 0.56077005502 0.552914026828 0.10841704087 0.646016456986 
0.4352240869 0.331665046327 0.391779461384 0.389983198244 0.329397422093 0.247094749515 0.203449926555 0.579196510553 
0.433185706009 0.339371173978 0.381159018917 0.412423863326 0.372406113889 0.333222983689 0.687076675003 0.577459202563 
0.433440546828 0.339470819586 0.380975330437 0.407957341707 0.382432777319 0.531480571422 0.505379293785 0.73164085801 
0.433397344978 0.339412856652 0.380208434865 0.407815596725 0.433528697267 0.493966407175 0.892988272745 0.508198031273 
0.432776535104 0.339040463037 0.38101015188 0.40482837963 0.442139763438 0.668030999365 0.551388364064 0.739833479562 
0.432781314528 0.339176748516 0.378886635171 0.411344281827 0.433756089167 0.442586113618 0.424532720872 0.830192405031 
0.43331037653 0.339398394214 0.380161454361 0.407745230405 0.434081940611 0.490329481672 0.8192696606 0.426168390641 
0.411973375702 0.228590368356 0.578924304577 0.508835893489 0.592151469056 0.764576473717 0.625603400256 0.294298132122 
0.432504792327 0.343647522527 0.389586929523 0.358662499354 0.376902732285 0.410131447937 0.819754956581 0.267315039406 
0.435927814137 0.334868880461 0.378184566223 0.420910514869 0.447177819676 0.233356907487 0.834157020185 0.0322676455388 
0.430573379573 0.338179571406 0.371794949319 0.424889501149 0.434388662129 0.386980575799 0.651804812284 0.630602489313 
0.434444350201 0.342412163701 0.391487192725 0.439303866848 0.476276056851 0.555796119618 0.598045980591 0.423498054565 
0.43468572687 0.336744726306 0.38517226335 0.417824685901 0.382423859423 0.385576150996 0.665375385209 0.561422028184 
0.432776266051 0.338691340612 0.378049458544 0.415017843474 0.434107909622 0.378939730976 0.691955113964 0.528592982663 
0.444617007818 0.345873194074 0.402450430618 0.442136675808 0.184571313616 0.317939984902 0.286686963876 0.55839211028 
0.435343851075 0.335584817346 0.378402550908 0.419443019977 0.444803538655 0.246268877629 0.820968725796 0.0310083195784 
0.431713047291 0.336184494282 0.378530397878 0.402513587221 0.493091482363 0.546132817465 0.85786386233 0.00166859214772 
0.433140283085 0.339346919723 0.381617710868 0.411851947522 0.42395381032 0.480852507649 0.454327552435 0.74343686699 
0.432791866111 0.339077763733 0.380885070692 0.404891456675 0.44291664289 0.642941468371 0.544873024536 0.667179437834 
0.433408306233 0.337900281165 0.378709382875 0.392769676906 0.297878837953 0.655622415006 0.69614458657 0.353380409112 
0.431867733813 0.335554439985 0.361652940453 0.399273297855 0.424955409215 0.485600294313 0.297902211383 0.819103140908 
0.432713813015 0.33949642095 0.379984469874 0.415080983932 0.476617373267 0.374855585436 0.362182039454 0.769126391232 
0.428445068545 0.333475478663 0.373487273096 0.396261753542 0.482602029049 0.484552017412 0.860163197645 0.269420655144 
0.433345945194 0.336971454788 0.377698858072 0.397339524903 0.451468804031 0.40024223355 0.412578802597 0.710672471149 
0.441156955831 0.362059856222 0.387435988659 0.417012854577 0.363223979122 0.416625048505 0.743492161626 0.416463372307 
0.432344321786 0.344780971088 0.354537564537 0.348617972929 0.410184934666 0.40341787199 0.357163667264 0.694498231623 
0.432785303312 0.339178372987 0.378993542508 0.411239098202 0.433339678955 0.442465755761 0.425350113155 0.782683811624 
