0.453447626852 0.5130277612 0.442158506294 0.477685833559 0.42236326496 0.396838312055 0.201204613342 0.78384077667 
0.474353737263 0.534072489546 0.490515435891 0.517710433024 0.336491419686 0.691232231104 0.507298704744 0.611961930992 
0.462151783538 0.516245834268 0.444871562128 0.440949900731 0.411598417176 0.409373873884 0.372040701922 0.733922380949 
0.510993110156 0.531439662917 0.356995401998 0.427047335747 0.385559259488 0.722965049967 0.589097032541 0.441643356209 
0.447823361252 0.508869490844 0.413596676228 0.443269779363 0.397512046466 0.513227726326 0.719151581497 0.690442200026 
0.472530636465 0.53958263688 0.456165135516 0.490978495056 0.390229638806 0.503856014641 0.18040324115 0.537001741155 
0.453558294578 0.513132280924 0.442273626247 0.478481256943 0.432826561569 0.486636879312 0.592870505293 0.738024981122 
0.452917586164 0.513768084967 0.442542076113 0.47793719113 0.418092690843 0.407258994854 0.283887974742 0.80386548333 
0.453790416722 0.51410027818 0.44255917701 0.487988989389 0.408246307911 0.444616709343 0.44413497846 0.82723456159 
0.45334480829 0.512142747387 0.440067386233 0.469591348766 0.445130663817 0.473571493517 0.246428126364 0.617807245276 
0.453523667476 0.514741490815 0.453343381425 0.441659862521 0.49305200495 0.459078469258 0.475577080268 0.676140190934 
0.453370970643 0.512909031244 0.443403491174 0.478106375949 0.42564049057 0.422952202098 0.400905286091 0.980240392679 
0.439656781084 0.532738986934 0.458400666331 0.498192803181 0.452240567873 0.554179124903 0.798160739949 0.35622466013 
0.452063650966 0.514967617811 0.444242898755 0.489322776208 0.364697314895 0.535862610112 0.74904836531 0.197676556924 
0.457573354214 0.504483847935 0.439507682763 0.474811394708 0.434205572811 0.361926590179 0.352363493503 0.687041765719 
0.593755899425 0.681444055986 0.25627760386 0.270613467125 0.331240515553 0.784368267577 0.691168678912 0.219436393108 
0.452544031487 0.518097040095 0.431451341331 0.460761240138 0.322136651529 0.662696641771 0.750330717988 0.338288598678 
0.455243074084 0.505117292962 0.455698584955 0.256548732771 0.361444988702 0.805766184453 0.701729383051 0.236614553218 
0.458635681323 0.51602727463 0.436521526793 0.45955828151 0.671689405389 0.621125915071 0.663592627094 0.628116427936 
0.454285492383 0.51462800936 0.44554463499 0.495802002724 0.429283697471 0.433186040095 0.83673463996 0.0275471974473 
0.450918640573 0.509844571214 0.440973963358 0.475236152347 0.430284196399 0.431495000883 0.29470632323 0.792948205146 
0.453198760991 0.512910243412 0.441603105172 0.476518267893 0.395044190993 0.471178832311 0.321037347059 0.817527863373 
0.45366825131 0.514232708641 0.438647485291 0.476802870022 0.483971880393 0.329647569493 0.344060910738 0.772291204951 
0.443200633948 0.510653070935 0.432506269593 0.462240404786 0.504324521766 0.513261081267 0.455496074447 0.747551693696 
0.453463796308 0.513048117172 0.442414557039 0.477809194715 0.365720482326 0.530756635666 0.749003079526 0.372599145686 
0.359268544347 0.235101088446 0.874592676565 0.736993137806 0.679526186716 0.740037853773 0.608767425634 0.421143322563 
0.457260141845 0.514127665049 0.369223422941 0.429484546322 0.369788826629 0.57421306614 0.506700844862 0.691366773531 
0.453485898847 0.513092829038 0.442143569159 0.477809995299 0.439273957749 0.587726087546 0.539302631267 0.650240249359 
0.45426771776 0.513321132049 0.442444029025 0.479824033473 0.418621305226 0.43190942382 0.416867448227 0.672048211535 
0.454320234465 0.513271057483 0.443985326199 0.467113526447 0.436233941995 0.49341230453 0.0930501572896 0.554854504939 
0.458405308631 0.520950300513 0.456502639358 0.482531072979 0.395387174649 0.498789059464 0.78560651144 0.398054183638 
0.468100676258 0.571642685916 0.492328302967 0.574415703316 0.460864318816 0.470062189153 0.521420705522 0.669439315363 
0.502710071241 0.557996685366 0.482499320212 0.552084464705 0.119501834733 0.302073225188 0.212693041403 0.495517542589 
0.451548396146 0.509789494665 0.473770170595 0.507576233213 0.546305564483 0.495853057899 0.787158289626 0.066892021946 
0.45328441423 0.516779226585 0.444197457978 0.481831439896 0.41385238546 0.639750904974 0.597627372886 0.560151255721 
0.42763971238 0.561611910946 0.507383000142 0.536289487819 0.473757806076 0.502493569789 0.587257849603 0.62836259119 
0.45346459625 0.513046367945 0.44200911349 0.477231948222 0.425690638276 0.286438699129 0.819301717366 0.24529982654 
0.442420245009 0.509868463381 0.455973267228 0.482799418212 0.405221956535 0.514287064831 0.453854050474 0.605341595762 
0.444032954489 0.510022036214 0.440362974188 0.493775172447 0.494718162009 0.438806227681 0.860216750774 0.231226545274 
0.453396110908 0.513010264868 0.442185733967 0.478069342871 0.425582021222 0.464974331722 0.598466676428 0.576105738881 
0.453481610962 0.513314989806 0.491092276113 0.584070555436 0.230033318465 0.283469809493 0.193158852329 0.404995981243 
0.446304686068 0.50707976846 0.363806076593 0.45712260494 0.621100312617 0.545944065684 0.709042108065 0.419395418263 
0.462351735245 0.525062243941 0.445430909169 0.432767173539 0.400757982052 0.406102309496 0.392645685319 0.70136963927 
0.453224441399 0.512971419965 0.444901320395 0.474752924105 0.417785603212 0.45598534047 0.765522647163 0.529121284658 
0.453533638895 0.513402285829 0.441800770932 0.480004110919 0.414810518535 0.429233585 0.420344819189 0.790930230148 
0.434801026595 0.506701364546 0.423724379658 0.437444123586 0.349595833488 0.675257946334 0.775468010954 0.353100932583 
0.453240058852 0.508775809213 0.439042687888 0.472293799755 0.459682663018 0.593187692887 0.0997749175974 0.466606782057 
0.453444897019 0.513076183598 0.442209871447 0.477542851615 0.422115920792 0.408680088266 0.669829102729 0.489458404043 
0.453259461789 0.512967679425 0.442396826777 0.47777425723 0.420732936544 0.413726595348 0.747305536776 0.394397480926 
0.451151787773 0.517498383596 0.432267043585 0.48991367031 0.326082987918 0.304337882888 0.722482874036 0.584181974508 
0.491274999774 0.473740683767 0.412496046766 0.407009900529 0.351792377261 0.382124779362 0.648997020166 0.579308043808 
0.470107639479 0.490004717318 0.40048910945 0.67921366388 0.546076800041 0.58823559997 0.713630231217 0.0229528190269 
0.452355929195 0.515350442142 0.444655400747 0.478739593464 0.443461974331 0.425123033587 0.450339881837 0.798009458127 
0.340128178509 0.670562665235 0.248787099982 0.41656539786 0.205953370192 0.250659810752 0.310857983433 0.533904826859 
0.453691943909 0.51313715769 0.441880127451 0.477361013837 0.469443906537 0.252317223918 0.240495518744 0.675272235702 
0.452587273346 0.51223648199 0.43724764407 0.475662672034 0.44574071361 0.446082806338 0.467444440489 0.681783504135 
0.452127497851 0.512624168242 0.455649457195 0.487862471534 0.441123366203 0.383170864094 0.311513198488 0.670143348356 
0.460908678209 0.518701024401 0.431748120173 0.450874409584 0.25281436923 0.307655172065 0.869087019002 0.0728561156031 
0.444524625026 0.504254244389 0.463178083365 0.45354297445 0.382078192065 0.242049517656 0.807907102052 0.216865523967 
0.450281815247 0.516173653348 0.448392820614 0.479814110396 0.406215307295 0.412910013022 0.197387009289 0.716465621153 
0.452295268535 0.47632962692 0.520656026755 0.507489163389 0.330253218605 0.203074166453 0.15606090215 0.602182617897 
0.453793848328 0.515087518572 0.4441107997 0.474824104322 0.435606234706 0.424044186047 0.785328708546 0.477122358809 
0.454088171014 0.516165139945 0.443690797151 0.473322128634 0.446690784114 0.606122831717 0.609433276906 0.420840095439 
0.479066951221 0.518888092086 0.475579863767 0.50129960679 0.450928620531 0.457173913259 0.066316148752 0.588735234305 
0.483374133301 0.527004780214 0.465577446725 0.509717029891 0.783761853052 0.530833099973 0.732305590684 0.214148761256 
0.45266047663 0.517697357328 0.432012000572 0.461630815413 0.328782509702 0.653279677805 0.738635112498 0.325909114387 
0.453368392999 0.512658182856 0.445288861953 0.497722127264 0.430212847972 0.527780628556 0.856636013786 0.423867017731 
0.45490363639 0.508794413509 0.475577323328 0.492222901293 0.503784797794 0.46390391002 0.435990478737 0.728863017361 
0.453470306468 0.513047862251 0.442248822852 0.477425113553 0.421879316977 0.477592987957 0.707645729802 0.512789615315 
0.457886234668 0.51562644947 0.437193046574 0.461860290664 0.658602879457 0.612637069082 0.654345724257 0.601728405788 
0.441723048507 0.50985964571 0.433348305286 0.474296636297 0.408335132647 0.439448683777 0.668029748451 0.589459934081 
0.453396110908 0.513010264868 0.442185733967 0.478069342871 0.425582021222 0.464974331722 0.598466676428 0.576105738881 
0.453828462755 0.515162777399 0.444216771864 0.474516424242 0.43814126368 0.42522051009 0.755330128944 0.439244645527 
0.458291309087 0.520770971888 0.456183220984 0.482454745871 0.395759220531 0.498250276413 0.78190175403 0.394178871774 
0.447442822993 0.508632932907 0.411152107835 0.440560220334 0.395976569622 0.51734266701 0.734665260781 0.724803972175 
0.453344621607 0.512139804065 0.440060136896 0.469560375541 0.445188814728 0.473713430078 0.246208621906 0.618720115671 
0.44304888169 0.502904281478 0.465494862095 0.451762426102 0.379021481198 0.225707159356 0.82793644669 0.229126731591 
0.479035349223 0.538454629574 0.500833472181 0.525324853803 0.324462394695 0.715037084107 0.509105760308 0.663272614569 
0.452507842398 0.515220243715 0.444547560122 0.478751850107 0.440838126049 0.425045379288 0.445844830986 0.711507408577 
0.461673156055 0.519208236264 0.431122688316 0.449014889672 0.236708416398 0.299285547388 0.891943703998 0.0767885263294 
0.460766629556 0.493035730405 0.432146108606 0.411087887817 0.4018375443 0.574247907231 0.687364565086 0.530679418021 
0.269212788714 0.453314691463 0.405665070129 0.801123357782 0.640670220835 0.694122913902 0.593409818164 0.35836906231 
0.453391491692 0.513011706348 0.442188350216 0.477890793086 0.424706537174 0.474118322332 0.647791854456 0.724267987823 
0.452487189233 0.471171733781 0.528349995286 0.509537416966 0.324893322025 0.188847030701 0.142825473556 0.637207567649 
0.459456023571 0.506195331029 0.439230628441 0.493937369899 0.438318647936 0.469587562997 0.493785351064 0.805502894729 
0.46097626059 0.518746105587 0.431692145178 0.450708784052 0.251396792677 0.306913297195 0.871103918491 0.0732027033949 
0.445959477489 0.506882120704 0.352177142575 0.455440019386 0.636960703777 0.552857502888 0.727265784178 0.446321243377 
0.840587247773 0.703974826426 0.596802448336 0.544093002103 0.622452783952 0.570672556988 0.652861103127 0.521747227421 
0.453402679198 0.515109777582 0.443344705149 0.479995243048 0.417156163464 0.619497803436 0.585489404997 0.515741128778 
0.453722798952 0.513149863835 0.441838472825 0.477331419109 0.470010152472 0.251186525589 0.239601695834 0.679404103188 
0.451455435476 0.510500375003 0.441186834165 0.475677985791 0.42906207637 0.429766651091 0.302168553877 0.740240456209 
0.44012128878 0.500261112756 0.469874748258 0.448482726115 0.373333027182 0.194795207844 0.865724681241 0.252377715151 
0.445060505016 0.506043896159 0.35018533536 0.453566337988 0.655662885746 0.567880593294 0.761236499612 0.230051795983 
0.442645944025 0.487454622975 0.29640507956 0.325744684633 0.331574971462 0.641318646256 0.681862949285 0.589139232799 
0.453071846511 0.511040616668 0.476375670171 0.402541310319 0.616005341301 0.497179575769 0.496368511885 0.830662615344 
0.582659306646 0.563022439307 0.316869356299 0.420018371952 0.365004441668 0.331377469231 0.642757164742 0.759554144511 
0.453513015172 0.513157442926 0.442050470631 0.478304274455 0.4389793258 0.552147962545 0.520982798081 0.532678392262 
0.481998548756 0.541202628536 0.507325621886 0.530047750653 0.317160357907 0.729530108993 0.510191498368 0.694746387775 
0.453494531008 0.513064269485 0.44226597179 0.477435578302 0.42187557609 0.456817707743 0.798446161773 0.577597311424 
0.453391597669 0.513011779235 0.442188395288 0.47788922827 0.424697444499 0.474219511693 0.648338565819 0.725910508819 
