0.493619586322 0.460036524952 0.405010309769 0.427852413343 0.395152222201 0.32419986595 0.721318665794 0.490559566922 
0.496728916017 0.464855052442 0.407661621209 0.421077790054 0.377102905233 0.506506518068 0.873704944675 0.146436875239 
0.494602856065 0.45785113363 0.404344345333 0.318097847857 0.351922229454 0.256929151895 0.716595546439 0.670750779133 
0.572008797382 0.581647175626 0.498391534755 0.596580357894 0.524589122012 0.603135941319 0.582360057412 0.487120663601 
0.487886508129 0.448330324491 0.396904574289 0.449139113381 0.400546886078 0.511851132918 0.493630272872 0.848253367924 
0.425702058923 0.617851455502 0.0855924062998 0.293047202293 0.731369147711 0.634110868725 0.756533373896 0.0224638250307 
0.493724129079 0.473173887885 0.433662657151 0.391909452968 0.350879408485 0.520163772024 0.750366165101 0.656231027428 
0.792871878417 0.541440822011 0.481176893587 0.590630039589 0.743263568336 0.747208781187 0.628756681764 0.061502931328 
0.493566366088 0.459257413404 0.406702416652 0.434153500178 0.371309125485 0.371474557773 0.569332889655 0.606081396844 
0.49442576716 0.462615290709 0.406087233068 0.428540638263 0.396694911741 0.448167398581 0.414304722547 0.73753075231 
0.494106491179 0.460127576185 0.404221016094 0.460593309168 0.430493295557 0.495215022246 0.685024721467 0.759682135084 
0.490486588592 0.464362224253 0.412962950021 0.389640089202 0.355880304724 0.539348881548 0.155251347617 0.532189827239 
0.494215337976 0.468411592541 0.441707017593 0.382018379587 0.787430925565 0.691047498314 0.674288640612 0.329891713216 
0.518617592436 0.469590573827 0.413039767878 0.407803660611 0.297395612726 0.582972720459 0.507231981486 0.803133180388 
0.496262462543 0.460646372712 0.401135352971 0.43939346333 0.411086368027 0.384434875993 0.857884763462 0.273923563422 
0.464720528442 0.501932454789 0.423798859006 0.462957311869 0.32517826197 0.282927684183 0.350146639262 0.651121784158 
0.4936391813 0.460016494947 0.405140460265 0.427969097351 0.395356874848 0.43702827084 0.554622923067 0.652445942934 
0.463682875533 0.495771106937 0.4591499005 0.264747703454 0.308412271196 0.295022492813 0.297898974568 0.650638355028 
0.521346713853 0.468907319842 0.358944883905 0.389857227092 0.662920988937 0.717166976838 0.560368356123 0.443429293639 
0.482431593843 0.453901225696 0.394610825472 0.417531395913 0.38447091323 0.901186095454 0.645592224324 0.139808241383 
0.501737962826 0.463739388531 0.408829830179 0.433607704023 0.316168049283 0.247370014829 0.723703524251 0.573108778099 
0.529963112209 0.474661223774 0.354029961403 0.368087436286 0.371466049967 0.0677520365857 0.302317614299 0.495629740841 
0.492740946794 0.459675419464 0.407171639847 0.424802084017 0.404765547471 0.480023690937 0.483636962203 0.737610810937 
0.493870662831 0.459333669773 0.403957772568 0.427008163492 0.394480335744 0.367307269672 0.235870717878 0.767623421582 
0.481459562588 0.450851538112 0.487013275662 0.454108425234 0.447520370643 0.560812482491 0.200313136445 0.623816112654 
0.496148542227 0.461403568363 0.371891183697 0.477912255527 0.276671609637 0.327578644852 0.267101067262 0.494144673327 
0.493610089693 0.459994535689 0.404390005376 0.429370658725 0.407285424199 0.422375740959 0.859599407788 0.427571804341 
0.492681129706 0.466301916489 0.409068444736 0.431910233863 0.465104093233 0.883335706141 0.673892383364 0.150947425019 
0.493539824398 0.459710813482 0.405481856674 0.426787830977 0.392954385603 0.442811331852 0.383265162869 0.859713929733 
0.485410122419 0.457280877804 0.440162184201 0.4887789644 0.548894876757 0.542795547876 0.606319207169 0.595566703958 
0.488880262799 0.457733086477 0.418528140675 0.467657826351 0.415830402863 0.574403002171 0.798920411333 0.0920510074262 
0.493019574304 0.459704632004 0.406169916912 0.424905534541 0.424519176912 0.530503916092 0.754661817067 0.371479903845 
0.498068194926 0.463023233225 0.41161173637 0.441861399937 0.356340005477 0.585150752495 0.864505014136 0.0581354763932 
0.498131423363 0.463477072649 0.432143040073 0.374732647886 0.671841483763 0.551236306815 0.627097602673 0.541964627282 
0.544437257586 0.402708612674 0.501447475657 0.552276604864 0.568399383663 0.630162774086 0.887484546145 0.28864241646 
0.494917787391 0.462751693673 0.421102766588 0.331380081266 0.70596674064 0.904552152689 0.745265288095 0.0754423960198 
0.495432765857 0.462261230445 0.39068100153 0.443688145738 0.406513577289 0.401035315779 0.885748787271 0.189949256397 
0.493571889759 0.459996158735 0.404937586705 0.428068483545 0.395645874819 0.447176307712 0.828815345601 0.17155357311 
0.494058859559 0.459402703053 0.416387867527 0.495749929539 0.412734942016 0.773910312398 0.585622954732 0.571466828461 
0.49466271085 0.4562659685 0.41108694109 0.419190884086 0.423725221648 0.397904268124 0.518638831881 0.625537417866 
0.49970829716 0.452304171217 0.386534429827 0.415472135994 0.452268417941 0.666536869836 0.822498119148 0.0272803143622 
0.493643316649 0.460088914116 0.405590096574 0.428500043037 0.393933484973 0.419153260849 0.591229542623 0.588909740319 
0.493684376377 0.460764115671 0.405840952316 0.428300843993 0.39414853269 0.478574702581 0.303172062951 0.745754691789 
0.493222011677 0.467612964223 0.49401811332 0.183840143285 0.308600465642 0.751156094879 0.776128216474 0.363886280718 
0.497139373674 0.451271945533 0.392352339934 0.418394948044 0.522860500776 0.779889676283 0.722584604465 0.0857597137931 
0.493651683078 0.460020767546 0.405254942664 0.428108344055 0.3924433344 0.443105334438 0.443296352101 0.723391072068 
0.493223295633 0.459814651086 0.410115716927 0.457352291759 0.43578909753 0.495448798403 0.74227599383 0.425353594064 
0.516263139308 0.423637625896 0.302188655791 0.340799326592 0.730373060667 0.619262823713 0.733432135952 0.0629196396289 
0.496104630902 0.460954650928 0.414599508411 0.436403025291 0.41349090531 0.470258080383 0.807251047161 0.372045514886 
0.495323666837 0.46589917397 0.407620998495 0.433216956985 0.37603225874 0.54420200586 0.0738803070191 0.595244821593 
0.488958290019 0.457768400673 0.416144279865 0.439163218294 0.352938524678 0.414361849828 0.51308140637 0.711163281737 
0.493701424168 0.460277190927 0.405077550713 0.428499563532 0.390649146615 0.426847162245 0.842174072452 0.391789779822 
0.491038472781 0.475044679132 0.426299497642 0.56704012571 0.620272165856 0.709921744162 0.782165940556 0.34470017439 
0.493776233053 0.460142768442 0.405143748052 0.420367020471 0.350121399105 0.518847414017 0.473301133663 0.763379729371 
0.494102699065 0.460628503192 0.406370423254 0.422555357139 0.375511584495 0.674275523332 0.782705938502 0.28831831027 
0.493656364686 0.460346539957 0.406339136331 0.462947864714 0.443931406999 0.568384526705 0.188566666372 0.604905927817 
0.493640462113 0.451555291937 0.429047558868 0.451327000715 0.415367645614 0.481937198635 0.235496602326 0.580065320248 
0.494720066622 0.454027958562 0.427601514882 0.459355220662 0.41766186876 0.292267303066 0.277145931451 0.611450747647 
0.500671773293 0.466081355551 0.39312449936 0.395308185685 0.263302533573 0.398331912421 0.890070352469 0.0220558650764 
0.493594940048 0.460050671215 0.402403564643 0.460669175884 0.431670488186 0.374645958732 0.280893874516 0.774883556756 
0.48034017108 0.447211999857 0.475041812464 0.45086411846 0.420872884511 0.485828098756 0.333587406506 0.692009546062 
0.499488972212 0.451908425967 0.395291800186 0.419992384269 0.389756789308 0.440764305117 0.528755154217 0.795137005149 
0.493571737025 0.460208180273 0.405799912231 0.42626407116 0.398501837924 0.469772300781 0.541051850255 0.731259532685 
0.49443598343 0.46025098542 0.406574479223 0.629505526359 0.47433371318 0.692209714172 0.687011340323 0.562355393804 
0.49201199048 0.464126549911 0.411882135605 0.441140229365 0.423958594152 0.403368039247 0.686565373526 0.707417914648 
0.496488385369 0.45643713489 0.398363071998 0.541054448939 0.473206984163 0.549407932948 0.665545929698 0.562270929158 
0.49350222035 0.459835276555 0.405630634851 0.426190602454 0.388156583768 0.71323357795 0.574875071213 0.612493020884 
0.495860918152 0.462063368225 0.414280679153 0.434631946877 0.39842296818 0.462340248047 0.393980763324 0.741455628277 
0.49282420774 0.458388120939 0.414227159913 0.43089206105 0.462951673555 0.467980216421 0.481700075413 0.861395313292 
0.49626177865 0.462134101052 0.389709803398 0.450364036581 0.468887537571 0.508484737272 0.482377550054 0.603320492546 
0.493615931948 0.460015109524 0.404997361728 0.427924649509 0.383899478868 0.472660853154 0.799997785299 0.361286020131 
0.4911856808 0.431397389795 0.377237133492 0.411441764429 0.339733683083 0.60987882707 0.488643826023 0.726326972326 
0.50945941297 0.506405502695 0.438854870216 0.443981639594 0.432741380344 0.519102795963 0.514600509341 0.695975441623 
0.491172138005 0.458154744031 0.412013372967 0.433623007387 0.400260435699 0.6287281314 0.711417920365 0.294373930432 
0.494153741441 0.466325486711 0.432065513856 0.391854524806 0.744163654574 0.672519930898 0.659638165349 0.301253511251 
0.493090488325 0.460852329283 0.40098665772 0.532526334595 0.475828368445 0.565788233804 0.524154186406 0.709930913576 
0.493610353953 0.459995605082 0.404579436429 0.428985976202 0.403446175445 0.428964032998 0.822446278036 0.390661032934 
0.493841716181 0.459419473311 0.404090532173 0.427128661668 0.394576896784 0.365608137604 0.231852544958 0.783829319854 
0.493342838859 0.460710767049 0.410873285592 0.434497421605 0.541721588884 0.560676260809 0.106155821546 0.603729671489 
0.493670270739 0.460024268893 0.405447048717 0.428231253927 0.391542653022 0.442117472207 0.445871835547 0.840523591791 
0.495044253983 0.463021678408 0.422878353103 0.324749478991 0.719650148292 0.923257913663 0.754148151105 0.0782916512552 
0.493506810961 0.459842336515 0.405607434355 0.42624649877 0.388394157579 0.711629572879 0.574381898663 0.609259998353 
0.493610699874 0.459996143629 0.404174352432 0.429772764232 0.411809505809 0.41515396006 0.900888169419 0.468647377177 
0.496692330277 0.456853036873 0.413463514626 0.433938169436 0.405297794668 0.740016827385 0.759125866726 0.359214144142 
0.495291607721 0.460449976402 0.402343700523 0.436406785723 0.407071035835 0.396211670639 0.821367224491 0.250236002402 
0.496811763555 0.450918225573 0.417644739603 0.411836191684 0.440696560292 0.37976745003 0.538148121441 0.790585606547 
0.493485569899 0.459809695333 0.405713584345 0.425993443545 0.387313630391 0.718904949799 0.576618327559 0.623932281204 
0.494182422921 0.460174681236 0.406082855631 0.634606110575 0.475440257595 0.697186465173 0.691157316134 0.572756315124 
0.502045130824 0.463863643215 0.408950309429 0.433791587251 0.314974846398 0.244325930635 0.726271348483 0.579159665844 
0.49201199048 0.464126549911 0.411882135605 0.441140229365 0.423958594152 0.403368039247 0.686565373526 0.707417914648 
0.47691179364 0.451132253085 0.389939979274 0.413037392237 0.38005836021 0.940991483818 0.654314018746 0.150621491045 
0.49366837713 0.460023946526 0.405425516265 0.428217767126 0.391637825695 0.442220916481 0.445601317943 0.828193206979 
0.498453666487 0.463686077888 0.383263327687 0.455580964286 0.491085254609 0.521240013046 0.489505121053 0.733769144544 
0.493302345909 0.457705778538 0.403333485764 0.432892953789 0.397324727985 0.27522108885 0.783721240054 0.606501801852 
0.494295375714 0.46270814025 0.400565188853 0.438104457709 0.415251521773 0.479438827021 0.816705729792 0.610850269495 
0.494102699065 0.460628503192 0.406370423254 0.422555357139 0.375511584495 0.674275523332 0.782705938502 0.28831831027 
0.49503812354 0.463008582418 0.422791721668 0.325069887104 0.718990525022 0.922356062451 0.753719906852 0.0781541951852 
0.493593640159 0.460150750805 0.405536190082 0.426542464578 0.39847336924 0.466263292485 0.517132977287 0.579917209521 
0.572008797382 0.581647175626 0.498391534755 0.596580357894 0.524589122012 0.603135941319 0.582360057412 0.487120663601 
0.473640762269 0.449538740559 0.387255085299 0.410487059082 0.377594205751 0.963251161599 0.659178881783 0.15669126178 
