0.289476846043 0.389263180822 0.334440941147 0.598006672975 0.503099678201 0.651635180338 0.552441493568 0.409263455901 
0.294341634207 0.391624457496 0.417752654742 0.378042325917 0.390460130148 0.399852975897 0.616511457223 0.693088311055 
0.294660193784 0.389062827397 0.39829784982 0.344784323379 0.500543140098 0.796899428709 0.641426034266 0.177357169828 
0.295874915799 0.430674044399 0.436797789398 0.387896701278 0.548108328705 0.432036139945 0.513870514003 0.899314352406 
0.295109387595 0.387654476966 0.404150732277 0.345949883928 0.461320015561 0.487340921401 0.791641512707 0.153106996643 
0.294599761862 0.393156451779 0.429208179833 0.388363151909 0.274362362227 0.334941937824 0.784349161764 0.351533287384 
0.294090254205 0.387967956487 0.439475708742 0.398898600734 0.4358349544 0.409237730058 0.527376055697 0.692670699533 
0.294378452671 0.390048776446 0.416965207399 0.39876614956 0.399095906748 0.524116553392 0.776256872368 0.368969212465 
0.293846189334 0.392895464895 0.419049400048 0.384214771803 0.382966038516 0.502383764349 0.665931699983 0.595298815833 
0.293998580328 0.392193720686 0.418592006914 0.375742181747 0.436395790146 0.641056236594 0.549425973605 0.558663055111 
0.30706216914 0.406720236476 0.456753867896 0.399747004459 0.345954740862 0.309595579632 0.569948147322 0.710615320089 
0.29574111273 0.392789997427 0.418189909472 0.376101847795 0.391232411601 0.391278851391 0.886634419664 0.256804182615 
0.301679916293 0.358776575251 0.400779926194 0.348400960762 0.292221413578 0.552725804481 0.629146606083 0.497837068223 
0.231395052316 0.367569181325 0.388640419571 0.346456463348 0.327553797808 0.701572635114 0.663380785871 0.402849623177 
0.308946795858 0.410919530193 0.452688597293 0.458870806201 0.472325230582 0.69754134562 0.548289267041 0.473463292858 
0.294343266009 0.39162487172 0.418376698734 0.379396044301 0.404191701615 0.495370819356 0.563108216374 0.652379296393 
0.355178865649 0.500317377062 0.509812859144 0.472750156694 0.579770831618 0.615861757504 0.634958506207 0.308391900018 
0.291089899704 0.398167583716 0.459814074381 0.401564869757 0.42644230424 0.434868415484 0.628882089894 0.702561024813 
0.294442991899 0.391418730568 0.417519078966 0.377598717741 0.393483114591 0.372906437207 0.588527135779 0.536552837127 
0.294423715895 0.3913273291 0.422155837892 0.420394828027 0.41897294922 0.409378943387 0.501606489257 0.814627493219 
0.294344370763 0.391633200086 0.417717745341 0.37809927961 0.392651543893 0.384239521331 0.712879016602 0.622127862692 
0.302228260967 0.396704068945 0.423885063993 0.385049300045 0.400487885043 0.400057295652 0.777882657075 0.359802150908 
0.293467546846 0.387803722852 0.402103235403 0.364189359978 0.338994837641 0.525778424338 0.633430224414 0.618465305476 
0.310384912541 0.409174820743 0.489475562936 0.41364218812 0.285574698775 0.328707642553 0.291601523411 0.726575950481 
0.299320869722 0.404144341007 0.430317973076 0.38906742781 0.405108269597 0.39766686947 0.339887585985 0.672571969999 
0.303721677936 0.425517243435 0.440243730614 0.452483651361 0.206624833616 0.327700506976 0.371123481415 0.700601860973 
0.293770673128 0.393676463538 0.428419436803 0.389665780968 0.441422290741 0.277084367625 0.392957140921 0.768853668216 
0.328037711193 0.52876267925 0.510050626032 0.485018258204 0.447267462644 0.510103347528 0.605709880381 0.520734657546 
0.300103846291 0.39532908784 0.454413419207 0.410371903134 0.299389720505 0.309853684368 0.909192821451 0.182325751566 
0.294581391137 0.391978952706 0.421054237994 0.3837312407 0.401287789642 0.417760849416 0.789247037974 0.353368416493 
0.294291568742 0.389050683629 0.416023349359 0.392066753598 0.453218318226 0.625842335832 0.773921107934 0.167176970115 
0.295316981209 0.392401036106 0.412960680908 0.373077016391 0.400853167371 0.398315534985 0.895464505804 0.13060731021 
0.248043913765 0.207922060586 0.289106130997 0.240389766503 0.323074399572 0.62384322391 0.79078888976 0.240021532155 
0.297498412335 0.397947735636 0.426484653647 0.404832592164 0.415551014128 0.420278433805 0.335193684957 0.625656192102 
0.295861780965 0.39308495865 0.419134801044 0.369462102152 0.48629314329 0.577361129125 0.59389968621 0.758442140801 
0.294375513111 0.391654634916 0.417776117663 0.377954277475 0.379304555487 0.617303544718 0.71788229607 0.261715458112 
0.290106771419 0.404934847843 0.42660621 0.350916130253 0.283243545886 0.302041624652 0.675038354671 0.292157656309 
0.293542884106 0.374263218648 0.48235419549 0.395113605105 0.429350270158 0.279278802071 0.697663481532 0.571800444165 
0.294704594693 0.390876935631 0.417117287904 0.377742110407 0.391199556247 0.385388607268 0.666668473392 0.568377491231 
0.290900711962 0.382882068342 0.409120406064 0.430635035879 0.487392110512 0.579098930213 0.609726227577 0.662716035898 
0.29488972371 0.39313567997 0.497891970177 0.5972676886 0.484239622457 0.463021600076 0.191550994047 0.774688057 
0.294075189659 0.398617602283 0.403810739621 0.371342988683 0.407459418937 0.429915404868 0.562472240672 0.755373694925 
0.242114351621 0.369406733355 0.375219820274 0.356523969703 0.355040208097 0.504746139053 0.666726397855 0.522825696054 
0.309435629759 0.397441387333 0.422183414561 0.387833740694 0.400611135161 0.542143513987 0.494536437847 0.709426339738 
0.293875998637 0.389659325209 0.380805567109 0.355191993155 0.492784538388 0.655396423987 0.562547232726 0.350667330023 
0.298555096996 0.399309241646 0.366451347654 0.354310278943 0.281776933611 0.764634625155 0.726545009048 0.250115123392 
0.310614266267 0.432206866084 0.472157041484 0.312276289332 0.304353147951 0.318032602973 0.28337756582 0.690343965468 
0.348096895051 0.409719617409 0.459698667478 0.229006468269 0.82892841752 0.59958723554 0.722661238444 0.117436853933 
0.294574082351 0.391724498152 0.417284930068 0.37786099589 0.365563998999 0.515568052329 0.844509554152 0.389483051125 
0.303553164804 0.405793552086 0.425143214602 0.360564631463 0.360159042898 0.503576601111 0.74445227575 0.707124473829 
0.294383719032 0.391669249333 0.418458288695 0.378527763988 0.40639731014 0.257089143935 0.722739704162 0.405980332616 
0.293163230515 0.389993184053 0.467770308284 0.396154678672 0.311108965146 0.354527372739 0.229718769286 0.563633636963 
0.281892448336 0.378318289444 0.405038397312 0.343872182268 0.324694580597 0.330840115189 0.785896163219 0.460076054564 
0.311194852151 0.480448202113 0.125757791412 0.680684967385 0.657558341298 0.566248059358 0.747763476007 0.326500411474 
0.278402086148 0.384881510606 0.399128122423 0.410272158204 0.411294149593 0.334589085014 0.586020730502 0.840084586154 
0.287159923597 0.411298215741 0.426707097014 0.385806254287 0.375409130048 0.43660829833 0.626146455097 0.83604528865 
0.294064447331 0.390758324846 0.427231481431 0.433854404823 0.466961447974 0.491837737309 0.721144165175 0.256366765156 
0.294370994425 0.391500684482 0.421959691879 0.407589306545 0.413058114485 0.40543500847 0.487564906718 0.634885847685 
0.297680535794 0.393953068208 0.437929511757 0.396630115985 0.330968004486 0.333083902477 0.8242983047 0.148614355753 
0.291642886932 0.38477645246 0.410798419167 0.424851741588 0.477449859872 0.560028939329 0.59699294964 0.604913204457 
0.333993686516 0.406070902037 0.450026708533 0.255508148296 0.778386024036 0.58448810302 0.701679529141 0.106187353652 
0.295254818456 0.392417796002 0.411604768404 0.371435721866 0.405771799632 0.405601800928 0.793472851171 0.101741591088 
0.296769009947 0.393890338618 0.419852159219 0.366107925212 0.501754573384 0.607770912781 0.612530813455 0.86592656529 
0.245310278807 0.1958271071 0.28240613702 0.233340425087 0.320901937897 0.631046160369 0.801571620717 0.247763419127 
0.309460228131 0.397433463888 0.422170606543 0.387830226127 0.400598230801 0.542845662411 0.494616543735 0.7122480545 
0.294023240046 0.392158977868 0.418539109128 0.375859728627 0.436020359321 0.637154931604 0.548774046674 0.551293728896 
0.294406501817 0.391738577181 0.417494469374 0.242468697263 0.580441925821 0.586571910197 0.644334333535 0.423362162215 
0.29406046448 0.390745960142 0.427366368859 0.399884776164 0.34032080815 0.482900019398 0.7534090511 0.136767690317 
0.31118617643 0.43363964362 0.473882213731 0.310897508618 0.302530241279 0.317047194902 0.280902485652 0.702192068695 
0.289089076837 0.384434289819 0.388424990587 0.411389689227 0.42365880641 0.419829270971 0.767052455494 0.315353791827 
0.29362123589 0.379182858102 0.468388704267 0.39247193752 0.422519373389 0.293982836959 0.676606972361 0.521229825 
0.24008062031 0.172491275594 0.269687139464 0.219930566246 0.316899263942 0.644709866112 0.822150076937 0.262543332789 
0.291994162364 0.400299416805 0.422558539904 0.382262036089 0.381997636568 0.424298623611 0.569181715956 0.587510429708 
0.294064447331 0.390758324846 0.427231481431 0.433854404823 0.466961447974 0.491837737309 0.721144165175 0.256366765156 
0.232861812275 0.366769255764 0.369391267583 0.354326388939 0.350738189721 0.512837060552 0.682517520704 0.559287748755 
0.281892448336 0.378318289444 0.405038397312 0.343872182268 0.324694580597 0.330840115189 0.785896163219 0.460076054564 
0.294279422098 0.389359093339 0.416184965876 0.391599026623 0.450117456263 0.61095124606 0.756504373515 0.15809470161 
0.295056454031 0.393589178722 0.486771678529 0.564129596707 0.474802849437 0.456474630421 0.211191272739 0.700063919322 
0.294348465736 0.391724289132 0.417782785114 0.39625647562 0.400414944773 0.486724306199 0.684825640345 0.269878497044 
0.300102505753 0.395328358556 0.454404000796 0.410364202951 0.299406614764 0.309865855589 0.909147560471 0.182307724873 
0.289878084792 0.405423946536 0.424614004113 0.384002825751 0.378734849358 0.430187318515 0.59633277861 0.705957544584 
0.294421879908 0.391332375537 0.422153249972 0.419915270091 0.418756621715 0.409234477221 0.501081476837 0.807903830299 
0.28334599604 0.379729523877 0.406215853125 0.347380239624 0.33141825074 0.335455821917 0.769371918628 0.437526298528 
0.294343962271 0.391626675357 0.418133538934 0.37890279511 0.399817413077 0.454621448096 0.515575317815 0.68654583572 
0.29598367032 0.428563554883 0.436234874075 0.387765710508 0.538365718699 0.431042237694 0.51091904453 0.852539437828 
0.277989151703 0.384741421449 0.39869604835 0.410866245011 0.411586178723 0.333917051313 0.587313684546 0.847814291419 
0.320600017194 0.401664736349 0.454752077813 0.46402377669 0.476166626568 0.715866213429 0.549392770535 0.498011130826 
0.296157468174 0.388167069608 0.415028002726 0.376667565774 0.386788904386 0.382620477838 0.697179294101 0.643636370537 
0.301046662367 0.395097922163 0.423413112101 0.365560253148 0.416124212618 0.40702939973 0.468073925927 0.6977670007 
0.294740837761 0.388405807357 0.393325107557 0.336263143071 0.269910684557 0.572539490305 0.649582849291 0.558174186654 
0.308184662458 0.373654373982 0.395415545227 0.404570099468 0.442072008118 0.437358579843 0.628660943258 0.764873344328 
0.294252206225 0.391537069435 0.417494633662 0.377903953097 0.391341626884 0.3330059546 0.882635050213 0.160896812873 
0.283894702687 0.380266849536 0.406669027819 0.34871789764 0.333988792099 0.337243236544 0.763023646846 0.428874697004 
0.299976132661 0.395259479234 0.453517469625 0.409638780832 0.301001254731 0.311015674229 0.904874956095 0.180606230775 
0.298128946044 0.384926037583 0.412663756903 0.375546946388 0.38174587302 0.379740605472 0.731110237257 0.727476850041 
0.212087474403 0.362629402652 0.382523339941 0.339403520655 0.312619783226 0.741012465944 0.682780045927 0.447996469633 
0.29457559187 0.391968823056 0.421035998387 0.383695841258 0.401194458588 0.417551663665 0.799536665752 0.363578743462 
0.297525811864 0.393310680604 0.430083002935 0.383125194759 0.3764800649 0.368490048616 0.296295217701 0.849894711676 
0.295958287008 0.388516778623 0.41529061422 0.376797613206 0.387345399527 0.382954579336 0.693381713376 0.634261422879 
0.293467546846 0.387803722852 0.402103235403 0.364189359978 0.338994837641 0.525778424338 0.633430224414 0.618465305476 
