0.389711467795 0.436619860811 0.442422153865 0.380135306513 0.424882425929 0.361331589065 0.919306748155 0.285055100149 
0.387839496694 0.44792125284 0.469605798028 0.438038490569 0.52370699778 0.508284864502 0.661190792761 0.349167709476 
0.386340779808 0.435246476646 0.468401383534 0.317844519573 0.393556753983 0.601821104792 0.133201228485 0.441759037391 
0.388763100826 0.431316838985 0.439228433935 0.414131389311 0.458420530925 0.791694300745 0.647126624036 0.28703300735 
0.392724907086 0.433289695919 0.436591420824 0.452262653026 0.478218804177 0.173343937144 0.185651198994 0.50875815503 
0.389182491729 0.439523994359 0.435829661496 0.377232581812 0.403305301957 0.411619866542 0.850992364424 0.24031336518 
0.389593571668 0.43649276278 0.441188334294 0.380691911564 0.52463655368 0.478220797492 0.712635485682 0.451101868568 
0.386900900591 0.435346843544 0.441467111732 0.375809514331 0.450101431986 0.489912150249 0.479688952544 0.798209830951 
0.393775092079 0.444149676608 0.461931319316 0.324035999514 0.56887020359 0.69100899124 0.595101854811 0.475244293622 
0.389990234314 0.4375276105 0.440955573315 0.401049676753 0.441270032815 0.482638488598 0.720742970732 0.644399450875 
0.387966105382 0.440483311591 0.445731257166 0.37083064826 0.428192740567 0.461259590707 0.496249294442 0.670502290878 
0.39367407457 0.444180729049 0.449568573293 0.383239312038 0.446071529599 0.443096058188 0.493479966893 0.811113197484 
0.389113425686 0.418422794998 0.407484448039 0.439221902083 0.511777422858 0.27399715494 0.685630902253 0.484096993865 
0.390822751883 0.436835050976 0.429723622132 0.430753397827 0.473844654084 0.51730976064 0.500495375187 0.802027912094 
0.409228606258 0.401816194357 0.386405469274 0.336598096035 0.394487069192 0.589441632616 0.53380190112 0.521252529915 
0.401771446423 0.467964940962 0.453501439178 0.199799174666 0.317398657706 0.30309607654 0.21242315666 0.518520764457 
0.389291298686 0.435913294696 0.44101220594 0.383444990511 0.410908127661 0.481139888721 0.582813589296 0.646054421169 
0.405030142646 0.461255945511 0.54910731653 0.422486618265 0.481044524101 0.518159080715 0.479925484645 0.778542654024 
0.479602141488 0.458657343472 0.493974724178 0.423063157368 0.308556325826 0.663962668455 0.720428276192 0.37012433806 
0.394388976272 0.438216953242 0.447868773583 0.38723117426 0.416317539594 0.478964427719 0.887737401904 0.198202605273 
0.392593669403 0.43747090678 0.438867955891 0.409340500192 0.277593035556 0.356089632397 0.782257400356 0.0620009859581 
0.370499931059 0.350489577067 0.708154074386 0.754514078367 0.618812807829 0.656872606613 0.561240956619 0.458478678846 
0.390057726887 0.436745295367 0.43753576139 0.429892704502 0.462398107155 0.639529143805 0.578933889957 0.559041858307 
0.360767108396 0.490509674788 0.48690710711 0.407737109163 0.480844527543 0.465199859499 0.530396963165 0.788923408009 
0.378835994102 0.45209531935 0.462744268986 0.486773278759 0.217771052465 0.739602488863 0.828515742492 0.114398246584 
0.401659830826 0.442537231017 0.428947553605 0.328692357402 0.403913540733 0.767856248637 0.580223431719 0.417898306475 
0.436681800627 0.35397396198 0.618442124386 0.438542411879 0.775628176376 0.579190338993 0.669763398478 0.162036460498 
0.386386035023 0.433115175457 0.447667119475 0.385891456722 0.831720234102 0.751626828938 0.672051911754 0.0337853238158 
0.407557221292 0.400534827516 0.315103001591 0.2390151963 0.371071220194 0.690637344984 0.666064856184 0.325278470775 
0.382634568304 0.433749227941 0.45072606981 0.364432463499 0.559650717434 0.566018136309 0.495338559854 0.583530719826 
0.379967459794 0.43293930672 0.437358628527 0.324606730526 0.21756449741 0.798257782113 0.669445391087 0.459343643775 
0.390411313063 0.440402493368 0.430369691292 0.375580576092 0.388054780061 0.40034253438 0.385838445564 0.8687066247 
0.379903866505 0.424931609506 0.461486615843 0.391493697939 0.462957111798 0.466686602011 0.523340607552 0.689404620848 
0.394715707018 0.430362090081 0.440483065317 0.377569288744 0.418313687501 0.415064053062 0.853833557155 0.178918863243 
0.400918780854 0.422002752126 0.434277323001 0.374369685841 0.268249789988 0.741939792215 0.625822995058 0.540622248912 
0.389615922123 0.404731222443 0.37397154904 0.55555791073 0.555302244433 0.584291777082 0.535149333616 0.576724002952 
0.389744292538 0.440517235402 0.446671980968 0.382716369238 0.455508939031 0.518545185403 0.957880933478 0.231978516994 
0.389664230811 0.436586815101 0.442488439129 0.381061745711 0.435166512529 0.425323354886 0.751080807796 0.578463240568 
0.388323957821 0.432102908697 0.468766592163 0.413047788975 0.496056184566 0.639904869216 0.50594656072 0.710730759239 
0.384508971487 0.429667799083 0.427684754523 0.376088128139 0.467519259271 0.379708093451 0.726004678534 0.479269070736 
0.389372860357 0.436477313157 0.44810117853 0.372705829453 0.329703727934 0.545328538995 0.784182895996 0.502203664355 
0.389444620087 0.436316244165 0.442055410381 0.404467109927 0.455470936238 0.519963596435 0.533353216716 0.595180044645 
0.415027690348 0.442188601505 0.460557157943 0.395610335171 0.33299399255 0.391583818645 0.594482451286 0.696004787352 
0.39253750049 0.438705582186 0.432926938342 0.364858416119 0.492285737626 0.570745871467 0.69833937581 0.454438509312 
0.375746430121 0.462260578178 0.450578393338 0.352277922113 0.368732839132 0.511600565569 0.914818073566 0.0485731410012 
0.389710044237 0.436561382294 0.444609203848 0.427451137779 0.360357149626 0.0934000761754 0.304068699721 0.504193799397 
0.390093584962 0.421706529137 0.421157136629 0.370045261462 0.576146484066 0.50851116818 0.671059891872 0.48194231201 
0.392214140715 0.437655074987 0.453618781622 0.453829257385 0.471248913375 0.546762011608 0.795550816338 0.0531367441514 
0.389679086683 0.436600808867 0.442530539428 0.380918790233 0.434176703443 0.418082931132 0.805613588859 0.287899211929 
0.390090890892 0.43700528125 0.44314930626 0.380133726115 0.459220445851 0.468751751617 0.642645863555 0.788067109702 
0.389688938389 0.43661757918 0.442645144244 0.381247015433 0.448507766473 0.405250260665 0.648823251064 0.503317373628 
0.389992654234 0.443312699853 0.337691059251 0.296756907058 0.622107895073 0.486978869377 0.623323181429 0.554164542212 
0.38150001203 0.432236612955 0.440168792381 0.359261943939 0.481138505822 0.507624008188 0.878580812566 0.262178666534 
0.389654368669 0.436426642161 0.419613534649 0.412136889852 0.483790922582 0.284736311433 0.767322989325 0.464603371103 
0.403558042307 0.416705308465 0.420261722066 0.147848195904 0.356067412177 0.712334639168 0.750269607437 0.210592516462 
0.389502373699 0.436814395477 0.442742944126 0.380411881073 0.427802924207 0.386388835127 0.615122846163 0.578539213628 
0.390019475694 0.436922999393 0.443075216733 0.388855689873 0.473561692852 0.511908004842 0.503563043047 0.493237532316 
0.391697743234 0.437876669125 0.436076710868 0.376145567972 0.424565468996 0.238058191509 0.74819810396 0.00531875835547 
0.390085774923 0.43724125378 0.446616854492 0.386719269104 0.451113332001 0.527683741387 0.220242506021 0.526672521329 
0.388448329466 0.427004998729 0.435304934527 0.369351778903 0.414405013011 0.467806732159 0.475145255121 0.841201271469 
0.389116902403 0.438838450677 0.454176823195 0.393421007626 0.471703510571 0.58646770048 0.518357372482 0.454341107112 
0.41104403704 0.463529119503 0.393144398976 0.321512180048 0.283216443934 0.335256892103 0.799066952287 0.362306373024 
0.374436877171 0.454823983004 0.412996923055 0.362981885331 0.404373099858 0.48094402126 0.680469374449 0.594183456526 
0.372980350436 0.404262505408 0.416953196468 0.371890585166 0.18117904664 0.71777052296 0.533799544153 0.66585001626 
0.398848754838 0.440914314728 0.45623029144 0.358042618685 0.425855955486 0.412773860084 0.719454229139 0.53418686273 
0.38227766208 0.433586578776 0.439122386304 0.375174147401 0.417669325372 0.55650068132 0.78093025366 0.178570761854 
0.388459779172 0.439118742211 0.448339505856 0.412642310526 0.482850750107 0.464654130853 0.271532479671 0.713568501083 
0.386409230091 0.433345120221 0.452838384776 0.398702045691 0.378317296406 0.733634696742 0.704364575489 0.20592865278 
0.378922650189 0.452002816199 0.462627989704 0.486035713166 0.218845119605 0.738557024686 0.827254612991 0.114006771023 
0.386023425147 0.452164676759 0.480030851928 0.459628433368 0.550323001699 0.525339421536 0.717168946607 0.433566821747 
0.386249771578 0.433194790513 0.453216402894 0.399345104341 0.37679376759 0.737593576941 0.706903434498 0.208230314345 
0.389479936597 0.436831254779 0.442757800399 0.380392556112 0.427141384467 0.381627291808 0.625418432542 0.611160330168 
0.389826097241 0.436660786228 0.439310224926 0.424148162009 0.461171617223 0.611345793693 0.566676232397 0.496968338522 
0.387966105382 0.440483311591 0.445731257166 0.37083064826 0.428192740567 0.461259590707 0.496249294442 0.670502290878 
0.389908747778 0.437321235913 0.447150247398 0.38733805152 0.452845986913 0.548033671403 0.200492626196 0.587410852304 
0.389712111487 0.436620112677 0.442422539077 0.380112375518 0.424432256145 0.357634470055 0.93247811358 0.292772730516 
0.390522745561 0.394920936697 0.353205638818 0.587476765726 0.569772170423 0.603905649707 0.541532443459 0.651637581318 
0.389806580375 0.440308323651 0.446549554309 0.38278846842 0.454487135329 0.510778448985 0.894675305167 0.204687833707 
0.401178395364 0.466361013164 0.453102240767 0.204167777225 0.319217330893 0.304797085708 0.215390527146 0.510120981266 
0.390202496945 0.417789036826 0.415535263202 0.367129153223 0.613211703264 0.530345553124 0.735967796923 0.339223557899 
0.393520783078 0.440408089021 0.448367331491 0.371547873531 0.685615984552 0.877723057396 0.685722788568 0.0368369986774 
0.372980350436 0.404262505408 0.416953196468 0.371890585166 0.18117904664 0.71777052296 0.533799544153 0.66585001626 
0.38872508574 0.434912093084 0.438798610228 0.386819043278 0.375429636739 0.562283341471 0.813999703798 0.233592322522 
0.40284615521 0.44303107737 0.428014590389 0.324355062684 0.401960312772 0.779945788152 0.582205166664 0.431109637418 
0.387090833318 0.436067045238 0.471528592868 0.398638267856 0.318165713987 0.389018666871 0.607623505414 0.75758798701 
0.342089592072 0.495543597126 0.461872646218 0.414793264823 0.595129410653 0.524143906181 0.71469332225 0.482346262787 
0.388145502611 0.440167017052 0.445495258729 0.371403557181 0.428494761918 0.460262224905 0.494324289268 0.652201477448 
0.392190725113 0.437499790767 0.454603200687 0.47926638546 0.475074871783 0.578561062938 0.897957923723 0.0678363487643 
0.384087617114 0.433286811835 0.440456842163 0.365902224332 0.474251664202 0.494875742723 0.777791488595 0.20451195872 
0.38916617499 0.435693972455 0.440533505755 0.384017548537 0.407703442188 0.484995008479 0.595007510275 0.695709483753 
0.392181757905 0.441224435684 0.45439037842 0.339471010462 0.546837748164 0.645259420148 0.579585476715 0.404650871773 
0.388750210382 0.439110397538 0.458539247263 0.396571130692 0.481440148316 0.659688568056 0.531398235123 0.621946525342 
0.406177777865 0.405795757985 0.392680276757 0.340821196661 0.397538890792 0.581210974061 0.530929592599 0.497374469318 
0.358580476109 0.493353553292 0.488911853699 0.408613324354 0.482445083477 0.466329705126 0.533843498211 0.815453353402 
0.389283308956 0.436366834584 0.442191398982 0.384305009061 0.43956364776 0.379757402146 0.741349185086 0.434508234679 
0.390538922979 0.414697564842 0.411381570862 0.365460170244 0.62546937904 0.534837692265 0.752472343583 0.35773074721 
0.389617864368 0.439007207723 0.449692185788 0.370553773233 0.411363857091 0.357164982582 0.787667319438 0.263888764828 
0.436681800627 0.35397396198 0.618442124386 0.438542411879 0.775628176376 0.579190338993 0.669763398478 0.162036460498 
0.390243998592 0.39771190414 0.359107808439 0.578543722742 0.565766303664 0.59842946936 0.539750280285 0.630576330571 
0.460742389128 0.32538997701 0.657220498216 0.442986863529 0.845838989699 0.592745211648 0.696530811829 0.186884932172 
