0.459626841415 0.482730911627 0.260962638099 0.221594591419 0.322482960761 0.67786560196 0.51709760382 0.556932034517 
0.376228349248 0.456179979912 0.375309087117 0.416190809801 0.376769650467 0.283199185906 0.752506156725 0.414845026483 
0.370823957355 0.452387436058 0.368724594997 0.390204879871 0.439370078462 0.290480663558 0.706318264604 0.549736953832 
0.372384903083 0.453573854727 0.374529980462 0.409531162779 0.320514871249 0.599739992666 0.533385291315 0.532894759269 
0.379411607652 0.463293157323 0.377013189416 0.414014306862 0.482306747036 0.458126117489 0.285752294051 0.744622183917 
0.372173989988 0.453403058243 0.371250625623 0.393808620295 0.611029848137 0.513406579193 0.68036009122 0.411681483322 
0.373816809643 0.450311935052 0.367576337041 0.405999902987 0.440530305227 0.431589795364 0.650732730914 0.571270954209 
0.372104962521 0.45417525116 0.371462804364 0.398834252379 0.40957009892 0.452281804991 0.877473318249 0.00653395047142 
0.373784491314 0.454201100786 0.370656611327 0.383013526261 0.409276997614 0.403475056647 0.364184679163 0.824929528363 
0.3722419096 0.454115001728 0.379885749339 0.406909891173 0.376773973062 0.356909459775 0.528695415297 0.776412792074 
0.35098989302 0.435510167775 0.403181253245 0.306666953393 0.268572239586 0.349158095557 0.837663562959 0.373068116546 
0.372464673347 0.453529501369 0.370433553326 0.395483825568 0.410208818277 0.406680101307 0.414634693671 0.731927369177 
0.372518884975 0.453645479303 0.370197991364 0.396839674364 0.407142871918 0.420561913274 0.390090272968 0.749044610609 
0.372487951522 0.453293510849 0.381054493626 0.413878060757 0.432989289901 0.453791879983 0.454630989087 0.516700107832 
0.336538763403 0.517303205834 0.416815216842 0.425643410929 0.47307410293 0.435838164755 0.539798767887 0.643336963186 
0.373971665257 0.438948612674 0.362343097942 0.420424254521 0.42666348597 0.333742017538 0.673689691493 0.512298816676 
0.377469174827 0.455075603996 0.377698738929 0.421058830229 0.430905551636 0.432228878691 0.142475271995 0.609728903012 
0.352107280826 0.409468485871 0.429626179613 0.440694305659 0.45770967825 0.428007498188 0.487490772774 0.777418417478 
0.372444921653 0.453607176369 0.370176945526 0.395869550118 0.414822758928 0.409758703573 0.41142375366 0.60584388712 
0.372361569234 0.451878953012 0.367703781429 0.392757909598 0.381236388828 0.621212030005 0.552095260003 0.557608873515 
0.371753315508 0.452352509858 0.365839541647 0.418166586221 0.352116199147 0.549279384954 0.571854643766 0.508900503454 
0.378904360039 0.458969153422 0.375017394534 0.406075471953 0.279204869188 0.627938059348 0.522768850132 0.580986551734 
0.372534460907 0.45346099133 0.371673179465 0.395924876003 0.451751176162 0.362072009182 0.801493359561 0.446140105864 
0.372362931382 0.453508983478 0.370050764272 0.394989540062 0.413779985408 0.437921644488 0.441940169309 0.655916394569 
0.377705881848 0.428141481281 0.361759808207 0.379872050106 0.401513846329 0.379063588854 0.330064863818 0.601527347733 
0.364287429194 0.44434659705 0.363853871881 0.525193687864 0.469223058668 0.491286067701 0.478776574266 0.687754551728 
0.372302358073 0.452800605308 0.362812791834 0.375737414546 0.505010621453 0.62181550256 0.627870279128 0.555551427216 
0.370106081827 0.451630826998 0.366592257171 0.424807816042 0.463604021017 0.259873445265 0.205120529119 0.676685095027 
0.372208499643 0.453204431985 0.369940660491 0.396241578569 0.419818555947 0.396172206517 0.438062790293 0.69088962257 
0.372425632086 0.45356853263 0.370270262812 0.395324188423 0.414769086699 0.427143532515 0.596739404541 0.554058431849 
0.37707710585 0.455880193204 0.372763063961 0.39989845467 0.401133561402 0.383485966943 0.512097058538 0.720456558138 
0.36935858452 0.459768922481 0.374291441098 0.398047315012 0.417690378529 0.437650282606 0.565679503843 0.821521569756 
0.372293216376 0.454068272051 0.369510350115 0.396669516911 0.377948962768 0.509313844106 0.457194060351 0.600108072916 
0.37753439086 0.456032563597 0.372093534387 0.403486987448 0.368212371141 0.655986894971 0.778902708115 0.322615303877 
0.374641400806 0.456444842157 0.374689364249 0.398101556616 0.405258079095 0.385407084039 0.393810606817 0.734283018118 
0.372491376693 0.45365175294 0.370611187829 0.396610801964 0.415402093278 0.412743109644 0.292295763833 0.58357388059 
0.372062134608 0.45444106086 0.368768328605 0.391054258064 0.449241764783 0.343399367392 0.521848792505 0.789841337844 
0.372436172657 0.453590169669 0.370287472319 0.395512034094 0.414589732694 0.409578647676 0.418540927507 0.795347746521 
0.372822031663 0.454509167211 0.372349387586 0.38005892487 0.402906899309 0.457824498523 0.649911750681 0.570253326902 
0.354767512277 0.433286758773 0.351630965395 0.387240829211 0.491113948294 0.262917997498 0.149442827021 0.729347008536 
0.326790111854 0.431647103667 0.313271929143 0.358307910721 0.356982874236 0.763822325548 0.679829227405 0.493145518253 
0.373204265117 0.454038591382 0.378329479465 0.427353902308 0.354545188561 0.286851831115 0.841324102718 0.138471787014 
0.322212699188 0.439245452256 0.449042883234 0.438197537455 0.625742382684 0.879880643209 0.63583746329 0.235786189243 
0.35806702978 0.471275186848 0.376314004376 0.407600588896 0.383715992991 0.254735484549 0.805689972091 0.517442118537 
0.369347213903 0.45201264434 0.365616790816 0.383467392517 0.44079759218 0.459496636492 0.271333263554 0.625966422251 
0.372688111619 0.453961845578 0.370582495841 0.391877727024 0.350267604716 0.504306701712 0.204271347157 0.649156064836 
0.405712316935 0.555514417986 0.431179155594 0.465611700914 0.519874439126 0.630427670137 0.638244160366 0.436608641746 
0.372367749815 0.453903983537 0.371124349403 0.394424679588 0.395270772655 0.507346961045 0.573281229695 0.725603331829 
0.350160179552 0.480997777921 0.419396657494 0.481113988759 0.441421798122 0.635458495854 0.517690080847 0.717696061407 
0.37092860527 0.450290474903 0.355175357235 0.372808031846 0.398788968293 0.454701317083 0.471445073224 0.640337429341 
0.316142000376 0.601850204369 0.40279001155 0.547882183128 0.497474555102 0.526959856106 0.503627641016 0.82389365377 
0.373681068806 0.451611447596 0.367466569738 0.394194386054 0.40736995629 0.400252318633 0.443272152443 0.652295781403 
0.37282949936 0.452801157354 0.404363237442 0.436856594643 0.577470381895 0.191674626552 0.206567534019 0.617315364836 
0.505251362334 0.635977171574 0.465698315985 0.460965147332 0.624290081361 0.585700232206 0.608878714808 0.501007292391 
0.372450159262 0.453603786433 0.370254973095 0.39564634515 0.419407978004 0.376239096043 0.32255332365 0.818244485354 
0.370429079143 0.461518379922 0.385284331551 0.406936952004 0.468077121976 0.320317224703 0.795627827217 0.433669547943 
0.370871361827 0.449826226183 0.402436871486 0.404667692066 0.44453180328 0.36159138227 0.33151616901 0.768880959438 
0.367455084257 0.451443444617 0.358796638098 0.64999564173 0.623706964362 0.713936805252 0.609090360541 0.445512943586 
0.375433658507 0.448685251835 0.37722688546 0.407840678751 0.435890006795 0.420555005864 0.435886002444 0.765260226185 
0.360567992936 0.434686353706 0.324791642416 0.332461429751 0.768185096349 0.532997371624 0.764242358224 0.0386507001655 
0.371519463723 0.452491476071 0.369372002708 0.393428963301 0.423440782546 0.282705875895 0.291438105667 0.621670093148 
0.364915778453 0.45075491973 0.355624038156 0.384413482429 0.560259508719 0.561935273586 0.72760198156 0.368835007874 
0.372323423171 0.453737551552 0.370538030259 0.396134383867 0.411326065388 0.415462702938 0.812743498592 0.31466891655 
0.370658910408 0.450780810602 0.366480036514 0.413454117701 0.447633881968 0.497778693849 0.779264671933 0.0339305989468 
0.372485549449 0.454920399444 0.367821227512 0.394395198229 0.429657557314 0.422245803223 0.429838607835 0.665771467252 
0.372780446013 0.443641059517 0.404182053591 0.409321516028 0.35038863379 0.377484436353 0.765015065161 0.509278666387 
0.392101981875 0.384446673229 0.473763581991 0.470084724473 0.538188684371 0.72151561487 0.588560043452 0.409478344864 
0.391716943446 0.467242199597 0.37570333095 0.406464656338 0.37917521855 0.348248704846 0.860157351734 0.158542316963 
0.371828587454 0.453215441595 0.372199298159 0.398590929482 0.409911611955 0.430934296773 0.673192199228 0.694504444732 
0.310888703421 0.436716335188 0.357512379983 0.446516414739 0.460078996279 0.255102566849 0.649538142569 0.6054308634 
0.372557987573 0.45312535896 0.370142672268 0.393787900228 0.478554501881 0.431308796555 0.439499773184 0.600834766959 
0.373092673575 0.454164725734 0.36813023124 0.400120851683 0.419086333661 0.388373839179 0.494642635097 0.54722044429 
0.37243591336 0.453588442171 0.370431801968 0.395492393372 0.413845469191 0.369564774262 0.359711113619 0.737438447952 
0.268482427254 0.424012458465 0.295762316308 0.365935971912 0.630885305208 0.894556834069 0.560824375419 0.272244529746 
0.372216959355 0.453973062966 0.371020683125 0.402136574473 0.418253364705 0.413831270875 0.744070128431 0.342833733788 
0.372002453455 0.455462493227 0.400256950372 0.446711432654 0.722906785332 0.745001347674 0.671261737567 0.174397496558 
0.369700421278 0.450639815068 0.3677789957 0.394340887768 0.440484445644 0.61994578561 0.470858412703 0.748563241722 
0.373575264544 0.4546419163 0.3738135515 0.38172419805 0.446529694017 0.324764972871 0.970105458684 0.00264304355345 
0.374548364823 0.454218797161 0.370898699994 0.392064910073 0.411828515045 0.422257558343 0.33682340793 0.650979928157 
0.369794390108 0.451703566009 0.367849381812 0.387130654193 0.449392240543 0.261528479831 0.746146595784 0.632648051552 
0.372022607296 0.454799631056 0.368495666036 0.398023342206 0.366752148133 0.525042601783 0.458405715524 0.689397459765 
0.376303908469 0.455520417905 0.371744176894 0.401685237382 0.375288036172 0.636758195228 0.753937545242 0.299451949173 
0.369609509312 0.452299608799 0.36372710787 0.616918853512 0.602108695672 0.68480375506 0.598662444052 0.404591581437 
0.370701748941 0.452804288455 0.369697152974 0.390646211601 0.433995122417 0.438770925126 0.359211959793 0.784576436219 
0.372044977847 0.454473962488 0.368718263638 0.39090367492 0.44996911313 0.342443371211 0.522802554815 0.798354368159 
0.378104484117 0.427088066601 0.361602393827 0.37943204699 0.401268666614 0.378355925222 0.327906371361 0.616445428198 
0.375459174976 0.448654599286 0.377257703815 0.407898668591 0.435981852722 0.420581938029 0.435939971703 0.76789818607 
0.369517941389 0.46402092755 0.390008930594 0.410027881684 0.484653487092 0.301155354764 0.842621787409 0.489999086349 
0.37236636146 0.453504315581 0.370452049258 0.409027260753 0.680447610855 0.518673032711 0.758960513135 0.00521321265894 
0.376493589577 0.454871400783 0.376344839927 0.416116982095 0.428186032891 0.428499329439 0.161688714111 0.566467062649 
0.377638329725 0.45610520383 0.373001933093 0.400344576937 0.400175417465 0.381634451887 0.515718066144 0.749458979304 
0.316142000376 0.601850204369 0.40279001155 0.547882183128 0.497474555102 0.526959856106 0.503627641016 0.82389365377 
0.373642566095 0.456475852654 0.341813481737 0.561698836897 0.539715630703 0.0637529704844 0.314173382573 0.699185330079 
0.372421063846 0.453724717775 0.370120021541 0.39393634787 0.421078283841 0.414350840192 0.589848830539 0.571434848756 
0.376832225434 0.455743500559 0.371897354487 0.402463878541 0.37217555425 0.645234066578 0.764934467728 0.309654152484 
0.436734626624 0.474731636232 0.433620085503 0.425342304895 0.446632738101 0.297420655506 0.277774023019 0.70459194814 
0.374516033092 0.454211457524 0.370891554916 0.392103284445 0.411856537907 0.422157284888 0.33709166769 0.648745875834 
0.374788497823 0.454272159573 0.370950833231 0.39178418805 0.41162450742 0.422982156714 0.334882805087 0.667149387589 
0.417341760509 0.471910030607 0.299694836201 0.283138201149 0.34596922925 0.625511045766 0.513336679567 0.443906460004 
0.387580618861 0.395555024369 0.462634906898 0.463531537023 0.527563006809 0.693963514951 0.581358881725 0.378097020291 
