0.441579090325 0.4157825921 0.423116046348 0.410947415629 0.404035952308 0.782242223374 0.726455236124 0.257062605482 
0.441672288768 0.415907335445 0.422142833458 0.412243104664 0.407045982164 0.411985443267 0.324911635541 0.569791316588 
0.436150278591 0.409333380393 0.438474381126 0.423276145136 0.409229766201 0.473501707169 0.328751947509 0.635623843575 
0.441596877201 0.416283833307 0.422097526207 0.412729999263 0.389152646821 0.574068424988 0.204091347304 0.539250478918 
0.441383050158 0.415547683162 0.421897048928 0.413373932032 0.407937255225 0.442836092966 0.440971208887 0.771064353759 
0.443317358565 0.417944758405 0.418014940483 0.439889397821 0.361060874724 0.413531644636 0.226394851948 0.591509512512 
0.441156051578 0.41736736053 0.424163939334 0.407260015016 0.396287182813 0.387456665536 0.490870175113 0.683462331646 
0.516609411929 0.441707550449 0.52451635806 0.458479240805 0.681713945144 0.81261674019 0.583054227852 0.104712646461 
0.441657145678 0.415637856793 0.422923208635 0.410870313017 0.347066023241 0.560769428491 0.44688853139 0.727977294352 
0.441533470382 0.415646759781 0.401337203503 0.389546035088 0.392902445163 0.381700667751 0.560865117642 0.686751357264 
0.439908170876 0.413446438725 0.416486823845 0.399416467995 0.445743401788 0.606970690436 0.741655731905 0.0640314957925 
0.444700282278 0.383691614388 0.398168233733 0.40175688935 0.507008658655 0.47863664914 0.832517741684 0.00452107644002 
0.43714061558 0.4108209682 0.419121846532 0.433646118489 0.409115509908 0.40714674117 0.510392010805 0.73289404297 
0.44005623892 0.413078265458 0.416963487084 0.335137617249 0.316724450455 0.27658271651 0.763468047407 0.471398465699 
0.441591060194 0.415772589038 0.423629070998 0.406087622299 0.410425258433 0.396400539167 0.861493887443 0.271564305603 
0.443497865098 0.419405818404 0.416035046594 0.466278399823 0.435673588646 0.534575022542 0.57852070207 0.505839515424 
0.439714832673 0.414036358616 0.422047384913 0.408796019531 0.399117420659 0.794995052566 0.706060172571 0.173163563307 
0.438250268558 0.411267904138 0.440867547075 0.416917208451 0.480092047159 0.469771358921 0.775318798084 0.190050098773 
0.432132940109 0.40896423492 0.371682242071 0.383745994819 0.375523497025 0.654760303742 0.634948269943 0.524069577184 
0.443658238006 0.417469125575 0.425761016988 0.422805308634 0.422941425323 0.267476844078 0.279679762097 0.43540236335 
0.443086522521 0.416517412629 0.424421503082 0.407716224538 0.401036696826 0.481698882977 0.591135439008 0.658204265344 
0.441484152458 0.414968482214 0.425619544056 0.420353505763 0.405885315624 0.478277656202 0.761782961735 0.61695586912 
0.441350061136 0.42002107207 0.424751782902 0.395781590778 0.45894128564 0.598937093017 0.514298261175 0.641416215967 
0.42600057337 0.399606576948 0.468865292685 0.504945530414 0.446372375885 0.552652594316 0.565019891936 0.851865230796 
0.442804985292 0.412301984151 0.421416892886 0.375837114059 0.465087849199 0.48197258967 0.869583976194 0.484028713744 
0.441268755279 0.414566146519 0.418611690463 0.406379712782 0.436331030058 0.511934214303 0.261167187816 0.529498324135 
0.476010251731 0.439834619242 0.48238326338 0.342983326957 0.309992336739 0.407720045249 0.318378586802 0.76767817504 
0.442496214371 0.418599203603 0.424406328198 0.405516703114 0.387737216657 0.505435847501 0.745960539445 0.403230863146 
0.442279344748 0.414182444764 0.36529442396 0.38519868801 0.572153547946 0.801685007397 0.535639080958 0.366236958144 
0.441688149464 0.415901743298 0.422039154542 0.414711376559 0.428721038759 0.511723913609 0.653856356946 0.620353971979 
0.444300408292 0.40547395892 0.448939496972 0.427566194045 0.423989226218 0.467614159282 0.760248451428 0.304664132716 
0.441233934299 0.414426096336 0.41466429279 0.391086729828 0.51842822305 0.517829666954 0.143192432584 0.80969168399 
0.433532786244 0.413002513299 0.442648634995 0.433039627518 0.436066885888 0.323648567327 0.631088858592 0.610278950414 
0.442778333171 0.41771066109 0.427407496518 0.405541047564 0.422249138886 0.501867930127 0.842496712005 0.121333802166 
0.4389189769 0.421973539897 0.400089201459 0.491878992805 0.464889616581 0.522686224504 0.652220100418 0.636358533282 
0.44098126155 0.417485736048 0.425013289602 0.407332465956 0.397117460732 0.502433992186 0.642424894684 0.529478086776 
0.321519266982 0.322377659153 0.282115041931 0.748896601644 0.633464747809 0.582366481514 0.71174223213 0.271757023944 
0.441566181488 0.415880848722 0.423242339328 0.411371324004 0.402776308239 0.456087978022 0.717386243591 0.451710697412 
0.441217761596 0.416710616617 0.424901721136 0.435212860271 0.466082405158 0.791399186279 0.583551436571 0.237438396747 
0.444314046527 0.433226535543 0.378160236037 0.34229458771 0.518023243759 0.496652962005 0.764932172391 0.392391008668 
0.441178251884 0.422056127375 0.406531704439 0.364264756741 0.376599897474 0.58755300742 0.526395107173 0.702065803783 
0.442892315619 0.416430042072 0.419575939126 0.403593314248 0.434808149463 0.382873802336 0.676833510706 0.461615584782 
0.451264272125 0.422652081092 0.432717809491 0.390723987802 0.332062300368 0.409820769703 0.322836810243 0.662924035558 
0.435070013871 0.400150338264 0.454476460701 0.423874939952 0.422598787024 0.47018323941 0.708261386061 0.440888396266 
0.437925559961 0.410670704507 0.462316266423 0.226995089301 0.671922447469 0.738262807788 0.660227117374 0.174606040697 
0.442130061133 0.419972306698 0.424736679542 0.413254191037 0.404153204342 0.492834058081 0.424371350037 0.775314989411 
0.443376155055 0.41775728569 0.424028196062 0.408091176101 0.40922180744 0.370829628631 0.329847546237 0.606082910046 
0.437554326565 0.404132251268 0.455812984062 0.435970341366 0.420710033156 0.365382862782 0.169184189181 0.418725060534 
0.339732719884 0.310205499841 0.354218869853 0.898062037216 0.667922965135 0.583052083105 0.683608684775 0.246835637692 
0.443969284043 0.419206527502 0.42458499516 0.402883578657 0.386754846656 0.420985268281 0.311421577454 0.649046665102 
0.439403522603 0.41394744513 0.428067751519 0.393288727459 0.463735266077 0.476584544068 0.507166543149 0.562078640714 
0.441648479395 0.415167666236 0.422428416152 0.410114976834 0.405091864067 0.48108391554 0.478932871431 0.711036395958 
0.428474665333 0.404300403549 0.414315123352 0.294942941742 0.782115569568 0.706493191682 0.553367958002 0.169860690499 
0.442365634118 0.419163990201 0.436158936791 0.427948610964 0.421896234701 0.37576499415 0.358591435248 0.595445996763 
0.441599033746 0.416040606137 0.423216887998 0.411740878157 0.399777793435 0.429332604073 0.707769045751 0.445761246208 
0.442315427556 0.412153656035 0.416274362727 0.419425345185 0.458002788383 0.212724207131 0.324996596583 0.525184497753 
0.44200566321 0.417621647085 0.428014273041 0.414084919932 0.396010609616 0.260958696884 0.667962640824 0.539117047892 
0.444067888582 0.416760109145 0.428516609468 0.413038993718 0.382040025265 0.409939621412 0.375441924107 0.750050319703 
0.441856621227 0.415893382993 0.42652703505 0.413266676765 0.395491607242 0.793571668704 0.646536756932 0.212199643097 
0.443630892921 0.417375773089 0.424570118729 0.406457254751 0.386954274507 0.435212077104 0.316507172242 0.684986592699 
0.440995117979 0.443674046748 0.447338266986 0.441038718981 0.445900359269 0.470885948392 0.634266799724 0.481835884357 
0.442705418688 0.417400861452 0.424550423595 0.41230871328 0.407424242394 0.382328549821 0.140121510049 0.558185674021 
0.430442947515 0.409762922466 0.416096630229 0.39941764662 0.384242307227 0.613849151322 0.825036471758 0.125188740557 
0.44330253878 0.396169233713 0.461748622523 0.420587930199 0.444882445226 0.509379667259 0.176712884669 0.713567112471 
0.446439110698 0.422464480206 0.383938033895 0.402304721501 0.466948488497 0.345666835652 0.37424035187 0.723441496294 
0.448490971368 0.421748452186 0.431968008482 0.314172548546 0.32154440655 0.343330277946 0.807894355628 0.292454772156 
0.44244780621 0.416364162621 0.427927234935 0.402589650197 0.398453010425 0.454611660711 0.146731336882 0.634642580192 
0.441736303464 0.418726589775 0.426837843324 0.402866639929 0.387022934066 0.425455522235 0.798888016018 0.111169263457 
0.442941365559 0.416384943026 0.403971798125 0.403884134707 0.38607999761 0.47698256695 0.511322238243 0.704625054402 
0.440195930982 0.439467844727 0.381735684128 0.388769267974 0.378246229673 0.520342677015 0.238442247184 0.560887907463 
0.442994329234 0.416595074149 0.378474576844 0.370915247098 0.381218943943 0.401552989506 0.697487922832 0.475212971133 
0.442183812382 0.416181443777 0.425615589905 0.411746223869 0.434566291157 0.471444705569 0.507638568484 0.803537062138 
0.44117396491 0.416802757473 0.423402224974 0.433076027243 0.362835778169 0.424112329451 0.385594868471 0.684484175758 
0.438193829483 0.423008452054 0.434975976062 0.432969877094 0.318687873144 0.338612608062 0.135430542358 0.486904952361 
0.424299939166 0.447976186637 0.526490127425 0.2979308408 0.276354053654 0.347306098143 0.313697162951 0.689351469131 
0.440892785407 0.415218818325 0.441373235721 0.435384109363 0.320501095018 0.589160498121 0.138317391608 0.401247613538 
0.431328300672 0.408537901638 0.642524537886 0.496912540647 0.601446432635 0.579548971793 0.690472631065 0.527160763708 
0.441384748871 0.415025636174 0.418770358277 0.400990251344 0.479013375246 0.495622848003 0.196983547118 0.631509051741 
0.476010251731 0.439834619242 0.48238326338 0.342983326957 0.309992336739 0.407720045249 0.318378586802 0.76767817504 
0.441723365212 0.415944781027 0.423227056326 0.418136973922 0.406045998304 0.388595758504 0.290118635714 0.562100702104 
0.443076322275 0.397789535744 0.459343855504 0.420244523761 0.442413181493 0.505627127169 0.184118849574 0.689160937493 
0.439636194199 0.413116286437 0.415525464696 0.397768919774 0.448201641135 0.620610725497 0.765824760742 0.0687695367767 
0.441251615162 0.421428058713 0.407729661057 0.368018846667 0.37816347024 0.581188207893 0.522640730508 0.674436075372 
0.433094478666 0.395610180793 0.458200484604 0.424015548361 0.423408167901 0.470970881189 0.776135345977 0.539374565147 
0.438750969604 0.41346084369 0.429153310441 0.39071892507 0.468471353689 0.478166425463 0.512863242304 0.595752029627 
0.463141591365 0.432311838163 0.462700702048 0.358505691602 0.330635271243 0.410107811873 0.332884207531 0.622075651159 
0.441622156408 0.415701701162 0.426172972426 0.418447048965 0.408660996227 0.452600307578 0.645386370626 0.600208856429 
0.516609411929 0.441707550449 0.52451635806 0.458479240805 0.681713945144 0.81261674019 0.583054227852 0.104712646461 
0.442621601888 0.416267306429 0.406018733063 0.404421813334 0.387476004755 0.475134476104 0.505355306533 0.664240287776 
0.431774134208 0.404788465445 0.445995855405 0.428623689862 0.411079934839 0.487667090013 0.311723885251 0.794376176519 
0.446129909953 0.41897594149 0.428204683502 0.436941628943 0.446102070604 0.201826312303 0.254427210609 0.573813379175 
0.438065695174 0.413833208284 0.409759190268 0.303420428201 0.297310623096 0.910543437986 0.560814551562 0.126278842917 
0.439307440899 0.414107857331 0.421439620082 0.382490922862 0.463351832552 0.318359306795 0.320891961057 0.706752828088 
0.441642605407 0.421017846982 0.412669338439 0.429504866047 0.428718680662 0.340702395567 0.612396607473 0.551525486539 
0.441562949261 0.415779114563 0.423012526961 0.412512588699 0.404103303771 0.486708729214 0.588891382839 0.675637700559 
0.446215716894 0.422174474324 0.385145560302 0.402459178724 0.465636421606 0.34683473944 0.374264763966 0.7138628337 
0.446509902196 0.422556207045 0.38355834043 0.402256852153 0.467359387354 0.345301355645 0.374232814265 0.726445297426 
0.444010633112 0.419259717161 0.424598997195 0.402820729548 0.386639457683 0.420872591179 0.310641652274 0.654278622372 
0.440634235265 0.415365139696 0.438920901779 0.41715181358 0.415722184986 0.408115958371 0.315878792711 0.667023655176 
0.442665704001 0.41913437756 0.424592699206 0.404885276087 0.385979757742 0.508306811251 0.770726301847 0.432405748054 
