0.520964343867 0.348757396442 0.396628855645 0.487203331596 0.499340803684 0.506576923486 0.468619356075 0.654348228761 
0.520958799611 0.347731816114 0.395463536454 0.438434058809 0.409683788884 0.473260773767 0.54648534437 0.768150861963 
0.520582002601 0.350910191671 0.399034078446 0.437683711665 0.428969245232 0.651493989615 0.483984398646 0.750100905115 
0.518078674348 0.353492395453 0.386671214083 0.415600992256 0.663406075856 0.554928188229 0.521213853045 0.698683890221 
0.545075029964 0.354909547678 0.370328380137 0.413711316658 0.394719841776 0.378459467911 0.382711978576 0.736266613043 
0.521181678891 0.3596178587 0.402613567415 0.444483218546 0.441840672853 0.330809915672 0.144634779042 0.712699837306 
0.523642757192 0.335352334493 0.389583576974 0.425053582074 0.414430294897 0.430558528524 0.781441546364 0.421329475144 
0.520802896115 0.348498720611 0.396971245275 0.436226462372 0.432171098083 0.440402999432 0.442684761993 0.826822379621 
0.514574851473 0.340862766863 0.41881048232 0.452335595628 0.455107670873 0.495289109511 0.644297348078 0.759268332674 
0.478513999945 0.329076116287 0.386767620353 0.401090253734 0.346373297665 0.61214279133 0.559588976066 0.587546968146 
0.520598585167 0.348350189587 0.397046881023 0.436838405042 0.433044425822 0.45975486299 0.768003897303 0.369473687245 
0.462899780468 0.319952625563 0.526584372955 0.494703729115 0.512292456868 0.0668899727746 0.285869759427 0.493063877617 
0.520675274743 0.348433644186 0.404351931217 0.447463660141 0.473661005129 0.35339117595 0.149803956134 0.683275848256 
0.525529845313 0.36225405311 0.41765796531 0.393874175566 0.5861955649 0.77497637533 0.594047243727 0.46850942602 
0.522762393775 0.349042962602 0.397889488154 0.440606631431 0.491152407848 0.586513572618 0.485977500673 0.650938362036 
0.508385546456 0.331270352562 0.454282383977 0.365465033869 0.64253417463 0.527356341662 0.123700886928 0.549322593701 
0.520560801851 0.348815662351 0.39727813386 0.431560631121 0.430494361724 0.49494306324 0.473007790917 0.732518565335 
0.519397509986 0.344058209817 0.394080405207 0.485761021582 0.474469680936 0.473812990772 0.529365557129 0.776634909899 
0.520042000057 0.347540574212 0.395707579347 0.436112098253 0.450476073364 0.4590624189 0.515970243641 0.809511404398 
0.501475203711 0.163252017276 0.330220360857 0.403831636123 0.325635279191 0.349382188801 0.340193618341 0.834879314939 
0.517749339045 0.347092916617 0.408800021691 0.444133359806 0.360711881224 0.218712005417 0.811323780131 0.0988976652168 
0.520514669511 0.348958274537 0.398083682897 0.437581972323 0.43526305027 0.311280617593 0.697956968547 0.551459348266 
0.504094792143 0.368419875715 0.409221605562 0.481683703352 0.529213873089 0.480682640683 0.661478875312 0.630494041821 
0.543544676972 0.358293962428 0.244920101617 0.37864802889 0.597299171162 0.554905928121 0.808548605985 0.211039455977 
0.522390405653 0.364372061658 0.527217250455 0.554923907478 0.50080612157 0.639294339974 0.534776904109 0.587926162033 
0.53472300507 0.299581270779 0.346117671591 0.410497447124 0.518077800761 0.550390427896 0.727685240356 0.469949567647 
0.499900995833 0.322216516829 0.510868470014 0.521781575151 0.50348928775 0.490683107709 0.665630501767 0.465925440398 
0.608002702526 0.40236821397 0.425650805846 0.484683271495 0.637589932036 0.602251845315 0.651573231519 0.407001619361 
0.520739679122 0.341954519163 0.390267837717 0.423348830585 0.418596089538 0.500119678925 0.713701700757 0.504230066824 
0.521246599503 0.349074931658 0.337182212416 0.406712706556 0.613942215426 0.50969872039 0.588846787155 0.597271602901 
0.516844000108 0.344986851037 0.408088313906 0.444077782982 0.471699446906 0.67089994521 0.770534366353 0.137132080082 
0.523579324868 0.349492916803 0.404989508909 0.461368610371 0.495460381071 0.790126274667 0.544971044158 0.280885285138 
0.516714121021 0.356913074848 0.401642397583 0.440332524599 0.413328293769 0.775913668247 0.577192631117 0.464092692579 
0.515353537204 0.355681205386 0.406662294141 0.439830456934 0.444956803315 0.53019214955 0.462008223516 0.67565406173 
0.49856005666 0.277407640386 0.345112629005 0.389047524761 0.553598244386 0.497851509463 0.530511435157 0.637519090272 
0.513190010302 0.34195723787 0.412291348858 0.451771642975 0.367602659396 0.309470481132 0.787757311263 0.131827416665 
0.519894729694 0.353069065818 0.402144012726 0.439915351115 0.434154084517 0.442134820307 0.342073646684 0.719368396504 
0.506886678862 0.382829133631 0.413244228671 0.519123790918 0.519719332487 0.518799681551 0.235973085876 0.665429087595 
0.529308969084 0.33678867798 0.372312050103 0.409794748046 0.379215274513 0.800255673308 0.560199833217 0.439709416444 
0.520627490109 0.348411291508 0.390440826526 0.475651969976 0.334307090301 0.384613932575 0.712674054485 0.386270597411 
0.521062482379 0.337406361468 0.423090360943 0.459953235468 0.273477923227 0.269814373861 0.751055894058 0.00516776231627 
0.520435665316 0.359845672166 0.403074786689 0.44476275585 0.356750614839 0.366118122298 0.75835814297 0.132451681621 
0.499816213084 0.337054562851 0.373907287526 0.390432466072 0.407270300861 0.558345197066 0.708547626083 0.686210939119 
0.521030616931 0.347490668995 0.375062238371 0.460456126583 0.500238194004 0.467784624541 0.448949899582 0.766719503026 
0.529486260722 0.33363076299 0.374777848534 0.410027760196 0.576324229279 0.66690855033 0.758223525305 0.378509146198 
0.502974287836 0.407285953042 0.434472873886 0.377127441654 0.373955525924 0.58829519594 0.859326562992 0.0793808682578 
0.51700658433 0.35440297847 0.385114043252 0.430934037387 0.495309597311 0.56343110482 0.638824124785 0.61135998198 
0.51171380705 0.335794782732 0.509080635389 0.583099947393 0.558063446623 0.647548084587 0.679533271268 0.139776609681 
0.520812733505 0.348497356433 0.399891438329 0.452726912801 0.453229288063 0.405079217824 0.352213626841 0.814360489616 
0.521158914996 0.349961639636 0.405916342316 0.446584424777 0.454087285352 0.451404045835 0.661773155518 0.799492270795 
0.519355161054 0.334520236179 0.428798876539 0.460460681941 0.601910934901 0.633527530346 0.55875468434 0.489743739736 
0.529401844076 0.330279801585 0.391690568008 0.625956051215 0.662917465013 0.596436592472 0.649111556739 0.335669987146 
0.520902407952 0.349170677544 0.397434445933 0.445217340066 0.400701735721 0.551550551623 0.543751578676 0.624216975863 
0.520872880733 0.348129012001 0.401810637025 0.42830692332 0.457513525908 0.617377912449 0.642079373813 0.43064295728 
0.518555478136 0.351434142385 0.399718223584 0.475874757002 0.458332066811 0.368960803086 0.34303809222 0.74300323457 
0.542386467479 0.416584160748 0.563673462632 0.787089346792 0.658974882451 0.688150416594 0.593077523137 0.177671362865 
0.521979615455 0.349051968308 0.398164649517 0.441251564711 0.434406720538 0.444696240248 0.718008197196 0.308745564902 
0.520739172174 0.350413116467 0.399878409106 0.441469688869 0.458776438132 0.526821238723 0.835833856316 0.109199508406 
0.534118935627 0.352450266441 0.378499728288 0.430658277411 0.502777780591 0.555106280284 0.494209069245 0.712076004448 
0.521046863612 0.348166432618 0.396661799918 0.43372573233 0.465624806176 0.451586124282 0.600784545436 0.703377905312 
0.530373579348 0.335952906221 0.367933892594 0.401147922361 0.408885346074 0.788237237835 0.608426516668 0.494276024908 
0.524983638681 0.373370158345 0.430453006344 0.484717078107 0.50041753142 0.224387492819 0.203477051399 0.449496032383 
0.520706060343 0.348725165112 0.397552347834 0.437961988478 0.425520463778 0.427850082585 0.77787044388 0.306007527057 
0.560373063114 0.40523366244 0.329185378755 0.292519032382 0.31532334606 0.328275442906 0.209608273657 0.718985904101 
0.511799491698 0.345766058406 0.390080475952 0.547605469131 0.176757146233 0.823076152231 0.562135714445 0.381596991924 
0.524793824385 0.353215278934 0.406880153792 0.415277912269 0.351492725309 0.317456946883 0.718432144319 0.45082862858 
0.521225034352 0.349933398781 0.397649547394 0.43833946436 0.465242636735 0.454570203683 0.603357241503 0.567352995137 
0.513516212146 0.338193283001 0.435670974133 0.384064043673 0.601827070697 0.516689121881 0.15404119055 0.479056385447 
0.516430256535 0.342986191074 0.414885885038 0.449936806389 0.45209212008 0.48749267428 0.607407041791 0.63841705511 
0.52078338693 0.348504071373 0.397189379954 0.436547797436 0.432642603066 0.438234770367 0.324994729579 0.84822091383 
0.533256694692 0.303112595131 0.349499674198 0.411807092893 0.514888532193 0.546563946633 0.716459635735 0.453034924543 
0.521594277148 0.331121985652 0.433838521448 0.469011167229 0.238414040959 0.238897258912 0.783212958205 0.00582676627351 
0.522413598219 0.364193926023 0.522992943185 0.551631668743 0.499752652172 0.63479665438 0.533446273768 0.575956199581 
0.52812005618 0.335453687813 0.377519545002 0.413087166052 0.566783710034 0.653041795426 0.740155084455 0.357477246338 
0.520997468295 0.348214328893 0.396740815675 0.434250273837 0.463950552552 0.45161735878 0.587106692052 0.652306062538 
0.514574851473 0.340862766863 0.41881048232 0.452335595628 0.455107670873 0.495289109511 0.644297348078 0.759268332674 
0.493261371613 0.258985775948 0.333945509732 0.379818019132 0.569020931929 0.50154097212 0.5411082485 0.707809552997 
0.519253406192 0.343581075544 0.393777100329 0.487711504445 0.475767049623 0.474614052752 0.532694310637 0.799485046876 
0.528205790361 0.356691657788 0.40323559302 0.475846000117 0.452892366167 0.492896045294 0.661834786143 0.690889657088 
0.526550145867 0.340141783013 0.378156990897 0.413031938011 0.415744985715 0.736424500475 0.591816095777 0.429552578323 
0.524254658677 0.34266438953 0.412735194331 0.453170603497 0.448037965209 0.327522595761 0.277515609642 0.773022121207 
0.520867701248 0.348520947914 0.399509626424 0.449138228284 0.449126447865 0.409156491347 0.360331875695 0.704326112582 
0.452945435901 0.321182214765 0.384306729696 0.38422842688 0.306203544404 0.657464817427 0.588170276729 0.738670562556 
0.502164466361 0.338090104833 0.376164077208 0.394939481242 0.409055287348 0.551712304822 0.691397213699 0.646112696673 
0.519561745753 0.344920380391 0.394626082962 0.482220126464 0.472104151059 0.472351734866 0.523323312096 0.735160470244 
0.523994732328 0.334075764989 0.388914968095 0.424028856966 0.412874590366 0.430052253217 0.789583951522 0.430740526546 
0.520882340075 0.349111354738 0.39738623507 0.450198261338 0.389116249533 0.573909421027 0.56457767784 0.736166575096 
0.556796051734 0.362792976522 0.201758615586 0.367523393016 0.62259350304 0.567947208024 0.867458102963 0.24306146333 
0.549165426927 0.390013168422 0.341880166533 0.322871598368 0.33461521679 0.342719555828 0.238019381318 0.60978313759 
0.514636351262 0.359954513491 0.424186035989 0.44511813711 0.606681132625 0.490002848086 0.622320426945 0.722512852685 
0.491795235375 0.25577721625 0.329268188679 0.374598702956 0.590444378664 0.516008002953 0.584898990547 0.581748213469 
0.500947782814 0.377245467906 0.462716422645 0.485151402869 0.64001562177 0.603579997267 0.653313560093 0.410514167573 
0.552908065163 0.364320841201 0.325386942955 0.404253501481 0.388255370636 0.644180697639 0.822148481584 0.218431701982 
0.535792018031 0.297055569426 0.343707907224 0.409577162157 0.520334569118 0.553108035033 0.735662439806 0.481969598735 
0.521146534355 0.346185096263 0.395705073776 0.434322466775 0.428904605629 0.436320525018 0.704750110562 0.332930820595 
0.508593286927 0.342714128102 0.387082895051 0.41455279982 0.417652512114 0.522156105517 0.615832008074 0.469440934315 
0.520817327949 0.348588201073 0.408816152478 0.46162064364 0.441887492888 0.332784627548 0.345694285105 0.629420654927 
0.516947845473 0.345062235567 0.407985709181 0.444038941673 0.471284547815 0.666660809837 0.765054356253 0.134929466498 
0.52063138608 0.348413442439 0.390255733471 0.476314669338 0.333170258394 0.38418242184 0.714288402582 0.388555217029 
0.521160487719 0.349961338512 0.405828471139 0.446508620084 0.453947392813 0.45142824205 0.656639926058 0.783013670188 
