0.418754060207 0.423388757323 0.425758488474 0.425545773722 0.398517150944 0.476144401512 0.860002745464 0.0829114898722 
0.470496848143 0.363633268333 0.387676696346 0.37165566285 0.330833886029 0.58169983008 0.475376613729 0.648270959835 
0.418637496758 0.425003631891 0.425355839437 0.434138183808 0.275935522129 0.740633209966 0.549818175619 0.50503904208 
0.417780310672 0.425427997285 0.403101843454 0.360880761193 0.533332155 0.684379090241 0.694937626477 0.447219175459 
0.418983592953 0.423527431237 0.41744187511 0.422082822771 0.421724393358 0.663159954683 0.573749077437 0.634431235118 
0.410798717426 0.43579220016 0.389898446811 0.408756001911 0.368110902295 0.330520426071 0.60583986526 0.725255602923 
0.41882496662 0.423100415937 0.41738800536 0.42892620938 0.416671384413 0.445810481476 0.533176845715 0.709633912008 
0.419975117916 0.422331578692 0.382165008463 0.401731963167 0.397356504549 0.515486989323 0.514340944875 0.771828966831 
0.416224982894 0.418452671725 0.435747510583 0.565486318782 0.624849343082 0.637424599339 0.731534125125 0.230027979342 
0.418201245567 0.419400347234 0.416976029696 0.401285106951 0.487686870892 0.52758408166 0.694530691632 0.57968675933 
0.420347060244 0.421223300286 0.414713582449 0.362090030689 0.535367393614 0.540735799885 0.793871466593 0.320642419323 
0.418783027523 0.423771498649 0.42011541688 0.42307810564 0.412030643848 0.361748274442 0.671764949829 0.709816398664 
0.427262001892 0.431667735726 0.350558693494 0.513059689896 0.132632980335 0.849155925273 0.642239571883 0.228203865852 
0.405828460751 0.450901694946 0.438207516865 0.286554566875 0.730058985387 0.685545762724 0.69688226121 0.314590314509 
0.419423834627 0.423038178467 0.430405625056 0.403004787352 0.383200187032 0.409160664316 0.83898980847 0.224702683451 
0.409104488962 0.46673773508 0.435155135231 0.37319393268 0.398467189906 0.548375390059 0.748442027826 0.58255881896 
0.422278303786 0.426979609728 0.425831097528 0.434177304266 0.416712230937 0.443910970904 0.379758321042 0.96415223141 
0.461607586047 0.448576467952 0.486516888418 0.452174078666 0.544281582915 0.544781881947 0.502144552687 0.834214725756 
0.418807475933 0.423748449749 0.419899473103 0.423025642983 0.405605751664 0.618869924428 0.639240496185 0.577265787906 
0.419154734147 0.424489833076 0.427291967289 0.440618619299 0.357367198754 0.4152646756 0.502454077472 0.664863133915 
0.419886403112 0.428956551163 0.402663735794 0.374168279069 0.225989313662 0.739206961967 0.625246871585 0.362880578251 
0.419702236282 0.422553534339 0.418897911654 0.413335037021 0.382362031003 0.758042728862 0.687016241079 0.234097954599 
0.337334071994 0.37994057889 0.556210828224 0.70985815264 0.579077806822 0.536655204882 0.762789396516 0.442448329219 
0.533159579976 0.484615354301 0.498750253896 0.491823185322 0.587744859895 0.568594621668 0.79063004478 0.530999584993 
0.420232612366 0.40641002831 0.39907088507 0.381600456315 0.238685998678 0.724814782272 0.706721827013 0.220459351062 
0.522654869 0.448811182 0.447082276893 0.262178896791 0.373857010081 0.312258835413 0.207747204431 0.708888388905 
0.418324948305 0.424486942989 0.420725505354 0.420980091643 0.439100487363 0.398383912782 0.51352308417 0.753549939347 
0.418721305816 0.423674072054 0.42256785693 0.434603097117 0.52291579954 0.752928460982 0.710410292318 0.31669338521 
0.420235887368 0.427864672843 0.423732072017 0.401361686828 0.458977254898 0.507056227113 0.803335415789 0.234426605128 
0.430636462117 0.436727013457 0.487016870119 0.443801796311 0.428840623725 0.720424136558 0.776400021637 0.186838756448 
0.419030226508 0.42395438626 0.417839522362 0.422242662241 0.417875808187 0.3847084511 0.807203142772 0.173863388048 
0.425079910197 0.428517374381 0.477718661819 0.565874153734 0.580349925777 0.584922556258 0.695838991497 0.511200197279 
0.427167058307 0.403794329945 0.391111401173 0.376692037588 0.391754582652 0.365635225878 0.838672767906 0.241654865232 
0.419444057144 0.404264423479 0.384721937845 0.472668003532 0.349247002097 0.63553499561 0.871520046842 0.201796033699 
0.418849861477 0.423800672385 0.419080413825 0.422027592131 0.360767504098 0.564673152868 0.486860072331 0.673987695471 
0.418803904952 0.423872681911 0.419958754951 0.443344627983 0.480147597579 0.545201126014 0.706794773285 0.785566868406 
0.418552651553 0.423562954767 0.419769169128 0.423008508308 0.413951116639 0.436655564755 0.881490945505 0.365291338125 
0.418963641531 0.424046092106 0.423439958863 0.426383216655 0.415446353437 0.43000574057 0.51245044035 0.659375630278 
0.483313549912 0.458318219937 0.48136523839 0.614330362662 0.590894673554 0.672815034022 0.668136113494 0.53437029098 
0.418606754922 0.423704320742 0.417703482118 0.486237522682 0.692447069297 0.72022949502 0.759220113079 0.14721900714 
0.410105651964 0.434992762414 0.428332046102 0.427874484649 0.419997312872 0.763734955749 0.793369377728 0.0967306513038 
0.410257559882 0.444392386684 0.377755729341 0.401642598808 0.374883723362 0.63485904099 0.719918461456 0.384173417931 
0.419918588016 0.415675522965 0.443409880645 0.507613474875 0.583095087824 0.527199179262 0.800269674858 0.0724576787217 
0.41955140081 0.421329862939 0.407747259377 0.415676941807 0.405114995329 0.421881755718 0.577439055617 0.578802589307 
0.420107211203 0.427481748459 0.423437611705 0.402445065787 0.457944198231 0.505588429776 0.790784992154 0.226834565775 
0.418634625295 0.423419690123 0.419558710638 0.42185577407 0.425527648945 0.484205526033 0.485979884446 0.915207501702 
0.420557302496 0.421115910889 0.414475110599 0.34694022073 0.552610734318 0.552164968845 0.843406880142 0.363229145106 
0.493324376786 0.345346459906 0.380905774611 0.358461682369 0.309728148753 0.602665731374 0.476041696536 0.751258873649 
0.415933513694 0.417847147663 0.436024387608 0.591156929922 0.658965787902 0.66188428477 0.765580342819 0.258444484242 
0.418782293725 0.423771146825 0.42011661701 0.423074718624 0.411987301446 0.362926397843 0.669518151666 0.703152251681 
0.419593332958 0.416901833266 0.441586941477 0.498634557989 0.565899279814 0.522809185297 0.769078236767 0.0664398179846 
0.41984970843 0.400138963802 0.377568993844 0.480185579803 0.341841476261 0.650717907015 0.906587372654 0.217606561673 
0.418809751438 0.423928147019 0.419881284567 0.444046015276 0.482724905504 0.549058262713 0.716945030802 0.813474021126 
0.418721305816 0.423674072054 0.42256785693 0.434603097117 0.52291579954 0.752928460982 0.710410292318 0.31669338521 
0.289854293871 0.375894817902 0.390801052733 0.335778694201 0.539588020811 0.558664844877 0.856387846725 0.421198784693 
0.410232295113 0.434768990426 0.428147909264 0.427752047466 0.419855254226 0.766841579026 0.79619524941 0.0975352839572 
0.410257559882 0.444392386684 0.377755729341 0.401642598808 0.374883723362 0.63485904099 0.719918461456 0.384173417931 
0.42669119856 0.40465188604 0.392289833825 0.378517784423 0.392414671701 0.368125609726 0.83166973603 0.237474867968 
0.416063861233 0.427299602723 0.422686555759 0.42461136953 0.416057516817 0.539521400215 0.537351768899 0.721060850724 
0.420631126684 0.432491748373 0.439412712101 0.47001431111 0.441942413927 0.453891120006 0.559643370952 0.613589667443 
0.420914219872 0.425688778141 0.423106986958 0.424158885227 0.417041541451 0.438458832432 0.848072329535 0.338836891266 
0.341893888974 0.381933650578 0.551443246405 0.69904631023 0.574732093017 0.535326150532 0.753884604406 0.430230512359 
0.419541853134 0.422719912706 0.41904805342 0.414967178485 0.387956382023 0.737006522845 0.675254266472 0.220956586714 
0.424208800119 0.428940485361 0.368701235592 0.494262113684 0.175857417513 0.809005431675 0.630154131183 0.205231587938 
0.42070634417 0.424639849165 0.417255296794 0.430635242253 0.416153130489 0.425563355163 0.532008930333 0.800991712077 
0.346110795611 0.383796024676 0.546982480806 0.688963581912 0.570654784617 0.534069836429 0.745583079473 0.418842941871 
0.418980013938 0.423533730953 0.41748413883 0.42210553442 0.421530891415 0.66580588807 0.574890711858 0.64086987899 
0.412369908959 0.418932004065 0.361237234572 0.397511952752 0.366567711744 0.657155108532 0.749360341591 0.423956832869 
0.418102046935 0.424775603163 0.420963962755 0.420272339561 0.443296487598 0.393982215798 0.520323328538 0.814856466653 
0.520506173125 0.478727283033 0.555774977721 0.466076335114 0.492707393357 0.670253582763 0.629801708518 0.570885030212 
0.420539885013 0.419274598611 0.395171746046 0.409681146389 0.398013019224 0.410640746471 0.620815441523 0.742372348785 
0.41987457186 0.422385531407 0.418749002398 0.411573015367 0.376236511507 0.780707467888 0.69969807655 0.248307944336 
0.41747262391 0.420605384868 0.45635752809 0.432797829157 0.369013328031 0.517239357669 0.680674373109 0.588013909774 
0.42386818913 0.428491690011 0.427639241848 0.426001497931 0.421494147444 0.44134072067 0.799371418224 0.300332253559 
0.418849042606 0.423800147487 0.419133821945 0.42208709433 0.35955231847 0.566334041371 0.487271910756 0.682264465672 
0.419446760262 0.424243932314 0.415230763513 0.421420549378 0.42108014834 0.363710640293 0.866393452342 0.201179192617 
0.419361615366 0.424282896709 0.420892397926 0.423380264647 0.414977853442 0.437239938175 0.870412028773 0.356518701573 
0.41937297805 0.42309088622 0.429899950696 0.403791806854 0.384400031583 0.410112201633 0.833550211705 0.221743157346 
0.418576826493 0.423694864195 0.417142797983 0.48893212987 0.708367033101 0.733296703749 0.771996220766 0.153710723568 
0.420484683964 0.419380380668 0.395853027488 0.409988347114 0.398376226352 0.411213915148 0.618583139631 0.733928483544 
0.418775785108 0.423645642913 0.420311998975 0.440247458406 0.468806428458 0.528220065307 0.662119672553 0.66273798675 
0.418533069426 0.424625407234 0.375054533635 0.374828678537 0.314058698653 0.589923710017 0.754729394581 0.566893172453 
0.426914763567 0.432657303593 0.465989336778 0.437301792403 0.424256645156 0.631307006496 0.837460066508 0.0796333831875 
0.418751813944 0.423353573307 0.425970570786 0.425604181817 0.398315415262 0.475991430171 0.870055075903 0.0847930151905 
0.4195711855 0.421283784616 0.407482800373 0.415541514657 0.404953843645 0.421625339437 0.578417241008 0.582476558033 
0.418589811855 0.425254477235 0.426499265878 0.436526575979 0.262969335474 0.757079337042 0.552033877141 0.531645105143 
0.41877732071 0.42376867857 0.42012523233 0.423049373592 0.411731816546 0.370600654667 0.654875740147 0.65977942994 
0.418745852615 0.42324612248 0.426577496052 0.425762129344 0.397772991775 0.475538876128 0.900696536545 0.0905303115942 
0.348637768296 0.384921571548 0.54428333772 0.682879085513 0.568181881081 0.533303190394 0.740574648738 0.411973926041 
0.42070634417 0.424639849165 0.417255296794 0.430635242253 0.416153130489 0.425563355163 0.532008930333 0.800991712077 
0.41942764735 0.424342010635 0.420984927084 0.423411540015 0.415062985867 0.437289015059 0.869492462726 0.355790665298 
0.419732355021 0.401286192611 0.379553206208 0.478126028567 0.343857196979 0.646566256768 0.896986553472 0.213277875791 
0.418746117938 0.423251448417 0.426548691767 0.425754938448 0.397797606841 0.475560905374 0.899173110369 0.0902449990414 
0.418963641531 0.424046092106 0.423439958863 0.426383216655 0.415446353437 0.43000574057 0.51245044035 0.659375630278 
0.416334790779 0.426848171355 0.422322162977 0.424374205058 0.415781129143 0.545622500564 0.54290218614 0.75854622964 
0.419979480856 0.422341148513 0.380867091365 0.401138256609 0.396954278587 0.51689512949 0.515795396875 0.784848097975 
0.409379743583 0.437415040443 0.386848166044 0.407669982021 0.363777225986 0.320724910666 0.615775815901 0.770915822404 
0.420691211515 0.418988153149 0.393311174416 0.408849673877 0.397029915201 0.409089723663 0.62686510879 0.765266488556 
0.417844008523 0.446490174911 0.461053080059 0.367558456514 0.397792743259 0.554214855096 0.767530492132 0.616361006258 
0.416723123679 0.421960234556 0.417290277445 0.422234811316 0.411723893279 0.435431790007 0.905462413544 0.384280127486 
