0.530443113138 0.438876907218 0.46654198751 0.391488983039 0.423397431907 0.473257152665 0.542704559025 0.663312044849 
0.527703297139 0.445597315983 0.448238110448 0.40636722443 0.441625594121 0.541006904351 0.450014486616 0.740994579602 
0.531464981989 0.441287912376 0.474941660814 0.383560059715 0.508944039663 0.223308181788 0.832272636864 0.32374920567 
0.526939697183 0.41264838888 0.524610129185 0.405490329236 0.527859827025 0.591522127118 0.553322375098 0.483658444091 
0.533437095344 0.441688060564 0.449090627627 0.360828255552 0.328587018092 0.309885285587 0.758045296011 0.268726237795 
0.547825568123 0.446242377427 0.476128395317 0.383558057061 0.430190163298 0.460388117892 0.197285128718 0.657063370421 
0.533021854144 0.441278702117 0.445420877549 0.507327876403 0.543528002172 0.534898883906 0.790716241931 0.347342652581 
0.529855030839 0.438693515833 0.463258042718 0.376317851354 0.414477979779 0.468936939426 0.837144273897 0.0849974949473 
0.531569724412 0.443029883571 0.441933961814 0.417455166872 0.446723579436 0.331000247212 0.368152871007 0.804529796231 
0.52998363895 0.438858789084 0.458671081759 0.37621312246 0.416354593757 0.378509379525 0.615052669803 0.648214541602 
0.529618946196 0.436764849063 0.462490976867 0.377500353852 0.42155666108 0.251732265763 0.696701848208 0.46497130872 
0.536040921468 0.45405471685 0.475197638447 0.230738930533 0.344016030999 0.16609656418 0.309075697637 0.502573577456 
0.556555206033 0.472655347637 0.473495268874 0.387108066274 0.525793597555 0.567804040899 0.725628880137 0.322383895516 
0.53602489051 0.450584556042 0.466983180885 0.355021097797 0.482141161725 0.504477674411 0.774578547349 0.398758788886 
0.529760474092 0.437977331596 0.462148888989 0.381040837889 0.421188693465 0.414766322858 0.688404515757 0.464820862808 
0.560895519793 0.508351631467 0.51958805411 0.1975200683 0.353888904985 0.325945928935 0.323327794352 0.68352486725 
0.529781833521 0.43851650498 0.462857582125 0.378166760087 0.418979836951 0.428761385339 0.747425774015 0.377003660649 
0.534511682248 0.377538253593 0.379215046615 0.724813211521 0.696030678505 0.631521400663 0.68246533127 0.0947934999228 
0.515639582397 0.499109561584 0.479582708213 0.470117193103 0.26755093597 0.268534401453 0.911741354096 0.203285105661 
0.527698145047 0.443326072217 0.464135294726 0.381963569182 0.409853191934 0.404393002794 0.212364452579 0.516142284152 
0.516177250665 0.465457058846 0.386754005087 0.348274109199 0.556375479698 0.518889510064 0.4892368684 0.701790205985 
0.529769633135 0.438583913237 0.462765929161 0.379181355531 0.415403191301 0.547327685019 0.562844981784 0.694400873342 
0.529780465286 0.43852469761 0.462785111135 0.449933134196 0.483384824046 0.156787819178 0.286486132036 0.631253171101 
0.529450358592 0.418042228343 0.482209029325 0.403445272341 0.4506331463 0.593782957208 0.76401209264 0.314801372332 
0.529778187656 0.437416523334 0.467143914835 0.371783356998 0.416830604249 0.413714977062 0.806644638338 0.600550428817 
0.531722292433 0.42290484886 0.527829274443 0.453637618607 0.862696276128 0.595963268581 0.715029923219 0.386570990364 
0.529789868499 0.43852626526 0.462864607137 0.37782674967 0.416425941158 0.414083104178 0.465387091479 0.757389729815 
0.5298211265 0.438566153924 0.462457472254 0.37997444329 0.2031850155 0.756079751231 0.613216968011 0.323820078244 
0.529795286564 0.439159469202 0.465711389096 0.402479488365 0.548655470502 0.613932316699 0.593212573024 0.53824464251 
0.52975780015 0.438574224207 0.461443199456 0.359484958223 0.410585739297 0.694737879852 0.753675612183 0.122006356077 
0.528235110465 0.423456189914 0.455261788198 0.363412554583 0.406428351399 0.581232224694 0.674470097254 0.403397202642 
0.529988013767 0.438082996598 0.46240018225 0.379832411566 0.416059938508 0.439289974517 0.47028557739 0.740217254908 
0.538597506524 0.446096675037 0.469590148621 0.359814403061 0.461148972983 0.611806203536 0.66159477605 0.55509897267 
0.531303523017 0.453044847746 0.47310929737 0.346943347246 0.208099866485 0.709194728153 0.59539266671 0.57275355595 
0.5295287107 0.438416619122 0.462128683058 0.374021479356 0.399192183066 0.237512713927 0.66823355533 0.698957123552 
0.529750652942 0.438492890785 0.46271307435 0.379017859433 0.417419269438 0.434737918711 0.354743031095 0.813112190168 
0.5255705858 0.492015827872 0.525258421559 0.399407788448 0.454749976824 0.508421972132 0.252093828809 0.848270882501 
0.533003139177 0.441119138577 0.466338581663 0.362879967254 0.354882135179 0.893644329684 0.652978483996 0.482103174533 
0.530453100151 0.428901215206 0.439538569425 0.347109780104 0.401613802455 0.497600716446 0.52559660109 0.79024149475 
0.529944697514 0.439019106422 0.462114778569 0.376122330199 0.43692539303 0.124810675508 0.787689443178 0.382188614212 
0.532087018168 0.434128716553 0.460985648265 0.376697767736 0.428178224928 0.402959112036 0.883133129964 0.332645215148 
0.530964031481 0.443761701258 0.464424912859 0.379090416463 0.421512547102 0.551300452306 0.494515763092 0.713420358404 
0.530075273611 0.437351836937 0.464854633098 0.383099539588 0.42630584387 0.40855827963 0.458699435211 0.768502280906 
0.529658051665 0.437435089592 0.45813422755 0.388644437836 0.464881708676 0.349587394775 0.803439168511 0.378834864358 
0.53190221959 0.431292059146 0.436270450991 0.362843544355 0.398972758002 0.408530395706 0.82933706463 0.336413874348 
0.53243633463 0.440179884145 0.465127541357 0.360258725741 0.396797443549 0.47651468081 0.300889299204 0.759761285232 
0.518929030562 0.42249545369 0.48361391985 0.422723544819 0.501703148438 0.473634956165 0.184525504357 0.697377566112 
0.534261186571 0.442005429041 0.467761874179 0.382562963612 0.442342810946 0.501826295453 0.588732071796 0.653132788684 
0.529780238088 0.438501290763 0.462805713072 0.378054571086 0.419396559693 0.4300434197 0.377777539589 0.836081255983 
0.529479258046 0.46110802471 0.605601748165 0.53025581456 0.566671324117 0.645248062229 0.0234639962884 0.644142056471 
0.550278577567 0.574997932443 0.494269989948 0.510521763234 0.69606967258 0.564115739854 0.639988869083 0.355096868295 
0.529784377336 0.438504870826 0.461139268221 0.377677080858 0.423499988243 0.373597890837 0.39492235338 0.676133714252 
0.529651458375 0.43764273736 0.461606182265 0.375020406382 0.43714311262 0.444892360273 0.482118739782 0.759409233494 
0.529638153738 0.438451103778 0.460575855075 0.375658962805 0.439293166429 0.513363925364 0.55526296844 0.859504369522 
0.530214355108 0.43968264592 0.463653711461 0.371596033234 0.411301128344 0.770795643498 0.698167555565 0.0157213923768 
0.529957352582 0.439023680935 0.460848877893 0.373460096095 0.435140102212 0.56094028235 0.53601285539 0.589633335024 
0.533249950022 0.430677961558 0.456738844627 0.388437346911 0.423561973152 0.73000568118 0.558482306496 0.675666254004 
1.05478782572 0.810951058606 0.634703336444 0.576896715267 0.726550474044 0.764125594484 0.597479075743 0.0586517560141 
0.529710926162 0.438365526808 0.462725315832 0.378360013892 0.417659201676 0.432626406342 0.394626543396 0.736184710773 
0.548186220106 0.34675447554 0.362346304068 0.231812553715 0.254159983709 0.322074345498 0.817496258295 0.12879024006 
0.529715292846 0.438482772492 0.468992583819 0.384135765227 0.43838333257 0.486658099224 0.713328267886 0.425574175285 
0.52962671474 0.437261526475 0.465650699003 0.391916284417 0.4322545957 0.458784349967 0.440749328964 0.755654855833 
0.540630082137 0.417750854444 0.409196072436 0.357343769249 0.489601764937 0.484439616224 0.507040243024 0.814301217551 
0.529787877958 0.438523543285 0.461315807171 0.387072730431 0.439609683634 0.534262894986 0.260863464247 0.669975131186 
0.529996323798 0.44441184007 0.423818989047 0.245283140059 0.685978298482 0.601549540297 0.791068169671 0.361073252088 
0.529833047823 0.436872917457 0.461951560168 0.38060093606 0.438196384549 0.646831305656 0.485979232645 0.623470290001 
0.52657927123 0.434513136629 0.460054665417 0.374683427657 0.311141342627 0.38121936611 0.765386175261 0.167624788858 
0.552851206439 0.47416998542 0.427214648113 0.345352171806 0.49321291057 0.467158468726 0.46271431822 0.810687388903 
0.531432381343 0.435559806409 0.469350047806 0.338535262912 0.57718485698 0.647146414086 0.817732092194 0.0732323214334 
0.536335017464 0.444931002416 0.448232162398 0.416624926456 0.600504261297 0.595707856042 0.702922476439 0.718798010366 
0.529778214503 0.438540944633 0.462878883399 0.377653648254 0.418161722036 0.555161350724 0.595284106732 0.656133194553 
0.53126567345 0.43960154491 0.457196801331 0.399428900721 0.37902061762 0.396633574642 0.734197802045 0.385342591743 
0.536367766465 0.442070418216 0.466277944012 0.380413948163 0.444707491582 0.486881362219 0.315297012257 0.709499355539 
0.529460581163 0.435860043433 0.492067347094 0.473142030773 0.490706806076 0.492930086989 0.209602512227 0.761292264433 
0.529965256491 0.43895242722 0.46437650339 0.380740723238 0.406578265456 0.389846203847 0.369588602219 0.656688851538 
0.529724106741 0.438168717112 0.461315724653 0.3772909756 0.422491829932 0.550038081539 0.49241916496 0.765860988483 
0.53204108663 0.444332724918 0.452763228643 0.362814306284 0.255768803683 0.79393723994 0.576834619285 0.329402811994 
0.529737980444 0.4386919026 0.463213619778 0.382327648774 0.425344611479 0.496575416346 0.439982546219 0.703536434598 
0.504826591159 0.419980864228 0.541026827908 0.494361051945 0.459124309962 0.213828272522 0.266224840563 0.685236832851 
0.612819848714 0.479218308586 0.502560079249 0.267477215991 0.196012704549 0.227228905835 0.848397812267 0.0577060252191 
0.544761422163 0.445199817518 0.470300619912 0.381721787392 0.439802602314 0.182598106707 0.169708343745 0.558852352562 
0.525723913692 0.490897018152 0.524000677473 0.399137675571 0.454207004221 0.507142114194 0.253769330811 0.83864251337 
0.529815587089 0.438563499602 0.460850200569 0.388341011541 0.442523941646 0.553375796557 0.246029012568 0.747592743965 
0.531470003328 0.424289880481 0.524875213232 0.450638784876 0.839158310979 0.591939084452 0.70450492467 0.370050711009 
0.532721424966 0.445995903276 0.451435523291 0.360903450194 0.197779287826 0.864624181615 0.588793990807 0.391596814271 
0.53324367017 0.430708562476 0.45676459683 0.388375630966 0.4235263402 0.73115212377 0.55878014712 0.677939485798 
0.540306716039 0.418197427062 0.410552367386 0.357701582468 0.48852847766 0.483755915849 0.505912918202 0.803213491877 
0.518534252807 0.421960823716 0.484135728305 0.423911933292 0.503787061876 0.474416424631 0.181418274112 0.707398413987 
0.529756866143 0.43781571505 0.461938819194 0.381737211871 0.42167550667 0.412172642592 0.698882418116 0.482872975629 
0.529847575087 0.438675835814 0.463216347535 0.376423480993 0.414740436443 0.469363908992 0.819409088172 0.0814345969187 
0.544434125464 0.450076965722 0.473019730827 0.353322511696 0.469595201365 0.663457762838 0.71959437473 0.693183070853 
0.529571267573 0.438010971 0.481351607915 0.43567785216 0.46686349658 0.474681169185 0.251791481177 0.589318907535 
0.530049245587 0.439285983603 0.460417150458 0.372378307688 0.435806119398 0.593508788165 0.556716510668 0.710806425342 
0.533310666874 0.430277435194 0.456395215082 0.389322173243 0.424093041887 0.713346572467 0.554151013588 0.642678604976 
0.559155587795 0.452959912002 0.471505528481 0.386506317404 0.258478649334 0.303321839511 0.265157001983 0.532267525537 
0.529584992329 0.436756105752 0.466226348304 0.396309156048 0.435557034696 0.466313688773 0.445043246676 0.924195985151 
0.529895257528 0.438660627061 0.461826723017 0.382502970473 0.177507064696 0.777611051809 0.621277265392 0.345933155132 
0.5298211265 0.438566153924 0.462457472254 0.37997444329 0.2031850155 0.756079751231 0.613216968011 0.323820078244 
0.529801906588 0.43864240141 0.531749113088 0.302246275525 0.380782665306 0.23720271175 0.880225456606 0.0198074157482 
0.529631096971 0.437310662512 0.465593812026 0.391499444768 0.431937162902 0.458063974709 0.440338462944 0.739593951384 
