0.477471801652 0.487979999184 0.464312007669 0.507699033239 0.460966624746 0.246519264125 0.358676829218 0.663832406825 
0.454397620703 0.444507108599 0.396946069296 0.437552230876 0.429327467763 0.431165973783 0.765849667994 0.229550634612 
0.457690865534 0.447799646684 0.403786402892 0.447489377026 0.440966123636 0.430081271857 0.227576053148 0.571694917185 
0.465133693762 0.452348689425 0.375279456555 0.391954558047 0.49639227827 0.654779770659 0.751606527759 0.325217379738 
0.452999169975 0.482701851423 0.419559385808 0.467684204589 0.365473453583 0.393326102686 0.677193301724 0.550076945607 
0.460903340196 0.451725064322 0.399269673957 0.442557131082 0.446282516541 0.432216358248 0.503011939552 0.630759868425 
0.454453259856 0.448480641161 0.40184355813 0.45551443716 0.438743892768 0.465668180745 0.511337954936 0.728175658883 
0.454405309697 0.444352752703 0.395904629645 0.435037167686 0.425926092845 0.45113468506 0.713929156194 0.466298477812 
0.501572638591 0.552377393397 0.434319972598 0.296765765029 0.69166864344 0.592613790129 0.789135830889 0.300107536016 
0.45309622278 0.443707888036 0.395091441715 0.439711376778 0.434543668155 0.699207216515 0.705265462149 0.390622246469 
0.449457071442 0.397536468728 0.385041185535 0.528596638619 0.473762263942 0.474000173215 0.845291434043 0.228095862746 
0.453955827529 0.444364740397 0.393555128053 0.436080875025 0.40062355576 0.917200523692 0.578266587864 0.124477626671 
0.577774729718 0.574202938715 0.23443435061 0.339517874325 0.627236549995 0.908822224701 0.604245170397 0.16525443731 
0.454131842208 0.447007113443 0.460092706814 0.539257236298 0.511359011375 0.667528844196 0.577607820194 0.516464741247 
0.446974035011 0.441713012514 0.384664738743 0.505919246932 0.559040609212 0.504889373831 0.582999652314 0.63533251362 
0.457481130222 0.403281300209 0.453311105347 0.504633576118 0.570459519263 0.494412765071 0.635978629952 0.400433729435 
0.454852697594 0.445784161793 0.399097483532 0.421894157809 0.487801130476 0.440242711367 0.225918595634 0.732453807868 
0.434068894192 0.376640805077 0.321865627406 0.404720132422 0.352214892714 0.557388847992 0.947513200841 0.030311051837 
0.401663420154 0.406550562216 0.335631265611 0.544159791328 0.584066073664 0.520104684937 0.786524450604 0.0722836735513 
0.442806653444 0.439175890205 0.386321653192 0.417226025648 0.456997935714 0.492411892487 0.4696704253 0.715945295954 
0.45438946101 0.444502892655 0.396758157486 0.42264448011 0.395064743661 0.550250507376 0.78992102187 0.218469377427 
0.454422127768 0.444444772352 0.396366728155 0.433355339447 0.427112910076 0.306359591203 0.775365062512 0.172274865968 
0.454943643324 0.448112847057 0.382749371687 0.412380371274 0.390520440085 0.719922627548 0.695870004879 0.371584146505 
0.479771644946 0.504824937917 0.413557212469 0.462007845671 0.447467213821 0.674724484882 0.694229349612 0.241824713314 
0.453733496932 0.441167605433 0.395045783601 0.435727867441 0.450608149962 0.485175104482 0.801112305639 0.275543891369 
0.396602241755 0.333697538818 0.343259240548 0.389709602487 0.581165515408 0.692665468708 0.590142602961 0.426952333737 
0.451007720632 0.455061466143 0.410049731827 0.443859391433 0.435483968109 0.464120637025 0.19561362359 0.502686678983 
0.454354899814 0.444125646023 0.397169541215 0.438135177437 0.377464396532 0.218826377077 0.876243932162 0.382032217708 
0.454546966371 0.439918951105 0.405888591949 0.451578302012 0.481785171356 0.670271951412 0.745188755729 0.157803505603 
0.454596122222 0.44499658608 0.397058237307 0.437140299502 0.429404752757 0.424853647176 0.55508204309 0.805445496395 
0.4578331303 0.455243777777 0.402793165566 0.502259374325 0.517528658027 0.457349672661 0.64480225743 0.662652077172 
0.447340988214 0.424228506728 0.419384934187 0.486258563492 0.454677418996 0.441771457149 0.816730146501 0.19120759948 
0.442004444802 0.42906771979 0.501859342408 0.524260005953 0.62380219573 0.576214195896 0.744542337403 0.35865272791 
0.437071704147 0.430006081202 0.391694296618 0.431556263849 0.451667862111 0.354214681677 0.547817408755 0.757776414958 
0.428680687854 0.392574719715 0.381841380938 0.341542577422 0.709415754713 0.687019960732 0.548367181813 0.443321913643 
0.454161006624 0.447085351621 0.402561051302 0.498871387505 0.450953409573 0.437567874447 0.245092614051 0.776822401213 
0.456364147838 0.450404054571 0.398286976563 0.425997533885 0.508274435866 0.532380087792 0.108014622117 0.524276803099 
0.454160822821 0.449482423353 0.403806924723 0.476648800632 0.511807306745 0.491600811866 0.22949913658 0.69385463805 
0.460079549309 0.44982471125 0.328400605304 0.319058834368 0.348860766363 0.229988125797 0.787812631589 0.146038752758 
0.453948959088 0.443363957464 0.431245205269 0.350020152945 0.541690860025 0.668950682876 0.735543929031 0.339444121524 
0.454155851347 0.444425038667 0.396172915509 0.436190911455 0.428364619829 0.422713907927 0.461903420894 0.820788229042 
0.582958460226 0.811310365782 0.503190511966 0.566029220314 0.550540143225 0.638273539765 0.575708904389 0.357509449739 
0.445098385228 0.416731342127 0.332551710625 0.408584733469 0.308349777978 0.638350727596 0.788458626948 0.0214856829181 
0.443930761685 0.421910734239 0.390918067373 0.454984942366 0.47536309692 0.534269414562 0.175674100351 0.825198018187 
0.447085193586 0.424846401483 0.3639302217 0.403423648692 0.619187599688 0.542786672181 0.757799158678 0.0273228806433 
0.456267405696 0.434208840981 0.38142979484 0.428151491165 0.530573300531 0.71367398087 0.632788121209 0.468120121978 
0.517166694692 0.514685743509 0.466049538719 0.463727768712 0.16953130751 0.311122328257 0.317397677424 0.533327914981 
0.473046270472 0.390477122299 0.348670838718 0.416780791052 0.320842258536 0.639486221913 0.749511960802 0.185119567378 
0.454977255364 0.439568034555 0.380090167733 0.57723588916 0.591580497785 0.516671129202 0.741803543227 0.308286478492 
0.453985002622 0.44341993637 0.395989320238 0.42475727465 0.470632620403 0.629358004724 0.66410858669 0.487807583571 
0.454422500379 0.444533023314 0.396552650257 0.436952568615 0.428692414618 0.424456254501 0.427594398754 0.897096721778 
0.45401124314 0.447222486689 0.397424186286 0.439715564227 0.437890541193 0.444038961297 0.838568970972 0.215989540676 
0.454338583146 0.444448475954 0.402996942506 0.440287045873 0.443708460626 0.441142466037 0.450408322212 0.650938858707 
0.468148777127 0.537821192105 0.439572231417 0.277692504165 0.320632520324 0.267828383095 0.227225684397 0.434941857923 
0.452921686178 0.469895326908 0.33923077144 0.395846500988 0.524753524683 0.494613962249 0.831477631629 0.202430608235 
0.487376809632 0.520950770027 0.292415337072 0.332045436431 0.314204821921 0.161909662595 0.30475783389 0.571928776572 
0.460797906641 0.454835344449 0.400444883086 0.44870890826 0.453205693348 0.470124536073 0.698261681888 0.688128812422 
0.460830353771 0.454849577228 0.402682691358 0.423754340917 0.592432940975 0.479517925329 0.625771191379 0.578011879871 
0.450795496328 0.466301198159 0.401481398182 0.513229615258 0.572652956433 0.504773694475 0.564643396987 0.703246576847 
0.454513603848 0.445566059772 0.398512925037 0.43381670122 0.595597142935 0.487408834206 0.761900228089 0.0303595006526 
0.454363061755 0.441666934638 0.403621943357 0.439760636649 0.395261271217 0.38513687648 0.411174459486 0.661318389697 
0.454457440493 0.444639530858 0.401373084414 0.442481116074 0.435229765646 0.490859250463 0.0912983486004 0.507710871189 
0.452073666764 0.443632309617 0.389580401304 0.430475001317 0.441552023285 0.483424257022 0.719112378768 0.573857375909 
0.454662928375 0.445175846056 0.397256011448 0.437218532701 0.429706091278 0.424940759839 0.55239072592 0.788374533094 
0.43593102501 0.382930905878 0.328286377537 0.406552765731 0.357738086297 0.551571553147 0.917841912936 0.0285863996243 
0.446987709825 0.423247805914 0.419562773359 0.486992827931 0.454324511111 0.441118437462 0.837329421551 0.201255536104 
0.454160063256 0.446656743697 0.463602223311 0.544472508727 0.514526466572 0.678054981436 0.580996020225 0.535797416094 
0.445798332659 0.421472308275 0.358423370567 0.39842654121 0.633363949856 0.547959066545 0.776137786382 0.028903071496 
0.454174171845 0.444413362081 0.396388484122 0.436880965427 0.427705503008 0.417283163068 0.525343006232 0.855325575811 
0.45402594505 0.444165956263 0.405220807186 0.440962203914 0.448558655315 0.445297873741 0.455023945204 0.805128780302 
0.50205544411 0.553443459463 0.434606723744 0.295810316152 0.692884084439 0.593179008237 0.790478584201 0.301299603925 
0.411747292951 0.412154223449 0.345378722629 0.533550053882 0.568779473922 0.515117759201 0.757701593608 0.0663893613717 
0.454399764444 0.443249553752 0.396029634648 0.433919568212 0.43510673941 0.303359820202 0.731586895833 0.520190336326 
0.454338117208 0.444836146076 0.396199120215 0.437435845708 0.434726442058 0.436495335689 0.848088938944 0.24499335272 
0.488735448704 0.523965051987 0.289679818724 0.329541300387 0.311838929686 0.156354658048 0.303755104588 0.582794965008 
0.442187043661 0.404005319566 0.350115082469 0.413304776558 0.376892601063 0.531712294662 0.817385249681 0.0227478678597 
0.462658328244 0.451956697656 0.3151962999 0.297155340832 0.337513584289 0.199895196632 0.817023484588 0.160484369887 
0.481134088085 0.507707098288 0.413429588883 0.462272432434 0.447323830244 0.691262959714 0.706867827598 0.255104307384 
0.456557309594 0.448127697981 0.398856465365 0.431376951741 0.556004410373 0.475843993353 0.593180370376 0.476822496282 
0.459444498345 0.452710249737 0.401505985479 0.425989111625 0.58188459658 0.47852253635 0.616282618303 0.548530937855 
0.449334552808 0.3956962922 0.384799371116 0.530327679511 0.474188724381 0.474378860197 0.853846568082 0.23272818424 
0.473046270472 0.390477122299 0.348670838718 0.416780791052 0.320842258536 0.639486221913 0.749511960802 0.185119567378 
0.453911140733 0.450308480865 0.39818629485 0.426595280199 0.505805912413 0.529311663701 0.113253555455 0.514976515293 
0.454256177817 0.44602156524 0.401489093299 0.394867613091 0.491733914052 0.634356334819 0.727921813173 0.299964084439 
0.46476971263 0.452137219083 0.375732685375 0.392952680656 0.495570826098 0.651158740534 0.74740766229 0.320739138526 
0.465997599955 0.467895559441 0.403165633792 0.479850037828 0.447116731806 0.717942801332 0.727252072467 0.27656060928 
0.454422507297 0.444533023131 0.396552637169 0.436952547675 0.42868503214 0.424471945653 0.427644716242 0.818615885063 
0.454379498301 0.444277201693 0.396952609065 0.437718134148 0.381113938612 0.235607736503 0.853891376534 0.361262699446 
0.450996362217 0.43657347419 0.384366689157 0.506815071134 0.560709875581 0.505536154756 0.584365712758 0.641551122777 
0.438079928005 0.390181198287 0.335733114315 0.408752637497 0.36419495386 0.544817081394 0.883505811079 0.0265906816134 
0.454422502708 0.444533024625 0.396552648635 0.436952567637 0.428689625544 0.424462186979 0.427613435282 0.867405077882 
0.445959804909 0.441486985936 0.383162282181 0.510406447029 0.567404485342 0.508118759779 0.589844450261 0.666501281418 
0.348521758742 0.344070563749 0.556439035055 0.550543567523 0.510397960531 0.56794400771 0.787532989731 0.304197504578 
0.457760328465 0.401471208407 0.454783309805 0.506234140699 0.573807779227 0.495004997438 0.639328368349 0.407353793082 
0.459382715888 0.391616181264 0.462577925368 0.514733714729 0.591611965157 0.498042209951 0.657191258717 0.444278721992 
0.453893210952 0.444357171884 0.392978729195 0.435985173137 0.391585002544 0.961960378161 0.579780852357 0.134816083702 
0.501570032584 0.552371432751 0.434317885101 0.296773513056 0.691654105798 0.592604506641 0.789115879997 0.300203419722 
0.464439490365 0.459739394053 0.416147772175 0.475126517354 0.623583074078 0.718097645085 0.717657353939 0.34174616257 
0.454994068221 0.439470193273 0.379722928993 0.578548103209 0.592891723749 0.517037301045 0.743814135301 0.310323630028 
0.446456572801 0.369138259953 0.378086012348 0.583976176863 0.501027400198 0.673368557897 0.740003626973 0.344843962011 
