0.332664718891 0.456707586531 0.490097264492 0.382817060253 0.346617555559 0.526578301063 0.239820929217 0.657203431981 
0.336910571755 0.462900957683 0.474403954201 0.254162356833 0.650149040942 0.581122758496 0.531745207463 0.579023473387 
0.331728097949 0.455991938829 0.491681805123 0.361956481744 0.40145895923 0.409050502348 0.817490018773 0.0645721169494 
0.330634421901 0.455221491213 0.490461840807 0.385268588688 0.695719233152 0.588862369875 0.709204354868 0.276615831792 
0.346646989893 0.45944952968 0.471151849945 0.35364086178 0.246033704513 0.61590690451 0.868833594461 0.0973638323624 
0.318497458082 0.446018594185 0.51161501541 0.374930610864 0.477316802209 0.530331469866 0.831426341643 0.280818087011 
0.331087163804 0.455970433548 0.500881164424 0.41296278413 0.336580959874 0.585756767952 0.774451522817 0.234621710485 
0.331875918562 0.456384191583 0.49157361088 0.347840579129 0.283369467848 0.344332749783 0.835814627069 0.260272664533 
0.331275229502 0.456797508424 0.49000311643 0.363906028306 0.475775074702 0.513913846907 0.626452329217 0.610567302113 
0.331269482604 0.455425037675 0.488577896046 0.361665157178 0.417509293537 0.44122385852 0.687004966673 0.661172985243 
0.331181618338 0.455518345979 0.487547303599 0.377243851075 0.479922249509 0.293488276522 0.201566930097 0.703674411159 
0.331718737633 0.454557968527 0.492105765948 0.360383941277 0.379090330655 0.471703527673 0.811169981921 0.440402044708 
0.331870609737 0.459950447667 0.482529662979 0.3625569477 0.368145832746 0.724466432133 0.749797233314 0.0745202571867 
0.340355617962 0.458508119089 0.494171605158 0.351119153179 0.375469413178 0.480764910082 0.84638845596 0.191606684847 
0.342257915219 0.458854098151 0.49294467633 0.371573074644 0.424726396811 0.355345068866 0.367648050888 0.765149482474 
0.328736925885 0.457615836153 0.594298550196 0.410389440366 0.268543540656 0.335484697304 0.838802508672 0.616538155347 
0.313804519509 0.435408494455 0.476385641283 0.408144570091 0.550943388 0.73659568524 0.699126395661 0.340727560845 
0.331265731582 0.455712734718 0.488495035281 0.367282583908 0.409413529863 0.423031480901 0.633184293561 0.853973516673 
0.326011539356 0.449833602799 0.446070416576 0.322071128995 0.337132115217 0.71096816874 0.819068227447 0.379590658297 
0.327098877402 0.45256317103 0.481046568441 0.424533291516 0.215065685345 0.726492073452 0.683792317564 0.370231333019 
0.31629362762 0.417359059672 0.614304418361 0.528335111913 0.526948849768 0.663470910434 0.601904329389 0.441919420737 
0.326141340653 0.45355093335 0.499001336786 0.371609990911 0.389089964825 0.847625695781 0.61636070229 0.26723820817 
0.331493454511 0.456219854439 0.49156431658 0.36118390927 0.403655894443 0.424906356203 0.72468508699 0.686316623608 
0.263258953005 0.818113510918 0.626575280347 0.723649532112 0.721619542155 0.575119383552 0.589758640835 0.0335996876239 
0.329148616517 0.454679015546 0.486891813675 0.359934792368 0.386273915905 0.297809036678 0.752239134442 0.712799947402 
0.331595401337 0.455100377495 0.53580884328 0.388058099031 0.5632135071 0.532825188894 0.704311893081 0.540336548127 
0.296550930346 0.522075272329 0.517871852139 0.262443583128 0.31169057554 0.340917169475 0.188172977117 0.502194778228 
0.340260637423 0.458820259401 0.470494381203 0.357177685703 0.380469790758 0.35012194997 0.611177887359 0.849101744676 
0.331180221269 0.455525317643 0.488372113739 0.366722886379 0.40751037816 0.40934755398 0.658584747411 0.592636152207 
0.260708480444 0.335037743238 0.395258806914 0.281979519747 0.346098171577 0.774936992462 0.699088598766 0.217606544413 
0.376404604999 0.352895061036 0.417244875902 0.316907601817 0.162590322157 0.320315041923 0.243976121005 0.546079245249 
0.331145386034 0.45551362883 0.488426350354 0.367259801912 0.407065464452 0.491699240467 0.67712188642 0.649830935529 
0.331457163668 0.455882536765 0.488657381055 0.353509095541 0.390464072943 0.423079536815 0.552504552652 0.692053838918 
0.207437266684 0.335732770882 0.331294209184 0.283298149878 0.713485594852 0.690199372485 0.628950129981 0.0902434505408 
0.331114873231 0.455885511264 0.488457406415 0.369601601309 0.409431121949 0.432088236872 0.437637333878 0.853098716459 
0.326760365126 0.475578830716 0.533672058715 0.27578646183 0.613701688639 0.604057963616 0.864230548777 0.198423798565 
0.331324009838 0.455606384414 0.490652960776 0.358635652646 0.392795639579 0.319102888665 0.792195273719 0.519984631146 
0.333229813685 0.479188201616 0.512821992196 0.498011369797 0.467602421191 0.528971147463 0.529834327994 0.507238781813 
0.347391716283 0.468272348691 0.498231970025 0.450342136558 0.638749126546 0.719135036429 0.616069570201 0.383787656075 
0.347240367375 0.469135418012 0.494342838934 0.414163596138 0.422751562214 0.459892836909 0.53891357282 0.817669691827 
0.331144634177 0.455639465381 0.48845547831 0.367103763558 0.410052626968 0.413115685757 0.497140755711 0.849378698118 
0.359732311766 0.425026630001 0.550260143239 0.388293908159 0.754272190073 0.603644685696 0.716782943804 0.379710348873 
0.33197347869 0.457114588743 0.48956236786 0.369294562892 0.389964009069 0.553053584955 0.592306362368 0.825322079386 
0.333140574884 0.456974378902 0.481884957588 0.364922958534 0.39759865377 0.400427953493 0.551119839068 0.820413101366 
0.474170909192 0.509343856836 0.597173350133 0.471104262767 0.52911552879 0.586116999934 0.716231782236 0.500713933082 
0.333808985672 0.465283582188 0.515966522909 0.388827372642 0.420317087125 0.447679366735 0.808814709225 0.512255703535 
0.306520793972 0.433499722744 0.440372731418 0.34465338963 0.787985140267 0.666804744936 0.658740941763 0.465116109506 
0.335549580847 0.457456805104 0.476925088148 0.356258608274 0.399030629771 0.366925340866 0.635033822385 0.683807426217 
0.330439632277 0.455083623979 0.480801198112 0.432329849626 0.499908488206 0.46819935902 0.751298889212 0.173276087428 
0.331140277116 0.455490090216 0.488003428233 0.366164995302 0.373610153472 0.693743611566 0.862291537842 0.551275882788 
0.331753797776 0.453324048202 0.48605995369 0.349035020163 0.533495635097 0.524227690479 0.666500141946 0.498776310429 
0.342575999974 0.423985118259 0.552012073187 0.562596725469 0.541206539102 0.646869971962 0.82631188732 0.309730697544 
0.326202101952 0.454320785278 0.494043721716 0.610052187612 0.542347208556 0.82337944752 0.61657114228 0.0228788805207 
0.281676585997 0.419697084915 0.459987201836 0.558398547081 0.504854689768 0.507292374339 0.157314526437 0.614407631268 
0.337243757932 0.459167618716 0.480097995462 0.356307006087 0.480675460759 0.536498151852 0.24295054311 0.589617338687 
0.276922844205 0.431166415537 0.584727432997 0.538652235467 0.754137200518 0.597974246774 0.730841573879 0.106340959419 
0.334175692464 0.457502238438 0.483922998064 0.376394273306 0.429021819425 0.632405609089 0.862521217928 0.0812073187936 
0.331627047905 0.454657613443 0.48794235912 0.366122495366 0.410622100399 0.486043324269 0.448839727992 0.660104617364 
0.331776058675 0.455795224921 0.489359799753 0.363905340069 0.42187811266 0.305199894437 0.708892712124 0.581274139598 
0.3336878792 0.458037540779 0.494053885489 0.392236671282 0.446650676801 0.449176565185 0.152018036609 0.530289327221 
0.331519342325 0.454744784806 0.487283706599 0.365238055425 0.392509117107 0.51144365983 0.84578883017 0.433217129863 
0.324312941098 0.469043677445 0.491729984724 0.15944304327 0.297605775905 0.344616166728 0.370385419029 0.844270254585 
0.329784194896 0.461376292833 0.503489564788 0.34079327852 0.450192171569 0.483490794452 0.230340956325 0.707125686689 
0.313853828237 0.43546206167 0.476410280312 0.408086445691 0.550704513446 0.736093833258 0.698818484475 0.340245531195 
0.331142213227 0.455672635149 0.505775354836 0.434270244947 0.315941993445 0.612671258203 0.83681296617 0.277575477346 
0.33171980865 0.454556560637 0.492108900016 0.36038163196 0.379072539662 0.471708551375 0.811445277576 0.44071620409 
0.337981618209 0.43318109681 0.539557515285 0.518576126963 0.519200656701 0.610196987926 0.764095453354 0.259080021073 
0.349734695022 0.465566998163 0.469092149142 0.342768645659 0.529987968965 0.603316273985 0.184260970871 0.83075624197 
0.330652490529 0.455361507227 0.484248536463 0.365119298514 0.413632809979 0.552067221568 0.768187006829 0.453412888806 
0.312298702674 0.406180355003 0.63577378587 0.553644182679 0.5393134622 0.691007947401 0.61317244565 0.489116443203 
0.33599653083 0.457622645073 0.476221788441 0.355695522448 0.398638333091 0.362903216731 0.642051271819 0.708564475409 
0.331830161385 0.45607422997 0.492396974903 0.361135369618 0.400305223302 0.405295598405 0.833592992888 0.0672737324553 
0.332065653666 0.45626287599 0.489465274858 0.375197084011 0.368096354682 0.502858414732 0.267070376947 0.54599802149 
0.416467003944 0.298923221261 0.388042903042 0.302433329371 0.0534668755572 0.296850024633 0.195762826221 0.729609668912 
0.331284578509 0.455411317695 0.488604361681 0.361743762925 0.417132813024 0.440745210447 0.697392088144 0.687623390293 
0.331097366548 0.455490775578 0.48851976402 0.368190713281 0.405452099267 0.500395066518 0.720145887498 0.761314424981 
0.331214389476 0.455537886941 0.484205350611 0.633164852734 0.688568638561 0.548319432327 0.594048785741 0.529406696395 
0.368414737898 0.364544954652 0.423737866791 0.320229654597 0.186155475986 0.325713321209 0.254386281294 0.506760502708 
0.258501080268 0.331265947275 0.392741509776 0.279920753749 0.344920009992 0.77982508809 0.701743519073 0.220415101662 
0.330028514061 0.45449166429 0.486110322346 0.365662857516 0.425983546535 0.288487410705 0.729884320414 0.629928013882 
0.332975857374 0.481550475309 0.514671145965 0.514837187888 0.470553141732 0.536342356994 0.534586121987 0.545683533472 
0.341136052369 0.459078187931 0.469353573711 0.356694397144 0.378892599617 0.345353422557 0.617840594935 0.883005540616 
0.330813792098 0.456934268819 0.489828933001 0.378047536444 0.359624213524 0.512481834821 0.256101484442 0.590445334413 
0.330897075388 0.455249186558 0.488211780168 0.367512669346 0.411752077746 0.479716637853 0.67799262392 0.649780219462 
0.320815686594 0.443129567211 0.480128870348 0.39953138317 0.516063023061 0.663246877901 0.654052248515 0.270523391714 
0.331612116012 0.454702247414 0.491777351012 0.360629080248 0.380944588496 0.4712120905 0.783475515303 0.408805048026 
0.331512873692 0.454955936907 0.488104976074 0.366342974655 0.409552499353 0.496398180807 0.449090160975 0.767554655407 
0.3381645002 0.457295014745 0.480586927311 0.360800007185 0.350202335042 0.777511631904 0.794254858651 0.0862575615159 
0.34773393705 0.478332199976 0.454082119865 0.293192661753 0.648918215151 0.56110912207 0.59225271184 0.635281196471 
0.331095112596 0.455905711863 0.5021556329 0.418394476465 0.331127941438 0.592799783487 0.79066799281 0.245790705474 
0.329785615239 0.461370342115 0.481172110686 0.361705017441 0.355786427232 0.761163995429 0.780537988683 0.0826327004914 
0.324312941098 0.469043677445 0.491729984724 0.15944304327 0.297605775905 0.344616166728 0.370385419029 0.844270254585 
0.331191651405 0.455370469442 0.484948512267 0.371866652574 0.435181823848 0.521362078364 0.484298466016 0.591272437233 
0.333808985672 0.465283582188 0.515966522909 0.388827372642 0.420317087125 0.447679366735 0.808814709225 0.512255703535 
0.332288606406 0.456430783757 0.495947682241 0.357466467661 0.395161131547 0.388172394873 0.906829955258 0.0795927068319 
0.323758070481 0.449291148262 0.455523835749 0.353959018619 0.389140151978 0.614793788517 0.719876284835 0.383717260443 
0.33164651686 0.454654742767 0.491887181532 0.360546325013 0.380326522321 0.47136888292 0.792486155119 0.419083783525 
0.340120454322 0.467840009919 0.469845991524 0.327000529258 0.3514214126 0.676689389115 0.776972176171 0.336492549973 
0.332210880059 0.452369719277 0.468509390023 0.389873727677 0.426661428462 0.563379602497 0.784736076097 0.399920218133 
0.334355319626 0.447766797053 0.48284622447 0.357441603899 0.476149025243 0.5303073128 0.248428910042 0.567675570245 
