0.428821822667 0.445968023528 0.360892344191 0.421574394157 0.439440051018 0.210196918479 0.326836793262 0.628090683193 
0.369937661667 0.611562170351 0.415900543063 0.489463779872 0.148909910989 0.318073243744 0.337587925734 0.671448693466 
0.389728156004 0.403914457167 0.320495682825 0.370988059254 0.381623870675 0.521106629637 0.92637716235 0.183924937739 
0.781157243087 0.61081310484 0.477915507183 0.527554844297 0.62480425977 0.713224604264 0.808674523964 0.109479253456 
0.481838917924 0.511510799008 0.382765595839 0.35559875987 0.237470096966 0.382430435492 0.756858916145 0.659841256779 
0.428774403686 0.446354679 0.361889085247 0.444460895538 0.408277844006 0.604767288541 0.579742945529 0.575071107256 
0.281281318644 0.676911580146 0.560760754877 0.63294207726 0.579038565807 0.631348657531 0.601453947491 0.498483623126 
0.428722890141 0.447989045387 0.36341597944 0.43740377001 0.418536195375 0.571703710136 0.754833776344 0.527225779415 
0.435680336884 0.455910704072 0.370157503545 0.458922733933 0.386870059014 0.370723085622 0.596556672525 0.675136347998 
0.419842555701 0.439115184813 0.330544951755 0.545629795516 0.27085128397 0.324837172156 0.248697518063 0.816503456003 
0.42872497386 0.444770796904 0.360149030199 0.436945461946 0.425714686909 0.516372118587 0.241794968753 0.69558520674 
0.427874068932 0.452908076705 0.366223458238 0.432367372795 0.355398689228 0.406915209171 0.372162575961 0.662147782684 
0.43061811589 0.443715874434 0.365149180345 0.475906598682 0.430090544377 0.466210725255 0.504487168218 0.832433518337 
0.428166061748 0.446142313067 0.362342690659 0.445028507714 0.383986327108 0.627713256966 0.649754037418 0.399487890145 
0.439274338557 0.452353571281 0.371799408206 0.383900402037 0.354026537046 0.578335465652 0.715358642173 0.559884622825 
0.429717414992 0.454723594944 0.342925255118 0.427781678458 0.453297054349 0.458492754766 0.349492564427 0.700631393537 
0.456223065191 0.386451595872 0.788379581389 0.719354663631 0.819010830994 0.61993264508 0.607774607705 0.059872905332 
0.429013746067 0.446866104714 0.359186837104 0.443542710817 0.434251818547 0.488110161604 0.239867127634 0.616476481805 
0.426722457033 0.442539986692 0.357338371568 0.439386738685 0.420209747407 0.436811683866 0.649000100879 0.554897910737 
0.428596447632 0.44589457456 0.359217489589 0.401085016149 0.476693283385 0.526873445273 0.706029437134 0.503259896298 
0.428993430711 0.446555880289 0.362427244492 0.443059617146 0.404358126715 0.482271183849 0.448731685166 0.700124463164 
0.424512759541 0.436521225593 0.314746824726 0.495840705031 0.317430339961 0.363170316734 0.779417931239 0.438582107868 
0.433947347929 0.435858086237 0.349876411769 0.440721122762 0.427439542798 0.379518109041 0.552062861116 0.75722362185 
0.428752843658 0.446385320943 0.361416919273 0.441615619625 0.40721825083 0.440470747763 0.447401429735 0.808559949762 
0.424683725603 0.432940149067 0.350612474957 0.437583183227 0.403876964957 0.461769248515 0.594155103595 0.634689258467 
0.428561468205 0.446265720259 0.347838574171 0.463008187607 0.437406974388 0.445906069286 0.790178343053 0.301037987081 
0.428822061006 0.446751329404 0.358769288827 0.460534155119 0.243893897775 0.727950785378 0.549687887286 0.542249177605 
0.340770416406 0.705214304983 0.680761933736 0.601236526349 0.491165566209 0.580443154435 0.683713153781 0.5979471162 
0.4410961469 0.468097553998 0.38859506967 0.485163647964 0.344250613824 0.570797687216 0.834348714809 0.294672519205 
0.428851137967 0.446356437107 0.361415028376 0.444378525494 0.407367587677 0.377903436961 0.373606563172 0.867936036861 
0.429603859504 0.446763324949 0.359743551103 0.440631778504 0.43461813046 0.89071967731 0.605270869016 0.176413294143 
0.427979658868 0.442445900856 0.360197561126 0.449816152159 0.418419241611 0.688280359777 0.84042341258 0.339970938364 
0.430001087874 0.442713432611 0.357045937445 0.432424777959 0.350306380186 0.540090215941 0.498391119395 0.784678833404 
0.429006746828 0.444856199912 0.360409908296 0.432789014955 0.45509761971 0.57492103097 0.171037125593 0.435789095969 
0.428802811929 0.44642380836 0.361524492266 0.443226989401 0.405061954025 0.441534397745 0.437799292445 0.747881034806 
0.427882201137 0.472010087907 0.373913726464 0.419493211726 0.520029485439 0.476853078443 0.57046608627 0.695179584772 
0.43613212236 0.448901071715 0.365913299471 0.420768402695 0.380127212448 0.319465200709 0.777231996565 0.3724730539 
0.429159476396 0.446644798967 0.364449230433 0.49119540666 0.540716249641 0.535298377918 0.568849371688 0.612719485808 
0.428769652113 0.446309089053 0.361434145641 0.448960123337 0.413961197991 0.580921161575 0.762717805316 0.354396229996 
0.431130089406 0.450554638032 0.364594724203 0.447406626725 0.473861981542 0.47437350328 0.233365378695 0.673365341114 
0.428721931605 0.442389808084 0.367541303308 0.462204197169 0.454415434882 0.567105441229 0.80854321968 0.351573389576 
0.485376335357 0.35492506201 0.315534386882 0.3743367756 0.617622555984 0.63659556633 0.679890388496 0.514600925962 
0.45976661149 0.47478103935 0.382210605866 0.501708019294 0.325985036411 0.676425982553 0.58512451745 0.635468943429 
0.430026454771 0.450402564235 0.363535568889 0.459979918696 0.420549336493 0.330447943928 0.848230205581 0.389828849283 
0.422047449284 0.426350012333 0.298067771522 0.41428485647 0.305530763964 0.588334356854 0.631314342637 0.55204162051 
0.427275589719 0.449230080449 0.366542588912 0.446028247365 0.393735659732 0.494862440909 0.449680810262 0.71791195943 
0.428200276599 0.447643259754 0.358528175104 0.452201254024 0.462700462811 0.294729071343 0.642828250676 0.546113776342 
0.428805758182 0.446421949807 0.361598023878 0.448234311861 0.41162926684 0.438333702078 0.451647377003 0.718512146094 
0.419807149824 0.470133876343 0.379342415243 0.569128982548 0.471692380246 0.506638329102 0.505991140531 0.58675582993 
0.425639806132 0.444111169785 0.354989651454 0.493613598461 0.515663702738 0.60429698996 0.683612738835 0.279831656025 
0.428283143793 0.477120923956 0.429564162692 0.487816116525 0.434693769704 0.322990183779 0.733160158576 0.525589912726 
0.427886142998 0.454294195238 0.332903099527 0.388110010116 0.482276541602 0.460864725171 0.480120845029 0.857133504815 
0.430000280455 0.447510610283 0.367170052706 0.460121019159 0.419329557501 0.445471600614 0.365559233612 0.729532731126 
0.429746449036 0.434126081795 0.376320442002 0.452099377517 0.414737460119 0.484403594678 0.338189152853 0.655352085897 
0.428798211121 0.446365565503 0.36090733119 0.44356387387 0.407754893016 0.436001517586 0.525343315741 0.724544886114 
0.338408595861 0.684590239361 0.419660427312 0.51868798179 0.467987966736 0.85779008245 0.615326983962 0.0646345815739 
0.430905666176 0.47671142997 0.391221967282 0.488249582792 0.452064685169 0.545629689747 0.635892080335 0.557563698511 
0.429810644598 0.451118134102 0.370824997627 0.452112892167 0.430801787903 0.439974624031 0.438621582712 0.842015417868 
0.424935578401 0.443039634399 0.359865389766 0.449568828308 0.411765924333 0.441918392037 0.529399354743 0.727621316291 
0.429100138555 0.445803366506 0.3586959424 0.448946128073 0.424295701382 0.437302360634 0.768100028244 0.286203419405 
0.453135614602 0.47555403127 0.481151587123 0.540735905141 0.567166648366 0.503559500532 0.730116879907 0.499762938867 
0.438212206336 0.45212414189 0.371453539387 0.449639432971 0.428989404681 0.38173099031 0.323013714132 0.644660175648 
0.430661583002 0.442343528335 0.36885307521 0.4272163171 0.54404878896 0.485287612248 0.568818625341 0.677741282779 
0.45538558459 0.399670483557 0.455507404337 0.322623553337 0.627191456896 0.684422875782 0.71723639552 0.0027116366387 
0.428605995382 0.446701919104 0.361015598364 0.444948248046 0.444998910775 0.502804803295 0.770505223375 0.477817565202 
0.436661446727 0.491442971604 0.387469191339 0.488729058382 0.526906044251 0.775022454662 0.772651792407 0.215245128559 
0.420961509615 0.427903791055 0.355216785618 0.430639134327 0.396916289455 0.649535751601 0.54435949582 0.387678539804 
0.427790898257 0.448831719917 0.362274713746 0.44645900814 0.413699084239 0.43427832309 0.440039306751 0.677313002786 
0.428784255055 0.446450546114 0.361590272948 0.444075812821 0.40987556593 0.425390826588 0.443113899316 0.685019800066 
0.440700088724 0.467434390199 0.387813476876 0.484024779626 0.34550258101 0.569077471795 0.828676801041 0.290612997491 
0.427780638889 0.448452697404 0.365135589814 0.445597032576 0.396799825631 0.488089868418 0.448874365565 0.650809078146 
0.428747739625 0.446292649 0.360969139374 0.444966449427 0.44485399835 0.502517269881 0.76873166461 0.475401706241 
0.423192839911 0.48559467368 0.374285750392 0.389806087121 0.304509820539 0.391211619376 0.679841141752 0.493522220966 
0.427459666478 0.449313697461 0.362327595561 0.446859824495 0.414332332303 0.434967367239 0.442452062498 0.772977992607 
0.428822061006 0.446751329404 0.358769288827 0.460534155119 0.243893897775 0.727950785378 0.549687887286 0.542249177605 
0.429094744861 0.445822094225 0.35875587215 0.448786869427 0.42385385629 0.436978761366 0.77309480061 0.290326115422 
0.362351861523 0.660342500048 0.627543513573 0.582516578085 0.486904696636 0.565286912237 0.657140738247 0.529508918195 
0.428729867822 0.446520696902 0.361624634094 0.443927764421 0.410153957155 0.423494712729 0.447788329479 0.849734528411 
0.429053244667 0.445940475986 0.359185026795 0.447822579122 0.421101433395 0.43510947833 0.803311545009 0.315285985801 
0.41210540557 0.520030209971 0.407923291931 0.323020508642 0.347929163572 0.217587601027 0.241763834777 0.653449735891 
0.445330672985 0.406630583155 0.710741544765 0.679156496704 0.762278010378 0.608121934766 0.599619495702 0.0526678305137 
0.428818927606 0.446389038511 0.361564964458 0.444143099877 0.409654615582 0.797952494142 0.711934910567 0.381020148047 
0.449817369152 0.503179823514 0.460891111422 0.513954038968 0.469991861577 0.462472199608 0.628334420019 0.603575811067 
0.428572431742 0.445832629906 0.359038718346 0.406945988884 0.471482015882 0.519512466243 0.683964648368 0.463929608019 
0.441246142135 0.475424270601 0.412325850366 0.535330980364 0.447718684306 0.481142307115 0.553252149686 0.516528653708 
0.434472806282 0.434986670558 0.348930371129 0.440532683773 0.428509650252 0.377378101915 0.55538428163 0.778450531657 
0.419842555701 0.439115184813 0.330544951755 0.545629795516 0.27085128397 0.324837172156 0.248697518063 0.816503456003 
0.431118505673 0.4505387279 0.364591041164 0.44740644582 0.472788557123 0.473767580376 0.234942330022 0.667301647892 
0.428802258302 0.446420088693 0.361565276461 0.44844567561 0.411674531402 0.438758150147 0.453003670546 0.752357675363 
0.428945906409 0.446171365975 0.360220807912 0.446042043562 0.415719674172 0.431967304094 0.859375945616 0.361664996771 
0.428667588239 0.446603164443 0.361226524478 0.44462604168 0.447652229488 0.508078314631 0.803029957355 0.522125457926 
0.429416696964 0.442136704379 0.35996983739 0.449387155705 0.41185790586 0.441477142046 0.518302285035 0.652454139136 
0.425997573606 0.452751312846 0.363658323882 0.447167994989 0.415594345811 0.73228513698 0.675064341449 0.321635950256 
0.428801403732 0.446419649831 0.361556731561 0.448500371932 0.411686259292 0.438868253486 0.453355498863 0.761137389072 
0.428946326679 0.446170562791 0.360216815241 0.446048137976 0.415738673128 0.431977523486 0.859182957513 0.361505225714 
0.428727453624 0.442305693083 0.367602359082 0.462455400798 0.455037421649 0.569194828158 0.814429383988 0.356933495568 
0.428795101845 0.446416601144 0.36148547308 0.448950616683 0.411783013463 0.439778216645 0.456263241947 0.833699314442 
0.426873727404 0.442884130172 0.357814376831 0.440029364159 0.417967529594 0.434887516022 0.684324798797 0.641209567553 
0.428760961193 0.447759430754 0.363175656308 0.437473386238 0.419286792655 0.552870781025 0.71266429326 0.459940271477 
0.423817933724 0.422359640381 0.353240378994 0.440078727155 0.431178234361 0.372101185789 0.563598105068 0.831068571643 
