0.57375720813 0.365620962268 0.407401854858 0.439404375679 0.790941806734 0.745813243781 0.582576545949 0.199960299574 
0.572945284422 0.360456215116 0.397142108095 0.436690472954 0.382822213879 0.269874780218 0.718190047875 0.592887002701 
0.495112847107 0.257642265344 0.369222745457 0.308016941935 0.33735164612 0.346001986385 0.912140619867 0.391389514529 
0.572511415152 0.365114583993 0.411472107558 0.447783471563 0.386776447801 0.27007806099 0.797851788311 0.409968295691 
0.607180014032 0.3035061168 0.573723327543 0.486940798379 0.458652869573 0.0497213199263 0.224639469886 0.535138016389 
0.599636464682 0.423335131647 0.32181955404 0.393723355819 0.264391344034 0.761295599276 0.612769304015 0.354166479337 
0.564327837745 0.349375909401 0.272787334525 0.408494441021 0.299494137249 0.652141710856 0.63463479371 0.490662229563 
0.577578402027 0.354615596451 0.407211305107 0.485738816941 0.332054021405 0.321615362769 0.387646773888 0.74536100482 
0.572502857153 0.365162243918 0.41092602468 0.447170043403 0.407913054644 0.406066259428 0.59363697574 0.648288056488 
0.572500470739 0.365116175554 0.410765791889 0.446966791002 0.408121992485 0.418380606137 0.558700380852 0.674715814898 
0.571505809706 0.361584627391 0.396562011925 0.470206250985 0.356695097044 0.36334419434 0.739712621927 0.228499840956 
0.572418250306 0.364981214413 0.410102945767 0.444190260663 0.412219856156 0.440136048769 0.919636969477 0.328740540687 
0.598030137766 0.521805808193 0.52323516733 0.5920605362 0.521865805674 0.58681366265 0.506976829639 0.725856117565 
0.572507657387 0.365106018794 0.410796218078 0.447038149017 0.407645165843 0.418642783272 0.435923837606 0.783164512074 
0.586464277272 0.329170177418 0.388974826209 0.428883202848 0.329300593591 0.705636977326 0.787384074125 0.211090414261 
0.603024697381 0.374339240081 0.423222998416 0.488370481952 0.42271291682 0.431868051142 0.0924415139179 0.537878010071 
0.5729459841 0.365417909689 0.41120403316 0.445354057304 0.406395956484 0.52194746262 0.761376246699 0.528703401559 
0.572348560719 0.36574178382 0.409960062693 0.453157864225 0.439111463349 0.364887491066 0.66507808971 0.654714426072 
0.559496350211 0.381818967215 0.424065596028 0.479878526993 0.339268505169 0.376861263866 0.40076352225 0.760070502626 
0.572529848189 0.364932836902 0.410235817536 0.446317911817 0.402727473725 0.415244205371 0.468937753374 0.809809741524 
0.612284223621 0.253199515867 0.369844774219 0.59199411136 0.524362680855 0.663195214338 0.593755735427 0.43170350289 
0.571103908041 0.352989391266 0.443246029441 0.475124026583 0.489533536207 0.463576627142 0.62316381515 0.728510167066 
0.576336908866 0.354088843025 0.315398041989 0.595961246645 0.505031985878 0.465986550801 0.907461694438 0.0813344036487 
0.583261257094 0.378974469111 0.420026395471 0.457496824384 0.504537765192 0.506926586954 0.674115849443 0.405563447556 
0.573800839635 0.361292815698 0.406919322904 0.458878872572 0.353961447874 0.374187923109 0.407818930707 0.741599439216 
0.567530343312 0.360756224008 0.408159328434 0.418924207888 0.527596487797 0.475021122804 0.547379627005 0.563480270422 
0.56941538132 0.364256792051 0.414783920612 0.450073267893 0.390070940988 0.450825291383 0.856356159013 0.0673330852814 
0.571303512062 0.360219201924 0.395695105721 0.407542102298 0.543541177013 0.473789293564 0.255294240018 0.825165206725 
0.573956771929 0.365706088484 0.42315356355 0.452218282351 0.511745702299 0.580819579019 0.832543006082 0.379547237987 
0.564899293735 0.414797830945 0.430922587724 0.461847276542 0.331421188822 0.33034193413 0.609575271562 0.649625798593 
0.572521650404 0.365077017166 0.411343809145 0.447394448088 0.409053846817 0.423714445031 0.638355512261 0.551111254555 
0.581036702005 0.368065591545 0.397927263322 0.443244913118 0.370995838817 0.3803262507 0.368035816258 0.738967966424 
0.571331318819 0.360240068274 0.421208942738 0.452437403842 0.420541284458 0.828923236952 0.591584988504 0.289432632375 
0.572510490749 0.365117011444 0.410814386372 0.446625779592 0.433833970945 0.448112296378 0.672353782 0.573282438369 
0.573397804716 0.366168902435 0.408436342357 0.443278098393 0.390766637654 0.363779341907 0.707684682614 0.61623993057 
0.585841611139 0.369968066455 0.415276690346 0.495058142822 0.314813257426 0.361616394653 0.913005918293 0.278798731912 
0.573197006524 0.365284578586 0.410012575362 0.445992460943 0.577086688495 0.565921387891 0.873692859183 0.169085178995 
0.67103452388 0.428988949125 0.536470604183 0.672012006354 0.617381696759 0.628607455852 0.773745788161 0.0150639409336 
0.572494012129 0.358187899075 0.404873454738 0.507181601766 0.443833157525 0.50016156726 0.512030808274 0.634043641754 
0.572514634996 0.365058324874 0.405729381174 0.444303390145 0.404964817054 0.491896480208 0.566628881846 0.635018372135 
0.572496699707 0.365096600542 0.410771812161 0.445739364431 0.389087696482 0.40260201273 0.904103208969 0.244938133062 
0.572573784197 0.365141313505 0.410433449252 0.446463103639 0.410084226738 0.391427076277 0.40647433352 0.794694015579 
0.572277316692 0.362859436591 0.409192728714 0.443921707401 0.401398273148 0.407263005113 0.686507133177 0.838108471235 
0.57253581669 0.366245259196 0.412059321674 0.405562022569 0.661081199493 0.692674211117 0.73229324852 0.163114844726 
0.572550438331 0.365006324255 0.410930519176 0.447134864996 0.413268354904 0.506936560263 0.76588995314 0.477506780424 
0.575677377937 0.342235122697 0.470146273232 0.506501775069 0.494018636054 0.760473626551 0.549995353733 0.342058007243 
0.570096980556 0.456065790204 0.293910845475 0.386417347073 0.190094341088 0.304761388615 0.350588106969 0.726329582804 
0.599662389613 0.323088895434 0.393866118566 0.499319338226 0.281751677248 0.363889958088 0.346535141669 0.603787872754 
0.572503248183 0.365028635796 0.41068771722 0.486969985613 0.433324412053 0.63442369513 0.576232564413 0.427275284675 
0.580642192541 0.369086600259 0.418181277332 0.455975905659 0.378525445875 0.458506690075 0.358381284984 0.751659078988 
0.539996241947 0.353992237508 0.361351677303 0.39665050262 0.390542316289 0.641478649172 0.851365133095 0.24070120593 
0.573382757244 0.365490463751 0.411290190797 0.443661630781 0.394215560504 0.353522551565 0.733452665486 0.52363540541 
0.58898850263 0.279065714388 0.220306786478 0.170435080852 0.206529971142 0.879650359348 0.665502848644 0.0084522699213 
0.564211550576 0.354278689896 0.406741022966 0.440786273094 0.323657177106 0.592038342763 0.872569280429 0.0196059551385 
0.572764736221 0.364633757427 0.40991567671 0.446651080603 0.404362013712 0.498558145395 0.76705747406 0.576321408488 
0.572617607128 0.365162407098 0.416183525951 0.449825435388 0.39913971815 0.826205210638 0.701403437788 0.194704633275 
0.559387705165 0.360806418427 0.405155590873 0.478912062746 0.45003369605 0.282062621318 0.820067958647 0.456384240622 
0.572502283394 0.365088274845 0.410761445194 0.446972004031 0.379255273215 0.314703850778 0.857051896254 0.226611101927 
0.57521765447 0.366153370993 0.404135284991 0.431958838915 0.847993910766 0.783033374497 0.585754911877 0.223727735851 
0.573168297025 0.365277487801 0.410044024875 0.446034408652 0.576652755467 0.565628128439 0.872738428302 0.168719443496 
0.572473320355 0.364038472232 0.409353239085 0.493188347542 0.434779930066 0.681494147557 0.592203161529 0.503700841411 
0.59615882051 0.311742975992 0.38042234999 0.422649636712 0.295725360047 0.773965282039 0.859638701105 0.257331750146 
0.572477761136 0.364363126237 0.409782919125 0.491204341561 0.434309857722 0.666093961672 0.586992698958 0.478616205568 
0.560608127941 0.380751565461 0.423296692869 0.477849728457 0.341978996538 0.377989758321 0.401031986518 0.733764592042 
0.571170122887 0.36475972064 0.409999212657 0.445497875825 0.404617551169 0.41262698959 0.646415092697 0.707682991778 
0.577138912506 0.355347224009 0.407399206162 0.483997001042 0.334241720661 0.324182011085 0.387871112122 0.726300137015 
0.582325901624 0.368967552225 0.414394133135 0.481829484091 0.334668989232 0.371805528784 0.858033364841 0.246244346746 
0.568755411442 0.364172958565 0.41526856757 0.450374208684 0.389636542625 0.449539747557 0.899761091351 0.0741340233352 
0.569214651179 0.364228579046 0.414937845447 0.45017034533 0.38991681799 0.450441599249 0.869047147358 0.069320982267 
0.570065266341 0.384417092673 0.473179323788 0.527237029172 0.242895383942 0.35749424676 0.333321049274 0.760986553559 
0.570248088283 0.364149692989 0.41716473554 0.45466626467 0.393895059372 0.265510600183 0.714207943103 0.356366675452 
0.573726785181 0.36558681539 0.412366264958 0.450346536129 0.622544408541 0.745264304188 0.634349831912 0.0598509833138 
0.572507860987 0.365105887653 0.41079522677 0.447590849893 0.430356796599 0.445720610796 0.621145202983 0.454441378676 
0.571299446925 0.364732898458 0.41239753148 0.449185616983 0.543085019614 0.542897128932 0.799006466665 0.140466716789 
0.572953142456 0.365789925575 0.402245318478 0.477344937086 0.432715939022 0.524678544093 0.508793561453 0.659181611401 
0.572508909694 0.365109892626 0.410802359214 0.447771621905 0.429737562034 0.445332276084 0.612546286779 0.434507294572 
0.573026336525 0.365357934523 0.411118649876 0.444419553358 0.397717570538 0.372701817756 0.688880377853 0.444488942782 
0.56375026544 0.348305879309 0.254666850134 0.406002550507 0.288196474745 0.667307754219 0.64489666643 0.522215773063 
0.572505381989 0.365063986327 0.410736957731 0.468757006682 0.421688637452 0.535769865247 0.671563436528 0.401276187572 
0.572507985429 0.36510575966 0.404391654082 0.443679669339 0.404349758524 0.496887537005 0.575085169919 0.674646374729 
0.572354871413 0.363615009759 0.409731804821 0.446453214325 0.40206131227 0.509799325173 0.825101008583 0.674207240323 
0.570142193533 0.362458170906 0.396250627809 0.40229280536 0.300217518129 0.613919420343 0.754117132439 0.236222964233 
0.571329640317 0.356162973622 0.437692363755 0.47101233994 0.476775582813 0.459279996858 0.597188113949 0.630939856639 
0.528174451793 0.349951036486 0.343373014943 0.378328893117 0.384262502617 0.722694423082 0.607377272445 0.577363588914 
0.57545730589 0.355477423316 0.337494292129 0.574014649742 0.494757908816 0.465321813339 0.841173416633 0.0701087942536 
0.572489449599 0.365048062412 0.410684046475 0.446823068868 0.381390044088 0.323194967928 0.838914491369 0.216586326114 
0.57501961779 0.344947875758 0.466006735847 0.502985275913 0.489654479224 0.738936173527 0.549679999254 0.323262165299 
0.572309861782 0.366721811404 0.412542751372 0.462391563573 0.352662028196 0.378938179786 0.676574812074 0.323044137465 
0.570193980724 0.356287069414 0.371598110419 0.497000006522 0.316748166207 0.325205388646 0.836182456291 0.304575602803 
0.566423836507 0.362793466776 0.40784064909 0.465979644032 0.433627492227 0.320914936259 0.75300816549 0.372975227522 
0.572408616241 0.36430203461 0.410185493688 0.445859576402 0.405362360642 0.413888585291 0.637016977383 0.677149806366 
0.572508126641 0.365104838905 0.404413878688 0.443689828775 0.404359713532 0.496805891065 0.574946754092 0.673997689799 
0.572538685277 0.364894844563 0.410102498858 0.446160400993 0.401277551409 0.41459374389 0.473867659339 0.908828381942 
0.572477942515 0.363320105519 0.408422696739 0.497465500127 0.43581677675 0.715745291341 0.603755704274 0.559712495135 
0.604010408404 0.318035355812 0.392404767088 0.503641542256 0.274990307905 0.362719066319 0.344263471945 0.630584624477 
0.572513686932 0.365098589144 0.410817664005 0.447089975 0.407592407687 0.417941687249 0.563568152686 0.699836410011 
0.572634106704 0.365228410106 0.410311209477 0.445917326482 0.406046947469 0.466297662562 0.676050269744 0.474630427858 
0.560240173071 0.381107084869 0.423553116172 0.478525190474 0.34107392709 0.377612633894 0.400942236253 0.742529085645 
0.528174451793 0.349951036486 0.343373014943 0.378328893117 0.384262502617 0.722694423082 0.607377272445 0.577363588914 
0.571263822179 0.35530434052 0.439219352979 0.472145012689 0.48028053165 0.460465520493 0.604311251902 0.657695489353 
