1.24714916321 1.22868833328 
1.24714916321 1.22868833328 
1.24714916321 1.22868833328 
1.22472983755 1.23105462331 
1.24714916321 1.22868833328 
1.24714916321 1.22868833328 
1.24714916321 1.22868833328 
1.24714916321 1.22868833328 
1.24714916321 1.22868833328 
1.24714916321 1.22868833328 
1.24714916321 1.22868833328 
1.24714916321 1.22868833328 
1.24714916321 1.22868833328 
1.24714916321 1.22868833328 
1.24714916321 1.22868833328 
1.24714916321 1.22868833328 
1.24714916321 1.22868833328 
1.24714916321 1.22868833328 
1.24714916321 1.22868833328 
1.24714916321 1.22868833328 
1.24714916321 1.22868833328 
1.24714916321 1.22868833328 
1.24714916321 1.22868833328 
1.24714916321 1.22868833328 
1.24714916321 1.22868833328 
1.24714916321 1.22868833328 
1.24714916321 1.22868833328 
1.24714916321 1.22868833328 
1.24714916321 1.22868833328 
1.24714916321 1.22868833328 
1.24714916321 1.22868833328 
1.22472983755 1.23105462331 
1.24714916321 1.22868833328 
1.24714916321 1.22868833328 
1.24714916321 1.22868833328 
1.24714916321 1.22868833328 
1.24714916321 1.22868833328 
1.24714916321 1.22868833328 
1.24714916321 1.22868833328 
1.24714916321 1.22868833328 
1.24714916321 1.22868833328 
1.24714916321 1.22868833328 
1.24714916321 1.22868833328 
1.24714916321 1.22868833328 
1.24714916321 1.22868833328 
1.24714916321 1.22868833328 
1.24714916321 1.22868833328 
1.24714916321 1.22868833328 
1.24714916321 1.22868833328 
1.24714916321 1.22868833328 
1.24714916321 1.22868833328 
1.22472983755 1.23105462331 
1.24714916321 1.22868833328 
1.24714916321 1.22868833328 
1.24714916321 1.22868833328 
1.24714916321 1.22868833328 
1.24714916321 1.22868833328 
1.24714916321 1.22868833328 
1.24714916321 1.22868833328 
1.24714916321 1.22868833328 
1.24714916321 1.22868833328 
1.24714916321 1.22868833328 
1.24714916321 1.22868833328 
1.24714916321 1.22868833328 
1.24714916321 1.22868833328 
1.24714916321 1.22868833328 
1.22472983755 1.23105462331 
1.24714916321 1.22868833328 
1.24714916321 1.22868833328 
1.24714916321 1.22868833328 
1.24714916321 1.22868833328 
1.22472983755 1.23105462331 
1.24714916321 1.22868833328 
1.24714916321 1.22868833328 
1.24714916321 1.22868833328 
1.24714916321 1.22868833328 
1.24714916321 1.22868833328 
1.24714916321 1.22868833328 
1.24714916321 1.22868833328 
1.24714916321 1.22868833328 
1.22472983755 1.23105462331 
1.24714916321 1.22868833328 
1.24714916321 1.22868833328 
1.24714916321 1.22868833328 
1.24714916321 1.22868833328 
1.22472983755 1.23105462331 
1.24714916321 1.22868833328 
1.24714916321 1.22868833328 
1.24714916321 1.22868833328 
1.22472983755 1.23105462331 
1.24714916321 1.22868833328 
1.24714916321 1.22868833328 
1.24714916321 1.22868833328 
1.22472983755 1.23105462331 
1.22472983755 1.23105462331 
1.24714916321 1.22868833328 
1.24714916321 1.22868833328 
1.24714916321 1.22868833328 
1.24714916321 1.22868833328 
1.24714916321 1.22868833328 
