1.23246209568 0.174256370406 
1.23246209568 0.174256370406 
1.23246209568 0.174256370406 
1.23246209568 0.174256370406 
1.23246209568 0.174256370406 
1.23246209568 0.174256370406 
1.23246209568 0.174256370406 
1.23246209568 0.174256370406 
1.23246209568 0.174256370406 
1.23246209568 0.174256370406 
1.23246209568 0.174256370406 
1.23246209568 0.174256370406 
1.23246209568 0.174256370406 
1.23246209568 0.174256370406 
1.23246209568 0.174256370406 
1.23246209568 0.174256370406 
1.23246209568 0.174256370406 
1.23246209568 0.174256370406 
1.23246209568 0.174256370406 
1.23246209568 0.174256370406 
1.23246209568 0.174256370406 
1.23246209568 0.174256370406 
1.23246209568 0.174256370406 
1.23246209568 0.174256370406 
1.23246209568 0.174256370406 
1.23246209568 0.174256370406 
1.23246209568 0.174256370406 
1.23246209568 0.174256370406 
1.23246209568 0.174256370406 
1.23246209568 0.174256370406 
1.23246209568 0.174256370406 
1.23246209568 0.174256370406 
1.23246209568 0.174256370406 
1.23246209568 0.174256370406 
1.23246209568 0.174256370406 
1.23246209568 0.174256370406 
1.23246209568 0.174256370406 
1.23246209568 0.174256370406 
1.23246209568 0.174256370406 
1.23246209568 0.174256370406 
1.23246209568 0.174256370406 
1.23246209568 0.174256370406 
1.23246209568 0.174256370406 
1.23246209568 0.174256370406 
1.23246209568 0.174256370406 
1.23246209568 0.174256370406 
1.23246209568 0.174256370406 
1.23246209568 0.174256370406 
1.23246209568 0.174256370406 
1.23246209568 0.174256370406 
1.23246209568 0.174256370406 
1.23246209568 0.174256370406 
1.23246209568 0.174256370406 
1.23246209568 0.174256370406 
1.23246209568 0.174256370406 
1.23246209568 0.174256370406 
1.23246209568 0.174256370406 
1.23246209568 0.174256370406 
1.23246209568 0.174256370406 
1.23246209568 0.174256370406 
1.23246209568 0.174256370406 
1.23246209568 0.174256370406 
1.23246209568 0.174256370406 
1.23246209568 0.174256370406 
1.23246209568 0.174256370406 
1.23246209568 0.174256370406 
1.23246209568 0.174256370406 
1.23246209568 0.174256370406 
1.23246209568 0.174256370406 
1.23246209568 0.174256370406 
1.23246209568 0.174256370406 
1.23246209568 0.174256370406 
1.23246209568 0.174256370406 
1.23246209568 0.174256370406 
1.23246209568 0.174256370406 
1.23246209568 0.174256370406 
1.23246209568 0.174256370406 
1.23246209568 0.174256370406 
1.23246209568 0.174256370406 
1.23246209568 0.174256370406 
1.23246209568 0.174256370406 
1.23246209568 0.174256370406 
1.23246209568 0.174256370406 
1.23246209568 0.174256370406 
1.23246209568 0.174256370406 
1.23246209568 0.174256370406 
1.23246209568 0.174256370406 
1.23246209568 0.174256370406 
1.23246209568 0.174256370406 
1.23200728825 1.2114373308 
1.23246209568 0.174256370406 
1.23246209568 0.174256370406 
1.23246209568 0.174256370406 
1.23246209568 0.174256370406 
1.23246209568 0.174256370406 
1.23246209568 0.174256370406 
1.23246209568 0.174256370406 
1.23246209568 0.174256370406 
1.23246209568 0.174256370406 
1.23246209568 0.174256370406 
