1.13291541573 0.168964220145 
1.13291541573 0.168964220145 
1.13291541573 0.168964220145 
1.13291541573 0.168964220145 
1.11485267859 0.612346910099 
1.13291541573 0.168964220145 
1.13291541573 0.168964220145 
1.13291541573 0.168964220145 
1.13291541573 0.168964220145 
1.11485267859 0.612346910099 
1.08820733097 1.08714775177 
1.13291541573 0.168964220145 
1.13291541573 0.168964220145 
1.13291541573 0.168964220145 
1.13291541573 0.168964220145 
1.13291541573 0.168964220145 
1.08820733097 1.08714775177 
1.11485267859 0.612346910099 
1.13291541573 0.168964220145 
1.13291541573 0.168964220145 
1.13291541573 0.168964220145 
1.13291541573 0.168964220145 
1.13291541573 0.168964220145 
1.11485267859 0.612346910099 
1.13291541573 0.168964220145 
1.13291541573 0.168964220145 
1.13291541573 0.168964220145 
1.13291541573 0.168964220145 
1.13291541573 0.168964220145 
1.13291541573 0.168964220145 
1.13291541573 0.168964220145 
1.13291541573 0.168964220145 
1.13291541573 0.168964220145 
1.13291541573 0.168964220145 
1.11485267859 0.612346910099 
1.11485267859 0.612346910099 
1.13291541573 0.168964220145 
1.08820733097 1.08714775177 
1.11485267859 0.612346910099 
1.13291541573 0.168964220145 
1.13291541573 0.168964220145 
1.13291541573 0.168964220145 
1.13291541573 0.168964220145 
1.13291541573 0.168964220145 
1.13291541573 0.168964220145 
1.13291541573 0.168964220145 
1.13291541573 0.168964220145 
1.13291541573 0.168964220145 
1.13291541573 0.168964220145 
1.13291541573 0.168964220145 
1.13291541573 0.168964220145 
1.13291541573 0.168964220145 
1.13291541573 0.168964220145 
1.11485267859 0.612346910099 
1.13291541573 0.168964220145 
1.11485267859 0.612346910099 
1.13291541573 0.168964220145 
1.13291541573 0.168964220145 
1.13291541573 0.168964220145 
1.13291541573 0.168964220145 
1.13291541573 0.168964220145 
1.13291541573 0.168964220145 
1.13291541573 0.168964220145 
1.13291541573 0.168964220145 
1.13291541573 0.168964220145 
1.13291541573 0.168964220145 
1.13291541573 0.168964220145 
1.13291541573 0.168964220145 
1.13291541573 0.168964220145 
1.13291541573 0.168964220145 
1.13291541573 0.168964220145 
1.13291541573 0.168964220145 
1.11485267859 0.612346910099 
1.13291541573 0.168964220145 
1.11485267859 0.612346910099 
1.13291541573 0.168964220145 
1.13291541573 0.168964220145 
1.13291541573 0.168964220145 
1.13291541573 0.168964220145 
1.13291541573 0.168964220145 
1.13291541573 0.168964220145 
1.13291541573 0.168964220145 
1.13291541573 0.168964220145 
1.13291541573 0.168964220145 
1.13291541573 0.168964220145 
1.11485267859 0.612346910099 
1.13291541573 0.168964220145 
1.13291541573 0.168964220145 
1.13291541573 0.168964220145 
1.13291541573 0.168964220145 
1.13291541573 0.168964220145 
1.11485267859 0.612346910099 
1.13291541573 0.168964220145 
1.13291541573 0.168964220145 
1.13291541573 0.168964220145 
1.13291541573 0.168964220145 
1.13291541573 0.168964220145 
1.11485267859 0.612346910099 
1.13291541573 0.168964220145 
1.13291541573 0.168964220145 
