1.24013529003 0.913099581577 
1.24013529003 0.913099581577 
1.24013529003 0.913099581577 
1.24013529003 0.913099581577 
1.24013529003 0.913099581577 
1.24013529003 0.913099581577 
1.22672967421 1.24599134625 
1.24013529003 0.913099581577 
1.24013529003 0.913099581577 
1.24013529003 0.913099581577 
1.24013529003 0.913099581577 
1.24013529003 0.913099581577 
1.24013529003 0.913099581577 
1.24013529003 0.913099581577 
1.24013529003 0.913099581577 
1.24013529003 0.913099581577 
1.24013529003 0.913099581577 
1.24013529003 0.913099581577 
1.24013529003 0.913099581577 
1.24013529003 0.913099581577 
1.24013529003 0.913099581577 
1.24013529003 0.913099581577 
1.24013529003 0.913099581577 
1.24013529003 0.913099581577 
1.24013529003 0.913099581577 
1.24013529003 0.913099581577 
1.22672967421 1.24599134625 
1.24013529003 0.913099581577 
1.22672967421 1.24599134625 
1.24013529003 0.913099581577 
1.24013529003 0.913099581577 
1.24013529003 0.913099581577 
1.24013529003 0.913099581577 
1.22672967421 1.24599134625 
1.24013529003 0.913099581577 
1.24013529003 0.913099581577 
1.24013529003 0.913099581577 
1.24013529003 0.913099581577 
1.24013529003 0.913099581577 
1.24013529003 0.913099581577 
1.24013529003 0.913099581577 
1.24013529003 0.913099581577 
1.24013529003 0.913099581577 
1.24013529003 0.913099581577 
1.24013529003 0.913099581577 
1.24013529003 0.913099581577 
1.22672967421 1.24599134625 
1.24013529003 0.913099581577 
1.24013529003 0.913099581577 
1.24013529003 0.913099581577 
1.24013529003 0.913099581577 
1.24013529003 0.913099581577 
1.22672967421 1.24599134625 
1.24013529003 0.913099581577 
1.24013529003 0.913099581577 
1.24013529003 0.913099581577 
1.24013529003 0.913099581577 
1.24013529003 0.913099581577 
1.24013529003 0.913099581577 
1.24013529003 0.913099581577 
1.24013529003 0.913099581577 
1.24013529003 0.913099581577 
1.24013529003 0.913099581577 
1.22672967421 1.24599134625 
1.24013529003 0.913099581577 
1.24013529003 0.913099581577 
1.24013529003 0.913099581577 
1.24013529003 0.913099581577 
1.24013529003 0.913099581577 
1.24013529003 0.913099581577 
1.24013529003 0.913099581577 
1.24013529003 0.913099581577 
1.24013529003 0.913099581577 
1.24013529003 0.913099581577 
1.24013529003 0.913099581577 
1.24013529003 0.913099581577 
1.24013529003 0.913099581577 
1.24013529003 0.913099581577 
1.24013529003 0.913099581577 
1.24013529003 0.913099581577 
1.24013529003 0.913099581577 
1.24013529003 0.913099581577 
1.24013529003 0.913099581577 
1.24013529003 0.913099581577 
1.24013529003 0.913099581577 
1.24013529003 0.913099581577 
1.24013529003 0.913099581577 
1.24013529003 0.913099581577 
1.24013529003 0.913099581577 
1.22672967421 1.24599134625 
1.24013529003 0.913099581577 
1.24013529003 0.913099581577 
1.24013529003 0.913099581577 
1.24013529003 0.913099581577 
1.24013529003 0.913099581577 
1.24013529003 0.913099581577 
1.24013529003 0.913099581577 
1.24013529003 0.913099581577 
1.24013529003 0.913099581577 
1.24013529003 0.913099581577 
