1.23830920007 1.23397355611 
1.23830920007 1.23397355611 
1.23830920007 1.23397355611 
1.23830920007 1.23397355611 
1.23830920007 1.23397355611 
1.23830920007 1.23397355611 
1.23830920007 1.23397355611 
1.23830920007 1.23397355611 
1.23830920007 1.23397355611 
1.23830920007 1.23397355611 
1.23830920007 1.23397355611 
1.23830920007 1.23397355611 
1.23830920007 1.23397355611 
1.23830920007 1.23397355611 
1.23830920007 1.23397355611 
1.23830920007 1.23397355611 
1.23830920007 1.23397355611 
1.23830920007 1.23397355611 
1.23830920007 1.23397355611 
1.25572842364 1.21753308059 
1.23830920007 1.23397355611 
1.23830920007 1.23397355611 
1.23830920007 1.23397355611 
1.23830920007 1.23397355611 
1.23830920007 1.23397355611 
1.23830920007 1.23397355611 
1.23830920007 1.23397355611 
1.23830920007 1.23397355611 
1.23830920007 1.23397355611 
1.23830920007 1.23397355611 
1.23830920007 1.23397355611 
1.23830920007 1.23397355611 
1.23830920007 1.23397355611 
1.23830920007 1.23397355611 
1.23830920007 1.23397355611 
1.23830920007 1.23397355611 
1.23830920007 1.23397355611 
1.23830920007 1.23397355611 
1.23830920007 1.23397355611 
1.23830920007 1.23397355611 
1.23830920007 1.23397355611 
1.23830920007 1.23397355611 
1.23830920007 1.23397355611 
1.23830920007 1.23397355611 
1.23830920007 1.23397355611 
1.23830920007 1.23397355611 
1.23830920007 1.23397355611 
1.23830920007 1.23397355611 
1.23830920007 1.23397355611 
1.23830920007 1.23397355611 
1.23830920007 1.23397355611 
1.23830920007 1.23397355611 
1.23830920007 1.23397355611 
1.23830920007 1.23397355611 
1.23830920007 1.23397355611 
1.23830920007 1.23397355611 
1.23830920007 1.23397355611 
1.23830920007 1.23397355611 
1.23830920007 1.23397355611 
1.23830920007 1.23397355611 
1.23830920007 1.23397355611 
1.23830920007 1.23397355611 
1.23830920007 1.23397355611 
1.23830920007 1.23397355611 
1.23830920007 1.23397355611 
1.23830920007 1.23397355611 
1.23830920007 1.23397355611 
1.23830920007 1.23397355611 
1.23830920007 1.23397355611 
1.23830920007 1.23397355611 
1.23830920007 1.23397355611 
1.23830920007 1.23397355611 
1.23830920007 1.23397355611 
1.23830920007 1.23397355611 
1.23830920007 1.23397355611 
1.23830920007 1.23397355611 
1.23830920007 1.23397355611 
1.25572842364 1.21753308059 
1.23830920007 1.23397355611 
1.23830920007 1.23397355611 
1.23830920007 1.23397355611 
1.23830920007 1.23397355611 
1.23830920007 1.23397355611 
1.23830920007 1.23397355611 
1.23830920007 1.23397355611 
1.23830920007 1.23397355611 
1.23830920007 1.23397355611 
1.23830920007 1.23397355611 
1.23830920007 1.23397355611 
1.23830920007 1.23397355611 
1.23830920007 1.23397355611 
1.23830920007 1.23397355611 
1.23830920007 1.23397355611 
1.23830920007 1.23397355611 
1.23830920007 1.23397355611 
1.23830920007 1.23397355611 
1.23830920007 1.23397355611 
1.23830920007 1.23397355611 
1.23830920007 1.23397355611 
1.23830920007 1.23397355611 
