1.24339817946 1.07617182122 
1.21071113708 1.22616895004 
1.21071113708 1.22616895004 
1.21071113708 1.22616895004 
1.22135420007 1.0924108526 
1.21071113708 1.22616895004 
1.22135420007 1.0924108526 
1.22135420007 1.0924108526 
1.22135420007 1.0924108526 
1.21071113708 1.22616895004 
1.21071113708 1.22616895004 
1.21071113708 1.22616895004 
1.21071113708 1.22616895004 
1.24339817946 1.07617182122 
1.21071113708 1.22616895004 
1.22135420007 1.0924108526 
1.22135420007 1.0924108526 
1.21071113708 1.22616895004 
1.24339817946 1.07617182122 
1.24339817946 1.07617182122 
1.21071113708 1.22616895004 
1.21071113708 1.22616895004 
1.21071113708 1.22616895004 
1.21071113708 1.22616895004 
1.22135420007 1.0924108526 
1.21071113708 1.22616895004 
1.22135420007 1.0924108526 
1.21071113708 1.22616895004 
1.21071113708 1.22616895004 
1.22135420007 1.0924108526 
1.21071113708 1.22616895004 
1.21071113708 1.22616895004 
1.21071113708 1.22616895004 
1.22135420007 1.0924108526 
1.21071113708 1.22616895004 
1.22135420007 1.0924108526 
1.21071113708 1.22616895004 
1.22135420007 1.0924108526 
1.24339817946 1.07617182122 
1.21071113708 1.22616895004 
1.21071113708 1.22616895004 
1.21071113708 1.22616895004 
1.22135420007 1.0924108526 
1.21071113708 1.22616895004 
1.24339817946 1.07617182122 
1.24339817946 1.07617182122 
1.22135420007 1.0924108526 
1.21071113708 1.22616895004 
1.24339817946 1.07617182122 
1.24339817946 1.07617182122 
1.24339817946 1.07617182122 
1.24339817946 1.07617182122 
1.21071113708 1.22616895004 
1.24339817946 1.07617182122 
1.21071113708 1.22616895004 
1.22135420007 1.0924108526 
1.21071113708 1.22616895004 
1.24339817946 1.07617182122 
1.22135420007 1.0924108526 
1.22135420007 1.0924108526 
1.21071113708 1.22616895004 
1.22135420007 1.0924108526 
1.24339817946 1.07617182122 
1.22135420007 1.0924108526 
1.21071113708 1.22616895004 
1.22135420007 1.0924108526 
1.21071113708 1.22616895004 
1.24339817946 1.07617182122 
1.21071113708 1.22616895004 
1.22135420007 1.0924108526 
1.21071113708 1.22616895004 
1.22135420007 1.0924108526 
1.21071113708 1.22616895004 
1.21071113708 1.22616895004 
1.24339817946 1.07617182122 
1.21071113708 1.22616895004 
1.21071113708 1.22616895004 
1.21071113708 1.22616895004 
1.24339817946 1.07617182122 
1.21071113708 1.22616895004 
1.21071113708 1.22616895004 
1.22135420007 1.0924108526 
1.21071113708 1.22616895004 
1.24339817946 1.07617182122 
1.22135420007 1.0924108526 
1.22135420007 1.0924108526 
1.21071113708 1.22616895004 
1.22135420007 1.0924108526 
1.21071113708 1.22616895004 
1.21071113708 1.22616895004 
1.22135420007 1.0924108526 
1.21071113708 1.22616895004 
1.22135420007 1.0924108526 
1.21071113708 1.22616895004 
1.21071113708 1.22616895004 
1.21071113708 1.22616895004 
1.22135420007 1.0924108526 
1.21071113708 1.22616895004 
1.22135420007 1.0924108526 
1.24339817946 1.07617182122 
