1.24320393976 0.684038476667 
1.24320393976 0.684038476667 
1.24320393976 0.684038476667 
1.24320393976 0.684038476667 
1.24320393976 0.684038476667 
1.24320393976 0.684038476667 
1.24320393976 0.684038476667 
1.24320393976 0.684038476667 
1.24320393976 0.684038476667 
1.24320393976 0.684038476667 
1.24320393976 0.684038476667 
1.24320393976 0.684038476667 
1.24320393976 0.684038476667 
1.24320393976 0.684038476667 
1.24320393976 0.684038476667 
1.24320393976 0.684038476667 
1.24320393976 0.684038476667 
1.24320393976 0.684038476667 
1.24320393976 0.684038476667 
1.24320393976 0.684038476667 
1.24320393976 0.684038476667 
1.24320393976 0.684038476667 
1.24320393976 0.684038476667 
1.23329942188 1.22625303349 
1.24320393976 0.684038476667 
1.24320393976 0.684038476667 
1.24320393976 0.684038476667 
1.24320393976 0.684038476667 
1.24320393976 0.684038476667 
1.24320393976 0.684038476667 
1.24320393976 0.684038476667 
1.24320393976 0.684038476667 
1.24320393976 0.684038476667 
1.24320393976 0.684038476667 
1.24320393976 0.684038476667 
1.24320393976 0.684038476667 
1.24320393976 0.684038476667 
1.24320393976 0.684038476667 
1.24320393976 0.684038476667 
1.24320393976 0.684038476667 
1.24320393976 0.684038476667 
1.24320393976 0.684038476667 
1.24320393976 0.684038476667 
1.24320393976 0.684038476667 
1.24320393976 0.684038476667 
1.24320393976 0.684038476667 
1.24320393976 0.684038476667 
1.24320393976 0.684038476667 
1.24320393976 0.684038476667 
1.24320393976 0.684038476667 
1.24320393976 0.684038476667 
1.24320393976 0.684038476667 
1.24320393976 0.684038476667 
1.24320393976 0.684038476667 
1.24320393976 0.684038476667 
1.24320393976 0.684038476667 
1.24320393976 0.684038476667 
1.24320393976 0.684038476667 
1.24320393976 0.684038476667 
1.24320393976 0.684038476667 
1.24320393976 0.684038476667 
1.24320393976 0.684038476667 
1.24320393976 0.684038476667 
1.24320393976 0.684038476667 
1.24320393976 0.684038476667 
1.24320393976 0.684038476667 
1.24320393976 0.684038476667 
1.24320393976 0.684038476667 
1.24320393976 0.684038476667 
1.24320393976 0.684038476667 
1.24320393976 0.684038476667 
1.24320393976 0.684038476667 
1.24320393976 0.684038476667 
1.24320393976 0.684038476667 
1.24320393976 0.684038476667 
1.24320393976 0.684038476667 
1.24320393976 0.684038476667 
1.24320393976 0.684038476667 
1.24320393976 0.684038476667 
1.24320393976 0.684038476667 
1.24320393976 0.684038476667 
1.24320393976 0.684038476667 
1.24320393976 0.684038476667 
1.24320393976 0.684038476667 
1.24320393976 0.684038476667 
1.24320393976 0.684038476667 
1.24320393976 0.684038476667 
1.24320393976 0.684038476667 
1.24320393976 0.684038476667 
1.24320393976 0.684038476667 
1.24320393976 0.684038476667 
1.24320393976 0.684038476667 
1.24320393976 0.684038476667 
1.24320393976 0.684038476667 
1.24320393976 0.684038476667 
1.24320393976 0.684038476667 
1.24320393976 0.684038476667 
1.24320393976 0.684038476667 
1.24320393976 0.684038476667 
1.24320393976 0.684038476667 
