0.387885668722 0.404131238329 0.375293574363 0.860541663179 0.673476277657 0.161240333651 
0.394776828499 0.441347877578 0.493437469409 0.554394534933 0.611932522214 0.554934955332 
0.372596985051 0.312659022992 0.768885457675 0.659618942317 0.59847668469 0.72786952146 
0.399061867184 0.408124215871 0.351889590602 0.638685050159 0.720993345364 0.442007709815 
0.399691644869 0.399369981111 0.369627546657 0.619566479449 0.541274342426 0.639212807135 
0.43754212449 0.441771162107 0.42518398263 0.478412179034 0.680157888648 0.743182213008 
0.370624452429 0.409280783669 0.459682133048 0.519154424825 0.868035110053 0.282923609754 
0.517918037102 0.658372253212 0.561257084008 0.723168478808 0.658512290231 0.550940725283 
0.400432468732 0.439236044742 0.476286890881 0.497334494501 0.481970089314 0.64255891894 
0.416847181079 0.441782707556 0.463963418902 0.492414124008 0.764751880661 0.433397776997 
0.399898626315 0.450708938557 0.442588424844 0.32352934007 0.318111240286 0.612316903969 
0.360913335236 0.401963929387 0.385026677372 0.639778338757 0.742595636109 0.341965995368 
0.387856844736 0.421317660299 0.429925022783 0.389148442439 0.764016552896 0.491457329008 
0.392214503025 0.435349659611 0.427343720207 0.644777578055 0.759654421542 0.136826354779 
0.395787849456 0.428144989871 0.456606367063 0.548124201724 0.612135988055 0.603477814471 
0.419529901633 0.330503786167 0.326001514306 0.348026439417 0.825416323091 0.0220345555544 
0.345357863652 0.328787381842 0.61943586596 0.695677653588 0.706555589735 0.546746872224 
0.410461487926 0.392787116396 0.298565542947 0.818484602379 0.648404381127 0.484226380414 
0.389915433933 0.42141321128 0.415695070376 0.45776426748 0.721602989878 0.521189986442 
0.392621991979 0.424677654459 0.381156955097 0.428025861133 0.637709480665 0.766743085879 
0.394976256485 0.412401505433 0.403214524062 0.547572633028 0.847336309356 0.369751735924 
0.388658613381 0.436916762547 0.468459153635 0.572588039184 0.532440894586 0.651298380488 
0.394776859077 0.430639733544 0.697493397778 0.709235069041 0.79364261066 0.0205155625868 
0.379104631954 0.436308045423 0.418656241165 0.460407315458 0.381351227896 0.841183200468 
0.412185616314 0.431478789787 0.447158025713 0.508419759998 0.765747294424 0.292930633532 
0.382849964019 0.435170879687 0.51390007976 0.830558437353 0.668933609267 0.0673005849341 
0.720671408561 0.561898432301 0.564612001773 0.670344029496 0.610544360647 0.606678401789 
0.381492495907 0.401467826745 0.38571771945 0.757011732665 0.668646034729 0.33175085003 
0.394481528214 0.428916534794 0.432384740093 0.46819237098 0.52176091653 0.703350276836 
0.387968426199 0.447075073822 0.62160647287 0.562878152803 0.75903181245 0.464820538824 
0.382849964019 0.435170879687 0.51390007976 0.830558437353 0.668933609267 0.0673005849341 
0.464482030328 0.628476549663 0.77540596648 0.79708698649 0.680134824422 0.0937670483263 
0.399085388291 0.426717148213 0.317055633007 0.913086384766 0.681428191516 0.178060039338 
0.391136859923 0.419597076422 0.428668414285 0.470894680694 0.221160874857 0.821494556972 
0.394785282939 0.441254105719 0.492823815753 0.553826811025 0.611114127038 0.552250673649 
0.383046147463 0.43556497123 0.511919778427 0.816179446873 0.667042944915 0.0654797012397 
0.416847181079 0.441782707556 0.463963418902 0.492414124008 0.764751880661 0.433397776997 
0.40830074838 0.394810674828 0.307675989004 0.806136056416 0.645749572282 0.470558820052 
0.374926180661 0.410128670001 0.382745629951 0.841856431825 0.67069746371 0.155625077288 
0.404622640653 0.403532198736 0.32551622146 0.667152787584 0.758127148014 0.502705805589 
0.395480742659 0.431828538089 0.687485125531 0.702939434874 0.786937553192 0.020062722838 
0.366958135819 0.461480143645 0.523604096811 0.511835646948 0.658883696598 0.657527985641 
0.389876140219 0.421918831845 0.413002258403 0.45484615521 0.734491748291 0.544101848214 
0.352614785013 0.345433705853 0.600167862022 0.675541620614 0.690922391102 0.508122556338 
0.370624452429 0.409280783669 0.459682133048 0.519154424825 0.868035110053 0.282923609754 
0.393020190667 0.451195059995 0.427264940326 0.479943458205 0.634585936618 0.610381070866 
0.352624717033 0.396904539565 0.378997402935 0.651865348741 0.758999677655 0.360979191308 
0.5175438007 0.67482344893 0.67289823148 0.644879320757 0.675655911585 0.22513887753 
0.406854557263 0.396210913667 0.313877816086 0.797622947632 0.643914386232 0.461199428696 
0.376062932543 0.490197068425 0.496649886961 0.801948235386 0.808836883309 0.107840736518 
0.414613581026 0.429921230976 0.447014189461 0.504890137831 0.881281419006 0.391170714274 
0.839274442959 0.568690795815 0.627290395743 0.683568072243 0.72368317664 0.328382577308 
0.720671408561 0.561898432301 0.564612001773 0.670344029496 0.610544360647 0.606678401789 
0.424049067017 0.438013347383 0.532823494722 0.575783463566 0.737034965446 0.403524677303 
0.377834864993 0.391259105047 0.374140237884 0.786727724282 0.678035725204 0.35582850756 
0.421387808769 0.469553770932 0.571745468007 0.61166102584 0.723153917732 0.46012619346 
0.400027044458 0.451160050945 0.442993847472 0.322857387401 0.31783893654 0.614791442902 
0.401412320632 0.396894977515 0.365200162797 0.626067943257 0.542843060578 0.659260221919 
0.395787849456 0.428144989871 0.456606367063 0.548124201724 0.612135988055 0.603477814471 
0.376300548317 0.356101117014 0.690569844763 0.630273247288 0.58676605801 0.612141337672 
0.387705605185 0.420936247711 0.442984099849 0.38748911098 0.620972171042 0.600854130581 
0.396388552414 0.48206998433 0.489747097441 0.753108270833 0.774311387091 0.0960711301995 
0.388470507339 0.421264818973 0.495960079741 0.512777461763 0.757052513616 0.106155564014 
0.379904177183 0.417219593386 0.514156462145 0.794713022175 0.803728153805 0.106094147473 
0.348774963997 0.346377693624 0.713633825262 0.639058960456 0.590246496226 0.645779235397 
0.382555906847 0.434346953393 0.51791272158 0.860982536393 0.672811798914 0.0711841769263 
0.418038993827 0.38619087124 0.267703511104 0.859173762677 0.657104433376 0.52996292347 
0.394733662253 0.412730799186 0.403472306856 0.547156879775 0.843448431026 0.366376120557 
0.382725062317 0.434869393918 0.515385366222 0.84161897708 0.670361667436 0.0687077475972 
0.39461619279 0.430367308388 0.699741198406 0.710645156125 0.795146925241 0.020617240404 
0.40479304561 0.398281427561 0.322891726495 0.78507646624 0.641201325096 0.447504107505 
0.394785282939 0.441254105719 0.492823815753 0.553826811025 0.611114127038 0.552250673649 
0.391955080411 0.450802460829 0.715308506979 0.587827699517 0.55266016648 0.609940778016 
0.360148989662 0.362291233863 0.579563549896 0.654239003272 0.674431169732 0.46763042109 
0.351641315793 0.343222517302 0.602781631811 0.678260985669 0.693031227642 0.51332040541 
0.395439696098 0.431759432825 0.688076363811 0.703312157204 0.787333991864 0.0200894803298 
0.429794009478 0.43468852945 0.505565751043 0.50731686832 0.489909899331 0.806543914378 
0.408588934043 0.398534647713 0.30230914738 0.724459513244 0.84649051755 0.17870547375 
0.387937497708 0.485843494685 0.458032865737 0.54178682157 0.521001994793 0.712638080368 
0.333895249151 0.386044792235 0.366550047491 0.676801922112 0.793214029706 0.400673951868 
0.392551426456 0.426835366029 0.727623512072 0.72802958861 0.813764287035 0.0218778527033 
0.418531229364 0.44208528113 0.465026872316 0.490648771691 0.802273834171 0.480881999069 
0.374542718863 0.411009020706 0.458877772013 0.518819773588 0.828155506142 0.257702716977 
0.371614166436 0.306422486932 0.789217437307 0.671347153494 0.608128532952 0.705876787561 
0.393943218072 0.414073802002 0.394732603773 0.810652046098 0.665944676255 0.146369067477 
0.392774079537 0.427218759629 0.724696193174 0.7262130814 0.811813047751 0.0217455467833 
0.377444145072 0.488230891724 0.494987553986 0.789997478758 0.800397562966 0.104956337626 
0.383823504752 0.433359471264 0.4997225676 0.726300037393 0.755310127476 0.0896340443327 
0.369730442423 0.407589267046 0.391968026504 0.625823709799 0.723826764403 0.3202301796 
0.38121461363 0.400780405248 0.384845707391 0.767094812133 0.676612177332 0.29807925649 
0.382967873884 0.651288025592 0.577731776469 0.770511811134 0.759871464975 0.172126361086 
0.379684328776 0.472323155889 0.474402692167 0.710487371232 0.851415227508 0.177333648722 
0.392420899873 0.451317943087 0.698385107672 0.585195465719 0.552061873824 0.588858395968 
0.398546684775 0.408599266972 0.354422693037 0.635864440529 0.717365440322 0.436084968624 
0.38778048828 0.454909381009 0.448840905965 0.693244007028 0.730931043779 0.142403002035 
0.360913335236 0.401963929387 0.385026677372 0.639778338757 0.742595636109 0.341965995368 
0.376926709565 0.439519351044 0.280872912952 0.838577937285 0.652708704817 0.506684108397 
0.390737752791 0.429977658069 0.420284106137 0.683504946657 0.809533420305 0.158829455189 
0.407094058061 0.401712106814 0.314121930606 0.67905396709 0.773897622789 0.528518058987 
0.336227287672 0.367949093613 0.578477828429 0.653123027431 0.673568729937 0.46552115404 
