0.37791801257 0.40566658304 0.462446606997 0.530142399035 0.563702738361 0.651260767244 
0.383211085568 0.41795842388 0.416043637992 0.596570583622 0.832622944203 0.13604006253 
0.394381854522 0.431227130074 0.370002404019 0.527963029832 0.51213457101 0.672750694349 
0.388894730518 0.422703567718 0.420625495514 0.244877067955 0.841253183531 0.265903204455 
0.382685880598 0.382204656122 0.537117799547 0.482903224105 0.501666972909 0.621660872544 
0.461814189813 0.536271978451 0.638654753766 0.793987827289 0.739092964945 0.0447765300361 
0.406944064569 0.524384728923 0.470144235947 0.460229982405 0.775431859403 0.399465609975 
0.34605866066 0.391773506166 0.395644191693 0.611356419259 0.667506875724 0.548581457651 
0.363319774129 0.718833918585 0.53874420439 0.634945494794 0.848214743343 0.0259823929326 
0.383691147455 0.419267711199 0.475354069221 0.449486351949 0.680046331969 0.550853824853 
0.368871445586 0.408186545529 0.671379127706 0.587397321082 0.67788771249 0.486568575805 
0.419895266123 0.707863612624 0.542276736844 0.643909777551 0.600838708123 0.513709467088 
0.384126167623 0.433039748961 0.511004854338 0.854273636175 0.735949065385 0.207242554875 
0.383907246555 0.421950076883 0.471091249451 0.458846238856 0.663935907906 0.442001907385 
0.384274241873 0.413417583228 0.528335920285 0.20337650527 0.28535988747 0.729769821584 
0.383496087206 0.417823265996 0.444649568285 0.58944670659 0.599736890149 0.637849846313 
0.397096243508 0.429550410122 0.479858712907 0.546740733122 0.822002775097 0.236063509223 
0.49128574308 0.478182838732 0.48815872681 0.488165970262 0.525535330093 0.857641594623 
0.383511057461 0.42009277714 0.415216521081 0.401371663837 0.724054320903 0.604492258196 
0.383661043552 0.418692183739 0.417355551199 0.540153194782 0.824230651594 0.388662748222 
0.379290788606 0.397971563948 0.488735010925 0.506455265899 0.800630835327 0.334225885057 
0.414718141773 0.441728393578 0.321403102926 0.347563923635 0.720997949013 0.382297921513 
0.383217437035 0.410439821955 0.409446401471 0.447472932018 0.905373078904 0.506376972563 
0.449387155741 0.576967381839 0.597457447332 0.513224526226 0.964982250659 0.107943726588 
0.385235158124 0.420964113347 0.461859901401 0.567993538548 0.792480356264 0.389703634843 
0.383158557846 0.418469579243 0.417892837501 0.40961279986 0.655612934565 0.590933384317 
0.377193846396 0.497459161634 0.484523806013 0.598233753169 0.622776117971 0.360492975212 
0.404716489588 0.358055979887 0.282331080457 0.339126824247 0.830614164051 0.305078679223 
0.401322912378 0.471141555661 0.545151641382 0.216631300405 0.164704654604 0.647156291684 
0.379271398753 0.440206857861 0.484002956137 0.538645410682 0.779671534755 0.463318963492 
0.383901898328 0.424911963464 0.425623253068 0.576444428235 0.557999354086 0.734807545707 
0.523168623696 0.609939099097 0.569789130266 0.627710795186 0.704001709013 0.159517989718 
0.370842563886 0.514065388239 0.493013910877 0.627763359806 0.636366066467 0.399502078263 
0.38358944552 0.419848588876 0.416176064205 0.408199012211 0.705857204939 0.56686239629 
0.366345976777 0.524643068783 0.498282434073 0.646662094143 0.644969093322 0.424681693365 
0.329792725079 0.382945058001 0.388994278343 0.633390409532 0.687495386915 0.600816714398 
0.505921948661 0.604654101674 0.513855810582 0.580450299862 0.637123859965 0.594119369937 
0.383211085568 0.41795842388 0.416043637992 0.596570583622 0.832622944203 0.13604006253 
0.383907246555 0.421950076883 0.471091249451 0.458846238856 0.663935907906 0.442001907385 
0.394454688581 0.431297165761 0.369826305366 0.528130837438 0.512200404887 0.673653900965 
0.519154079431 0.574427095947 0.618246494678 0.623675128758 0.624577104954 0.318010127837 
0.383379837925 0.418895013016 0.418100071596 0.415525567978 0.640922791976 0.552410856003 
0.383529635237 0.415969298295 0.478220499017 0.456266931782 0.725138556712 0.553688940461 
0.378911026231 0.434340355824 0.349643886849 0.669988053267 0.75391733253 0.386185214524 
0.383015188139 0.410167243658 0.408819532761 0.454599082911 0.843984542728 0.441759170218 
0.38494029748 0.41508747893 0.408250210717 0.4724492791 0.618324222963 0.608430104848 
0.377390785849 0.437341463564 0.467599680977 0.478889534746 0.841599776834 0.577741588696 
0.378268839199 0.541000441494 0.560963271379 0.663253582917 0.610521724771 0.309641955083 
0.467016835898 0.505151973061 0.468532665587 0.736261677084 0.753437565166 0.323779200107 
0.400728828883 0.469402967378 0.540538041515 0.220107530481 0.168603837854 0.636350227529 
0.383773526038 0.422364700135 0.438047646459 0.512705941664 0.546638776402 0.739251335104 
0.383531349679 0.416072273522 0.478106932731 0.456306329663 0.723978365608 0.551567586868 
0.480216907385 0.494148184098 0.556515469752 0.782178543257 0.617729142578 0.394128451439 
0.395252496089 0.432059697797 0.367925275205 0.529935764987 0.512909537964 0.683400878278 
0.394381854522 0.431227130074 0.370002404019 0.527963029832 0.51213457101 0.672750694349 
0.327957514127 0.382010747148 0.388297340998 0.63575838683 0.68965464967 0.606468686529 
0.382600339733 0.384731452956 0.533800763033 0.482249948858 0.50113638046 0.611274807699 
0.383556783507 0.418464916262 0.444732361064 0.577185691258 0.592142400156 0.602638192158 
0.374376635524 0.556264902739 0.473408041724 0.51870478257 0.57070106506 0.690455039421 
0.38366695329 0.419016737462 0.417792409752 0.539033012091 0.819193055927 0.383792807549 
0.384322363946 0.420406068846 0.408781076598 0.756383984666 0.638451518608 0.499987052349 
0.397089692403 0.429556374955 0.479800318089 0.546627834862 0.821567088792 0.235805766171 
0.386826530945 0.406011012827 0.489384366085 0.478583542337 0.532596918695 0.642282675729 
0.399623725389 0.466168842287 0.531996164918 0.226612514728 0.175848431215 0.616287647965 
0.383035223893 0.410134228995 0.408828976173 0.453843618825 0.850425730946 0.448529007331 
0.3896460602 0.489995191154 0.474312180303 0.600029897289 0.603910204033 0.578426314273 
0.38290364567 0.416941830735 0.414472167531 0.601084729462 0.842855304447 0.139493094082 
0.487186367279 0.667976597019 0.533300386402 0.622391249459 0.825648025075 0.0244996797309 
0.383980462097 0.422736489028 0.487962073962 0.471001654636 0.739483747106 0.301700550488 
0.384256210576 0.427457647122 0.42933446342 0.546129280231 0.543521206431 0.623682099539 
0.377251807184 0.398367873049 0.488855454003 0.506547172563 0.80146695257 0.334961484665 
0.478281452555 0.484495807298 0.700223471331 0.869395388465 0.680506514629 0.0679078955837 
0.383879991251 0.422829812647 0.43667976664 0.498057116219 0.532996242778 0.645034400388 
0.423591528045 0.515147627352 0.527179583304 0.476984585833 0.561073884658 0.839276344308 
0.406944064569 0.524384728923 0.470144235947 0.460229982405 0.775431859403 0.399465609975 
0.391927298947 0.437190546569 0.436315454598 0.448186112519 0.810743199579 0.117991850427 
0.401322912378 0.471141555661 0.545151641382 0.216631300405 0.164704654604 0.647156291684 
0.383916444586 0.422957977339 0.436302502401 0.494320379672 0.529514336933 0.621054540067 
0.393763761654 0.496604135552 0.462780151623 0.710098030482 0.741717486771 0.516031542331 
0.383452679538 0.417259991843 0.444491447254 0.601619569064 0.607268974171 0.672916107113 
0.380355922798 0.439236210402 0.477069697074 0.527804371136 0.742576781395 0.414862209949 
0.399009621992 0.464371626091 0.527273336677 0.230250767243 0.179869740663 0.605160275495 
0.38382321311 0.422602379589 0.437346825432 0.504988694726 0.539452809915 0.689577565342 
0.332324132755 0.384252300332 0.389971241491 0.630090166271 0.684489450934 0.592951311638 
0.335963066423 0.389173729619 0.770267665545 0.621695214176 0.724537148746 0.603575147256 
0.404556565975 0.525559240741 0.478556828506 0.491468646631 0.501457162975 0.758138288445 
0.378268839199 0.541000441494 0.560963271379 0.663253582917 0.610521724771 0.309641955083 
0.381233551448 0.411351000339 0.405983593081 0.625368087485 0.89817015334 0.158159796597 
0.500052956985 0.548497019257 0.583744665212 0.584768954682 0.582576941526 0.446534292178 
0.390354198466 0.433506946498 0.432042295918 0.441266048154 0.845236972858 0.128486702972 
0.383459154265 0.4173524496 0.444523633162 0.599513707407 0.60596641245 0.666842649337 
0.383943066563 0.423044547932 0.436046107576 0.491857443683 0.52721874501 0.605262910562 
0.406495457238 0.520931942472 0.470108131468 0.46098234955 0.76362423585 0.386180446888 
0.382480526062 0.415535735903 0.412314451873 0.607272163474 0.856908493211 0.144235514725 
0.300039721141 0.672603652143 0.542501796363 0.545610381406 0.83271271498 0.286812705986 
0.383750291824 0.422235749492 0.438432122511 0.517122076329 0.550750127632 0.767710686486 
0.385640025945 0.413740173502 0.404646870029 0.475707613851 0.640861382797 0.679154316334 
0.404556565975 0.525559240741 0.478556828506 0.491468646631 0.501457162975 0.758138288445 
0.378070200914 0.401058263218 0.479889008057 0.547300939828 0.824164667205 0.23734244997 
0.379852665298 0.439678623264 0.480209201965 0.532708149785 0.759357100369 0.436781580449 
