0.438440218058 0.502651657745 0.477531560262 0.274177936191 0.293923132498 0.71055453059 
0.370663088855 0.451264217698 0.460374693814 0.437883395288 0.477854637803 0.621118141899 
0.35284105368 0.392698806001 0.394755288579 0.696632763834 0.606102700754 0.531499308362 
0.375346634261 0.448154371864 0.471292004329 0.213070693901 0.833503078406 0.369597579324 
0.37730646643 0.447740724846 0.413836457163 0.487726158776 0.587143901861 0.749078356927 
0.274377531781 0.352352481296 0.363460597438 0.740076711328 0.750376453289 0.15173982554 
0.397301917024 0.477961317226 0.474927907181 0.462375461892 0.0841558360512 0.546062067734 
0.37388411588 0.471196244248 0.489808729483 0.73081190539 0.688369963874 0.147509442068 
0.324618125622 0.764314407241 0.695008273641 0.618221023934 0.623003003764 0.451049241245 
0.366881027514 0.438674395268 0.455679888474 0.437572308515 0.825834663574 0.455439350428 
0.392902255574 0.491873833023 0.478889479246 0.476441177158 0.658178151833 0.392318500708 
0.369502285146 0.459371058333 0.467286687958 0.487116222962 0.614671696319 0.664802038965 
0.368725593914 0.440333427864 0.413455046421 0.520300697662 0.520915738594 0.657451395943 
0.365241063636 0.435116356527 0.405155359842 0.514341550947 0.808764844455 0.370314948587 
0.379170364444 0.46228490184 0.478100267704 0.489581107784 0.136400231653 0.627628685199 
0.372973743789 0.430524436101 0.518939278522 0.546184821159 0.826490043633 0.0366972309683 
0.373494500686 0.399114761754 0.521909928254 0.632228525951 0.572018869679 0.683672904372 
0.377257227397 0.445343641024 0.663898442567 0.622932833577 0.774426288872 0.243562326789 
0.382980847646 0.368149112688 0.577189303934 0.574913856964 0.854503856273 0.0763401210481 
0.369460204773 0.443867636155 0.432433598192 0.51340521494 0.665697271547 0.682693602248 
0.398961979642 0.467499815015 0.480951994139 0.294490688774 0.754641621617 0.416091405178 
0.375854181862 0.448728857965 0.527204755771 0.485189754999 0.586461308228 0.802165676766 
0.380638035069 0.410145276283 0.394519347623 0.584292628071 0.744153796297 0.521369458182 
0.384511357086 0.452137194113 0.460005159154 0.525252322525 0.648026930549 0.474936887777 
0.369419179612 0.430708370885 0.421045546127 0.547958931237 0.535009399287 0.672433383065 
0.374146927849 0.424921814903 0.435807328011 0.747629977791 0.66677044808 0.318887075937 
0.369274806693 0.442032328804 0.446162560014 0.409493749426 0.934431451861 0.00605040890157 
0.370885246717 0.442715705163 0.439076687298 0.403798865426 0.493624555111 0.876342383917 
0.371682704422 0.434083093373 0.706953207495 0.534658490221 0.610331386845 0.725358755621 
0.377389341985 0.413700386613 0.510998685987 0.633533615833 0.543694825275 0.715724909046 
0.39599911743 0.482855396445 0.478309651911 0.675672712143 0.766223944444 0.26370669127 
0.380313168473 0.452425541804 0.3277347403 0.302477592387 0.688524282131 0.605063641816 
0.386417951381 0.525040535676 0.530549443639 0.451470228769 0.159561956339 0.71419907627 
0.36883769993 0.441030169224 0.434456193274 0.744522479453 0.757512012453 0.0450084600881 
0.382301524093 0.405549492822 0.583562092638 0.492277366245 0.758618999504 0.300053461988 
0.398800613899 0.457632431456 0.376369710586 0.292569511631 0.208413005631 0.589162124212 
0.588759682224 0.65560051989 0.7011621902 0.760336310926 0.637849654327 0.161058803582 
0.383628165135 0.537135005541 0.52603376495 0.55720354214 0.690757352468 0.219997576099 
0.374944076846 0.457434846853 0.471116083194 0.503953393595 0.881356024665 0.308694943677 
0.338767780389 0.419340925002 0.515430712199 0.44619441673 0.655995909551 0.655836205422 
0.366230851885 0.440313322599 0.474417869767 0.526147387534 0.475857855447 0.771613791276 
0.370527995958 0.430317285854 0.426766828855 0.522841472658 0.819223503136 0.23258577048 
0.36542883806 0.396498938443 0.272754409647 0.785079579387 0.769586111722 0.0115990883538 
0.373542104401 0.467562900931 0.329257409189 0.349094531456 0.323259226407 0.797886776095 
0.365448506064 0.436395003652 0.440454188262 0.329586553074 0.59520467647 0.721823550569 
0.404977610125 0.48682024127 0.481590572287 0.473640154157 0.0625484721826 0.583484998944 
0.367480852407 0.444904336563 0.43010379121 0.517266621036 0.788055017579 0.214846494399 
0.345249457178 0.366858485208 0.37300854464 0.743729478593 0.617193583861 0.600572102456 
0.370655129582 0.485768162371 0.50336175027 0.606493467283 0.592289128628 0.63109972574 
0.369899605243 0.436622838902 0.439171693582 0.466873988589 0.655512407199 0.732252113415 
0.396260789806 0.483121907135 0.478300743205 0.680119602586 0.770223990053 0.26709980373 
0.389258473697 0.499141286521 0.479147936788 0.513617555405 0.669536214121 0.340228936818 
0.406730050861 0.488814975435 0.483059660778 0.476120039355 0.0577812566768 0.591775796028 
0.384846434891 0.451863240743 0.459641084782 0.531884406934 0.658700792359 0.49758631069 
0.381378107547 0.453420692121 0.317141276813 0.757939240505 0.761970609905 0.158576916951 
0.368762961681 0.441516842221 0.443184317605 0.664853478719 0.84842618448 0.231108012422 
0.376563708163 0.457813623543 0.460722390662 0.416702011666 0.430164033694 0.797805658397 
0.369515552524 0.430115967549 0.419837025182 0.55043175611 0.536060882338 0.68154379365 
0.367648443634 0.44098996452 0.471855722931 0.511862633052 0.474705800138 0.70045534452 
0.373599103938 0.471202318488 0.489446422514 0.749658228902 0.69489880291 0.153486166855 
0.369787532618 0.458200958408 0.466069489212 0.481739276253 0.601549648472 0.620475996136 
0.381098686619 0.453099649081 0.324672972927 0.300287149842 0.690837867255 0.611613021862 
0.37610310089 0.449355876911 0.513530433775 0.476430922886 0.567720098245 0.709500318455 
0.360434577887 0.435661673475 0.471176101942 0.493381312904 0.629964518807 0.716460972191 
0.373819338756 0.42902653461 0.521367859595 0.550080076568 0.839817333052 0.0378835076025 
0.375262626767 0.392697098762 0.526975797071 0.650746012331 0.57734896577 0.727002128626 
0.381211132068 0.453195766899 0.324239984642 0.299978393558 0.69116425532 0.612538707589 
0.467938972934 0.523305435958 0.485039890798 0.255647787974 0.282326320381 0.801915741546 
0.378487900162 0.414477906752 0.43198703138 0.773513861547 0.674349412477 0.336846238092 
0.386732247293 0.449503931058 0.470427354707 0.498695591989 0.827169412246 0.273203747296 
0.391970458708 0.462046187096 0.287161614733 0.274325428412 0.718516812543 0.691487988123 
0.439208461871 0.674688569233 0.541820008999 0.549136735534 0.773139188972 0.325663684245 
0.392902255574 0.491873833023 0.478889479246 0.476441177158 0.658178151833 0.392318500708 
0.367648443634 0.44098996452 0.471855722931 0.511862633052 0.474705800138 0.70045534452 
0.37381496144 0.470799414663 0.489181122605 0.726467027667 0.684746659803 0.180475908755 
0.349048104764 0.379934437301 0.383837485549 0.720504971007 0.611737490259 0.566238721927 
0.366089407219 0.440251687645 0.474662987014 0.527545759889 0.475965279551 0.778642259479 
0.396570388529 0.483435311187 0.478287844924 0.68551353302 0.775075818769 0.271217236214 
0.387758861163 0.454305465364 0.463504202667 0.549634036929 0.695326183228 0.381605778045 
0.369692191536 0.439213193772 0.457863011678 0.442465383256 0.784486313353 0.409818507429 
0.395673807046 0.385348448248 0.610226727033 0.495815250891 0.810506270228 0.34567468492 
0.370061121291 0.442322319477 0.440341181029 0.404691767224 0.489253539534 0.825162999197 
0.367665127566 0.440998665189 0.471824134673 0.511690566181 0.474691235557 0.699605852183 
0.374545806805 0.444039505489 0.677417497713 0.63176242076 0.786805712774 0.253036563141 
0.413348431757 0.607656707726 0.759467392928 0.681286424364 0.63327101462 0.496556638497 
0.369547298518 0.459186996178 0.46709437189 0.486267141405 0.612599383499 0.657801800328 
0.402104637844 0.37689837664 0.621099824102 0.497217321503 0.832429434341 0.364950415573 
0.597240167323 0.604619352874 0.56236697489 0.533062728273 0.59763117459 0.522184792754 
0.369379902112 0.486476869531 0.486662648284 0.474822486441 0.484843289682 0.929929481347 
0.371860962747 0.469305143727 0.484714306444 0.881572108306 0.739873784299 0.196009432116 
0.375262626767 0.392697098762 0.526975797071 0.650746012331 0.57734896577 0.727002128626 
0.385354414515 0.449931262505 0.457153328749 0.57592531649 0.729832632255 0.64860135159 
0.358512462496 0.431936620225 0.434387046814 0.442824184583 0.787125780802 0.412726051616 
0.370558252597 0.443106455238 0.453050794106 0.415830134945 0.896620961569 0.00560720111315 
0.365839226135 0.447884940745 0.423435608113 0.525319448049 0.833201942535 0.240544270246 
0.371764016217 0.469089613779 0.484304778149 0.890267228349 0.742808695053 0.198846529712 
0.842463541707 0.728306264658 0.653920792173 0.61711895904 0.726121216566 0.0268941794255 
0.394097065872 0.463813983522 0.47567482967 0.304214808514 0.744628034183 0.401834147026 
0.398794824703 0.381174893563 0.615610694208 0.496511810687 0.821311379373 0.35517496872 
0.463519376262 0.52029667192 0.484011677973 0.258297178864 0.28400749975 0.78860567766 
