0.45758590742 0.434841219013 0.413719180711 0.356747365534 0.928988982 0.256332311451 
0.474063184 0.475979515807 0.524267593331 0.558957716879 0.709644884243 0.312328180532 
0.452284278308 0.454189639117 0.442632385137 0.549304493017 0.867899304891 0.039979703224 
0.345592486826 0.346370994654 0.306060063134 0.738528711715 0.762628896255 0.255129718822 
0.45764281229 0.434591382616 0.41294772905 0.502567298709 0.751527073242 0.526106668563 
0.469254378693 0.411223173404 0.508687537994 0.21576799283 0.891905693239 0.30911272878 
0.45225402518 0.409760045828 0.390142290309 0.353468815881 0.56786890182 0.885445430425 
0.498330027863 0.511647778371 0.459558175519 0.473593507448 0.28683944754 0.881694570587 
0.457593662633 0.434972502523 0.415701301246 0.432522090282 0.419317671765 0.852473873137 
0.458342287909 0.421254824014 0.63476374198 0.555007198983 0.769529541086 0.472560612516 
0.410159611729 0.392164439561 0.375296989038 0.522148023259 0.92276825194 0.205970078977 
0.457311506271 0.434740105811 0.413978624446 0.553720151078 0.711905210108 0.656590239672 
0.491577593801 0.480841021087 0.562837171252 0.595646115329 0.569698420982 0.725336928222 
0.454654208922 0.429964806758 0.40452114032 0.469752852332 0.76904532519 0.481914278811 
0.425944639873 0.501361585956 0.454087881183 0.224383163086 0.881885054258 0.0661003604477 
0.436896383124 0.476011987001 0.242234452497 0.274289972444 0.348813970571 0.750151570089 
0.457565901631 0.434817810513 0.413058717898 0.448467620099 0.668809297858 0.576423407814 
0.457834936416 0.433887472229 0.416145821479 0.43373286106 0.668451707986 0.595108225548 
0.611121941897 0.531482997472 0.173777636031 0.278694369203 0.937525807853 0.126645436709 
0.455906276837 0.43845898422 0.415727619715 0.433830602938 0.369504989253 0.787847876023 
0.365354364263 0.305128093136 0.709740941387 0.736321799162 0.810654892551 0.162486873788 
0.457187695648 0.448394719277 0.435586257097 0.834577211176 0.853428203124 0.0342155460883 
0.433280053389 0.623269182325 0.49378043217 0.616969907119 0.686591972617 0.533472531039 
0.456798887848 0.437078161123 0.413833022761 0.427247861994 0.530666220565 0.931102732665 
0.457585394138 0.432455727698 0.405134462621 0.635160713514 0.667913519824 0.556444656378 
0.444850430397 0.481232012626 0.462061809042 0.526579532443 0.582305846621 0.587720417374 
0.504234198877 0.459013137947 0.454595368244 0.562870877202 0.592175991641 0.710517580262 
0.483192701028 0.446671755001 0.525843092786 0.529612823282 0.625146853291 0.686816216531 
0.459392138729 0.442416008103 0.437081422273 0.519210693095 0.652931873223 0.68047696446 
0.453705758436 0.429571605746 0.407088198845 0.444220183874 0.810149250323 0.505262754381 
0.457396583812 0.435604449658 0.40357706943 0.409032782119 0.92201977493 0.0500296562343 
0.348748881655 0.281776836353 0.763285557895 0.793283402571 0.690394947157 0.333089617353 
0.453817248479 0.429623946209 0.407004900488 0.447588012281 0.787804040043 0.474442042648 
0.474865531926 0.458201979552 0.445852744813 0.45970391479 0.812610498683 0.385734655257 
0.447363759305 0.462878306891 0.424124334833 0.431057564714 0.475521582722 0.726465190271 
0.557296726648 0.771223321437 0.76433076143 0.663124391476 0.839571746623 0.290035954544 
0.434133504549 0.488261465631 0.446821085651 0.246020291734 0.863310831143 0.0626532914661 
0.457598209337 0.434854629193 0.413434086605 0.359504887742 0.922890923869 0.252986429412 
0.457742719175 0.440852992182 0.429475353998 0.71189803205 0.746454553242 0.331597153157 
0.463095941385 0.439671963159 0.435102758527 0.490960989846 0.654956880739 0.624934259276 
0.457577929873 0.434831978185 0.412825277712 0.447973343688 0.673822630097 0.589247699891 
0.457562086605 0.434813185344 0.4131533681 0.448657429962 0.666878066007 0.571486044011 
0.481597113225 0.446869654263 0.513632678848 0.521440409272 0.614414131104 0.639772981879 
0.497367570625 0.505688249858 0.609499811186 0.784427230348 0.704410326102 0.0162770761691 
0.46518486063 0.418075113381 0.489391619201 0.24164512194 0.867008764551 0.288335387128 
0.457059326942 0.434602927543 0.416104773061 0.544615387659 0.695956751694 0.616153115681 
0.345592486826 0.346370994654 0.306060063134 0.738528711715 0.762628896255 0.255129718822 
0.49710840507 0.529786172065 0.593343048321 0.555417081741 0.810213482611 0.389026136371 
0.457386258869 0.450170811569 0.438762914327 0.801547417029 0.831885241631 0.0320171460773 
0.558071165833 0.57100471375 0.542829835596 0.633717128918 0.699679545907 0.570404571014 
0.446230987634 0.458104104504 0.548635851249 0.544572990817 0.645034943287 0.774267741832 
0.458126028311 0.437231848894 0.407197436351 0.380706975835 0.770701647429 0.530286176158 
0.457619708559 0.434878753904 0.412300818499 0.446695636145 0.686694150278 0.622217830159 
0.45788411565 0.442020915477 0.432468154756 0.69177976894 0.734449947414 0.314507692895 
0.469254378693 0.411223173404 0.508687537994 0.21576799283 0.891905693239 0.30911272878 
0.457629246375 0.434926103986 0.41210997872 0.504348276641 0.761855747989 0.543685688355 
0.457253643057 0.434710716868 0.41437285246 0.552041068713 0.708960984115 0.64912480987 
0.481597113225 0.446869654263 0.513632678848 0.521440409272 0.614414131104 0.639772981879 
0.48529238606 0.487766289933 0.447717428387 0.46118216413 0.305346650943 0.763836264868 
0.457605874966 0.434965151381 0.412046120394 0.419591883389 0.420531032848 0.913050398747 
0.453705443652 0.429573309052 0.407092646178 0.444144132098 0.810655309936 0.505961542899 
0.580761285619 0.57395611636 0.715000763876 0.65108221612 0.649822206425 0.399531002848 
0.493451462804 0.512523993311 0.477843120884 0.898150115549 0.688252916087 0.0217251998196 
0.486024191757 0.446162319398 0.552042527855 0.546782852329 0.647995186711 0.787309598349 
0.45682267232 0.44630522434 0.355159191746 0.356120422527 0.650398916228 0.663464154587 
0.457807052894 0.434464513051 0.414070097861 0.424551910555 0.466744494775 0.818840254876 
0.481882099579 0.446839058988 0.515701808298 0.522834764347 0.61623776446 0.647757361114 
0.426020820272 0.501244148952 0.454023814249 0.224570665399 0.881724075677 0.0660702629173 
0.459668350071 0.43672470733 0.414027556563 0.427733119451 0.522608711436 0.841261121627 
0.457386258869 0.450170811569 0.438762914327 0.801547417029 0.831885241631 0.0320171460773 
0.45225402518 0.409760045828 0.390142290309 0.353468815881 0.56786890182 0.885445430425 
0.558071165833 0.57100471375 0.542829835596 0.633717128918 0.699679545907 0.570404571014 
0.457620320748 0.451508608609 0.441193684785 0.774747705255 0.814404075202 0.0302393523887 
0.45819901184 0.433651989019 0.358860373038 0.226145394809 0.885502294555 0.301420875906 
0.481568968291 0.384642736538 0.380516083014 0.567620123739 0.594444495124 0.724977478958 
0.475231758051 0.457865976403 0.444646226771 0.45668518227 0.857032492832 0.43192001338 
0.342823481843 0.274175103028 0.772376192029 0.801220624621 0.691986526343 0.339468763456 
0.45936701869 0.442458355457 0.437584743361 0.52301684355 0.65984323564 0.703828887422 
0.485129330311 0.446345093375 0.54303014686 0.54092330555 0.640157722017 0.752793259963 
0.457658097285 0.439831562409 0.426738852548 0.729357924392 0.756869332491 0.346489800678 
0.466393241575 0.415973352987 0.495488759965 0.233285690892 0.875030258369 0.294993989944 
0.457742149163 0.452047718428 0.44218623362 0.763288709646 0.806928347444 0.0294810283021 
0.514505963641 0.315580752157 0.336995995643 0.770521671748 0.791202874969 0.151316590564 
0.339023896128 0.341181246611 0.299837673612 0.757215934678 0.781069859297 0.047238661715 
0.458339742284 0.453888789133 0.445666769225 0.719492836438 0.77834316008 0.0265942921702 
0.439119346831 0.47969599462 0.441919315366 0.261138778503 0.850326973314 0.0602767155973 
0.483960289743 0.446553579958 0.532311411917 0.533892955033 0.630807554504 0.711674214748 
0.466393241575 0.415973352987 0.495488759965 0.233285690892 0.875030258369 0.294993989944 
0.467135248256 0.455534442134 0.423962586253 0.474235671144 0.622868760263 0.696832129184 
0.457727677617 0.451987774324 0.442075423368 0.76458565032 0.807774506366 0.0295667979629 
0.458189178311 0.453516279439 0.444947231818 0.72914420604 0.784645006538 0.02722874921 
0.485472233849 0.446277428828 0.546394807364 0.543115977308 0.64308608139 0.765684884242 
0.436896383124 0.476011987001 0.242234452497 0.274289972444 0.348813970571 0.750151570089 
0.654500443431 0.62201441293 0.537783021858 0.510495681298 0.759409781173 0.475283355692 
0.450493505752 0.450300921655 0.344343083457 0.571705447545 0.612066847094 0.752915642971 
0.426983292993 0.504746365139 0.48182767229 0.568745071177 0.613344696872 0.760068877604 
0.481597113225 0.446869654263 0.513632678848 0.521440409272 0.614414131104 0.639772981879 
0.529394400489 0.486396597911 0.259754862377 0.318856953187 0.863217753766 0.104105483493 
0.426136793169 0.505760152517 0.482681244087 0.570578004568 0.614691707602 0.767613376992 
0.457624538704 0.434903891889 0.416185563668 0.434724004719 0.41734397872 0.922565256252 
