0.419657171093 0.438124124493 0.473336640457 0.578437417038 0.6470862866 0.576237714813 
0.457455618335 0.580516810269 0.553435760093 0.556035577999 0.592894229801 0.562542524618 
0.383609185635 0.400963643879 0.518155133961 0.295728690449 0.828509388146 0.374217921485 
0.430616603429 0.427163255782 0.595555630246 0.747170384906 0.646818664555 0.317847709644 
0.379776263696 0.400004105837 0.472245119964 0.498926027206 0.573312248747 0.577170110934 
0.38396670374 0.411404884427 0.43651674094 0.498411029673 0.774111853816 0.325861401719 
0.383896812861 0.442712350519 0.465330799048 0.484530667748 0.60162087476 0.526022075943 
0.398880298454 0.451593666964 0.489613536615 0.535479066622 0.554366676696 0.570995515931 
0.419917851646 0.44135462155 0.466539492461 0.368139783541 0.64181624883 0.782319368323 
0.395674233108 0.449567051925 0.495678961474 0.518135572072 0.616487823658 0.430034334042 
0.383026629342 0.401752928408 0.47566669847 0.634281969641 0.599626774367 0.411023908797 
0.385145945352 0.407773670368 0.348160311389 0.758041659856 0.635177018385 0.184295887306 
0.299973309909 0.623754627328 0.647663412832 0.678903973332 0.553687123268 0.644298598459 
0.37718887783 0.430570288299 0.664602218372 0.75557133044 0.852626517148 0.138157455211 
0.378753910093 0.402795505593 0.703791868505 0.795403119823 0.636925370111 0.53504470158 
0.384710379676 0.400974424011 0.422263465989 0.49745014608 0.469212879881 0.666597800563 
0.452012403157 0.520879138404 0.614586663387 0.873975556431 0.637595405471 0.0360431406564 
0.380860363441 0.377990805828 0.260665302721 0.253556491147 0.818515140737 0.387871438528 
0.38673576098 0.405832030713 0.434363879863 0.656200427826 0.588565267293 0.554623769488 
0.385305136337 0.405873536168 0.425926535736 0.451107979501 0.671185122551 0.661263559268 
0.386703932246 0.394608547336 0.414405125287 0.438666537175 0.731867809027 0.23885372986 
0.388420310986 0.406670435041 0.446696664724 0.640096544899 0.678220397739 0.29120445959 
0.517269358888 0.574119123816 0.573355388623 0.609942006233 0.595937505178 0.379048867176 
0.366646512977 0.363315228247 0.393670608618 0.352103167912 0.752679982607 0.378251658143 
0.384943239081 0.402647225845 0.446948392325 0.495591630315 0.453623326306 0.647000341709 
0.386987219976 0.405436655151 0.427582858279 0.454302142322 0.40071335207 0.788302597714 
0.412454334868 0.439541117659 0.448924461751 0.539835148268 0.585626047596 0.620067967013 
0.409257988464 0.420491507494 0.363665677176 0.353188239796 0.281346923561 0.8101871005 
0.385116497998 0.40519691457 0.426397384289 0.451450430343 0.397438853956 0.789187277527 
0.382358972928 0.411949039762 0.64708086318 0.685589356191 0.699441679712 0.32000635639 
0.393585127299 0.41260627952 0.43344228408 0.460957779585 0.554030906226 0.620207461078 
0.40700834482 0.415937697274 0.377218941696 0.644899979061 0.81594905769 0.316616423256 
0.384657235093 0.404579002001 0.424964466123 0.446422050036 0.772447150998 0.303512424534 
0.46182007454 0.453090884433 0.539948434552 0.517386990666 0.833829726609 0.193987279657 
0.42232631724 0.329915764162 0.818513418711 0.696433257303 0.614325791865 0.454266055768 
0.384672054351 0.40456090313 0.427886467989 0.454154524333 0.400956473452 0.778157278253 
0.385266730965 0.403630562845 0.499423116073 0.773323460282 0.66019862215 0.370738275699 
0.381869493127 0.4155254891 0.618961112303 0.66402416534 0.682898503305 0.295737323112 
0.386840836017 0.405899828863 0.434797951402 0.653972691018 0.587661657512 0.550223979576 
0.409556211923 0.348469143392 0.77389321198 0.680485483305 0.609798318588 0.421089765058 
0.385116497998 0.40519691457 0.426397384289 0.451450430343 0.397438853956 0.789187277527 
0.410809020516 0.417521033793 0.372362696798 0.652088783048 0.830536270505 0.328408364841 
0.509179753835 0.65440111811 0.561374994792 0.968853289218 0.64077616438 0.0422134646292 
0.409548837725 0.416626796937 0.450505785692 0.530452490384 0.718783065661 0.574244361726 
0.58771608398 0.51764219272 0.557112693065 0.562945039412 0.824218333057 0.0106218798397 
0.384221225831 0.403098641686 0.498018154153 0.317354962569 0.804124979388 0.348757950717 
0.466689240353 0.454793029726 0.544233618948 0.517310682616 0.852469819897 0.202578955811 
0.431760218775 0.442134431428 0.466892716029 0.558225754281 0.724882779783 0.0933407406164 
0.397644785894 0.4126356608 0.465017413502 0.580464253512 0.738636822916 0.169706810263 
0.293053649177 0.633046486348 0.654831462096 0.684585067622 0.554266333013 0.66043810777 
0.390448391598 0.444352512579 0.460183520991 0.49520757309 0.564102101026 0.766437761337 
0.384668578207 0.401663744574 0.422764879137 0.495584630352 0.468020407016 0.646471218568 
0.408186346491 0.424346354662 0.466404457791 0.662117892598 0.582474192894 0.533852602613 
0.381331094486 0.402853577865 0.693298520189 0.644720615023 0.637022577125 0.541941496988 
0.385174186726 0.405268687744 0.426545996507 0.451631833229 0.396869275615 0.80876105801 
0.384982809106 0.40485501891 0.425606894543 0.447581503976 0.686230145543 0.70100174417 
0.386878190889 0.406224024877 0.434066846047 0.430466906496 0.372134690135 0.791303075713 
0.416900709566 0.435485589668 0.469545994673 0.56830833432 0.731160213881 0.470647921279 
0.384221225831 0.403098641686 0.498018154153 0.317354962569 0.804124979388 0.348757950717 
0.384318315757 0.403423980002 0.494488294905 0.321346577856 0.799669285314 0.34414431915 
0.382097355223 0.413354788386 0.636462568372 0.677493333421 0.693216286212 0.310849858992 
0.351724722827 0.373464159028 0.739726625503 0.667566081848 0.606133801934 0.395592024507 
0.456196518338 0.451080459185 0.534958081025 0.517522166135 0.812672749931 0.184239106742 
0.378065205349 0.430548560866 0.642807260918 0.73267625415 0.826545740245 0.129091758214 
0.385133204708 0.406064873423 0.36027231936 0.568491244265 0.742870318807 0.487731406736 
0.409548837725 0.416626796937 0.450505785692 0.530452490384 0.718783065661 0.574244361726 
0.416829310257 0.573424452327 0.606810626393 0.646303640743 0.550126851498 0.554913222049 
0.366839950036 0.436989912397 0.678016289593 0.588907317083 0.787525059287 0.0382926447844 
0.393817201731 0.374798347076 0.395788945557 0.421266799315 0.773063303211 0.27139085014 
0.381955140556 0.417887851236 0.597564413152 0.647303605564 0.670164136455 0.277209956023 
0.384471510528 0.441369263036 0.464668053741 0.484577146802 0.596728523119 0.512146006594 
0.386160849027 0.405310476265 0.43670795976 0.692756167645 0.723606704516 0.349789192957 
0.383100893494 0.401881932054 0.475501179832 0.632888675673 0.599026309183 0.40898109796 
0.471074547245 0.45630021375 0.548071831532 0.517273367563 0.869505316238 0.210433311018 
0.380871844064 0.377565347232 0.256580063711 0.249349600419 0.822067350151 0.392215418654 
0.392965320481 0.411774011028 0.432208349688 0.459199616574 0.566460953527 0.677184874228 
0.3853784383 0.405519811194 0.427061250469 0.452248403863 0.394924345723 0.875780306056 
0.378977878015 0.394722421208 0.483773467356 0.718527417792 0.635399465837 0.536141660088 
0.385351505275 0.405486933845 0.426994163802 0.452169091214 0.395175268703 0.867119514768 
0.393002619036 0.378305459368 0.695304427695 0.650584799984 0.60131100074 0.364064534835 
0.390499678545 0.435829367316 0.455396030054 0.490014948973 0.542926599913 0.65389929561 
0.405991482946 0.356529387917 0.723889670763 0.647425651347 0.582680770634 0.500132314196 
0.385227306552 0.408521013111 0.343046150756 0.764009908331 0.636135115433 0.186832054347 
0.382133325038 0.413132759931 0.638171766166 0.678800138633 0.694219986337 0.312324291866 
0.382067845103 0.413547671038 0.634967036241 0.676348706374 0.692337522685 0.309559557333 
0.384856665286 0.405732776734 0.431855511303 0.457853462446 0.583013097991 0.753323532106 
0.387623053286 0.406133971535 0.443734759279 0.656879170924 0.69265721154 0.309790341922 
0.384221225831 0.403098641686 0.498018154153 0.317354962569 0.804124979388 0.348757950717 
0.38517498033 0.405269672212 0.426548030318 0.451634303534 0.396861510532 0.809028087039 
0.561983572344 0.490690828801 0.581904787297 0.626121421729 0.547661531464 0.502815522615 
0.398487910876 0.414058056048 0.58371434615 0.592354693491 0.597714452119 0.404526571541 
0.37618304582 0.336884664725 0.394033399759 0.713481748188 0.589225002115 0.639993097606 
0.397968595138 0.419404506292 0.443637148086 0.402392487942 0.59824199232 0.612504132111 
0.38377839798 0.403839803274 0.424105428915 0.671203244206 0.752164591062 0.439905619961 
0.386905083648 0.405941729463 0.435061682962 0.65260955859 0.587108580409 0.547533924279 
0.384726664578 0.40471004846 0.425424127347 0.451598538641 0.759248143181 0.292112365671 
0.38591984556 0.405192049952 0.435253550624 0.69972715795 0.729633324058 0.357597925236 
0.384221225831 0.403098641686 0.498018154153 0.317354962569 0.804124979388 0.348757950717 
0.509179753835 0.65440111811 0.561374994792 0.968853289218 0.64077616438 0.0422134646292 
0.38377839798 0.403839803274 0.424105428915 0.671203244206 0.752164591062 0.439905619961 
