0.394832244644 0.436911556572 0.45971619552 0.585936626289 0.735211963059 0.413527717441 
0.395113708857 0.437556990306 0.432104600454 0.719516186736 0.662696872289 0.311479162096 
0.444271663602 0.332628713144 0.681221386726 0.626881854341 0.77011817939 0.429694494184 
0.409169794672 0.455213751023 0.484473763378 0.843593060205 0.703577596493 0.15473270663 
0.400732499785 0.472442733773 0.527710188773 0.95069164898 0.665631150943 0.0557516970655 
0.385205551549 0.429997732659 0.404342729489 0.519334541184 0.84816475123 0.285209513155 
0.414846965401 0.727276774904 0.555389234245 0.755495673372 0.793620445253 0.280688644689 
0.376191001585 0.594381512962 0.566302535733 0.604017902202 0.668622006297 0.25051427958 
0.462022532203 0.471578730202 0.323077214428 0.323752094729 0.823504246765 0.244593079651 
0.416253081267 0.372204420721 0.342243851101 0.850279324414 0.671845955596 0.0748227950732 
0.391526563872 0.462775295837 0.464934094904 0.597939972064 0.671794791337 0.378682735157 
0.411600153945 0.464827381587 0.482278314892 0.498729852583 0.890973734949 0.539662424858 
0.394920164698 0.437160981886 0.419264408562 0.670603119196 0.645931277473 0.420410538576 
0.384154093876 0.480188197017 0.515921938675 0.485931779054 0.743481126371 0.49237847627 
0.39345595778 0.428257652976 0.404459386743 0.880656612771 0.666445730751 0.171617545614 
0.382261615922 0.503830124226 0.555612299915 0.58939642559 0.71066951541 0.47907863173 
0.517020723879 0.539328539108 0.581421389659 0.709998849135 0.753658513556 0.0410471582671 
0.348055196417 0.534458944023 0.47570587308 0.156116570815 0.145056346639 0.491762644851 
0.458196207879 0.528967127204 0.726517833578 0.583465445842 0.716969828207 0.4881758797 
0.397664477555 0.440072649122 0.452903967751 0.438867279819 0.665206638631 0.645215476249 
0.391336955594 0.415808541853 0.345679278249 0.650097806818 0.584190382303 0.554438134381 
0.38377161925 0.423981144002 0.429922835467 0.417489486648 0.463870524459 0.966357262916 
0.398303100513 0.447880475235 0.448444858486 0.80089922181 0.695898875109 0.268617264235 
0.37575732118 0.404574285498 0.411521171222 0.752698755851 0.618215174548 0.586271379028 
0.403147726072 0.443859742058 0.457354689113 0.494739549284 0.602978286392 0.667677250378 
0.386125245983 0.487203747022 0.680891915725 0.762662812794 0.766519175592 0.00991688886603 
0.416715330631 0.698955160715 0.550251518938 0.73276009 0.776131567591 0.264619558527 
0.342534247436 0.54204179126 0.477708787187 0.147950652025 0.139316148689 0.504307710767 
0.394918384785 0.437158963015 0.419555834194 0.66632674293 0.642049063608 0.429358527286 
0.399215567708 0.450497267176 0.451715782089 0.779708678967 0.689458660593 0.257498939285 
0.390652974186 0.432320909306 0.431548957132 0.670742193998 0.599205865664 0.472219156518 
0.366478016955 0.616641966045 0.577989131029 0.615890810083 0.678287747502 0.264319058224 
0.393406229526 0.427823103849 0.402748300624 0.885564178925 0.666993550812 0.173039876754 
0.393197194887 0.425841711463 0.394773631384 0.908071781304 0.669473302583 0.179599655637 
0.451008839164 0.323416003184 0.69244893102 0.633168181148 0.780329640475 0.443841965166 
0.351949615337 0.365609019154 0.387582129524 0.849056553282 0.639981383304 0.7257287928 
0.393595509798 0.358321575538 0.404135164485 0.31932731692 0.690201670148 0.566845160282 
0.371608594249 0.493422730932 0.519922377409 0.517072224151 0.839019224117 0.251025130668 
0.39584896955 0.442879006802 0.459788242428 0.578341296224 0.722556592445 0.396419264079 
0.394816662645 0.437044186628 0.395648359997 0.541136702182 0.830283184902 0.251889147118 
0.421179335687 0.45313416997 0.370609656836 0.36107625338 0.77071816049 0.208261621121 
0.362097117216 0.415554341692 0.413916402741 0.554435182593 0.755462251551 0.514666040591 
0.393549577696 0.428861722461 0.406629040104 0.849313772496 0.704706396152 0.155962500457 
0.51476618908 0.505550813741 0.789478437206 0.656810100694 0.583506741531 0.854488535007 
0.398337866445 0.458133822897 0.458738830573 0.341471477152 0.617720152789 0.594767282092 
0.394934118193 0.436445949476 0.421659784297 0.417668757142 0.602587579932 0.926326710531 
0.396055920975 0.438388076883 0.404654950617 0.705773531492 0.661462833285 0.464138367375 
0.349982310863 0.689118669865 0.621002619927 0.654463107327 0.710668265851 0.311439768728 
0.400732499785 0.472442733773 0.527710188773 0.95069164898 0.665631150943 0.0557516970655 
0.377800567634 0.517575224156 0.492786370668 0.668166084178 0.831476132689 0.0254482357209 
0.398968824535 0.464066343405 0.464437138881 0.330060535532 0.626557268901 0.628687498648 
0.396548800867 0.333382129097 0.398797998032 0.292407488058 0.713925279708 0.628623947863 
0.39233438204 0.408771753294 0.315075363667 1.1136997383 0.690450756917 0.241734684155 
0.395497997861 0.441861955362 0.458263220848 0.606121860951 0.768903394201 0.45908228213 
0.434914162962 0.346059775321 0.664588572862 0.617543205738 0.755092551332 0.408901694087 
0.4394841009 0.339396999062 0.67288258917 0.622204277041 0.762569692694 0.419244874086 
0.39841466373 0.458808840971 0.45939580113 0.340112865889 0.618772009952 0.598768465281 
0.399215567708 0.450497267176 0.451715782089 0.779708678967 0.689458660593 0.257498939285 
0.348000867208 0.693577327652 0.623218317405 0.656603168598 0.71250443291 0.314144456713 
0.398337866445 0.458133822897 0.458738830573 0.341471477152 0.617720152789 0.594767282092 
0.409879447304 0.388369404081 0.609007146022 0.58596315877 0.705802473593 0.340959536421 
0.367238385009 0.390502211814 0.402460886808 0.789136460664 0.626492582556 0.63845326862 
0.462022532203 0.471578730202 0.323077214428 0.323752094729 0.823504246765 0.244593079651 
0.364875630943 0.626796722263 0.58601628821 0.626699959479 0.692738490394 0.20011719338 
0.342534247436 0.54204179126 0.477708787187 0.147950652025 0.139316148689 0.504307710767 
0.386276930474 0.422260301347 0.42397908235 0.702165358355 0.606580299381 0.515324445916 
0.39488606205 0.437430987732 0.416130688824 0.674804282835 0.645790853754 0.440233767084 
0.391230141821 0.412906325729 0.327597551184 0.667539907812 0.589326743107 0.590925402159 
0.377377474715 0.407272442577 0.413331759797 0.745400996916 0.616547816776 0.575916152115 
0.413136561519 0.749807521169 0.55924640553 0.773474995169 0.807463659777 0.293445062024 
0.399180697866 0.450399307874 0.451590491673 0.780534813252 0.689710401932 0.257931028525 
0.3899613567 0.428574029155 0.42886733959 0.681974804243 0.601857702352 0.487528105475 
0.385205551549 0.429997732659 0.404342729489 0.519334541184 0.84816475123 0.285209513155 
0.356036410817 0.724299157852 0.657656877171 0.600670005812 0.637150184842 0.458467206991 
0.39330888253 0.434390481268 0.433686798154 0.661681184662 0.597051827982 0.459955884464 
0.385733252355 0.42700204122 0.426805687183 0.690528900575 0.603864921151 0.49926218559 
0.393134242433 0.431430655432 0.430024087604 0.91095115168 0.728937102947 0.327359453652 
0.378302375138 0.408816397797 0.414380336407 0.741169943805 0.615579405454 0.569928296099 
0.402036665507 0.459487965482 0.461754003272 0.336139608908 0.621848411392 0.610528234586 
0.364373860598 0.62119213538 0.580323953511 0.618263569091 0.680237505727 0.267120473497 
0.450022574435 0.465412428761 0.662617542409 0.742675022017 0.754406298117 0.00943254544598 
0.384583607992 0.429697565998 0.402173634193 0.520340976029 0.863294208552 0.295162586229 
0.393233768673 0.426208563966 0.396271363277 0.903887490846 0.669016189807 0.178375723776 
0.473815697591 0.294263562565 0.727242568416 0.652587109071 0.812307090335 0.488217921788 
0.395733863659 0.437585384527 0.390597427557 0.544570342569 0.852760364162 0.265541510773 
0.432230354119 0.350077960565 0.659541202026 0.614701923072 0.750557551822 0.402632371261 
0.397855039436 0.44031578509 0.453693850861 0.43982137514 0.657512324581 0.624992042635 
0.303243992203 0.269322913724 0.251285271984 0.822857717774 0.823826941629 0.261910519961 
0.399268505916 0.467230361205 0.467414142029 0.324386017885 0.630956569788 0.645817953388 
0.369178251389 0.393691349223 0.404464205456 0.781084762588 0.624669544618 0.6268579391 
0.403147726072 0.443859742058 0.457354689113 0.494739549284 0.602978286392 0.667677250378 
0.395954200219 0.440577846969 0.440071667138 0.54737357758 0.730254285008 0.475887954948 
0.39279477075 0.430273439398 0.428813942483 0.917833030228 0.73098732594 0.331079406356 
0.391005403175 0.457934968774 0.451264748171 0.489939570754 0.5900690933 0.620115067131 
0.392992205432 0.42358410154 0.385347050536 0.934007681201 0.672270538747 0.187229025412 
0.384583607992 0.429697565998 0.402173634193 0.520340976029 0.863294208552 0.295162586229 
0.398462248717 0.427892098996 0.296516607893 0.894963216378 0.71571532982 0.261626571864 
0.387799895394 0.485504581705 0.658488170394 0.738135840041 0.751656120353 0.00932298231476 
0.443706228058 0.333417809503 0.680253353766 0.626339250826 0.769240316862 0.428478858393 
0.392370857472 0.411005468613 0.326556287719 1.08545571889 0.687694310877 0.233009467966 
