0.357956335257 0.390069242765 0.697034178065 0.597093199674 0.583605519727 0.450041388912 
0.362645282442 0.332440535055 0.594153289225 0.730450011614 0.802621550587 0.177843039873 
0.411533451805 0.523548774527 0.773137524125 0.640196881839 0.569924746223 0.490094363579 
0.441315254781 0.426011045508 0.249972164278 0.247800438131 0.152190564189 0.587295825757 
0.370554571096 0.411826845185 0.459740820726 0.455443671766 0.796006329695 0.306540078401 
0.331968393405 0.360100178277 0.277302723831 0.764272492955 0.768727157054 0.127361691888 
0.353582473546 0.381941428736 0.423236817622 0.645123002233 0.697449235196 0.431572234131 
0.33503045232 0.488844696526 0.60432905516 0.654010427047 0.623435942318 0.410390710306 
0.356095455506 0.381616459064 0.425173943801 0.415643435323 0.316446854122 0.808119192242 
0.305580728067 0.297569005833 0.395116464682 0.275626052561 0.748116393661 0.443132540084 
0.333834883397 0.450224855316 0.643484813542 0.582011844126 0.582075349141 0.537282109214 
0.390359363457 0.405651783977 0.734858811949 0.552395158913 0.646394707028 0.766877219853 
0.357833527492 0.364497385964 0.423330130358 0.470556492616 0.242597331123 0.772872121899 
0.363172023824 0.352733705752 0.536191591762 0.469218180576 0.162682995077 0.858685160624 
0.357980652874 0.384394404959 0.360934143071 0.636387315184 0.712430595261 0.306296788759 
0.363930058865 0.383812746666 0.441424352617 0.37290895412 0.315502053117 0.836653083018 
0.349678478855 0.370606010023 0.454489750589 0.487298245089 0.911419999588 0.193718624414 
0.425200195414 0.182932514719 0.32802561212 0.84406840856 0.653331885815 0.189267143603 
0.355523029147 0.38183150604 0.377909891187 0.285138324804 0.734717457322 0.473054360486 
0.351557316515 0.377225338732 0.438307973131 0.425218707652 0.427743389933 0.949422026096 
0.348181494612 0.402306244704 0.508396616104 0.494178111481 0.683225851536 0.710836874535 
0.24709287579 0.316027544592 0.703001539071 0.655925897937 0.575677133958 0.478736634065 
0.344908593737 0.408036378969 0.472680753846 0.485543722114 0.194434167919 0.616601249867 
0.36264007138 0.523334522766 0.536943526988 0.63572163657 0.817003274936 0.0393327952319 
0.330462689391 0.463784618349 0.545338300072 0.662269783457 0.587531654647 0.519906508811 
0.334583632704 0.362871734206 0.397085877414 0.711952228763 0.655476122096 0.339396672236 
0.398578901683 0.433995265794 0.476555185784 0.500352186307 0.565517217323 0.507348440196 
0.356083253163 0.381613993212 0.425153269222 0.415621321583 0.31674135313 0.805534500197 
0.355038608618 0.38097737297 0.478078979342 0.481039443042 0.659284625662 0.503455313794 
0.355984916629 0.38061060501 0.420278977508 0.845116431994 0.693523684107 0.183094401579 
0.344327400281 0.400564971588 0.537847356598 0.538757421064 0.726789121436 0.589352900558 
0.335209096511 0.411369772277 0.463202072769 0.297781709624 0.824433866048 0.399182754849 
0.390359363457 0.405651783977 0.734858811949 0.552395158913 0.646394707028 0.766877219853 
0.358298623231 0.390752167175 0.691980428492 0.595342405216 0.582867067883 0.445327146332 
0.369987070737 0.410020731719 0.456863133024 0.451389941512 0.836895625694 0.33834548611 
0.352143126326 0.379181122226 0.430207061269 0.62487113092 0.679013554675 0.400684213426 
0.532290623223 0.865841990539 0.666210342564 0.676432232602 0.7373348313 0.19546070279 
0.348181494612 0.402306244704 0.508396616104 0.494178111481 0.683225851536 0.710836874535 
0.332505554477 0.452347889946 0.651302627834 0.585546462386 0.584261356594 0.548750467764 
0.351650786227 0.376945004153 0.411838521677 0.68030294165 0.541114121784 0.654334148687 
0.351118411756 0.378583600285 0.447743855889 0.599296434515 0.695674082993 0.442986111909 
0.316714616642 0.359149074419 0.343034812339 0.62895450712 0.60518169582 0.74616998549 
0.364589412915 0.384026393426 0.441673762687 0.372080529715 0.314054094981 0.850131675312 
0.367545591609 0.434594688958 0.484275732768 0.466208281653 0.604926274274 0.480120702924 
0.398578901683 0.433995265794 0.476555185784 0.500352186307 0.565517217323 0.507348440196 
0.356331322343 0.387067911393 0.412781491734 0.674807575145 0.724606460789 0.47720876146 
0.422522751315 0.187611579352 0.329922002623 0.839898545318 0.652607351361 0.187652705839 
0.330812379827 0.665264730575 0.579543982608 0.642718625073 0.573735815911 0.454327212578 
0.318506464755 0.359770795102 0.347511798035 0.624085146522 0.601904697209 0.730634574245 
0.349789558371 0.371261282092 0.455523627731 0.487966131597 0.863197851108 0.175415516945 
0.33503045232 0.488844696526 0.60432905516 0.654010427047 0.623435942318 0.410390710306 
0.353151499274 0.374155854298 0.446227085746 0.402221010126 0.693203856255 0.70831823146 
0.24709287579 0.316027544592 0.703001539071 0.655925897937 0.575677133958 0.478736634065 
0.332397971705 0.428133901948 0.494740331011 0.457415082582 0.647461058473 0.581683486286 
0.354669653047 0.380522563832 0.480037315558 0.482642251791 0.674285455157 0.532790356064 
0.355094804831 0.384779868132 0.417187730918 0.662371075357 0.713210728417 0.458041481978 
0.222848287098 0.306768869396 0.728226133944 0.67172497847 0.577905341099 0.508721414924 
0.344811363943 0.400146805095 0.533341352842 0.534960343137 0.715661505636 0.568766509185 
0.351446363379 0.377710660509 0.392676893888 0.728379034898 0.546500968977 0.752303370778 
0.353155776627 0.372739219755 0.431618556967 0.62588277519 0.679932531548 0.402221813139 
0.262799021845 0.322596956474 0.685586278318 0.644973674574 0.574072864929 0.458450158328 
0.413354049099 0.422118200815 0.91218442095 0.629630019266 0.787563663144 0.396151253069 
0.404118861778 0.221424142724 0.344151287896 0.809099713599 0.647221429192 0.175904823587 
0.354204759648 0.379720171617 0.454029964119 0.506888079902 0.453446710858 0.809456978192 
0.322252463133 0.361129923927 0.356893420485 0.613746191374 0.594981903908 0.697888049223 
0.344484740638 0.354013856903 0.502596546163 0.455467005692 0.823663221934 0.323796418971 
0.351624554361 0.377095398695 0.405350707456 0.696955794607 0.543016048514 0.687958381466 
0.437244906501 0.463486946013 0.708970583493 0.849129811355 0.70810878501 0.109701311583 
0.306143121139 0.351940464463 0.313972699558 0.719832491932 0.698575315241 0.487984641643 
0.347908858381 0.426826651715 0.491631008176 0.45773196432 0.631340140997 0.543402214784 
0.320258486465 0.705063763641 0.588037829058 0.65888668882 0.576102049335 0.484293019916 
0.348493408456 0.358422781406 0.422278642475 0.456794773836 0.333145577716 0.840886117402 
0.390359363457 0.405651783977 0.734858811949 0.552395158913 0.646394707028 0.766877219853 
0.345438890703 0.367159546253 0.83195247322 0.639793732919 0.602222445906 0.577663850946 
0.330047657121 0.340627454162 0.5876451374 0.717523345043 0.790662437101 0.171772276618 
0.35295483496 0.380746542036 0.426072729114 0.636942579955 0.689992780038 0.419069091347 
0.336647902788 0.445591077149 0.626717239138 0.574295933856 0.577342584006 0.512674069246 
0.470653734591 0.109762758387 0.300217805026 0.907257665611 0.664211518899 0.21436046865 
0.323572613586 0.475575009607 0.558077065196 0.690718514712 0.595323072597 0.565750647999 
0.366340730663 0.323328398382 0.608125531742 0.758360063092 0.82843423404 0.190966250548 
0.352377992397 0.379182134865 0.44306524616 0.429177537139 0.646970323726 0.655653105681 
0.34976749496 0.371138591707 0.45534441122 0.487860115437 0.871045673948 0.178392060149 
0.24709287579 0.316027544592 0.703001539071 0.655925897937 0.575677133958 0.478736634065 
0.380160533476 0.398348436223 0.656209607274 0.77305042246 0.648439941391 0.647585362307 
0.348181494612 0.402306244704 0.508396616104 0.494178111481 0.683225851536 0.710836874535 
0.392971695358 0.614362113416 0.627453908443 0.554399027109 0.590817520711 0.595175947229 
0.256564613772 0.319928857996 0.692617740729 0.649401325245 0.574727793604 0.466599699484 
0.329086099958 0.457646298615 0.671167798813 0.594371384746 0.589766309204 0.577888259653 
0.351567371318 0.37731636356 0.399830648406 0.710797916094 0.544566179261 0.716166983357 
0.347631740635 0.397679968288 0.509350501967 0.514706508897 0.656508194217 0.459331761033 
0.353151499274 0.374155854298 0.446227085746 0.402221010126 0.693203856255 0.70831823146 
0.241769356781 0.313909431952 0.708695558575 0.659497709316 0.576189298689 0.485443401806 
0.37609481052 0.398387338407 0.594256215386 0.683541281937 0.616883447144 0.511582978958 
0.318061400342 0.527980872711 0.657364938123 0.711355461307 0.647086343695 0.489595851425 
0.413354049099 0.422118200815 0.91218442095 0.629630019266 0.787563663144 0.396151253069 
0.363668675143 0.490416544864 0.522682112951 0.602492432807 0.762457877978 0.0338384750023 
0.384343624485 0.547648891001 0.73336851899 0.69295902856 0.632423958335 0.16323885712 
0.373781293981 0.483403469234 0.619410854811 0.583953974701 0.570023600211 0.462011982567 
0.353381374825 0.379381734251 0.485916534234 0.487671849795 0.720971613212 0.624177433294 
0.363072877862 0.331346010608 0.595843405215 0.733814943812 0.805734183527 0.179424119878 
