0.342810060508 0.471845873179 0.481212775672 0.497399099267 0.717771867903 0.462837172629 
0.520696366346 0.660979910964 0.607425125029 0.759986909163 0.72390069696 0.332532285396 
0.3630326734 0.478807700675 0.42640785765 0.677033611293 0.617900917116 0.630134782507 
0.334535997456 0.465897694834 0.392720969006 0.752808990156 0.827429163661 0.352028497936 
0.314241770249 0.509352101213 0.543921609784 0.572325034407 0.832086936815 0.102003571152 
0.305133672378 0.62234069393 0.512231232131 0.625379402917 0.629721659654 0.399939760083 
0.295762421443 0.433195850088 0.624300429258 0.71052053439 0.649446744609 0.0570909511359 
0.33209144933 0.496977609441 0.424919994609 0.706075785596 0.779242784736 0.274786683614 
0.319509021421 0.454006428532 0.400358201948 0.449979140749 0.434481858662 0.775217096956 
0.331283302093 0.468592137714 0.559046242605 0.52528453832 0.70116565727 0.412532801612 
0.319168011283 0.459212111741 0.441580875853 0.180861705315 0.783400436051 0.552862978794 
0.329216062967 0.467600005577 0.394613103624 0.762214960057 0.663409010176 0.348700828759 
0.329569668361 0.470322793026 0.36913275644 0.388126618612 0.552606416487 0.766704931777 
0.336571263069 0.452906446547 0.39672261012 0.548862628426 0.77049551299 0.427604051866 
0.329464845017 0.462916766403 0.416839897639 0.432811758721 0.807792552989 0.453416092667 
0.326962888168 0.460766974141 0.311584272584 0.76531285472 0.688787246878 0.373436149199 
0.32978068564 0.451253877457 0.489903393398 0.574857312469 0.578893574285 0.550109124742 
0.332504445412 0.449378542212 0.433226109703 0.309224390369 0.295315555906 0.72304992809 
0.319268204169 0.49196556078 0.643311905645 0.638537518274 0.844673869432 0.117718933754 
0.382611683791 0.630957129134 0.542012668252 0.617300016662 0.866755299594 0.0666433434842 
0.330564653882 0.462948158275 0.399275684512 0.407818232252 0.457319480483 0.789378030439 
0.340747919254 0.441771782962 0.391001915302 0.747994856625 0.741095580097 0.325561784777 
0.32945533815 0.471016042565 0.367085178062 0.38641352549 0.55515885279 0.783654899639 
0.319236031873 0.49194921165 0.644164569668 0.639003701445 0.845667682271 0.118011335491 
0.33015726987 0.445970530718 0.500432013783 0.590418088839 0.588566823542 0.594710608737 
0.329741390117 0.466507001124 0.428048910766 0.471976382002 0.629671268616 0.731197863617 
0.602805705228 0.616352889456 0.566437022122 0.775724215211 0.633459657843 0.340954000755 
0.43579567167 0.526632549424 0.46902852523 0.540767797007 0.791161748011 0.0484330572769 
0.354680001627 0.493791949891 0.452973686713 0.472444333795 0.600845001843 0.633953160731 
0.47423825103 0.543061646452 0.178264442459 0.873654968059 0.708505056127 0.511081959756 
0.313825388712 0.449748843969 0.398532085992 0.454324597379 0.435158611321 0.914208031217 
0.334924250675 0.441477801252 0.442534230776 0.29116041155 0.280493323771 0.819442160605 
0.331031285252 0.461017537645 0.4042380844 0.702997049865 0.778334348833 0.306363142916 
0.363518422412 0.491902691802 0.540216386694 0.660934180653 0.834902786777 0.369457674486 
0.348756490969 0.475721026249 0.516276641967 0.530716452779 0.547662938692 0.626354539773 
0.362348662429 0.4790706082 0.42674261408 0.663136196617 0.611691951323 0.603170415855 
0.340747919254 0.441771782962 0.391001915302 0.747994856625 0.741095580097 0.325561784777 
0.325258760331 0.444454477895 0.462627311848 0.460188622882 0.535637979366 0.745090163953 
0.265032846326 0.410533126602 0.676157508724 0.756156003096 0.659595578473 0.0645770464053 
0.226493623337 0.427970609892 0.705973002747 0.66426079558 0.677079249144 0.540933970038 
0.345023917011 0.470421726825 0.414997702977 0.616878793145 0.858428490332 0.327639541625 
0.340256967918 0.442572810747 0.391518660075 0.745313561228 0.739323244641 0.323407554774 
0.333518530864 0.465399402726 0.395314500827 0.741044560025 0.815811735963 0.3412144919 
0.527163927661 0.573973832464 0.522070774831 0.678820669645 0.574941837636 0.546997610462 
0.33209144933 0.496977609441 0.424919994609 0.706075785596 0.779242784736 0.274786683614 
0.330616357684 0.465796381543 0.408286609384 0.433922045042 0.240631310114 0.751881741542 
0.420342570272 0.517514280347 0.233656279345 0.812189351881 0.683951387137 0.443304802065 
0.379117008379 0.480420898739 0.265009753265 0.314033217626 0.302238745365 0.769426213338 
0.330164556024 0.463603763264 0.40640450085 0.689456056192 0.765035897732 0.294011574773 
0.32947115646 0.461616921507 0.457626367499 0.578132859163 0.55372350097 0.667265957085 
0.317509732555 0.452477454722 0.399671818121 0.451576858882 0.434731246227 0.825220225661 
0.384351018845 0.532056830944 0.44039907807 0.45834989435 0.802072434483 0.50265247439 
0.327733858472 0.470412349991 0.393637890343 0.332062699983 0.271442230767 0.724238269227 
0.330031481178 0.463433213299 0.417052677923 0.365542118871 0.934332252747 0.173671093037 
0.334066392811 0.400516596411 0.574446064713 0.522918872608 0.58969784327 0.599947710179 
0.329641442494 0.469865331068 0.370517071436 0.389294945128 0.550872383548 0.755222715276 
0.330133481452 0.463277968489 0.409631428057 0.419937551477 0.325453778939 0.7897470087 
0.363518422412 0.491902691802 0.540216386694 0.660934180653 0.834902786777 0.369457674486 
0.33003031387 0.463941044926 0.406827678787 0.686985995599 0.762612577954 0.29176179622 
0.334614286759 0.397683318233 0.577930199044 0.523521841309 0.591492554281 0.608266623927 
0.327345927015 0.48040348696 0.374904786901 0.391204468383 0.548050279313 0.736595873332 
0.527163927661 0.573973832464 0.522070774831 0.678820669645 0.574941837636 0.546997610462 
0.453460969376 0.533491554454 0.198662373055 0.851198701472 0.699456770519 0.485955455363 
0.331654880341 0.496880783985 0.424193474841 0.721959977614 0.794314717183 0.287386566128 
0.331116002745 0.459572886729 0.496427059296 0.491822212926 0.235786744859 0.788186627719 
0.329814249754 0.462645161384 0.454276401769 0.567483039082 0.548442466684 0.631600681329 
0.338983573862 0.44470043425 0.392905187492 0.738130283171 0.734578038531 0.317643683209 
0.313218611475 0.449308472373 0.398356725578 0.454758586 0.435226023314 0.928574636008 
0.338896278735 0.444849144483 0.393002891253 0.737624688763 0.734244210693 0.317238406012 
0.266719940628 0.438317266193 0.651232103043 0.636920851197 0.654644452134 0.47334394243 
0.329586786834 0.470215412348 0.369455189889 0.388397988939 0.552203157051 0.764032240776 
0.341523451843 0.469867383306 0.413018069084 0.640683136329 0.914737797249 0.369822769752 
0.34957585261 0.47552504188 0.532841052256 0.539833074503 0.555883314172 0.68190969702 
0.329924197018 0.464284101997 0.407138879982 0.685057940627 0.760721562645 0.290006427322 
0.420342570272 0.517514280347 0.233656279345 0.812189351881 0.683951387137 0.443304802065 
0.345966598956 0.415005816516 0.503969426939 0.603646715313 0.596793844929 0.632897592384 
0.244681246586 0.432354098028 0.682057719096 0.65245332304 0.667276028937 0.511260354527 
0.331283302093 0.468592137714 0.559046242605 0.52528453832 0.70116565727 0.412532801612 
0.362290486962 0.481320724174 0.699011729113 0.668565514994 0.909574000897 0.136826064563 
0.33056114104 0.462946181184 0.399414002185 0.408168686109 0.457059450664 0.782112732372 
0.349111462701 0.475660133461 0.522623103924 0.534246851958 0.550822043978 0.647645082629 
0.424566725516 0.618140283457 0.48157315449 0.654576283319 0.692883568435 0.620903712165 
0.32506013124 0.496639872164 0.500639863022 0.513016028209 0.534696808925 0.621687446582 
0.33818999296 0.446067089599 0.393807180423 0.733465443664 0.731498818558 0.313906516858 
0.363168512295 0.478745113451 0.426330476841 0.680169282709 0.619300612919 0.636229524679 
0.325159429723 0.454882626846 0.429073364071 0.469504239322 0.451452474736 0.747585236246 
0.327875017259 0.461622972914 0.296909124647 0.78667493701 0.698518293911 0.393094816425 
0.329582682972 0.470241248736 0.369377473977 0.388332539443 0.552300388699 0.764676531473 
0.347051258211 0.516931353223 0.435765546854 0.730208332141 0.609001605156 0.718065998089 
0.342738639602 0.469774060778 0.419259241923 0.471308731514 0.473331533346 0.742958981208 
0.259958109296 0.436399837902 0.660952104268 0.641861785292 0.658628069975 0.48525861431 
0.33015726987 0.445970530718 0.500432013783 0.590418088839 0.588566823542 0.594710608737 
0.344994265475 0.435203125161 0.386860897432 0.769572849843 0.755379561994 0.342949777499 
0.329095110596 0.460449709999 0.461309813795 0.589909346385 0.559548119767 0.706825826367 
0.354680001627 0.493791949891 0.452973686713 0.472444333795 0.600845001843 0.633953160731 
0.320058312387 0.529172308226 0.59329517739 0.598258222513 0.747693268265 0.248449029338 
0.411292340217 0.502578683621 0.464383363214 0.48687574498 0.473581081015 0.715546188539 
0.305133672378 0.62234069393 0.512231232131 0.625379402917 0.629721659654 0.399939760083 
0.520696366346 0.660979910964 0.607425125029 0.759986909163 0.72390069696 0.332532285396 
0.329771058733 0.468981710132 0.373278347834 0.391652055993 0.547390977153 0.732255449551 
