0.449341985091 0.412774184181 0.417919790007 0.440065491718 0.461443965668 0.643771166393 
0.453086622478 0.393974389925 0.339959041442 0.34934354192 0.69289330458 0.506570576757 
0.456333181844 0.416817283878 0.398529373677 0.423141520452 0.361394330851 0.639026751538 
0.546490580657 0.451660337034 0.472038399578 0.567100976117 0.658194456783 0.431560065915 
0.456650976796 0.41601601376 0.383174666574 0.458458175704 0.468613640184 0.678834366604 
0.403415755496 0.473563497547 0.417638454813 0.513184734926 0.229161174881 0.655745692423 
0.447432353713 0.412707404851 0.401496007886 0.438586595517 0.609535930761 0.711746805339 
0.447432151768 0.442002652942 0.448615276234 0.270172305014 0.864724475782 0.244974369425 
0.440875347628 0.449884756637 0.440932557521 0.454467883945 0.618629316031 0.5877880624 
0.459368594091 0.420276273171 0.322420391058 0.641657430281 0.689455641836 0.387172600162 
0.449984904031 0.416509438454 0.38144267381 0.490385136238 0.652422423301 0.543521313321 
0.451951334842 0.417811371205 0.428502107052 0.289488475554 0.347888163536 0.64096620677 
0.459843187547 0.415708571847 0.35915749384 0.378993003512 0.37507352364 0.846068487245 
0.444113136012 0.410286380888 0.703065149968 0.673894322506 0.65394014336 0.171939161387 
0.441352866301 0.408546400782 0.403715319913 0.472792905058 0.7202213239 0.429724514782 
0.403493423721 0.390890372356 0.271153780178 0.646303319491 0.662875837028 0.528706869341 
0.451148346633 0.405863991661 0.452143624739 0.46168557114 0.706113746208 0.466074211248 
0.464143910195 0.443618947717 0.287777720931 0.598787443432 0.844701033496 0.244287750159 
0.449075797764 0.410418444414 0.366024998585 0.467990547077 0.902171518849 0.150609543125 
0.422871982522 0.296891964215 0.720917285013 0.712828367341 0.805948681675 0.0242087527127 
0.464459064542 0.421535357748 0.626361787404 0.546805665188 0.729528563788 0.213391486586 
0.460757610493 0.418663247116 0.343564906799 0.502404551894 0.588077804331 0.826565507752 
0.462455896343 0.44251510541 0.393877837207 0.717788141345 0.751366824348 0.36096952541 
0.496419728121 0.467634382757 0.461688633516 0.522551221576 0.553319196746 0.635395212287 
0.463276829296 0.432893686167 0.65279849324 0.596706207504 0.758058226818 0.161235298155 
0.471682592851 0.441251996285 0.601434800142 0.782399585415 0.749103474471 0.294535742997 
0.450553264592 0.412915811501 0.379746888241 0.412014011748 0.412007484475 0.77983313538 
0.472489260516 0.453912867311 0.408298819044 0.304464841473 0.356915599782 0.722334867919 
0.480992585411 0.491126736229 0.466878457008 0.46498180043 0.152551766101 0.527773897043 
0.472413218809 0.420219293599 0.450365290279 0.746515583293 0.614263755104 0.548821502098 
0.450028419727 0.409724283603 0.392188030026 0.427725831643 0.400655001648 0.726773374777 
0.456069765722 0.569157831432 0.58351349813 0.540773590351 0.618593347196 0.535817223602 
0.449929843894 0.413327281348 0.3780909028 0.412815954362 0.520416543054 0.746801696402 
0.477483115015 0.428351057704 0.389661424139 0.437703663835 0.579950326023 0.590232378513 
0.535627192046 0.452204472732 0.433783790047 0.474815149602 0.876324574416 0.406644621287 
0.449075797764 0.410418444414 0.366024998585 0.467990547077 0.902171518849 0.150609543125 
0.819935385461 0.609064048662 0.520207743379 0.53876530498 0.64769020512 0.483682150378 
0.403493423721 0.390890372356 0.271153780178 0.646303319491 0.662875837028 0.528706869341 
0.46403359189 0.444174869024 0.397398274477 0.668879107442 0.719874433725 0.316674961361 
0.42264035751 0.402903070312 0.421132510198 0.488563985146 0.551885175159 0.738705798662 
0.403599036129 0.390930030484 0.271387173745 0.646081536047 0.66273616112 0.528265855775 
0.441343904681 0.3735438037 0.349982363409 0.374659833313 0.696147146032 0.543663741218 
0.446817818936 0.412574195074 0.402019233044 0.438839558972 0.617483758321 0.744439573632 
0.499963284134 0.477957200486 0.419454306329 0.51899941437 0.224500808977 0.674287114578 
0.55523905832 0.450882112459 0.581021823014 0.55463214188 0.822339419908 0.0263877564562 
0.460907264591 0.425827206238 0.472807274462 0.488692012272 0.56506536396 0.538576097859 
0.455948490606 0.386630595302 0.326395628305 0.329678797476 0.717653093321 0.562152303144 
0.466509132734 0.442298296899 0.401624540071 0.317491844837 0.36263253627 0.645953034484 
0.448603179021 0.418335860041 0.383407924555 0.424068870685 0.896716614181 0.0390922871784 
0.464159466624 0.4442481799 0.397734611514 0.664416246213 0.716998376023 0.31265196748 
0.61155525452 0.537126100479 0.60563578111 0.856536498292 0.746883322543 0.0295768166165 
0.451979903481 0.414793701652 0.384800078144 0.376524331604 0.613043263354 0.593258141756 
0.448627079408 0.433752552897 0.295174494385 0.360953014201 0.662361050451 0.552859610658 
0.456330039739 0.416665955603 0.352557072749 0.490773905641 0.57074735476 0.726536677409 
0.451302409393 0.403892612534 0.354628983962 0.458641351864 0.295352209414 0.695956672659 
0.440875347628 0.449884756637 0.440932557521 0.454467883945 0.618629316031 0.5877880624 
0.430697675419 0.398561399134 0.760787583298 0.699484118015 0.658197822325 0.188797548493 
0.449059917184 0.410339373247 0.365617135521 0.46723633158 0.913727731876 0.154322746091 
0.440762188519 0.368935306415 0.34748238626 0.371583971912 0.703081733781 0.559306974232 
0.446055350944 0.411282344947 0.696642766493 0.670955240213 0.653433208595 0.170077829232 
0.472241335437 0.420450846586 0.448282493348 0.727593157162 0.611637466858 0.52477150337 
0.451880386782 0.39777962593 0.34709320643 0.359964646483 0.679457373011 0.476941138208 
0.427535003606 0.328165821455 0.672601644775 0.681305909701 0.777310387708 0.0217736268643 
0.449929843894 0.413327281348 0.3780909028 0.412815954362 0.520416543054 0.746801696402 
0.431634567642 0.403774211442 0.761320592463 0.562777926147 0.803839890294 0.278906831806 
0.472624702585 0.420115262989 0.449311360557 0.736862273453 0.612929844164 0.53653310721 
0.472128154885 0.420587531104 0.447082377219 0.71697871002 0.610142377577 0.511350577509 
0.449059917184 0.410339373247 0.365617135521 0.46723633158 0.913727731876 0.154322746091 
0.468033739366 0.450936358432 0.406477061391 0.308043181256 0.358496777404 0.701065560424 
0.721615363621 0.544260352796 0.574038906593 0.554627473139 0.70921220069 0.350104665302 
0.456588959118 0.416092513061 0.383318026511 0.455426529324 0.468006998228 0.646637896197 
0.46233822696 0.442352124808 0.393649460334 0.721131198567 0.753518243438 0.364009534351 
0.419434589672 0.561251878826 0.663968388149 0.543290303618 0.659831242157 0.525639087318 
0.421269283338 0.284166274554 0.739712326346 0.725040335622 0.817166569477 0.0251677390105 
0.458156783001 0.417591932595 0.405328372183 0.42588938939 0.354616535644 0.700676082849 
0.45217282055 0.396790341881 0.345229690136 0.357168088978 0.683000629186 0.484713885589 
0.448268740288 0.438023763168 0.277596530671 0.350386885389 0.709465675403 0.493720096497 
0.449031672557 0.410110389171 0.364316584577 0.464121095328 0.961702279354 0.169756645667 
0.450819623571 0.413790005974 0.378864278504 0.408638693277 0.68712060893 0.52647352553 
0.450017361918 0.413374615616 0.378163660691 0.412316056924 0.522728258208 0.76803903708 
0.463723283714 0.4309216948 0.38948039954 0.440137492868 0.611378186438 0.719323247839 
0.442716625821 0.455148143556 0.249633864378 0.343496459972 0.697903083978 0.65852572438 
0.456759624431 0.384784552224 0.323017879948 0.324867029973 0.723695446211 0.575881422078 
0.449934164304 0.413329664671 0.378094594332 0.412789035112 0.520540923354 0.747943784723 
0.381974395115 0.380470320526 0.221861604619 0.754889700569 0.781460211596 0.0221251665059 
0.461529704306 0.426837780629 0.341963208449 0.544069936986 0.66946995775 0.69934325703 
0.456019230045 0.567789128811 0.581709557111 0.539632076195 0.617016891102 0.53850747663 
0.463213163323 0.418503991951 0.393353587846 0.421842603202 0.906437745751 0.0938962685214 
0.472128154885 0.420587531104 0.447082377219 0.71697871002 0.610142377577 0.511350577509 
0.451972686125 0.414293590042 0.383710229911 0.516617628241 0.610359499054 0.572945938807 
0.425570689725 0.401404270587 0.757739739466 0.6981658745 0.657984834084 0.187901401225 
0.450558937405 0.412903637787 0.379769253526 0.412030014619 0.411932977292 0.781981662337 
0.429934069807 0.405100370163 0.41611364572 0.479502958722 0.541682646503 0.666023006476 
0.450623304643 0.421257118782 0.32519941242 0.373099670311 0.670021779468 0.411474085918 
0.45112953815 0.414070722192 0.373943504693 0.443031536816 0.659328117645 0.637942003252 
0.472415391316 0.420216151471 0.450394057869 0.746781288153 0.614300306279 0.549160285341 
0.444113136012 0.410286380888 0.703065149968 0.673894322506 0.65394014336 0.171939161387 
0.454303277981 0.416942349828 0.383174416731 0.458463239959 0.468614646584 0.678888352066 
0.514233130574 0.443538386496 0.470091812084 0.617179254086 0.607473248878 0.420439237276 
0.46233822696 0.442352124808 0.393649460334 0.721131198567 0.753518243438 0.364009534351 
