0.482863747599 0.462347095075 0.387309169031 0.408351942409 0.329237805073 0.914169180725 
0.630189975617 0.657723881452 0.647625023055 0.78287573139 0.696542431503 0.00867827485558 
0.490043893526 0.485290372002 0.437039668579 0.883973635008 0.638205213961 0.0266255544071 
0.491083404754 0.384322087837 0.368614361098 0.663219513499 0.546761507618 0.647426012542 
0.470426041596 0.453493281858 0.471054208751 0.467957657918 0.834203768983 0.336327245886 
0.486996072957 0.534199388827 0.610547468849 0.778171035605 0.651562962309 0.509100247389 
0.480152528963 0.395153296509 0.557122623236 0.515516945585 0.493311917413 0.81767471897 
0.492239051892 0.467639092657 0.446755627145 0.625853971441 0.59055580319 0.6283942742 
0.454933166763 0.568986083176 0.500753831634 0.671534201154 0.735614069132 0.218378816458 
0.47417249978 0.458098847784 0.422586205213 0.392818005354 0.804712632763 0.0350828388535 
0.472780088616 0.458402671809 0.421610052586 0.4120408796 0.687628607622 0.358351503394 
0.557063354508 0.64343642938 0.52826502544 0.820261775986 0.643155294809 0.147824585747 
0.411665778171 0.651124778749 0.518555152987 0.577222708154 0.54365468587 0.623757547221 
0.554419145078 0.517586505432 0.658842469078 0.816692569551 0.609921653558 0.32147386868 
0.462904506444 0.450918385113 0.456756952743 0.557730459203 0.473901625786 0.758829726251 
0.583179529403 0.56713887684 0.538261592511 0.530382281234 0.610931139726 0.533282159949 
0.471978678062 0.468156100909 0.347911371196 0.31009181697 0.80886174156 0.273065637045 
0.472521080531 0.440429103836 0.473759300846 0.572819017156 0.710466250277 0.492347339521 
0.480119840361 0.553432960012 0.529758399929 0.643115083408 0.626418831508 0.706530645172 
0.455933111864 0.413624317385 0.375588850352 0.687083343325 0.694757175388 0.527260422294 
0.477632203819 0.421666184989 0.379899709687 0.665744042357 0.821358674813 0.29873185725 
0.47366870312 0.452903598847 0.437696405801 0.442813535248 0.791140672359 0.346886395433 
0.400838937161 0.386983170206 0.267678084229 0.798790586708 0.682705165916 0.335996188637 
0.473607651837 0.458648403072 0.428754057737 0.392581267584 0.333172631953 0.863361696472 
0.481933227285 0.464578060582 0.875299198571 0.697865022991 0.615014604261 0.204317082781 
0.52437426735 0.550169260283 0.54715895887 0.536539715507 0.52689210159 0.8166941031 
0.47279208809 0.457874531502 0.420660370888 0.425967849166 0.587980859561 0.751584297759 
0.479800324591 0.462193566702 0.426024512206 0.708792696262 0.685204657273 0.259611485627 
0.472550991357 0.457253424535 0.42078719962 0.419296391822 0.419676813418 0.894134754543 
0.469594494009 0.471311368413 0.346996513017 0.365671582548 0.645907023697 0.645072207215 
0.595646568189 0.750134075309 0.613587953558 0.74728457984 0.774067081453 0.0349041386354 
0.479533679659 0.469241157267 0.460587594989 0.483743560613 0.781692081037 0.0821747313197 
0.475747412417 0.484297085835 0.350349492246 0.284659445523 0.803261014871 0.31004054427 
0.471959872929 0.457427662438 0.427027568077 0.515868309254 0.684247611805 0.57055353846 
0.471030574014 0.45599133416 0.547295153484 0.490072979322 0.597420925492 0.627234680952 
0.44859321765 0.430418993554 0.519443904368 0.537298335328 0.731669755587 0.325280890534 
0.457355119885 0.553006440027 0.489258785355 0.636418883588 0.688795934966 0.416337709281 
0.478466269275 0.47037736371 0.431112037845 0.372901082489 0.75145239259 0.442230432894 
0.465853966414 0.428316559336 0.490273571073 0.675780102277 0.526555807975 0.729114680904 
0.504993306694 0.480839423494 0.458753099233 0.486336960457 0.797144145063 0.305000745615 
0.446772938646 0.428376227619 0.527195207885 0.546072804133 0.757002907189 0.21044890579 
0.474910797425 0.422810132014 0.585558969424 0.520835546723 0.509108064654 0.77064749484 
0.494665437034 0.376105322005 0.363987909766 0.673093183793 0.54892382784 0.669488840119 
0.473602158121 0.458642681727 0.42872236532 0.392622488654 0.333279849001 0.862104057171 
0.471831990825 0.457439299048 0.425797143206 0.338911260187 0.817229162236 0.225062977965 
0.407584043767 0.390025937041 0.327438548432 1.00928343416 0.650527316843 0.0323779325512 
0.472410033945 0.457504833347 0.417674606859 0.441070574761 0.426237969763 0.875627051684 
0.481933227285 0.464578060582 0.875299198571 0.697865022991 0.615014604261 0.204317082781 
0.507428216584 0.482889473912 0.522727901574 0.593407761893 0.629775726541 0.58851924336 
0.470690535019 0.453233718989 0.434160968075 0.438877056131 0.811901032279 0.365457986696 
0.470912988303 0.455442234269 0.492852260693 0.676697702433 0.559848428627 0.580415847851 
0.601355725353 0.621080681547 0.606133618701 0.717597606797 0.643681027677 0.442792575885 
0.47366870312 0.452903598847 0.437696405801 0.442813535248 0.791140672359 0.346886395433 
0.472206361385 0.456920181087 0.419254244371 0.545640293922 0.776436567817 0.444009117774 
0.471792778053 0.456500830097 0.425239523248 0.395834088038 0.588384066664 0.789777441373 
0.492378641386 0.467565801627 0.446725784903 0.629281156504 0.592408487333 0.636367304123 
0.400838937161 0.386983170206 0.267678084229 0.798790586708 0.682705165916 0.335996188637 
0.469128250421 0.453720176381 0.46864238358 0.689496218566 0.799234535032 0.358938359908 
0.511397057229 0.560728229137 0.522689833639 0.801653004401 0.714469322975 0.174839735976 
0.475768038852 0.484527743619 0.349996428499 0.283944777471 0.803979364517 0.310675998053 
0.47366870312 0.452903598847 0.437696405801 0.442813535248 0.791140672359 0.346886395433 
0.472827396691 0.457319596712 0.389937408709 0.407154936806 0.759337568054 0.310370177492 
0.471937088747 0.456490602356 0.419863813813 0.422919121824 0.604916987127 0.752311761025 
0.47185294773 0.456550166506 0.42443809578 0.398612394106 0.583381121299 0.767344450351 
0.461542966471 0.429002678062 0.389896563764 0.653805661593 0.667832629806 0.471781596361 
0.472577671228 0.45727855383 0.420820540876 0.419180957624 0.419793047581 0.902967729084 
0.497199382608 0.480343653983 0.732067917853 0.657852426871 0.608500676366 0.167149344879 
0.460109599819 0.425096798548 0.386164099702 0.662567719093 0.674886415371 0.486293711475 
0.479734463968 0.562731205547 0.538083661093 0.658676640719 0.637124446705 0.747776554638 
0.378415851904 0.369160251987 0.227727062688 0.840533194083 0.700526223202 0.369381855571 
0.472601925258 0.457152798596 0.449225566543 0.886681647596 0.638473813242 0.0267409907434 
0.4705554691 0.452886983972 0.437010300278 0.44203134152 0.795231684759 0.350542706188 
0.461191535289 0.40109337323 0.542713031975 0.554249748636 0.801993544754 0.394966921313 
0.38525257489 0.374500098735 0.23974021695 0.82818214352 0.695215015648 0.359382950665 
0.49901576274 0.515929761595 0.453156168723 0.548554197429 0.513390751025 0.693037395284 
0.471697899876 0.456469491858 0.544400787797 0.489758435395 0.594662069439 0.61782916029 
0.471680121652 0.456059389328 0.471947122934 0.472806284266 0.772269419934 0.288435822377 
0.473551570204 0.453468058755 0.433334339549 0.437987191403 0.816652406836 0.369714142467 
0.470703455472 0.455275665702 0.466587622711 0.655149635195 0.757230712697 0.319090408167 
0.487456538992 0.469480584251 0.835273056914 0.68770833916 0.613455877863 0.193799048724 
0.452702928655 0.574012531548 0.502738821579 0.679917433085 0.743633877221 0.224249474324 
0.45129183453 0.566340648274 0.494471336106 0.658687747722 0.710097760493 0.451014820188 
0.464331244275 0.451973693852 0.415028703879 0.775296532601 0.722414966456 0.303757758135 
0.473631659996 0.457911545167 0.926739609839 0.71004953957 0.616803048794 0.217994372416 
0.472601057789 0.455538341431 0.423873259122 0.428401411506 0.869107558042 0.416820821479 
0.412281658867 0.394364726832 0.333130867716 0.994802319978 0.649177917819 0.0317057033192 
0.453544435229 0.40701038033 0.369703692537 0.700571897644 0.705767218725 0.550005991366 
0.444717083036 0.426767493151 0.524357017331 0.540783605899 0.746088286236 0.339567739655 
0.492378641386 0.467565801627 0.446725784903 0.629281156504 0.592408487333 0.636367304123 
0.471887247876 0.457169333155 0.423491918981 0.353201395658 0.79761262356 0.213742876799 
0.475768038852 0.484527743619 0.349996428499 0.283944777471 0.803979364517 0.310675998053 
0.474512813905 0.439802833731 0.39934113236 0.622938078484 0.752833132269 0.248516815967 
0.427098627109 0.408381557401 0.351709702403 0.946833603388 0.644610922375 0.0295040091809 
0.472346433339 0.457450426734 0.471853026208 0.475091798493 0.745991458715 0.268182167168 
0.459180422334 0.42255564639 0.383775211357 0.668142586367 0.679388092561 0.495564096222 
0.455395521094 0.441389083849 0.469620217347 0.748694582455 0.690505800776 0.505058725551 
0.44592539282 0.440186415716 0.525787284525 0.80722662752 0.680869044711 0.332585091819 
0.48219646452 0.407250420749 0.382285197915 0.633995906899 0.540344227589 0.583798082215 
0.472186899919 0.457252501879 0.420643805671 0.419807854247 0.419161754645 0.855155746028 
0.471969678716 0.456648365824 0.419945140566 0.745381296245 0.705662173479 0.283809672094 
