0.366667033492 0.401948650743 0.340378753546 0.348017879909 0.604328236289 0.666939994592 
0.367120822742 0.4030388995 0.477119050864 0.437047119884 0.90762705437 0.317355143625 
0.355342623639 0.394343331954 0.439000505483 0.314008637338 0.366263314054 0.852033612146 
0.410704687019 0.458765102478 0.459983385296 0.475989738114 0.660000547625 0.593259481223 
0.373759258515 0.405526513168 0.376274872644 0.392395522049 0.385796211652 0.687131600599 
0.56518091305 0.604496170552 0.583955363207 0.594549398372 0.700589533317 0.342890706582 
0.311553827241 0.353773335171 0.57801181785 0.512684101794 0.648181413178 0.645660525732 
0.360159236998 0.425306092913 0.645783761249 0.698562574297 0.63731934773 0.463550432496 
0.365566229205 0.413892879547 0.41505997186 0.43930016723 0.487357937173 0.660664744359 
0.366825456646 0.403531347936 0.401223390899 0.396102578138 0.442941112561 0.813649250078 
0.364459248595 0.420292810921 0.44996076484 0.661051458082 0.641986206825 0.391453873491 
0.367259938267 0.402605168865 0.394398432717 0.41538251099 0.439360593021 0.822222820575 
0.363914876164 0.400016435331 0.39643134442 0.42589015765 0.496292438118 0.652880550875 
0.351769230216 0.385036097228 0.354807829116 0.672860467531 0.761198605107 0.185086626224 
0.432728374236 0.437872717554 0.718189824259 0.62890309594 0.625811291962 0.647566278938 
0.362005077187 0.413847195717 0.457604630332 0.770229476827 0.708544747197 0.298609531639 
0.366939586113 0.378561212097 0.485672934584 0.512817436966 0.627630729831 0.574905241134 
0.355579551793 0.430860660422 0.415721910076 0.649814084329 0.721642206844 0.484245471009 
0.405630208998 0.425594249329 0.447763937584 0.259099100592 0.332035195341 0.861956620172 
0.452760412106 0.488303780884 0.529609813883 0.644493218289 0.775929881408 0.0152183750956 
0.374747918132 0.350556745917 0.787225561629 0.584519911195 0.634065896213 0.602402670575 
0.343334296022 0.384490165941 0.382134683667 0.459997438293 0.840719507742 0.406485132463 
0.370559807537 0.392696245668 0.419787300703 0.508867967842 0.714467510872 0.689694175943 
0.416849896655 0.472050846676 0.453244102368 0.502085119464 0.802677949414 0.0948312062556 
0.409197750051 0.610515560668 0.511609633187 0.611660004304 0.761358886654 0.470544101272 
0.366492730361 0.42013113526 0.412314804653 0.763021280598 0.830476843402 0.135226673805 
0.54448040184 0.532809737014 0.49832811336 0.669092083756 0.608839016884 0.483552302986 
0.437524857926 0.446393026267 0.453610392362 0.472442920666 0.798425055153 0.164272695703 
0.442143869875 0.592920182761 0.76391110244 0.624515403338 0.834364059886 0.0818837707181 
0.364822377779 0.402671421571 0.401608654727 0.420858628341 0.582718180211 0.704647156529 
0.367101717301 0.403792470729 0.402666809759 0.396622865803 0.435814951496 0.757250236603 
0.427565960668 0.429371484375 0.281984047878 0.79137498538 0.703944672729 0.203214990297 
0.386458556567 0.459323520151 0.460185594983 0.531268447418 0.602979131258 0.627017759247 
0.352741211254 0.424115528214 0.330784420722 0.325483292951 0.237523427664 0.698057477302 
0.36496974 0.400699346478 0.402240792224 0.420876512082 0.568528271712 0.709112188422 
0.365029908813 0.40079276092 0.401057177589 0.457976289892 0.723876412984 0.592248545346 
0.358932871403 0.481876566066 0.622212455849 0.0228940223483 0.276206211571 0.570922231426 
0.370483727968 0.415658400988 0.413597155798 0.44003030512 0.489626734291 0.691744315312 
0.362040297744 0.413941463073 0.457635743765 0.766269727363 0.707419650401 0.296187525442 
0.395192860192 0.429560551584 0.43461632347 0.655111917423 0.813958497303 0.523911226464 
0.451940820862 0.449206271426 0.455402660169 0.472127225099 0.844809733034 0.185679632057 
0.365720066015 0.401652717977 0.40312533551 0.427884735479 0.338148833519 0.697352991423 
0.432728374236 0.437872717554 0.718189824259 0.62890309594 0.625811291962 0.647566278938 
0.369356998282 0.368407047008 0.500461192567 0.526782407982 0.64640865719 0.642041087222 
0.348161226887 0.335016751852 0.324431859606 0.624560811049 0.828033881502 0.263789523499 
0.375766350967 0.406425233534 0.300687526398 0.313214832026 0.635631322523 0.84517679597 
0.452760412106 0.488303780884 0.529609813883 0.644493218289 0.775929881408 0.0152183750956 
0.370559807537 0.392696245668 0.419787300703 0.508867967842 0.714467510872 0.689694175943 
0.344437765958 0.385327470215 0.382937305439 0.457439292403 0.821023649844 0.452203170102 
0.313947043859 0.339452539764 0.616800073437 0.793342646398 0.767251840107 0.214346865052 
0.355342623639 0.394343331954 0.439000505483 0.314008637338 0.366263314054 0.852033612146 
0.391451319647 0.415116435898 0.329348718545 0.726435580182 0.688823293349 0.176174229713 
0.288781771319 0.336334314964 0.360111068868 0.66090099105 0.759062717892 0.397035284836 
0.365488620563 0.410430794896 0.404520383663 0.830187482612 0.878542962263 0.155628217438 
0.386458556567 0.459323520151 0.460185594983 0.531268447418 0.602979131258 0.627017759247 
0.279167980452 0.329380683234 0.357306919831 0.670857750204 0.76790112308 0.410215966351 
0.361262696605 0.396365619684 0.262971798706 0.840896285774 0.702209038197 0.0649904629394 
0.358769166314 0.370781758669 0.384452239483 0.607660919912 0.866749546618 0.243470533501 
0.365046782804 0.400834029939 0.402361015794 0.457403481319 0.699601058665 0.540456439844 
0.364822377779 0.402671421571 0.401608654727 0.420858628341 0.582718180211 0.704647156529 
0.376608345706 0.299658341281 0.340590923949 0.677565080209 0.737298965459 0.524763524445 
0.288781771319 0.336334314964 0.360111068868 0.66090099105 0.759062717892 0.397035284836 
0.386894506272 0.314205133958 0.884388342305 0.602388089662 0.647268668085 0.70453423461 
0.373595994405 0.415644365499 0.410413669187 0.362137350743 0.386231536524 0.665320904537 
0.36502986746 0.400792818256 0.401139188174 0.457938358231 0.722228151183 0.588729322773 
0.365126285689 0.401025709196 0.398013162068 0.409534935753 0.451723122947 0.842090469727 
0.288402964934 0.312119165055 0.660508142863 0.870985926121 0.800634792379 0.248736789424 
0.383629241838 0.417535230558 0.467749694688 0.613105496159 0.865779671912 0.235996517521 
0.412932571852 0.423978141792 0.299354339464 0.768012565754 0.698536026139 0.193319234963 
0.358339840076 0.396190895488 0.431538941364 0.322745395021 0.371612069581 0.783812922906 
0.365059622135 0.400864106021 0.402761068956 0.457239022891 0.692900709165 0.526177289539 
0.354570304279 0.427295878219 0.412011997961 0.699392348025 0.757714448328 0.561329765 
0.372808680103 0.405167412607 0.377081972352 0.392737850056 0.388091508294 0.66345964903 
0.366035179583 0.402871339966 0.337033601894 0.344979764978 0.607074116651 0.682088984758 
0.365017697321 0.400797347494 0.402691714263 0.421821814915 0.559415983485 0.654681232617 
0.426009472918 0.45108471243 0.263078671349 0.816410180981 0.709714017067 0.214009790043 
0.361947895688 0.39723808763 0.245731220987 0.862117512642 0.705542811956 0.0676224782956 
0.365059277297 0.416581573045 0.417866425215 0.443824495363 0.490684645629 0.737739360596 
0.395192860192 0.429560551584 0.43461632347 0.655111917423 0.813958497303 0.523911226464 
0.365319872573 0.415252148919 0.416485012206 0.441598388884 0.489048139878 0.699745069249 
0.385078283441 0.681017835031 0.607973377862 0.619203684752 0.622313031935 0.61858984202 
0.410704687019 0.458765102478 0.459983385296 0.475989738114 0.660000547625 0.593259481223 
0.373759258515 0.405526513168 0.376274872644 0.392395522049 0.385796211652 0.687131600599 
0.442143869875 0.592920182761 0.76391110244 0.624515403338 0.834364059886 0.0818837707181 
0.365283899425 0.40316269143 0.399588891403 0.458350529476 0.740405223169 0.627557587779 
0.350399325171 0.364320818003 0.50784778313 0.533789591265 0.655872771407 0.675932597802 
0.365236529198 0.402497752257 0.401200546521 0.419788866864 0.591395371601 0.750737594561 
0.386458556567 0.459323520151 0.460185594983 0.531268447418 0.602979131258 0.627017759247 
0.36381238909 0.420194774961 0.450497997986 0.687220332622 0.647932058163 0.419215009727 
0.373230976103 0.405329153714 0.376720382774 0.392585068119 0.38706740148 0.674021334171 
0.583662377647 0.492920298613 0.48321048945 0.6755616352 0.818051519276 0.0392188471754 
0.300079336159 0.324479535821 0.641014826948 0.836201166209 0.785708754614 0.233285616559 
0.395192860192 0.429560551584 0.43461632347 0.655111917423 0.813958497303 0.523911226464 
0.36297054268 0.398488800112 0.225697801667 0.886248002379 0.709294256522 0.0706558021645 
0.56518091305 0.604496170552 0.583955363207 0.594549398372 0.700589533317 0.342890706582 
0.363827479709 0.39619329726 0.453449070315 0.647569782892 0.686650826417 0.292590222433 
0.343061746675 0.384658801448 0.382559708046 0.456491746452 0.837239456659 0.471741517249 
0.365125348102 0.401025116964 0.398014475173 0.409540199164 0.451726609641 0.892318103645 
0.365282839228 0.402705455971 0.401659210678 0.420986784602 0.581674425335 0.699109310204 
0.341869252972 0.387212790612 0.382937305439 0.457439292403 0.821023649844 0.452203170102 
