0.518877746641 0.401757497681 0.348682779974 0.520142218527 0.826803976455 0.342364733613 
0.526323579026 0.397295044065 0.406465892343 0.455742979723 0.765469580319 0.567138954485 
0.527871927694 0.437408822362 0.408772023232 0.445856542074 0.769852817969 0.525491330479 
0.521543230113 0.420818553804 0.477926342115 0.76082697619 0.604637669424 0.411818249908 
0.526804185305 0.406379267949 0.372300716476 0.482821679756 0.847737858105 0.321711334417 
0.817144194621 0.643550150125 0.722623385749 0.735894845916 0.662600606978 0.12045302118 
0.488952933472 0.378067450692 0.492129688874 0.753261075322 0.618464208935 0.50950928752 
0.566259063568 0.46168112116 0.444881955143 0.55326668589 0.540333396012 0.791353458259 
0.526345711333 0.400491493887 0.351523504432 0.93768969563 0.684487468791 0.0168375607178 
0.500567690996 0.390064064744 0.477774938186 0.600750323649 0.807629135501 0.43287200583 
0.58381961038 0.448462541424 0.256792392305 0.328387811298 0.677698029864 0.858208994948 
0.534071080773 0.411541011544 0.47007304561 0.783605507813 0.769805512781 0.0451290504129 
0.555555726237 0.47858837726 0.141624144364 0.225117863855 0.219080914558 0.577432609126 
0.522374946882 0.498544642585 0.454063350316 0.599972208318 0.692529977263 0.414286985698 
0.553384409933 0.486918554657 0.494788804 0.513600190142 0.826474961777 0.0865500790119 
0.525992279557 0.405780266037 0.370642421734 0.422494865515 0.420635086043 0.88439002067 
0.526494891467 0.398359428274 0.384232063635 0.625958403735 0.819565469888 0.2924598727 
0.525860135348 0.405357714998 0.390634549913 0.72294920345 0.772158353076 0.159900999402 
0.563041255885 0.494838870371 0.475603898584 0.494758489739 0.94820182505 0.231416198125 
0.527302689699 0.402357264996 0.36567254685 0.415353596253 0.603958332395 0.788773059676 
0.541692088102 0.338542022204 0.272844088866 0.344156999338 0.83256393475 0.240842886636 
0.589192583302 0.446688183565 0.435650924802 0.465071471767 0.497144428521 0.739624047364 
0.533438938274 0.409806647401 0.38226557683 0.432590473418 0.576403410449 0.803396738837 
0.525803671127 0.41558999963 0.340453660757 0.55202181737 0.575100357539 0.5957761089 
0.523240717811 0.416940017713 0.394770486765 0.644603408605 0.791510976078 0.342358723485 
0.551244770882 0.419438676421 0.410067737503 0.456702762821 0.9483601393 0.0176850713334 
0.568982504802 0.589403071918 0.522871004889 0.695198226319 0.627568171949 0.486883985094 
0.523520956876 0.41230729351 0.374067708893 0.436589797279 0.555474221594 0.907930039967 
0.488952933472 0.378067450692 0.492129688874 0.753261075322 0.618464208935 0.50950928752 
0.524512827437 0.427768654562 0.320847688805 0.581095274125 0.598489206487 0.705526688074 
0.526190877819 0.398186664827 0.406587214106 0.456715067939 0.747834064368 0.538586076073 
0.52323011926 0.416908633337 0.394718865813 0.645607728817 0.792848211803 0.343652618688 
0.531444473699 0.419038858974 0.347165183004 0.512568759136 0.594811120064 0.859950708925 
0.562522481134 0.472450104644 0.473027997662 0.73163042932 0.747030122217 0.423523759812 
0.5262492145 0.40173627239 0.518249263411 0.736081577557 0.669815315832 0.147099112387 
0.528980093657 0.399023311753 0.360840019159 0.408860968619 0.629611952975 0.900544420118 
0.563041255885 0.494838870371 0.475603898584 0.494758489739 0.94820182505 0.231416198125 
0.593885486475 0.471887450476 0.415999435953 0.519867522838 0.601812527334 0.680360599203 
0.526804185305 0.406379267949 0.372300716476 0.482821679756 0.847737858105 0.321711334417 
0.51975734843 0.498804949808 0.122027619624 0.214209123933 0.212463046939 0.609949485379 
0.526383584499 0.400118737311 0.350072389047 0.94348038064 0.685209078993 0.0169890014261 
0.526273430749 0.397611903027 0.406520506574 0.456097520668 0.75893523554 0.556555763651 
0.521422883779 0.420181676081 0.482791156239 0.779089456077 0.605558271147 0.428233525934 
0.518739535213 0.398372906617 0.347697361338 0.521224806366 0.836901868934 0.350718626806 
0.538093735033 0.609346040563 0.61606402738 0.572788162978 0.659206904571 0.551632625482 
0.527243041576 0.410733335238 0.481966916553 0.531874304708 0.524268068249 0.840193804673 
0.534562517275 0.412113013574 0.46625966201 0.765362491282 0.759746730865 0.0434119205578 
0.526620155577 0.406232626866 0.371910771714 0.482354950325 0.859743554699 0.330604312716 
0.527652669238 0.412232961192 0.468584709314 0.522348485993 0.518628349958 0.772136541728 
0.526221744743 0.401842355784 0.356669450814 0.916875907733 0.681871540012 0.0162953928086 
0.499257736574 0.389489605071 0.479786129409 0.603658671454 0.813485563107 0.439556492145 
0.554273477103 0.475509007199 0.146141732691 0.227651824167 0.220607712548 0.569984408994 
0.519455914312 0.398943980806 0.349807644609 0.519451622904 0.820383785446 0.337054319784 
0.526149702003 0.402763350421 0.360075704711 0.902831514237 0.680085202755 0.0159315558384 
0.541052453534 0.421814057901 0.381646884981 0.452220532197 0.636910506815 0.666595674643 
0.526286247577 0.405982489234 0.371223541876 0.48143720309 0.883099736032 0.347919203546 
0.525003728454 0.397314888152 0.408812624242 0.7638680945 0.803775649268 0.177013240624 
0.582828029874 0.447829972941 0.486983779267 0.753275803685 0.618466642334 0.509526693821 
0.526913442723 0.403249247407 0.366963860132 0.417154672734 0.59691504906 0.758205420283 
0.486088804462 0.37651367489 0.495507353033 0.763761788514 0.620191231673 0.52194058197 
0.537967148966 0.464947317084 0.487650323914 0.551063701642 0.683640583033 0.739594051186 
0.514946018083 0.396208466705 0.346171743937 0.744146523647 0.662822427867 0.264928685253 
0.526070202854 0.403993853397 0.364496131742 0.88423677113 0.677690983507 0.0154524592581 
0.536827595048 0.431826050733 0.401337214863 0.453609460077 0.807344455462 0.635049204064 
0.583524513289 0.448286006891 0.257148826189 0.32862988633 0.677334012324 0.85675609769 
0.529361511849 0.419120912932 0.670405685329 0.716994126186 0.69935190025 0.554723410825 
0.526323473082 0.400880806287 0.520533708186 0.740553613159 0.670861985585 0.148564546101 
0.483285944718 0.375033338162 0.498754427503 0.773909955694 0.621846072425 0.533993676487 
0.5262492145 0.40173627239 0.518249263411 0.736081577557 0.669815315832 0.147099112387 
0.523577988769 0.412344672587 0.374133536191 0.4367053765 0.551820476622 0.883567027948 
0.527677332077 0.412320410194 0.467741598082 0.521742832347 0.518271075799 0.767851854759 
0.521422883779 0.420181676081 0.482791156239 0.779089456077 0.605558271147 0.428233525934 
0.464763681455 0.366052883431 0.519127136228 0.838639630822 0.632137222665 0.61165988002 
0.532369571841 0.368412394564 0.596492492292 0.889510043753 0.703964367298 0.198667066394 
0.487028755451 0.384626758302 0.497806296561 0.62985169704 0.866287680373 0.499832607328 
0.497562613843 0.388763875312 0.482361206864 0.607387150415 0.820995553518 0.448128638108 
0.527722510096 0.412479625866 0.466183317076 0.520621498512 0.517610037244 0.759933461893 
0.521456611255 0.420392062913 0.48120392892 0.773115393224 0.605265139121 0.422849067997 
0.530505934673 0.444459397726 0.196150519579 0.305209832336 0.790706742785 0.445509067167 
0.526922382356 0.406476888291 0.372555634515 0.483108392868 0.840310817833 0.316212640114 
0.523689908169 0.412403025508 0.374253935609 0.436905771017 0.545467883526 0.841232977089 
0.526012713211 0.405182457518 0.368622900014 0.866440309135 0.67536527602 0.014996883261 
0.528737336699 0.384459814005 0.560826674741 0.819474824259 0.688747352541 0.174835157374 
0.526934455954 0.403199310539 0.366891548937 0.417052894295 0.597312126257 0.759927111972 
0.534700334801 0.41228518313 0.465135890201 0.760024078351 0.756799449888 0.042910141053 
0.593885486475 0.471887450476 0.415999435953 0.519867522838 0.601812527334 0.680360599203 
0.526012713211 0.405182457518 0.368622900014 0.866440309135 0.67536527602 0.014996883261 
0.52632142474 0.406007901607 0.371294763401 0.481538603189 0.880533220915 0.346015682381 
0.528792335467 0.416959055776 0.688067121391 0.729427244571 0.706747357978 0.576774015561 
0.527684189006 0.390354082679 0.54697626298 0.79232928958 0.682704383933 0.165718974037 
0.526221744743 0.401842355784 0.356669450814 0.916875907733 0.681871540012 0.0162953928086 
0.526237976731 0.397849764385 0.406552952318 0.45635683948 0.754230545054 0.54893859233 
0.525804901686 0.41634280555 0.381313186131 0.369391175354 0.83344677136 0.376606353999 
0.521359292887 0.419624806817 0.48691639689 0.794682947914 0.606289524697 0.442352046237 
0.518578142602 0.401671530839 0.347751252 0.520914170069 0.834000446326 0.348318125416 
0.499978665486 0.389804233455 0.478681669387 0.602061125902 0.810268465251 0.435884493105 
0.480430999429 0.382296087434 0.507111010021 0.643459450562 0.89375341282 0.531190758362 
0.527497605455 0.41174122019 0.50461047426 0.554119044406 0.545306843227 0.823026729205 
0.523577988769 0.412344672587 0.374133536191 0.4367053765 0.551820476622 0.883567027948 
0.561581271045 0.53763995137 0.571102581492 0.584843015115 0.764355052138 0.0527253922766 
