0.441047054831 0.378061597977 0.374719413812 0.385131016272 0.877789893342 0.185747681075 
0.452742183104 0.4762636174 0.478169521729 0.590395077205 0.790611553697 0.116951598046 
0.436187866477 0.37302828933 0.415572939986 0.416963107845 0.523339684761 0.782119289057 
0.41729707794 0.362415415485 0.463434152045 0.291221397822 0.893219998908 0.0533142707851 
0.500590820204 0.42876178907 0.236041016123 0.280650309066 0.845837422232 0.113123139128 
0.433660790492 0.458987964691 0.456881408005 0.511893894118 0.745988959075 0.586499323922 
0.288301241104 0.284651344974 0.328883160378 0.8843816949 0.730124936715 0.0914509981589 
0.435617948057 0.372193234928 0.437921141299 0.634742161818 0.532010803324 0.725304351549 
0.441603613701 0.384610691661 0.431697003021 0.737965174532 0.630736719226 0.333838787993 
0.438463429133 0.360747779414 0.484583210442 0.557922990188 0.816006109668 0.297826087596 
0.503784040883 0.512464500469 0.518654508337 0.526628432693 0.614166300179 0.562320399536 
0.438200241788 0.37879881149 0.320162913389 0.320218747189 0.780823131133 0.469154431462 
0.475396830069 0.405606508171 0.523100271276 0.461352227495 0.593625461237 0.778415043429 
0.436522027096 0.375939743589 0.51309486701 0.613028592378 0.877403911277 0.191409822574 
0.469427929364 0.446959261636 0.486605860749 0.609049710132 0.604140049482 0.610060883037 
0.419889939815 0.324089010388 0.296641156135 0.780011874166 0.699423766821 0.220745033048 
0.56601667666 0.473950027786 0.492719411636 0.499491617946 0.825526273309 0.459841759411 
0.469840276804 0.295069304711 0.303526827443 0.762782157337 0.657970106597 0.326253480863 
0.436771077347 0.373583754951 0.405886170618 0.300401021319 0.634275957804 0.746825420654 
0.590084706856 0.469981221916 0.756779741544 0.59528740557 0.624589232599 0.538763666586 
0.432709856152 0.3673490852 0.412651856744 0.675774917431 0.654851570342 0.466571069145 
0.395419643561 0.33545108146 0.391622001225 0.50854970985 0.597658103822 0.690799102292 
0.432967057309 0.436729898525 0.613314975888 0.523076957844 0.701618253514 0.457958482734 
0.465457801172 0.254143143753 0.363059684227 0.350271200837 0.733493654174 0.552876052971 
0.43653895663 0.375736462559 0.513966964492 0.614722388112 0.881613510277 0.19314471198 
0.423278818496 0.366475108344 0.369856273989 0.51578342353 0.725832687784 0.551408651279 
0.440578038623 0.377595818159 0.377603490668 0.387289225123 0.87136461669 0.183115888022 
0.436522027096 0.375939743589 0.51309486701 0.613028592378 0.877403911277 0.191409822574 
0.705227500358 0.567653144007 0.603451407341 0.728757801568 0.699431195539 0.240756773086 
0.442289860984 0.382505947643 0.44994414096 0.599531642604 0.739887110119 0.251983857166 
0.42820050403 0.360681922688 0.406716713495 0.70071897228 0.668575806879 0.50103487127 
0.52348194853 0.422536645776 0.767908717156 0.645749646662 0.712001910336 0.685829621589 
0.441858200832 0.378858658502 0.370009895586 0.381656032994 0.888202768063 0.190019036339 
0.40880576123 0.287967485318 0.204281041785 0.878655975413 0.740672301196 0.271952264196 
0.437903279794 0.377010066728 0.408725866299 0.465584497882 0.476770145428 0.706220701404 
0.439608064773 0.380051048999 0.426054931765 0.767630983377 0.636959630168 0.355622139916 
0.394062392674 0.334426008773 0.391096398124 0.509422688179 0.599768238507 0.698808242559 
0.300926074737 0.290543777402 0.334356070376 0.870432546619 0.725317183517 0.0891728785632 
0.322428401295 0.322469652549 0.35788790073 0.679172017837 0.778410328626 0.37280887733 
0.469427929364 0.446959261636 0.486605860749 0.609049710132 0.604140049482 0.610060883037 
0.4349243309 0.361526094366 0.395669205586 0.524685101768 0.735035641731 0.494940970239 
0.380050675916 0.324180304201 0.386097329637 0.518072055332 0.621019960693 0.77947308797 
0.436800973355 0.373623473822 0.405863120049 0.296913452505 0.636888285435 0.757608272019 
0.43500508858 0.362426591593 0.397327197286 0.522909363211 0.726629050352 0.482195871705 
0.391046595682 0.340032979098 0.642924527647 0.564727761955 0.756323740821 0.278968282916 
0.436068783714 0.371961218652 0.416849139345 0.813386003755 0.646361998622 0.389749341119 
0.436187866477 0.37302828933 0.415572939986 0.416963107845 0.523339684761 0.782119289057 
0.511818011291 0.212942106783 0.308560844898 0.802184693008 0.724888985299 0.230240417204 
0.436788093351 0.373601786734 0.416682637386 0.358546343837 0.803524409921 0.468225626134 
0.312675581907 0.318108547764 0.352705151557 0.701117345199 0.809495388705 0.248376885701 
0.384659308292 0.327489175285 0.38766534025 0.515291028801 0.614122853371 0.753293349648 
0.503784040883 0.512464500469 0.518654508337 0.526628432693 0.614166300179 0.562320399536 
0.858425932824 0.611776232791 0.79713611861 0.931505955541 0.662201694418 0.072199674391 
0.463886453812 0.258209956379 0.364371648311 0.352004909225 0.730235945265 0.546613151268 
0.434788410793 0.35981677164 0.392537031978 0.528076360155 0.751182934967 0.519425482439 
0.417158260595 0.362347448596 0.463655765066 0.290805286741 0.893781063573 0.0533818676841 
0.43655168047 0.375593149287 0.514581659358 0.615916602326 0.884581496591 0.194367899615 
0.343647176335 0.28769941623 0.352699869465 0.701128737373 0.809509209234 0.248386185011 
0.465452342872 0.390065846187 0.352818773195 0.613927515188 0.865760431649 0.186611233305 
0.420660638969 0.514540610754 0.485107573088 0.630491673121 0.877449558683 0.144117432437 
0.436491237677 0.376361386178 0.5112851566 0.609515666252 0.868673217141 0.187811669652 
0.43685352729 0.373692592725 0.405845723927 0.290609222475 0.641599279618 0.777132995885 
0.40164824986 0.345801401917 0.737533763204 0.69948549854 0.642184163461 0.641526279449 
0.503784040883 0.512464500469 0.518654508337 0.526628432693 0.614166300179 0.562320399536 
0.436753246833 0.373559924723 0.405904414444 0.302452309154 0.632737278022 0.740489531724 
0.43133164324 0.365288180267 0.410774463182 0.683701729065 0.659210091306 0.477491008773 
0.430336140609 0.331797504972 0.339095359428 0.664742372526 0.760996877041 0.353730027214 
0.434928849375 0.369355064677 0.414033846448 0.826923792341 0.649107884134 0.399956935402 
0.443087820927 0.380049171334 0.363391281338 0.376866156858 0.902688607902 0.195973174386 
0.522043347355 0.228375354066 0.209309039486 0.866582469526 0.690391280996 0.411329770819 
0.441522173923 0.380785196087 0.447117141866 0.658404829382 0.829754010798 0.32336714716 
0.418671505548 0.3630933563 0.461213545179 0.295423789939 0.887558004843 0.0526327661554 
0.858425932824 0.611776232791 0.79713611861 0.931505955541 0.662201694418 0.072199674391 
0.464597699653 0.256360621704 0.363772431977 0.35121406411 0.731719753801 0.549464241668 
0.39996318657 0.354485652156 0.488432727588 0.247106508952 0.953143523243 0.0605917236947 
0.357442416139 0.606644840948 0.556804127813 0.772348338746 0.636795301609 0.121656933798 
0.436474486544 0.376635367141 0.510108528703 0.607233087415 0.863000310766 0.185473714377 
0.599327226807 0.533329820889 0.772174963417 0.92238719123 0.722830514473 0.116845211694 
0.420948487271 0.360037879545 0.672492437967 0.657634398206 0.621994541557 0.552020310695 
0.43107706523 0.360547463082 0.404897625978 0.869847594396 0.657729888338 0.432614090688 
0.452734640904 0.492456784011 0.48123773161 0.607283005554 0.827173180463 0.12838906946 
0.790070616549 0.550340098703 0.768392764461 0.799589353038 0.649949748459 0.151049395501 
0.430254268557 0.330848761395 0.337351236245 0.666820123492 0.763492606422 0.356463457296 
0.303925530397 0.291967881807 0.335682800802 0.867060962265 0.724156184402 0.0886244378222 
0.442807030181 0.448755350605 0.53954996304 0.70149605527 0.687189897355 0.285363148696 
0.43087343511 0.337568339674 0.349738092443 0.651917673621 0.745684809341 0.33696759889 
0.44107040782 0.378084691109 0.374579175065 0.385026675665 0.878101348468 0.185875329326 
0.443654194532 0.401737214286 0.329523953671 0.31810963213 0.831661802386 0.244535373636 
0.276004287663 0.279058728353 0.323710944187 0.897628710662 0.734697311104 0.0936275216172 
0.442310166359 0.379298569793 0.367512749944 0.379836593645 0.893687330629 0.192271767199 
0.452529412049 0.507361764221 0.483879328711 0.622902580151 0.861006189821 0.138973263022 
0.335403798813 0.634673895442 0.5643729938 0.802092624131 0.639293627066 0.129168698729 
0.436820699425 0.373649521493 0.40585310689 0.294575180949 0.638637236236 0.764845142277 
0.436254537191 0.372385861068 0.417316301154 0.712391656139 0.617666349687 0.533163304935 
0.436750483469 0.373556353809 0.391148102908 0.160287279876 0.888522128899 0.201751546171 
0.430904424381 0.44196219798 0.634732918288 0.525997622242 0.72113839763 0.490513877727 
0.436812740349 0.373639026923 0.405856647274 0.295522422292 0.637928966768 0.761912752611 
0.483189427585 0.39756409073 0.331625578716 0.638132287166 0.931498795953 0.213703824152 
0.406800696183 0.349963371298 0.615264015798 0.556748174443 0.730203593794 0.256487624827 
0.436509188761 0.376051928246 0.517637331777 0.622224923373 0.532115108184 0.72664764518 
