0.489456287047 1.17577505611 
0.997521464684 1.16223761492 
0.489456287047 1.17577505611 
0.591949557829 1.17292990472 
0.997521464684 1.16223761492 
0.489456287047 1.17577505611 
0.489456287047 1.17577505611 
0.997521464684 1.16223761492 
0.489456287047 1.17577505611 
0.489456287047 1.17577505611 
0.489456287047 1.17577505611 
0.997521464684 1.16223761492 
0.997521464684 1.16223761492 
0.489456287047 1.17577505611 
0.489456287047 1.17577505611 
0.591949557829 1.17292990472 
0.997521464684 1.16223761492 
0.591949557829 1.17292990472 
0.489456287047 1.17577505611 
0.997521464684 1.16223761492 
0.489456287047 1.17577505611 
0.997521464684 1.16223761492 
0.591949557829 1.17292990472 
0.489456287047 1.17577505611 
0.489456287047 1.17577505611 
0.489456287047 1.17577505611 
0.489456287047 1.17577505611 
0.489456287047 1.17577505611 
0.997521464684 1.16223761492 
0.489456287047 1.17577505611 
0.489456287047 1.17577505611 
0.489456287047 1.17577505611 
0.489456287047 1.17577505611 
0.591949557829 1.17292990472 
0.591949557829 1.17292990472 
0.489456287047 1.17577505611 
0.591949557829 1.17292990472 
0.591949557829 1.17292990472 
0.489456287047 1.17577505611 
0.997521464684 1.16223761492 
0.489456287047 1.17577505611 
0.997521464684 1.16223761492 
0.997521464684 1.16223761492 
0.489456287047 1.17577505611 
0.489456287047 1.17577505611 
0.489456287047 1.17577505611 
0.997521464684 1.16223761492 
0.489456287047 1.17577505611 
0.489456287047 1.17577505611 
0.489456287047 1.17577505611 
0.489456287047 1.17577505611 
0.591949557829 1.17292990472 
0.997521464684 1.16223761492 
0.489456287047 1.17577505611 
0.489456287047 1.17577505611 
0.489456287047 1.17577505611 
0.997521464684 1.16223761492 
0.997521464684 1.16223761492 
0.489456287047 1.17577505611 
0.591949557829 1.17292990472 
0.997521464684 1.16223761492 
0.591949557829 1.17292990472 
0.489456287047 1.17577505611 
0.489456287047 1.17577505611 
0.489456287047 1.17577505611 
0.591949557829 1.17292990472 
0.591949557829 1.17292990472 
0.489456287047 1.17577505611 
0.489456287047 1.17577505611 
0.997521464684 1.16223761492 
0.489456287047 1.17577505611 
0.489456287047 1.17577505611 
0.997521464684 1.16223761492 
0.489456287047 1.17577505611 
0.489456287047 1.17577505611 
0.591949557829 1.17292990472 
0.489456287047 1.17577505611 
0.489456287047 1.17577505611 
0.489456287047 1.17577505611 
0.997521464684 1.16223761492 
0.489456287047 1.17577505611 
0.997521464684 1.16223761492 
0.489456287047 1.17577505611 
0.997521464684 1.16223761492 
0.591949557829 1.17292990472 
0.591949557829 1.17292990472 
0.997521464684 1.16223761492 
0.591949557829 1.17292990472 
0.489456287047 1.17577505611 
0.997521464684 1.16223761492 
0.489456287047 1.17577505611 
0.591949557829 1.17292990472 
0.489456287047 1.17577505611 
0.591949557829 1.17292990472 
0.997521464684 1.16223761492 
0.489456287047 1.17577505611 
0.591949557829 1.17292990472 
0.489456287047 1.17577505611 
0.997521464684 1.16223761492 
0.489456287047 1.17577505611 
