0.524151502221 1.00499046246 
0.524151502221 1.00499046246 
0.524151502221 1.00499046246 
0.524151502221 1.00499046246 
0.524151502221 1.00499046246 
0.524151502221 1.00499046246 
0.524151502221 1.00499046246 
0.995967303197 0.983175051894 
0.995967303197 0.983175051894 
0.524151502221 1.00499046246 
0.524151502221 1.00499046246 
0.524151502221 1.00499046246 
0.995967303197 0.983175051894 
0.524151502221 1.00499046246 
0.524151502221 1.00499046246 
0.524151502221 1.00499046246 
0.524151502221 1.00499046246 
0.524151502221 1.00499046246 
0.524151502221 1.00499046246 
0.524151502221 1.00499046246 
0.524151502221 1.00499046246 
0.524151502221 1.00499046246 
0.524151502221 1.00499046246 
0.995967303197 0.983175051894 
0.995967303197 0.983175051894 
0.524151502221 1.00499046246 
0.524151502221 1.00499046246 
0.995967303197 0.983175051894 
0.995967303197 0.983175051894 
0.524151502221 1.00499046246 
0.524151502221 1.00499046246 
0.995967303197 0.983175051894 
0.524151502221 1.00499046246 
0.524151502221 1.00499046246 
0.524151502221 1.00499046246 
0.524151502221 1.00499046246 
0.524151502221 1.00499046246 
0.524151502221 1.00499046246 
0.995967303197 0.983175051894 
0.995967303197 0.983175051894 
0.524151502221 1.00499046246 
0.524151502221 1.00499046246 
0.524151502221 1.00499046246 
0.524151502221 1.00499046246 
0.524151502221 1.00499046246 
0.524151502221 1.00499046246 
0.524151502221 1.00499046246 
0.524151502221 1.00499046246 
0.524151502221 1.00499046246 
0.524151502221 1.00499046246 
0.524151502221 1.00499046246 
0.524151502221 1.00499046246 
0.524151502221 1.00499046246 
0.524151502221 1.00499046246 
0.524151502221 1.00499046246 
0.524151502221 1.00499046246 
0.524151502221 1.00499046246 
0.524151502221 1.00499046246 
0.524151502221 1.00499046246 
0.524151502221 1.00499046246 
0.524151502221 1.00499046246 
0.524151502221 1.00499046246 
0.524151502221 1.00499046246 
0.995967303197 0.983175051894 
0.524151502221 1.00499046246 
0.995967303197 0.983175051894 
0.524151502221 1.00499046246 
0.524151502221 1.00499046246 
0.524151502221 1.00499046246 
0.995967303197 0.983175051894 
0.524151502221 1.00499046246 
0.524151502221 1.00499046246 
0.524151502221 1.00499046246 
0.524151502221 1.00499046246 
0.995967303197 0.983175051894 
0.524151502221 1.00499046246 
0.524151502221 1.00499046246 
0.524151502221 1.00499046246 
0.524151502221 1.00499046246 
0.524151502221 1.00499046246 
0.524151502221 1.00499046246 
0.524151502221 1.00499046246 
0.524151502221 1.00499046246 
0.995967303197 0.983175051894 
0.524151502221 1.00499046246 
0.524151502221 1.00499046246 
0.995967303197 0.983175051894 
0.524151502221 1.00499046246 
0.995967303197 0.983175051894 
0.524151502221 1.00499046246 
0.524151502221 1.00499046246 
0.524151502221 1.00499046246 
0.995967303197 0.983175051894 
0.524151502221 1.00499046246 
0.524151502221 1.00499046246 
0.524151502221 1.00499046246 
0.524151502221 1.00499046246 
0.524151502221 1.00499046246 
0.524151502221 1.00499046246 
0.995967303197 0.983175051894 
