0.998860221688 1.10490898696 
0.998860221688 1.10490898696 
0.998860221688 1.10490898696 
0.998860221688 1.10490898696 
0.998860221688 1.10490898696 
0.998860221688 1.10490898696 
0.998860221688 1.10490898696 
0.998860221688 1.10490898696 
0.998860221688 1.10490898696 
0.998860221688 1.10490898696 
0.583989557562 1.11631281298 
0.998860221688 1.10490898696 
0.998860221688 1.10490898696 
0.998860221688 1.10490898696 
0.998860221688 1.10490898696 
0.998860221688 1.10490898696 
0.998860221688 1.10490898696 
0.998860221688 1.10490898696 
0.998860221688 1.10490898696 
0.998860221688 1.10490898696 
0.998860221688 1.10490898696 
0.998860221688 1.10490898696 
0.998860221688 1.10490898696 
0.998860221688 1.10490898696 
0.998860221688 1.10490898696 
0.998860221688 1.10490898696 
0.998860221688 1.10490898696 
0.998860221688 1.10490898696 
0.998860221688 1.10490898696 
0.998860221688 1.10490898696 
0.998860221688 1.10490898696 
0.998860221688 1.10490898696 
0.998860221688 1.10490898696 
0.998860221688 1.10490898696 
0.998860221688 1.10490898696 
0.583989557562 1.11631281298 
0.998860221688 1.10490898696 
0.998860221688 1.10490898696 
0.998860221688 1.10490898696 
0.998860221688 1.10490898696 
0.998860221688 1.10490898696 
0.998860221688 1.10490898696 
0.998860221688 1.10490898696 
0.998860221688 1.10490898696 
0.998860221688 1.10490898696 
0.998860221688 1.10490898696 
0.998860221688 1.10490898696 
0.998860221688 1.10490898696 
0.998860221688 1.10490898696 
0.998860221688 1.10490898696 
0.998860221688 1.10490898696 
0.998860221688 1.10490898696 
0.998860221688 1.10490898696 
0.998860221688 1.10490898696 
0.998860221688 1.10490898696 
0.998860221688 1.10490898696 
0.998860221688 1.10490898696 
0.583989557562 1.11631281298 
0.998860221688 1.10490898696 
0.998860221688 1.10490898696 
0.998860221688 1.10490898696 
0.998860221688 1.10490898696 
0.998860221688 1.10490898696 
0.998860221688 1.10490898696 
0.998860221688 1.10490898696 
0.998860221688 1.10490898696 
0.998860221688 1.10490898696 
0.998860221688 1.10490898696 
0.998860221688 1.10490898696 
0.998860221688 1.10490898696 
0.998860221688 1.10490898696 
0.998860221688 1.10490898696 
0.998860221688 1.10490898696 
0.998860221688 1.10490898696 
0.583989557562 1.11631281298 
0.998860221688 1.10490898696 
0.998860221688 1.10490898696 
0.998860221688 1.10490898696 
0.998860221688 1.10490898696 
0.998860221688 1.10490898696 
0.998860221688 1.10490898696 
0.998860221688 1.10490898696 
0.998860221688 1.10490898696 
0.998860221688 1.10490898696 
0.998860221688 1.10490898696 
0.998860221688 1.10490898696 
0.998860221688 1.10490898696 
0.998860221688 1.10490898696 
0.998860221688 1.10490898696 
0.998860221688 1.10490898696 
0.998860221688 1.10490898696 
0.998860221688 1.10490898696 
0.998860221688 1.10490898696 
0.998860221688 1.10490898696 
0.583989557562 1.11631281298 
0.998860221688 1.10490898696 
0.998860221688 1.10490898696 
0.998860221688 1.10490898696 
0.998860221688 1.10490898696 
0.998860221688 1.10490898696 
