0.582274096801 1.22250337886 
0.582274096801 1.22250337886 
0.582274096801 1.22250337886 
0.582274096801 1.22250337886 
0.582274096801 1.22250337886 
0.582274096801 1.22250337886 
0.582274096801 1.22250337886 
0.582274096801 1.22250337886 
0.582274096801 1.22250337886 
0.582274096801 1.22250337886 
0.582274096801 1.22250337886 
0.582274096801 1.22250337886 
0.582274096801 1.22250337886 
0.582274096801 1.22250337886 
0.582274096801 1.22250337886 
0.582274096801 1.22250337886 
0.582274096801 1.22250337886 
0.582274096801 1.22250337886 
0.582274096801 1.22250337886 
0.582274096801 1.22250337886 
0.582274096801 1.22250337886 
0.582274096801 1.22250337886 
0.582274096801 1.22250337886 
0.582274096801 1.22250337886 
0.582274096801 1.22250337886 
0.582274096801 1.22250337886 
0.582274096801 1.22250337886 
0.582274096801 1.22250337886 
0.582274096801 1.22250337886 
0.582274096801 1.22250337886 
0.582274096801 1.22250337886 
0.582274096801 1.22250337886 
0.582274096801 1.22250337886 
0.582274096801 1.22250337886 
0.582274096801 1.22250337886 
0.582274096801 1.22250337886 
0.582274096801 1.22250337886 
0.582274096801 1.22250337886 
0.582274096801 1.22250337886 
0.582274096801 1.22250337886 
0.582274096801 1.22250337886 
0.582274096801 1.22250337886 
0.582274096801 1.22250337886 
0.582274096801 1.22250337886 
0.582274096801 1.22250337886 
0.582274096801 1.22250337886 
0.582274096801 1.22250337886 
0.582274096801 1.22250337886 
0.582274096801 1.22250337886 
0.582274096801 1.22250337886 
0.998600400564 1.20960322976 
0.582274096801 1.22250337886 
0.582274096801 1.22250337886 
0.582274096801 1.22250337886 
0.582274096801 1.22250337886 
0.582274096801 1.22250337886 
0.582274096801 1.22250337886 
0.582274096801 1.22250337886 
0.582274096801 1.22250337886 
0.582274096801 1.22250337886 
0.582274096801 1.22250337886 
0.582274096801 1.22250337886 
0.582274096801 1.22250337886 
0.582274096801 1.22250337886 
0.582274096801 1.22250337886 
0.582274096801 1.22250337886 
0.582274096801 1.22250337886 
0.582274096801 1.22250337886 
0.582274096801 1.22250337886 
0.582274096801 1.22250337886 
0.582274096801 1.22250337886 
0.582274096801 1.22250337886 
0.582274096801 1.22250337886 
0.582274096801 1.22250337886 
0.582274096801 1.22250337886 
0.582274096801 1.22250337886 
0.582274096801 1.22250337886 
0.582274096801 1.22250337886 
0.582274096801 1.22250337886 
0.582274096801 1.22250337886 
0.582274096801 1.22250337886 
0.582274096801 1.22250337886 
0.582274096801 1.22250337886 
0.582274096801 1.22250337886 
0.582274096801 1.22250337886 
0.582274096801 1.22250337886 
0.582274096801 1.22250337886 
0.582274096801 1.22250337886 
0.582274096801 1.22250337886 
0.582274096801 1.22250337886 
0.582274096801 1.22250337886 
0.582274096801 1.22250337886 
0.582274096801 1.22250337886 
0.998600400564 1.20960322976 
0.582274096801 1.22250337886 
0.582274096801 1.22250337886 
0.582274096801 1.22250337886 
0.582274096801 1.22250337886 
0.582274096801 1.22250337886 
0.582274096801 1.22250337886 
