0.999149660841 1.0905615679 
0.999149660841 1.0905615679 
0.999149660841 1.0905615679 
0.999149660841 1.0905615679 
0.999149660841 1.0905615679 
0.999149660841 1.0905615679 
0.999149660841 1.0905615679 
0.999149660841 1.0905615679 
0.999149660841 1.0905615679 
0.508784000722 1.10593475997 
0.999149660841 1.0905615679 
0.999149660841 1.0905615679 
0.999149660841 1.0905615679 
0.999149660841 1.0905615679 
0.999149660841 1.0905615679 
0.999149660841 1.0905615679 
0.999149660841 1.0905615679 
0.999149660841 1.0905615679 
0.999149660841 1.0905615679 
0.999149660841 1.0905615679 
0.999149660841 1.0905615679 
0.999149660841 1.0905615679 
0.999149660841 1.0905615679 
0.999149660841 1.0905615679 
0.999149660841 1.0905615679 
0.999149660841 1.0905615679 
0.999149660841 1.0905615679 
0.999149660841 1.0905615679 
0.999149660841 1.0905615679 
0.999149660841 1.0905615679 
0.999149660841 1.0905615679 
0.508784000722 1.10593475997 
0.999149660841 1.0905615679 
0.999149660841 1.0905615679 
0.999149660841 1.0905615679 
0.999149660841 1.0905615679 
0.999149660841 1.0905615679 
0.999149660841 1.0905615679 
0.999149660841 1.0905615679 
0.999149660841 1.0905615679 
0.999149660841 1.0905615679 
0.999149660841 1.0905615679 
0.999149660841 1.0905615679 
0.999149660841 1.0905615679 
0.999149660841 1.0905615679 
0.999149660841 1.0905615679 
0.999149660841 1.0905615679 
0.508784000722 1.10593475997 
0.999149660841 1.0905615679 
0.999149660841 1.0905615679 
0.999149660841 1.0905615679 
0.999149660841 1.0905615679 
0.999149660841 1.0905615679 
0.999149660841 1.0905615679 
0.999149660841 1.0905615679 
0.999149660841 1.0905615679 
0.999149660841 1.0905615679 
0.999149660841 1.0905615679 
0.999149660841 1.0905615679 
0.999149660841 1.0905615679 
0.999149660841 1.0905615679 
0.999149660841 1.0905615679 
0.999149660841 1.0905615679 
0.999149660841 1.0905615679 
0.999149660841 1.0905615679 
0.999149660841 1.0905615679 
0.999149660841 1.0905615679 
0.999149660841 1.0905615679 
0.999149660841 1.0905615679 
0.999149660841 1.0905615679 
0.999149660841 1.0905615679 
0.999149660841 1.0905615679 
0.999149660841 1.0905615679 
0.999149660841 1.0905615679 
0.999149660841 1.0905615679 
0.999149660841 1.0905615679 
0.999149660841 1.0905615679 
0.999149660841 1.0905615679 
0.999149660841 1.0905615679 
0.999149660841 1.0905615679 
0.999149660841 1.0905615679 
0.999149660841 1.0905615679 
0.999149660841 1.0905615679 
0.999149660841 1.0905615679 
0.999149660841 1.0905615679 
0.999149660841 1.0905615679 
0.999149660841 1.0905615679 
0.999149660841 1.0905615679 
0.999149660841 1.0905615679 
0.999149660841 1.0905615679 
0.999149660841 1.0905615679 
0.508784000722 1.10593475997 
0.999149660841 1.0905615679 
0.999149660841 1.0905615679 
0.999149660841 1.0905615679 
0.999149660841 1.0905615679 
0.999149660841 1.0905615679 
0.999149660841 1.0905615679 
0.999149660841 1.0905615679 
0.999149660841 1.0905615679 
