0.997410683784 0.98843857527 
0.997410683784 0.98843857527 
0.997410683784 0.98843857527 
0.997410683784 0.98843857527 
0.997410683784 0.98843857527 
0.556493363465 1.00727769697 
0.997410683784 0.98843857527 
0.997410683784 0.98843857527 
0.997410683784 0.98843857527 
0.997410683784 0.98843857527 
0.997410683784 0.98843857527 
0.997410683784 0.98843857527 
0.997410683784 0.98843857527 
0.997410683784 0.98843857527 
0.997410683784 0.98843857527 
0.997410683784 0.98843857527 
0.997410683784 0.98843857527 
0.997410683784 0.98843857527 
0.997410683784 0.98843857527 
0.997410683784 0.98843857527 
0.997410683784 0.98843857527 
0.997410683784 0.98843857527 
0.997410683784 0.98843857527 
0.997410683784 0.98843857527 
0.997410683784 0.98843857527 
0.997410683784 0.98843857527 
0.556493363465 1.00727769697 
0.997410683784 0.98843857527 
0.997410683784 0.98843857527 
0.997410683784 0.98843857527 
0.997410683784 0.98843857527 
0.997410683784 0.98843857527 
0.997410683784 0.98843857527 
0.997410683784 0.98843857527 
0.997410683784 0.98843857527 
0.997410683784 0.98843857527 
0.997410683784 0.98843857527 
0.997410683784 0.98843857527 
0.997410683784 0.98843857527 
0.997410683784 0.98843857527 
0.997410683784 0.98843857527 
0.997410683784 0.98843857527 
0.997410683784 0.98843857527 
0.997410683784 0.98843857527 
0.997410683784 0.98843857527 
0.997410683784 0.98843857527 
0.997410683784 0.98843857527 
0.997410683784 0.98843857527 
0.556493363465 1.00727769697 
0.997410683784 0.98843857527 
0.556493363465 1.00727769697 
0.997410683784 0.98843857527 
0.997410683784 0.98843857527 
0.997410683784 0.98843857527 
0.997410683784 0.98843857527 
0.997410683784 0.98843857527 
0.997410683784 0.98843857527 
0.997410683784 0.98843857527 
0.997410683784 0.98843857527 
0.997410683784 0.98843857527 
0.997410683784 0.98843857527 
0.997410683784 0.98843857527 
0.997410683784 0.98843857527 
0.997410683784 0.98843857527 
0.997410683784 0.98843857527 
0.997410683784 0.98843857527 
0.997410683784 0.98843857527 
0.997410683784 0.98843857527 
0.997410683784 0.98843857527 
0.997410683784 0.98843857527 
0.997410683784 0.98843857527 
0.997410683784 0.98843857527 
0.997410683784 0.98843857527 
0.997410683784 0.98843857527 
0.997410683784 0.98843857527 
0.997410683784 0.98843857527 
0.556493363465 1.00727769697 
0.997410683784 0.98843857527 
0.997410683784 0.98843857527 
0.997410683784 0.98843857527 
0.997410683784 0.98843857527 
0.997410683784 0.98843857527 
0.997410683784 0.98843857527 
0.997410683784 0.98843857527 
0.997410683784 0.98843857527 
0.997410683784 0.98843857527 
0.997410683784 0.98843857527 
0.556493363465 1.00727769697 
0.997410683784 0.98843857527 
0.997410683784 0.98843857527 
0.997410683784 0.98843857527 
0.997410683784 0.98843857527 
0.997410683784 0.98843857527 
0.997410683784 0.98843857527 
0.997410683784 0.98843857527 
0.556493363465 1.00727769697 
0.997410683784 0.98843857527 
0.997410683784 0.98843857527 
0.997410683784 0.98843857527 
0.997410683784 0.98843857527 
