0.998501298471 1.09101524041 
0.998501298471 1.09101524041 
0.998501298471 1.09101524041 
0.998501298471 1.09101524041 
0.998501298471 1.09101524041 
0.998501298471 1.09101524041 
0.998501298471 1.09101524041 
0.998501298471 1.09101524041 
0.998501298471 1.09101524041 
0.998501298471 1.09101524041 
0.998501298471 1.09101524041 
0.998501298471 1.09101524041 
0.998501298471 1.09101524041 
0.998501298471 1.09101524041 
0.998501298471 1.09101524041 
0.998501298471 1.09101524041 
0.998501298471 1.09101524041 
0.998501298471 1.09101524041 
0.998501298471 1.09101524041 
0.998501298471 1.09101524041 
0.998501298471 1.09101524041 
0.998501298471 1.09101524041 
0.998501298471 1.09101524041 
0.998501298471 1.09101524041 
0.998501298471 1.09101524041 
0.998501298471 1.09101524041 
0.998501298471 1.09101524041 
0.998501298471 1.09101524041 
0.998501298471 1.09101524041 
0.998501298471 1.09101524041 
0.998501298471 1.09101524041 
0.998501298471 1.09101524041 
0.998501298471 1.09101524041 
0.998501298471 1.09101524041 
0.998501298471 1.09101524041 
0.998501298471 1.09101524041 
0.998501298471 1.09101524041 
0.998501298471 1.09101524041 
0.998501298471 1.09101524041 
0.998501298471 1.09101524041 
0.998501298471 1.09101524041 
0.998501298471 1.09101524041 
0.998501298471 1.09101524041 
0.998501298471 1.09101524041 
0.998501298471 1.09101524041 
0.998501298471 1.09101524041 
0.998501298471 1.09101524041 
0.998501298471 1.09101524041 
0.998501298471 1.09101524041 
0.998501298471 1.09101524041 
0.998501298471 1.09101524041 
0.998501298471 1.09101524041 
0.998501298471 1.09101524041 
0.998501298471 1.09101524041 
0.998501298471 1.09101524041 
0.998501298471 1.09101524041 
0.998501298471 1.09101524041 
0.998501298471 1.09101524041 
0.998501298471 1.09101524041 
0.998501298471 1.09101524041 
0.998501298471 1.09101524041 
0.998501298471 1.09101524041 
0.998501298471 1.09101524041 
0.998501298471 1.09101524041 
0.998501298471 1.09101524041 
0.998501298471 1.09101524041 
0.998501298471 1.09101524041 
0.998501298471 1.09101524041 
0.998501298471 1.09101524041 
0.998501298471 1.09101524041 
0.998501298471 1.09101524041 
0.998501298471 1.09101524041 
0.998501298471 1.09101524041 
0.998501298471 1.09101524041 
0.582922061898 1.14731776465 
0.998501298471 1.09101524041 
0.998501298471 1.09101524041 
0.998501298471 1.09101524041 
0.998501298471 1.09101524041 
0.998501298471 1.09101524041 
0.998501298471 1.09101524041 
0.998501298471 1.09101524041 
0.998501298471 1.09101524041 
0.998501298471 1.09101524041 
0.998501298471 1.09101524041 
0.998501298471 1.09101524041 
0.998501298471 1.09101524041 
0.998501298471 1.09101524041 
0.998501298471 1.09101524041 
0.998501298471 1.09101524041 
0.998501298471 1.09101524041 
0.998501298471 1.09101524041 
0.998501298471 1.09101524041 
0.998501298471 1.09101524041 
0.998501298471 1.09101524041 
0.998501298471 1.09101524041 
0.998501298471 1.09101524041 
0.998501298471 1.09101524041 
0.998501298471 1.09101524041 
0.998501298471 1.09101524041 
