0.52290835607 1.0783286014 
0.999699823136 1.0616440419 
0.52290835607 1.0783286014 
0.52290835607 1.0783286014 
0.52290835607 1.0783286014 
0.52290835607 1.0783286014 
0.999699823136 1.0616440419 
0.999699823136 1.0616440419 
0.999699823136 1.0616440419 
0.52290835607 1.0783286014 
0.52290835607 1.0783286014 
0.52290835607 1.0783286014 
0.52290835607 1.0783286014 
0.52290835607 1.0783286014 
0.52290835607 1.0783286014 
0.52290835607 1.0783286014 
0.999699823136 1.0616440419 
0.999699823136 1.0616440419 
0.52290835607 1.0783286014 
0.999699823136 1.0616440419 
0.52290835607 1.0783286014 
0.52290835607 1.0783286014 
0.52290835607 1.0783286014 
0.52290835607 1.0783286014 
0.999699823136 1.0616440419 
0.52290835607 1.0783286014 
0.52290835607 1.0783286014 
0.999699823136 1.0616440419 
0.999699823136 1.0616440419 
0.52290835607 1.0783286014 
0.52290835607 1.0783286014 
0.52290835607 1.0783286014 
0.999699823136 1.0616440419 
0.52290835607 1.0783286014 
0.999699823136 1.0616440419 
0.999699823136 1.0616440419 
0.52290835607 1.0783286014 
0.52290835607 1.0783286014 
0.52290835607 1.0783286014 
0.999699823136 1.0616440419 
0.999699823136 1.0616440419 
0.52290835607 1.0783286014 
0.52290835607 1.0783286014 
0.52290835607 1.0783286014 
0.52290835607 1.0783286014 
0.52290835607 1.0783286014 
0.52290835607 1.0783286014 
0.52290835607 1.0783286014 
0.999699823136 1.0616440419 
0.52290835607 1.0783286014 
0.999699823136 1.0616440419 
0.52290835607 1.0783286014 
0.52290835607 1.0783286014 
0.999699823136 1.0616440419 
0.52290835607 1.0783286014 
0.52290835607 1.0783286014 
0.999699823136 1.0616440419 
0.52290835607 1.0783286014 
0.52290835607 1.0783286014 
0.999699823136 1.0616440419 
0.52290835607 1.0783286014 
0.52290835607 1.0783286014 
0.999699823136 1.0616440419 
0.999699823136 1.0616440419 
0.52290835607 1.0783286014 
0.52290835607 1.0783286014 
0.52290835607 1.0783286014 
0.52290835607 1.0783286014 
0.52290835607 1.0783286014 
0.999699823136 1.0616440419 
0.52290835607 1.0783286014 
0.999699823136 1.0616440419 
0.52290835607 1.0783286014 
0.52290835607 1.0783286014 
0.52290835607 1.0783286014 
0.999699823136 1.0616440419 
0.52290835607 1.0783286014 
0.52290835607 1.0783286014 
0.52290835607 1.0783286014 
0.999699823136 1.0616440419 
0.999699823136 1.0616440419 
0.52290835607 1.0783286014 
0.52290835607 1.0783286014 
0.52290835607 1.0783286014 
0.52290835607 1.0783286014 
0.52290835607 1.0783286014 
0.52290835607 1.0783286014 
0.999699823136 1.0616440419 
0.52290835607 1.0783286014 
0.999699823136 1.0616440419 
0.52290835607 1.0783286014 
0.52290835607 1.0783286014 
0.52290835607 1.0783286014 
0.999699823136 1.0616440419 
0.52290835607 1.0783286014 
0.52290835607 1.0783286014 
0.52290835607 1.0783286014 
0.999699823136 1.0616440419 
0.52290835607 1.0783286014 
0.999699823136 1.0616440419 
