0.568300236174 1.25358384501 
0.568300236174 1.25358384501 
0.568300236174 1.25358384501 
0.568300236174 1.25358384501 
0.568300236174 1.25358384501 
0.568300236174 1.25358384501 
0.568300236174 1.25358384501 
0.568300236174 1.25358384501 
0.998290836608 1.23642055832 
0.998290836608 1.23642055832 
0.568300236174 1.25358384501 
0.568300236174 1.25358384501 
0.568300236174 1.25358384501 
0.568300236174 1.25358384501 
0.568300236174 1.25358384501 
0.568300236174 1.25358384501 
0.568300236174 1.25358384501 
0.568300236174 1.25358384501 
0.568300236174 1.25358384501 
0.568300236174 1.25358384501 
0.568300236174 1.25358384501 
0.568300236174 1.25358384501 
0.998290836608 1.23642055832 
0.568300236174 1.25358384501 
0.568300236174 1.25358384501 
0.568300236174 1.25358384501 
0.568300236174 1.25358384501 
0.568300236174 1.25358384501 
0.568300236174 1.25358384501 
0.568300236174 1.25358384501 
0.568300236174 1.25358384501 
0.568300236174 1.25358384501 
0.568300236174 1.25358384501 
0.568300236174 1.25358384501 
0.568300236174 1.25358384501 
0.568300236174 1.25358384501 
0.568300236174 1.25358384501 
0.998290836608 1.23642055832 
0.568300236174 1.25358384501 
0.568300236174 1.25358384501 
0.568300236174 1.25358384501 
0.568300236174 1.25358384501 
0.568300236174 1.25358384501 
0.568300236174 1.25358384501 
0.998290836608 1.23642055832 
0.568300236174 1.25358384501 
0.575104796134 1.25193538461 
0.568300236174 1.25358384501 
0.568300236174 1.25358384501 
0.568300236174 1.25358384501 
0.568300236174 1.25358384501 
0.568300236174 1.25358384501 
0.568300236174 1.25358384501 
0.568300236174 1.25358384501 
0.568300236174 1.25358384501 
0.568300236174 1.25358384501 
0.568300236174 1.25358384501 
0.998290836608 1.23642055832 
0.568300236174 1.25358384501 
0.568300236174 1.25358384501 
0.568300236174 1.25358384501 
0.568300236174 1.25358384501 
0.568300236174 1.25358384501 
0.568300236174 1.25358384501 
0.568300236174 1.25358384501 
0.998290836608 1.23642055832 
0.568300236174 1.25358384501 
0.568300236174 1.25358384501 
0.568300236174 1.25358384501 
0.568300236174 1.25358384501 
0.998290836608 1.23642055832 
0.568300236174 1.25358384501 
0.568300236174 1.25358384501 
0.568300236174 1.25358384501 
0.568300236174 1.25358384501 
0.568300236174 1.25358384501 
0.568300236174 1.25358384501 
0.568300236174 1.25358384501 
0.568300236174 1.25358384501 
0.998290836608 1.23642055832 
0.568300236174 1.25358384501 
0.568300236174 1.25358384501 
0.568300236174 1.25358384501 
0.568300236174 1.25358384501 
0.568300236174 1.25358384501 
0.568300236174 1.25358384501 
0.568300236174 1.25358384501 
0.998290836608 1.23642055832 
0.568300236174 1.25358384501 
0.998290836608 1.23642055832 
0.568300236174 1.25358384501 
0.568300236174 1.25358384501 
0.568300236174 1.25358384501 
0.568300236174 1.25358384501 
0.568300236174 1.25358384501 
0.568300236174 1.25358384501 
0.998290836608 1.23642055832 
0.568300236174 1.25358384501 
0.568300236174 1.25358384501 
0.568300236174 1.25358384501 
