0.998225599696 1.27169422462 
0.998225599696 1.27169422462 
0.998225599696 1.27169422462 
0.998225599696 1.27169422462 
0.998225599696 1.27169422462 
0.998225599696 1.27169422462 
0.998225599696 1.27169422462 
0.998225599696 1.27169422462 
0.998225599696 1.27169422462 
0.998225599696 1.27169422462 
0.998225599696 1.27169422462 
0.998225599696 1.27169422462 
0.998225599696 1.27169422462 
0.998225599696 1.27169422462 
0.998225599696 1.27169422462 
0.998225599696 1.27169422462 
0.998225599696 1.27169422462 
0.998225599696 1.27169422462 
0.998225599696 1.27169422462 
0.998225599696 1.27169422462 
0.998225599696 1.27169422462 
0.998225599696 1.27169422462 
0.998225599696 1.27169422462 
0.998225599696 1.27169422462 
0.998225599696 1.27169422462 
0.998225599696 1.27169422462 
0.998225599696 1.27169422462 
0.998225599696 1.27169422462 
0.998225599696 1.27169422462 
0.998225599696 1.27169422462 
0.998225599696 1.27169422462 
0.998225599696 1.27169422462 
0.998225599696 1.27169422462 
0.998225599696 1.27169422462 
0.998225599696 1.27169422462 
0.998225599696 1.27169422462 
0.998225599696 1.27169422462 
0.998225599696 1.27169422462 
0.998225599696 1.27169422462 
0.998225599696 1.27169422462 
0.998225599696 1.27169422462 
0.998225599696 1.27169422462 
0.998225599696 1.27169422462 
0.998225599696 1.27169422462 
0.998225599696 1.27169422462 
0.998225599696 1.27169422462 
0.998225599696 1.27169422462 
0.998225599696 1.27169422462 
0.998225599696 1.27169422462 
0.998225599696 1.27169422462 
0.998225599696 1.27169422462 
0.998225599696 1.27169422462 
0.998225599696 1.27169422462 
0.998225599696 1.27169422462 
0.999665850195 0.498858051907 
0.998225599696 1.27169422462 
0.998225599696 1.27169422462 
0.998225599696 1.27169422462 
0.998225599696 1.27169422462 
0.998225599696 1.27169422462 
0.998225599696 1.27169422462 
0.998225599696 1.27169422462 
0.998225599696 1.27169422462 
0.998225599696 1.27169422462 
0.998225599696 1.27169422462 
0.998225599696 1.27169422462 
0.998225599696 1.27169422462 
0.998225599696 1.27169422462 
0.998225599696 1.27169422462 
0.998225599696 1.27169422462 
0.998225599696 1.27169422462 
0.998225599696 1.27169422462 
0.998225599696 1.27169422462 
0.998225599696 1.27169422462 
0.998225599696 1.27169422462 
0.998225599696 1.27169422462 
0.998225599696 1.27169422462 
0.998225599696 1.27169422462 
0.998225599696 1.27169422462 
0.998225599696 1.27169422462 
0.998225599696 1.27169422462 
0.998225599696 1.27169422462 
0.998225599696 1.27169422462 
0.998225599696 1.27169422462 
0.998225599696 1.27169422462 
0.998225599696 1.27169422462 
0.998225599696 1.27169422462 
0.998225599696 1.27169422462 
0.998225599696 1.27169422462 
0.998225599696 1.27169422462 
0.998225599696 1.27169422462 
0.998225599696 1.27169422462 
0.998225599696 1.27169422462 
0.998225599696 1.27169422462 
0.998225599696 1.27169422462 
0.998225599696 1.27169422462 
0.998225599696 1.27169422462 
0.998225599696 1.27169422462 
0.998225599696 1.27169422462 
0.998225599696 1.27169422462 
