0.996638862928 0.898072970476 
0.996638862928 0.898072970476 
0.996638862928 0.898072970476 
0.996638862928 0.898072970476 
0.996638862928 0.898072970476 
0.996638862928 0.898072970476 
0.996638862928 0.898072970476 
0.996638862928 0.898072970476 
0.996638862928 0.898072970476 
0.996638862928 0.898072970476 
0.996638862928 0.898072970476 
0.537461707391 0.919157164999 
0.996638862928 0.898072970476 
0.996638862928 0.898072970476 
0.996638862928 0.898072970476 
0.996638862928 0.898072970476 
0.996638862928 0.898072970476 
0.996638862928 0.898072970476 
0.996638862928 0.898072970476 
0.996638862928 0.898072970476 
0.996638862928 0.898072970476 
0.996638862928 0.898072970476 
0.996638862928 0.898072970476 
0.996638862928 0.898072970476 
0.996638862928 0.898072970476 
0.996638862928 0.898072970476 
0.996638862928 0.898072970476 
0.996638862928 0.898072970476 
0.996638862928 0.898072970476 
0.996638862928 0.898072970476 
0.996638862928 0.898072970476 
0.996638862928 0.898072970476 
0.996638862928 0.898072970476 
0.997812673705 0.430656789369 
0.996638862928 0.898072970476 
0.996638862928 0.898072970476 
0.996638862928 0.898072970476 
0.996638862928 0.898072970476 
0.996638862928 0.898072970476 
0.996638862928 0.898072970476 
0.996638862928 0.898072970476 
0.996638862928 0.898072970476 
0.996638862928 0.898072970476 
0.996638862928 0.898072970476 
0.996638862928 0.898072970476 
0.996638862928 0.898072970476 
0.996638862928 0.898072970476 
0.996638862928 0.898072970476 
0.996638862928 0.898072970476 
0.537461707391 0.919157164999 
0.996638862928 0.898072970476 
0.996638862928 0.898072970476 
0.996638862928 0.898072970476 
0.996638862928 0.898072970476 
0.996638862928 0.898072970476 
0.996638862928 0.898072970476 
0.996638862928 0.898072970476 
0.996638862928 0.898072970476 
0.996638862928 0.898072970476 
0.996638862928 0.898072970476 
0.996638862928 0.898072970476 
0.996638862928 0.898072970476 
0.996638862928 0.898072970476 
0.996638862928 0.898072970476 
0.996638862928 0.898072970476 
0.996638862928 0.898072970476 
0.996638862928 0.898072970476 
0.996638862928 0.898072970476 
0.996638862928 0.898072970476 
0.996638862928 0.898072970476 
0.996638862928 0.898072970476 
0.996638862928 0.898072970476 
0.996638862928 0.898072970476 
0.996638862928 0.898072970476 
0.996638862928 0.898072970476 
0.996638862928 0.898072970476 
0.996638862928 0.898072970476 
0.996638862928 0.898072970476 
0.996638862928 0.898072970476 
0.996638862928 0.898072970476 
0.996638862928 0.898072970476 
0.996638862928 0.898072970476 
0.996638862928 0.898072970476 
0.996638862928 0.898072970476 
0.996638862928 0.898072970476 
0.996638862928 0.898072970476 
0.996638862928 0.898072970476 
0.996638862928 0.898072970476 
0.996638862928 0.898072970476 
0.996638862928 0.898072970476 
0.996638862928 0.898072970476 
0.996638862928 0.898072970476 
0.996638862928 0.898072970476 
0.996638862928 0.898072970476 
0.996638862928 0.898072970476 
0.996638862928 0.898072970476 
0.996638862928 0.898072970476 
0.996638862928 0.898072970476 
0.996638862928 0.898072970476 
0.996638862928 0.898072970476 
