0.854649212871 0.902723385754 
1.03162413682 0.52966242735 
0.733045802839 1.00671629047 
0.651109536846 1.09256413428 
0.651109536846 1.09256413428 
0.651109536846 1.09256413428 
0.854649212871 0.902723385754 
0.651109536846 1.09256413428 
0.98889315498 0.655524143057 
0.957569119365 0.726356959568 
0.95843162835 0.724507578804 
0.651109536846 1.09256413428 
0.854649212871 0.902723385754 
0.651109536846 1.09256413428 
0.651109536846 1.09256413428 
1.03162413682 0.52966242735 
0.98889315498 0.655524143057 
0.651109536846 1.09256413428 
0.98889315498 0.655524143057 
1.03162413682 0.52966242735 
0.957569119365 0.726356959568 
1.03162413682 0.52966242735 
1.08664022204 0.27869949671 
0.651109536846 1.09256413428 
0.733045802839 1.00671629047 
0.651109536846 1.09256413428 
0.651109536846 1.09256413428 
1.03162413682 0.52966242735 
1.08664022204 0.27869949671 
1.03162413682 0.52966242735 
0.651109536846 1.09256413428 
0.908297548152 0.820533543464 
0.651109536846 1.09256413428 
0.651109536846 1.09256413428 
0.733045802839 1.00671629047 
1.08664022204 0.27869949671 
0.733045802839 1.00671629047 
1.04575676828 0.481727553815 
0.854649212871 0.902723385754 
0.327157660444 1.12440493571 
0.733045802839 1.00671629047 
0.908297548152 0.820533543464 
0.651109536846 1.09256413428 
0.957569119365 0.726356959568 
1.08664022204 0.27869949671 
0.651109536846 1.09256413428 
0.651109536846 1.09256413428 
0.651109536846 1.09256413428 
0.733045802839 1.00671629047 
1.03162413682 0.52966242735 
0.651109536846 1.09256413428 
0.651109536846 1.09256413428 
1.03162413682 0.52966242735 
0.651109536846 1.09256413428 
0.908297548152 0.820533543464 
0.651109536846 1.09256413428 
0.651109536846 1.09256413428 
0.733045802839 1.00671629047 
0.733045802839 1.00671629047 
0.957569119365 0.726356959568 
0.651109536846 1.09256413428 
1.03162413682 0.52966242735 
0.651109536846 1.09256413428 
0.651109536846 1.09256413428 
0.854649212871 0.902723385754 
1.08664022204 0.27869949671 
1.08664022204 0.27869949671 
1.04575676828 0.481727553815 
0.651109536846 1.09256413428 
0.98889315498 0.655524143057 
1.08664022204 0.27869949671 
1.03162413682 0.52966242735 
0.651109536846 1.09256413428 
0.98889315498 0.655524143057 
0.854649212871 0.902723385754 
1.08664022204 0.27869949671 
1.03162413682 0.52966242735 
1.03162413682 0.52966242735 
0.651109536846 1.09256413428 
1.03162413682 0.52966242735 
1.03162413682 0.52966242735 
1.08664022204 0.27869949671 
0.733045802839 1.00671629047 
0.87317596742 0.877780998639 
0.733045802839 1.00671629047 
1.08664022204 0.27869949671 
1.04575676828 0.481727553815 
0.733045802839 1.00671629047 
0.651109536846 1.09256413428 
1.04575676828 0.481727553815 
1.04575676828 0.481727553815 
0.95843162835 0.724507578804 
0.957569119365 0.726356959568 
1.08664022204 0.27869949671 
1.03162413682 0.52966242735 
1.08664022204 0.27869949671 
0.733045802839 1.00671629047 
1.03162413682 0.52966242735 
0.98889315498 0.655524143057 
0.733045802839 1.00671629047 
