1.02969680211 0.399749415663 
0.95545866364 0.613661126501 
0.95545866364 0.613661126501 
0.95545866364 0.613661126501 
0.95545866364 0.613661126501 
0.95545866364 0.613661126501 
0.95545866364 0.613661126501 
0.793523723827 0.888456472512 
0.95545866364 0.613661126501 
0.95545866364 0.613661126501 
0.645960078657 1.01815403336 
0.793523723827 0.888456472512 
0.45083146257 1.08394503315 
0.95545866364 0.613661126501 
1.02969680211 0.399749415663 
0.95545866364 0.613661126501 
0.645960078657 1.01815403336 
0.645960078657 1.01815403336 
0.95545866364 0.613661126501 
1.02969680211 0.399749415663 
0.793523723827 0.888456472512 
0.793523723827 0.888456472512 
1.06592592142 0.100832450908 
0.95545866364 0.613661126501 
0.95545866364 0.613661126501 
0.645960078657 1.01815403336 
0.645960078657 1.01815403336 
0.95545866364 0.613661126501 
0.95545866364 0.613661126501 
0.95545866364 0.613661126501 
0.95545866364 0.613661126501 
0.95545866364 0.613661126501 
0.95545866364 0.613661126501 
0.793523723827 0.888456472512 
0.95545866364 0.613661126501 
0.95545866364 0.613661126501 
0.535998610665 1.06817643209 
0.95545866364 0.613661126501 
0.95545866364 0.613661126501 
0.95545866364 0.613661126501 
0.95545866364 0.613661126501 
0.95545866364 0.613661126501 
0.95545866364 0.613661126501 
0.95545866364 0.613661126501 
0.45083146257 1.08394503315 
0.95545866364 0.613661126501 
0.95545866364 0.613661126501 
0.95545866364 0.613661126501 
0.95545866364 0.613661126501 
0.95545866364 0.613661126501 
0.645960078657 1.01815403336 
0.95545866364 0.613661126501 
0.95545866364 0.613661126501 
1.06592592142 0.100832450908 
0.793523723827 0.888456472512 
0.95545866364 0.613661126501 
0.95545866364 0.613661126501 
0.95545866364 0.613661126501 
0.95545866364 0.613661126501 
0.45083146257 1.08394503315 
0.95545866364 0.613661126501 
1.06592592142 0.100832450908 
0.95545866364 0.613661126501 
0.95545866364 0.613661126501 
0.95545866364 0.613661126501 
0.95545866364 0.613661126501 
0.95545866364 0.613661126501 
0.95545866364 0.613661126501 
0.95545866364 0.613661126501 
0.95545866364 0.613661126501 
1.02969680211 0.399749415663 
0.95545866364 0.613661126501 
0.914949909577 0.702647664489 
0.95545866364 0.613661126501 
0.95545866364 0.613661126501 
0.645960078657 1.01815403336 
0.645960078657 1.01815403336 
0.95545866364 0.613661126501 
0.95545866364 0.613661126501 
0.95545866364 0.613661126501 
1.06592592142 0.100832450908 
0.95545866364 0.613661126501 
0.95545866364 0.613661126501 
0.95545866364 0.613661126501 
0.95545866364 0.613661126501 
0.95545866364 0.613661126501 
0.95545866364 0.613661126501 
0.95545866364 0.613661126501 
0.95545866364 0.613661126501 
1.02969680211 0.399749415663 
0.645960078657 1.01815403336 
0.95545866364 0.613661126501 
0.95545866364 0.613661126501 
0.95545866364 0.613661126501 
0.645960078657 1.01815403336 
0.95545866364 0.613661126501 
0.95545866364 0.613661126501 
0.914949909577 0.702647664489 
0.95545866364 0.613661126501 
1.02969680211 0.399749415663 
