0.924653264136 0.795243371402 
0.924653264136 0.795243371402 
0.924653264136 0.795243371402 
1.09454186326 0.197406541476 
0.924653264136 0.795243371402 
0.924653264136 0.795243371402 
0.924653264136 0.795243371402 
0.958440764047 0.706270783275 
1.09454186326 0.197406541476 
0.924653264136 0.795243371402 
0.924653264136 0.795243371402 
0.771840371691 1.01185865663 
0.924653264136 0.795243371402 
1.09454186326 0.197406541476 
0.924653264136 0.795243371402 
0.924653264136 0.795243371402 
0.924653264136 0.795243371402 
0.924653264136 0.795243371402 
0.924653264136 0.795243371402 
0.924653264136 0.795243371402 
0.924653264136 0.795243371402 
0.806892469158 0.921926678231 
1.09454186326 0.197406541476 
0.924653264136 0.795243371402 
0.924653264136 0.795243371402 
0.924653264136 0.795243371402 
0.924653264136 0.795243371402 
0.924653264136 0.795243371402 
0.924653264136 0.795243371402 
0.924653264136 0.795243371402 
0.924653264136 0.795243371402 
0.924653264136 0.795243371402 
1.09454186326 0.197406541476 
0.924653264136 0.795243371402 
0.924653264136 0.795243371402 
0.924653264136 0.795243371402 
0.924653264136 0.795243371402 
1.09454186326 0.197406541476 
1.09454186326 0.197406541476 
0.924653264136 0.795243371402 
1.09454186326 0.197406541476 
1.01765542358 0.481641503608 
0.924653264136 0.795243371402 
0.924653264136 0.795243371402 
0.924653264136 0.795243371402 
0.924653264136 0.795243371402 
0.924653264136 0.795243371402 
0.806892469158 0.921926678231 
1.09454186326 0.197406541476 
1.09454186326 0.197406541476 
1.09454186326 0.197406541476 
0.924653264136 0.795243371402 
1.09454186326 0.197406541476 
0.924653264136 0.795243371402 
0.924653264136 0.795243371402 
0.924653264136 0.795243371402 
0.924653264136 0.795243371402 
0.924653264136 0.795243371402 
0.924653264136 0.795243371402 
0.924653264136 0.795243371402 
0.924653264136 0.795243371402 
0.924653264136 0.795243371402 
0.924653264136 0.795243371402 
0.924653264136 0.795243371402 
0.924653264136 0.795243371402 
0.924653264136 0.795243371402 
1.09454186326 0.197406541476 
0.771840371691 1.01185865663 
0.924653264136 0.795243371402 
0.924653264136 0.795243371402 
1.09454186326 0.197406541476 
0.924653264136 0.795243371402 
0.806892469158 0.921926678231 
0.534660650698 1.12708640312 
1.09454186326 0.197406541476 
1.09454186326 0.197406541476 
0.924653264136 0.795243371402 
0.924653264136 0.795243371402 
0.806892469158 0.921926678231 
1.09454186326 0.197406541476 
1.01765542358 0.481641503608 
0.924653264136 0.795243371402 
0.924653264136 0.795243371402 
0.924653264136 0.795243371402 
0.924653264136 0.795243371402 
1.09454186326 0.197406541476 
0.534660650698 1.12708640312 
0.924653264136 0.795243371402 
1.01765542358 0.481641503608 
0.924653264136 0.795243371402 
0.924653264136 0.795243371402 
1.09454186326 0.197406541476 
0.924653264136 0.795243371402 
0.924653264136 0.795243371402 
0.924653264136 0.795243371402 
0.924653264136 0.795243371402 
0.924653264136 0.795243371402 
0.924653264136 0.795243371402 
1.09454186326 0.197406541476 
1.09454186326 0.197406541476 
