0.602050214905 1.04326443651 
0.602050214905 1.04326443651 
0.709264443818 0.976338283155 
1.06885879975 0.210971857886 
0.937921689122 0.675684113949 
1.06885879975 0.210971857886 
0.602050214905 1.04326443651 
1.02867259271 0.425222508155 
0.709264443818 0.976338283155 
1.06885879975 0.210971857886 
1.02867259271 0.425222508155 
1.02867259271 0.425222508155 
1.02867259271 0.425222508155 
0.602050214905 1.04326443651 
0.602050214905 1.04326443651 
1.06885879975 0.210971857886 
1.02867259271 0.425222508155 
1.06885879975 0.210971857886 
0.819323996951 0.865784697609 
0.709264443818 0.976338283155 
1.06885879975 0.210971857886 
0.845142187808 0.832039312295 
0.819323996951 0.865784697609 
0.993197247566 0.532112046502 
0.602050214905 1.04326443651 
1.02867259271 0.425222508155 
0.937921689122 0.675684113949 
0.602050214905 1.04326443651 
0.819323996951 0.865784697609 
0.937921689122 0.675684113949 
1.02867259271 0.425222508155 
0.602050214905 1.04326443651 
1.02867259271 0.425222508155 
1.06885879975 0.210971857886 
0.709264443818 0.976338283155 
1.02867259271 0.425222508155 
1.02867259271 0.425222508155 
1.06885879975 0.210971857886 
1.06885879975 0.210971857886 
0.602050214905 1.04326443651 
1.06885879975 0.210971857886 
0.709264443818 0.976338283155 
0.819323996951 0.865784697609 
1.06885879975 0.210971857886 
1.06885879975 0.210971857886 
0.937921689122 0.675684113949 
0.819323996951 0.865784697609 
0.709264443818 0.976338283155 
0.819323996951 0.865784697609 
0.709264443818 0.976338283155 
0.937921689122 0.675684113949 
0.602050214905 1.04326443651 
1.06885879975 0.210971857886 
0.602050214905 1.04326443651 
0.602050214905 1.04326443651 
0.937921689122 0.675684113949 
1.06885879975 0.210971857886 
1.06885879975 0.210971857886 
0.937921689122 0.675684113949 
1.06885879975 0.210971857886 
0.709264443818 0.976338283155 
1.06885879975 0.210971857886 
0.993197247566 0.532112046502 
0.993197247566 0.532112046502 
0.602050214905 1.04326443651 
0.819323996951 0.865784697609 
1.02867259271 0.425222508155 
0.937921689122 0.675684113949 
0.709264443818 0.976338283155 
0.819323996951 0.865784697609 
0.602050214905 1.04326443651 
1.02867259271 0.425222508155 
0.602050214905 1.04326443651 
1.02867259271 0.425222508155 
0.602050214905 1.04326443651 
0.602050214905 1.04326443651 
0.819323996951 0.865784697609 
1.06885879975 0.210971857886 
1.06885879975 0.210971857886 
0.937921689122 0.675684113949 
0.937921689122 0.675684113949 
1.06885879975 0.210971857886 
1.02867259271 0.425222508155 
1.02867259271 0.425222508155 
1.06885879975 0.210971857886 
1.02867259271 0.425222508155 
0.937921689122 0.675684113949 
1.06885879975 0.210971857886 
0.709264443818 0.976338283155 
1.02867259271 0.425222508155 
0.993197247566 0.532112046502 
1.06885879975 0.210971857886 
1.06885879975 0.210971857886 
1.06885879975 0.210971857886 
0.709264443818 0.976338283155 
0.602050214905 1.04326443651 
0.993197247566 0.532112046502 
1.06885879975 0.210971857886 
0.602050214905 1.04326443651 
1.06885879975 0.210971857886 
