0.891039197864 0.863434254742 
0.891039197864 0.863434254742 
0.891039197864 0.863434254742 
0.891039197864 0.863434254742 
0.891039197864 0.863434254742 
0.891039197864 0.863434254742 
0.947406742532 0.773835641204 
0.891039197864 0.863434254742 
1.10637360188 0.278206834062 
0.891039197864 0.863434254742 
0.891039197864 0.863434254742 
0.891039197864 0.863434254742 
0.657868253909 1.07058810603 
0.947406742532 0.773835641204 
1.10637360188 0.278206834062 
0.891039197864 0.863434254742 
0.891039197864 0.863434254742 
0.756573871452 1.01363425981 
0.891039197864 0.863434254742 
0.756573871452 1.01363425981 
1.10637360188 0.278206834062 
1.10637360188 0.278206834062 
1.00455533414 0.657949560783 
1.06328398464 0.494316892086 
0.756573871452 1.01363425981 
0.441151724231 1.13829262722 
0.891039197864 0.863434254742 
0.891039197864 0.863434254742 
0.891039197864 0.863434254742 
0.891039197864 0.863434254742 
0.891039197864 0.863434254742 
1.00455533414 0.657949560783 
0.570392100198 1.08642647892 
0.891039197864 0.863434254742 
0.891039197864 0.863434254742 
1.10637360188 0.278206834062 
0.891039197864 0.863434254742 
0.947406742532 0.773835641204 
0.891039197864 0.863434254742 
0.891039197864 0.863434254742 
0.891039197864 0.863434254742 
0.891039197864 0.863434254742 
0.570392100198 1.08642647892 
0.891039197864 0.863434254742 
0.891039197864 0.863434254742 
1.06328398464 0.494316892086 
0.441151724231 1.13829262722 
0.891039197864 0.863434254742 
0.891039197864 0.863434254742 
1.00455533414 0.657949560783 
1.06328398464 0.494316892086 
0.891039197864 0.863434254742 
0.891039197864 0.863434254742 
0.891039197864 0.863434254742 
0.947406742532 0.773835641204 
0.891039197864 0.863434254742 
0.891039197864 0.863434254742 
0.570392100198 1.08642647892 
1.10637360188 0.278206834062 
0.891039197864 0.863434254742 
1.06328398464 0.494316892086 
0.891039197864 0.863434254742 
0.947406742532 0.773835641204 
0.891039197864 0.863434254742 
0.891039197864 0.863434254742 
0.891039197864 0.863434254742 
1.06328398464 0.494316892086 
0.891039197864 0.863434254742 
0.756573871452 1.01363425981 
0.891039197864 0.863434254742 
0.891039197864 0.863434254742 
0.947406742532 0.773835641204 
0.891039197864 0.863434254742 
0.570392100198 1.08642647892 
1.06328398464 0.494316892086 
0.947406742532 0.773835641204 
1.10637360188 0.278206834062 
0.891039197864 0.863434254742 
1.10637360188 0.278206834062 
0.891039197864 0.863434254742 
0.947406742532 0.773835641204 
1.10637360188 0.278206834062 
0.891039197864 0.863434254742 
1.05621370604 0.517702964224 
0.891039197864 0.863434254742 
1.00455533414 0.657949560783 
0.891039197864 0.863434254742 
0.891039197864 0.863434254742 
0.891039197864 0.863434254742 
0.570392100198 1.08642647892 
0.891039197864 0.863434254742 
0.891039197864 0.863434254742 
0.756573871452 1.01363425981 
0.891039197864 0.863434254742 
0.891039197864 0.863434254742 
0.891039197864 0.863434254742 
1.00455533414 0.657949560783 
1.06328398464 0.494316892086 
0.756573871452 1.01363425981 
0.947406742532 0.773835641204 
