0.75914853567 0.961105452318 
0.962327548565 0.650339900397 
0.75914853567 0.961105452318 
0.75914853567 0.961105452318 
0.75914853567 0.961105452318 
0.962327548565 0.650339900397 
0.477674148422 1.09278691256 
0.962327548565 0.650339900397 
0.75914853567 0.961105452318 
0.75914853567 0.961105452318 
0.75914853567 0.961105452318 
0.75914853567 0.961105452318 
0.75914853567 0.961105452318 
0.962327548565 0.650339900397 
0.75914853567 0.961105452318 
0.75914853567 0.961105452318 
0.75914853567 0.961105452318 
0.75914853567 0.961105452318 
0.75914853567 0.961105452318 
0.75914853567 0.961105452318 
0.75914853567 0.961105452318 
0.75914853567 0.961105452318 
0.75914853567 0.961105452318 
0.75914853567 0.961105452318 
0.75914853567 0.961105452318 
0.75914853567 0.961105452318 
0.962327548565 0.650339900397 
0.75914853567 0.961105452318 
1.00199648142 0.549196349364 
0.75914853567 0.961105452318 
0.75914853567 0.961105452318 
0.962327548565 0.650339900397 
0.75914853567 0.961105452318 
0.75914853567 0.961105452318 
0.75914853567 0.961105452318 
0.75914853567 0.961105452318 
1.05320983486 0.386457066761 
0.75914853567 0.961105452318 
0.75914853567 0.961105452318 
0.75914853567 0.961105452318 
0.75914853567 0.961105452318 
1.06376375831 0.335538464429 
0.75914853567 0.961105452318 
0.75914853567 0.961105452318 
0.477674148422 1.09278691256 
0.75914853567 0.961105452318 
0.905577487952 0.773673783093 
0.75914853567 0.961105452318 
0.75914853567 0.961105452318 
0.75914853567 0.961105452318 
0.75914853567 0.961105452318 
0.75914853567 0.961105452318 
0.75914853567 0.961105452318 
0.75914853567 0.961105452318 
0.962327548565 0.650339900397 
0.75914853567 0.961105452318 
1.00199648142 0.549196349364 
0.75914853567 0.961105452318 
0.75914853567 0.961105452318 
0.75914853567 0.961105452318 
0.75914853567 0.961105452318 
0.75914853567 0.961105452318 
0.75914853567 0.961105452318 
0.962327548565 0.650339900397 
1.00199648142 0.549196349364 
0.75914853567 0.961105452318 
1.00199648142 0.549196349364 
0.75914853567 0.961105452318 
0.75914853567 0.961105452318 
0.962327548565 0.650339900397 
0.962327548565 0.650339900397 
0.75914853567 0.961105452318 
0.75914853567 0.961105452318 
0.75914853567 0.961105452318 
0.75914853567 0.961105452318 
0.962327548565 0.650339900397 
0.75914853567 0.961105452318 
0.75914853567 0.961105452318 
0.75914853567 0.961105452318 
1.06376375831 0.335538464429 
0.75914853567 0.961105452318 
0.75914853567 0.961105452318 
0.75914853567 0.961105452318 
0.75914853567 0.961105452318 
1.00199648142 0.549196349364 
0.75914853567 0.961105452318 
0.962327548565 0.650339900397 
0.75914853567 0.961105452318 
0.75914853567 0.961105452318 
0.75914853567 0.961105452318 
0.75914853567 0.961105452318 
0.75914853567 0.961105452318 
0.75914853567 0.961105452318 
0.962327548565 0.650339900397 
0.75914853567 0.961105452318 
0.75914853567 0.961105452318 
0.75914853567 0.961105452318 
0.75914853567 0.961105452318 
1.06376375831 0.335538464429 
0.75914853567 0.961105452318 
