0.601194068213 1.04342349041 
0.601194068213 1.04342349041 
0.601194068213 1.04342349041 
0.601194068213 1.04342349041 
0.601194068213 1.04342349041 
0.601194068213 1.04342349041 
0.601194068213 1.04342349041 
0.601194068213 1.04342349041 
0.601194068213 1.04342349041 
0.601194068213 1.04342349041 
0.826136318242 0.827510225732 
0.826136318242 0.827510225732 
0.826136318242 0.827510225732 
0.601194068213 1.04342349041 
0.826136318242 0.827510225732 
0.601194068213 1.04342349041 
0.601194068213 1.04342349041 
0.826136318242 0.827510225732 
1.0186256806 0.311500709739 
0.826136318242 0.827510225732 
1.0186256806 0.311500709739 
0.818809753517 0.881481243006 
0.826136318242 0.827510225732 
0.826136318242 0.827510225732 
0.601194068213 1.04342349041 
0.826136318242 0.827510225732 
0.601194068213 1.04342349041 
0.759900267322 0.909544540822 
1.0186256806 0.311500709739 
1.0186256806 0.311500709739 
0.826136318242 0.827510225732 
0.826136318242 0.827510225732 
0.601194068213 1.04342349041 
1.0186256806 0.311500709739 
0.759900267322 0.909544540822 
1.00986093753 0.358008053179 
0.601194068213 1.04342349041 
1.04608397899 0.0929742444528 
1.0186256806 0.311500709739 
0.826136318242 0.827510225732 
0.601194068213 1.04342349041 
0.89296338378 0.763003513098 
0.818809753517 0.881481243006 
0.826136318242 0.827510225732 
0.826136318242 0.827510225732 
0.601194068213 1.04342349041 
0.601194068213 1.04342349041 
0.601194068213 1.04342349041 
0.826136318242 0.827510225732 
0.601194068213 1.04342349041 
0.601194068213 1.04342349041 
0.601194068213 1.04342349041 
0.601194068213 1.04342349041 
0.601194068213 1.04342349041 
0.601194068213 1.04342349041 
0.826136318242 0.827510225732 
0.601194068213 1.04342349041 
0.826136318242 0.827510225732 
0.601194068213 1.04342349041 
0.601194068213 1.04342349041 
0.759900267322 0.909544540822 
0.601194068213 1.04342349041 
0.826136318242 0.827510225732 
0.601194068213 1.04342349041 
0.826136318242 0.827510225732 
0.601194068213 1.04342349041 
0.601194068213 1.04342349041 
0.826136318242 0.827510225732 
0.601194068213 1.04342349041 
0.826136318242 0.827510225732 
0.601194068213 1.04342349041 
0.826136318242 0.827510225732 
1.0186256806 0.311500709739 
0.826136318242 0.827510225732 
0.818809753517 0.881481243006 
0.601194068213 1.04342349041 
0.826136318242 0.827510225732 
0.826136318242 0.827510225732 
0.601194068213 1.04342349041 
0.601194068213 1.04342349041 
1.0186256806 0.311500709739 
0.601194068213 1.04342349041 
0.601194068213 1.04342349041 
0.826136318242 0.827510225732 
0.601194068213 1.04342349041 
0.89296338378 0.763003513098 
0.601194068213 1.04342349041 
0.826136318242 0.827510225732 
0.759900267322 0.909544540822 
0.826136318242 0.827510225732 
0.826136318242 0.827510225732 
1.0186256806 0.311500709739 
0.826136318242 0.827510225732 
0.826136318242 0.827510225732 
0.826136318242 0.827510225732 
0.601194068213 1.04342349041 
0.826136318242 0.827510225732 
0.601194068213 1.04342349041 
0.759900267322 0.909544540822 
0.601194068213 1.04342349041 
