1.01427811395 0.437311713736 
0.585293715863 1.10614453821 
0.95714297612 0.627225896365 
0.95714297612 0.627225896365 
0.95714297612 0.627225896365 
0.95714297612 0.627225896365 
0.95714297612 0.627225896365 
0.95714297612 0.627225896365 
1.01427811395 0.437311713736 
0.423159334584 1.14533088753 
0.984518192483 0.546838905926 
0.95714297612 0.627225896365 
0.95714297612 0.627225896365 
0.984518192483 0.546838905926 
0.95714297612 0.627225896365 
0.95714297612 0.627225896365 
0.95714297612 0.627225896365 
0.423159334584 1.14533088753 
0.95714297612 0.627225896365 
0.95714297612 0.627225896365 
0.423159334584 1.14533088753 
1.01427811395 0.437311713736 
0.95714297612 0.627225896365 
0.95714297612 0.627225896365 
0.423159334584 1.14533088753 
0.585293715863 1.10614453821 
0.869174240748 0.816827423983 
0.585293715863 1.10614453821 
0.423159334584 1.14533088753 
1.01427811395 0.437311713736 
0.984518192483 0.546838905926 
1.01427811395 0.437311713736 
0.423159334584 1.14533088753 
0.984518192483 0.546838905926 
0.95714297612 0.627225896365 
0.736841624455 0.993131244416 
0.95714297612 0.627225896365 
0.95714297612 0.627225896365 
0.95714297612 0.627225896365 
0.984518192483 0.546838905926 
0.984518192483 0.546838905926 
0.95714297612 0.627225896365 
0.984518192483 0.546838905926 
0.95714297612 0.627225896365 
0.423159334584 1.14533088753 
0.95714297612 0.627225896365 
1.01427811395 0.437311713736 
0.95714297612 0.627225896365 
0.95714297612 0.627225896365 
0.95714297612 0.627225896365 
0.95714297612 0.627225896365 
0.95714297612 0.627225896365 
0.95714297612 0.627225896365 
1.01427811395 0.437311713736 
0.95714297612 0.627225896365 
0.423159334584 1.14533088753 
1.01427811395 0.437311713736 
0.95714297612 0.627225896365 
0.736841624455 0.993131244416 
1.01427811395 0.437311713736 
1.01427811395 0.437311713736 
0.984518192483 0.546838905926 
1.01427811395 0.437311713736 
0.423159334584 1.14533088753 
0.984518192483 0.546838905926 
0.95714297612 0.627225896365 
0.95714297612 0.627225896365 
0.95714297612 0.627225896365 
0.95714297612 0.627225896365 
0.95714297612 0.627225896365 
0.95714297612 0.627225896365 
0.95714297612 0.627225896365 
0.95714297612 0.627225896365 
1.01427811395 0.437311713736 
0.423159334584 1.14533088753 
0.984518192483 0.546838905926 
0.984518192483 0.546838905926 
0.95714297612 0.627225896365 
1.01427811395 0.437311713736 
0.95714297612 0.627225896365 
0.736841624455 0.993131244416 
0.585293715863 1.10614453821 
0.95714297612 0.627225896365 
1.01427811395 0.437311713736 
0.423159334584 1.14533088753 
0.95714297612 0.627225896365 
1.01427811395 0.437311713736 
0.95714297612 0.627225896365 
0.95714297612 0.627225896365 
0.869174240748 0.816827423983 
1.01427811395 0.437311713736 
0.95714297612 0.627225896365 
0.984518192483 0.546838905926 
0.95714297612 0.627225896365 
1.01427811395 0.437311713736 
0.984518192483 0.546838905926 
0.423159334584 1.14533088753 
1.01427811395 0.437311713736 
0.585293715863 1.10614453821 
1.01427811395 0.437311713736 
