0.574900259249 1.15622231621 
0.906010427752 0.859050259947 
0.906010427752 0.859050259947 
0.906010427752 0.859050259947 
0.906010427752 0.859050259947 
0.764373834841 1.03439497326 
0.906010427752 0.859050259947 
1.02843409825 0.601125620618 
0.906010427752 0.859050259947 
0.906010427752 0.859050259947 
0.764373834841 1.03439497326 
0.906010427752 0.859050259947 
0.906010427752 0.859050259947 
0.574900259249 1.15622231621 
0.906010427752 0.859050259947 
0.906010427752 0.859050259947 
0.906010427752 0.859050259947 
0.906010427752 0.859050259947 
0.906010427752 0.859050259947 
0.906010427752 0.859050259947 
1.02843409825 0.601125620618 
0.906010427752 0.859050259947 
0.906010427752 0.859050259947 
0.574900259249 1.15622231621 
0.906010427752 0.859050259947 
0.906010427752 0.859050259947 
0.831007471828 0.963057883232 
0.697101085282 1.0898810239 
0.906010427752 0.859050259947 
0.764373834841 1.03439497326 
0.574900259249 1.15622231621 
0.906010427752 0.859050259947 
0.764373834841 1.03439497326 
0.906010427752 0.859050259947 
0.906010427752 0.859050259947 
0.906010427752 0.859050259947 
0.906010427752 0.859050259947 
0.906010427752 0.859050259947 
0.697101085282 1.0898810239 
0.906010427752 0.859050259947 
0.906010427752 0.859050259947 
0.906010427752 0.859050259947 
0.906010427752 0.859050259947 
1.02843409825 0.601125620618 
1.00768629353 0.656171304137 
0.906010427752 0.859050259947 
0.906010427752 0.859050259947 
0.906010427752 0.859050259947 
0.906010427752 0.859050259947 
0.574900259249 1.15622231621 
0.906010427752 0.859050259947 
0.906010427752 0.859050259947 
0.764373834841 1.03439497326 
0.906010427752 0.859050259947 
0.574900259249 1.15622231621 
0.906010427752 0.859050259947 
0.764373834841 1.03439497326 
0.574900259249 1.15622231621 
0.906010427752 0.859050259947 
0.574900259249 1.15622231621 
0.906010427752 0.859050259947 
0.574900259249 1.15622231621 
0.906010427752 0.859050259947 
0.906010427752 0.859050259947 
0.697101085282 1.0898810239 
0.574900259249 1.15622231621 
0.906010427752 0.859050259947 
0.574900259249 1.15622231621 
0.906010427752 0.859050259947 
0.764373834841 1.03439497326 
0.906010427752 0.859050259947 
0.697101085282 1.0898810239 
0.574900259249 1.15622231621 
0.906010427752 0.859050259947 
0.764373834841 1.03439497326 
0.764373834841 1.03439497326 
0.906010427752 0.859050259947 
0.831007471828 0.963057883232 
0.574900259249 1.15622231621 
0.906010427752 0.859050259947 
0.574900259249 1.15622231621 
0.574900259249 1.15622231621 
0.906010427752 0.859050259947 
1.02843409825 0.601125620618 
0.574900259249 1.15622231621 
0.906010427752 0.859050259947 
0.906010427752 0.859050259947 
0.574900259249 1.15622231621 
0.906010427752 0.859050259947 
0.906010427752 0.859050259947 
0.906010427752 0.859050259947 
0.906010427752 0.859050259947 
0.906010427752 0.859050259947 
0.906010427752 0.859050259947 
0.906010427752 0.859050259947 
0.906010427752 0.859050259947 
0.574900259249 1.15622231621 
0.574900259249 1.15622231621 
0.437949167204 1.18493064028 
0.906010427752 0.859050259947 
