1.00040367786 0.553733003219 
0.82140534208 0.941153258584 
1.00040367786 0.553733003219 
1.00040367786 0.553733003219 
1.00040367786 0.553733003219 
0.82140534208 0.941153258584 
1.0176891124 0.489379284549 
0.82140534208 0.941153258584 
0.82140534208 0.941153258584 
0.82140534208 0.941153258584 
0.82140534208 0.941153258584 
0.82140534208 0.941153258584 
0.82140534208 0.941153258584 
1.00040367786 0.553733003219 
0.82140534208 0.941153258584 
0.82140534208 0.941153258584 
1.00040367786 0.553733003219 
1.00040367786 0.553733003219 
1.00040367786 0.553733003219 
1.00040367786 0.553733003219 
0.82140534208 0.941153258584 
0.593876932808 1.1473905644 
1.00040367786 0.553733003219 
1.00040367786 0.553733003219 
0.82140534208 0.941153258584 
1.00040367786 0.553733003219 
0.82140534208 0.941153258584 
0.82140534208 0.941153258584 
0.82140534208 0.941153258584 
0.82140534208 0.941153258584 
0.682547474218 1.02367734711 
0.82140534208 0.941153258584 
0.82140534208 0.941153258584 
1.00040367786 0.553733003219 
1.00040367786 0.553733003219 
0.682547474218 1.02367734711 
1.00040367786 0.553733003219 
1.00040367786 0.553733003219 
0.593876932808 1.1473905644 
1.00040367786 0.553733003219 
0.82140534208 0.941153258584 
0.82140534208 0.941153258584 
1.00040367786 0.553733003219 
1.00040367786 0.553733003219 
1.00040367786 0.553733003219 
1.00040367786 0.553733003219 
0.82140534208 0.941153258584 
1.00040367786 0.553733003219 
1.0176891124 0.489379284549 
0.82140534208 0.941153258584 
1.00040367786 0.553733003219 
0.82140534208 0.941153258584 
1.00040367786 0.553733003219 
0.82140534208 0.941153258584 
1.00040367786 0.553733003219 
0.82140534208 0.941153258584 
0.82140534208 0.941153258584 
0.82140534208 0.941153258584 
1.00040367786 0.553733003219 
0.682547474218 1.02367734711 
0.82140534208 0.941153258584 
0.82140534208 0.941153258584 
1.00040367786 0.553733003219 
0.82140534208 0.941153258584 
0.82140534208 0.941153258584 
1.00040367786 0.553733003219 
1.00040367786 0.553733003219 
0.82140534208 0.941153258584 
1.00040367786 0.553733003219 
0.82140534208 0.941153258584 
0.682547474218 1.02367734711 
0.82140534208 0.941153258584 
0.82140534208 0.941153258584 
0.82140534208 0.941153258584 
0.682547474218 1.02367734711 
0.82140534208 0.941153258584 
0.682547474218 1.02367734711 
1.00040367786 0.553733003219 
0.82140534208 0.941153258584 
1.00040367786 0.553733003219 
0.82140534208 0.941153258584 
0.82140534208 0.941153258584 
0.82140534208 0.941153258584 
0.82140534208 0.941153258584 
0.82140534208 0.941153258584 
1.0176891124 0.489379284549 
0.82140534208 0.941153258584 
0.682547474218 1.02367734711 
0.682547474218 1.02367734711 
0.82140534208 0.941153258584 
0.82140534208 0.941153258584 
0.82140534208 0.941153258584 
0.82140534208 0.941153258584 
1.00040367786 0.553733003219 
0.82140534208 0.941153258584 
0.82140534208 0.941153258584 
0.82140534208 0.941153258584 
0.82140534208 0.941153258584 
1.0176891124 0.489379284549 
1.00040367786 0.553733003219 
