0.355341879702 0.923638891919 
0.355341879702 0.923638891919 
0.346082710339 1.02624676318 
0.880519403827 0.718008692053 
0.481338754941 0.875950463386 
0.359594705198 0.876510110286 
0.350587584121 0.976324843516 
0.355341879702 0.923638891919 
0.346568020086 1.02086867817 
0.349159970033 0.992145316914 
0.355341879702 0.923638891919 
0.359594705198 0.876510110286 
0.350587584121 0.976324843516 
0.355341879702 0.923638891919 
0.355341879702 0.923638891919 
0.359531568633 0.877209774394 
0.355341879702 0.923638891919 
0.683476535906 0.872042352849 
0.352370436453 0.956567705985 
0.353983438238 0.938692811053 
0.357239186082 0.902613402357 
0.349159970033 0.992145316914 
0.481338754941 0.875950463386 
0.481338754941 0.875950463386 
0.350160721732 0.981055229079 
0.350587584121 0.976324843516 
0.346082710339 1.02624676318 
0.346568020086 1.02086867817 
0.775753957243 0.823590763497 
0.359531568633 0.877209774394 
0.347725755287 1.0080389372 
0.355341879702 0.923638891919 
0.342715403394 1.06356244281 
0.359035224149 0.882710143695 
0.355341879702 0.923638891919 
0.359594705198 0.876510110286 
0.353888896058 0.93974050458 
0.359531568633 0.877209774394 
0.347725755287 1.0080389372 
0.359594705198 0.876510110286 
0.346082710339 1.02624676318 
0.355341879702 0.923638891919 
0.355341879702 0.923638891919 
0.346101623194 1.02603717551 
0.346568020086 1.02086867817 
0.347165638694 1.01424601356 
0.355341879702 0.923638891919 
0.340956753126 1.08305137893 
0.347725755287 1.0080389372 
0.352890437818 0.950805176857 
0.340956753126 1.08305137893 
0.353888896058 0.93974050458 
0.347725755287 1.0080389372 
0.347193441468 1.01393790996 
0.342715403394 1.06356244281 
0.355341879702 0.923638891919 
0.343610711286 1.05364085769 
0.355341879702 0.923638891919 
0.347131433255 1.01462506995 
0.355341879702 0.923638891919 
0.346568020086 1.02086867817 
0.352370436453 0.956567705985 
0.942615733309 0.571264619442 
0.358643051396 0.887056107121 
0.359594705198 0.876510110286 
0.350587584121 0.976324843516 
0.346568020086 1.02086867817 
0.347725755287 1.0080389372 
0.354032570624 0.938148337855 
0.347588908971 1.00955543492 
0.346082710339 1.02624676318 
0.350160721732 0.981055229079 
0.355341879702 0.923638891919 
0.950389155324 0.117878311108 
0.355341879702 0.923638891919 
0.359594705198 0.876510110286 
0.346568020086 1.02086867817 
0.346568020086 1.02086867817 
0.345706789681 1.03041262483 
0.340956753126 1.08305137893 
0.350160721732 0.981055229079 
0.346082710339 1.02624676318 
0.354800121961 0.929642519924 
0.355341879702 0.923638891919 
0.350160721732 0.981055229079 
0.355341879702 0.923638891919 
0.341608949965 1.0758238916 
0.358242656729 0.891493183796 
0.481338754941 0.875950463386 
0.347578584043 1.00966985327 
0.353188278397 0.947504579736 
1.00990637668 0.0716923158907 
0.346568020086 1.02086867817 
0.355341879702 0.923638891919 
0.355341879702 0.923638891919 
0.950389155324 0.117878311108 
0.35536593264 0.923372343088 
0.347165638694 1.01424601356 
0.346101623194 1.02603717551 
0.352370436453 0.956567705985 
