0.409326796374 1.07026791751 
0.925624812842 0.608991101039 
0.409326796374 1.07026791751 
0.409326796374 1.07026791751 
0.409326796374 1.07026791751 
0.826136229487 0.862270785196 
0.649607310179 1.05645369968 
0.925624812842 0.608991101039 
0.912200136812 0.666846421996 
0.409326796374 1.07026791751 
0.925624812842 0.608991101039 
0.409326796374 1.07026791751 
0.409326796374 1.07026791751 
0.409176956558 1.09781909592 
0.826136229487 0.862270785196 
0.708982267033 0.927121988513 
0.409176956558 1.09781909592 
0.409326796374 1.07026791751 
0.925624812842 0.608991101039 
0.409326796374 1.07026791751 
0.912200136812 0.666846421996 
0.409326796374 1.07026791751 
0.409326796374 1.07026791751 
0.826136229487 0.862270785196 
0.826136229487 0.862270785196 
0.693420274332 0.939820980319 
0.409326796374 1.07026791751 
0.409326796374 1.07026791751 
0.925624812842 0.608991101039 
0.649607310179 1.05645369968 
0.409176956558 1.09781909592 
0.925624812842 0.608991101039 
0.409326796374 1.07026791751 
0.925624812842 0.608991101039 
0.409326796374 1.07026791751 
0.409326796374 1.07026791751 
0.409326796374 1.07026791751 
0.409326796374 1.07026791751 
0.409326796374 1.07026791751 
1.01752687344 0.248123445291 
0.826136229487 0.862270785196 
0.925624812842 0.608991101039 
0.273797682548 1.10666592698 
0.409326796374 1.07026791751 
0.409326796374 1.07026791751 
0.409313149387 1.07277720094 
0.925624812842 0.608991101039 
0.409326796374 1.07026791751 
0.409326796374 1.07026791751 
0.925624812842 0.608991101039 
0.409326796374 1.07026791751 
0.409326796374 1.07026791751 
0.409284101691 1.07811822627 
0.826136229487 0.862270785196 
0.977927380759 0.469115391105 
0.409326796374 1.07026791751 
0.409326796374 1.07026791751 
0.409326796374 1.07026791751 
0.409326796374 1.07026791751 
0.409326796374 1.07026791751 
0.912200136812 0.666846421996 
0.826136229487 0.862270785196 
0.649607310179 1.05645369968 
0.409326796374 1.07026791751 
0.925624812842 0.608991101039 
0.826136229487 0.862270785196 
0.649607310179 1.05645369968 
0.409185978766 1.09616017456 
0.409326796374 1.07026791751 
0.925624812842 0.608991101039 
0.409326796374 1.07026791751 
0.925624812842 0.608991101039 
0.409326796374 1.07026791751 
0.826136229487 0.862270785196 
0.649607310179 1.05645369968 
0.409263102002 1.08197945758 
0.409326796374 1.07026791751 
0.409326796374 1.07026791751 
0.409326796374 1.07026791751 
0.409326796374 1.07026791751 
0.649607310179 1.05645369968 
0.925624812842 0.608991101039 
0.409326796374 1.07026791751 
0.409326796374 1.07026791751 
0.409326796374 1.07026791751 
0.925624812842 0.608991101039 
0.925624812842 0.608991101039 
0.409326796374 1.07026791751 
0.409326796374 1.07026791751 
0.649607310179 1.05645369968 
0.409326796374 1.07026791751 
0.409326796374 1.07026791751 
0.409326796374 1.07026791751 
0.409263102002 1.08197945758 
0.693420274332 0.939820980319 
0.409326796374 1.07026791751 
0.925624812842 0.608991101039 
0.708982267033 0.927121988513 
0.826136229487 0.862270785196 
0.409286114735 1.07774808616 
