0.933864499637 0.74493566349 
0.933864499637 0.74493566349 
0.782251122304 0.969490857322 
0.782251122304 0.969490857322 
0.782251122304 0.969490857322 
0.933864499637 0.74493566349 
1.01033507796 0.596031855239 
0.782251122304 0.969490857322 
0.782251122304 0.969490857322 
0.782251122304 0.969490857322 
0.782251122304 0.969490857322 
0.782251122304 0.969490857322 
0.933864499637 0.74493566349 
0.782251122304 0.969490857322 
0.946996506426 0.662406952091 
1.10311358138 0.254386330668 
0.782251122304 0.969490857322 
0.782251122304 0.969490857322 
0.933864499637 0.74493566349 
0.933864499637 0.74493566349 
0.782251122304 0.969490857322 
0.933864499637 0.74493566349 
0.933864499637 0.74493566349 
0.782251122304 0.969490857322 
0.782251122304 0.969490857322 
0.933864499637 0.74493566349 
0.782251122304 0.969490857322 
0.782251122304 0.969490857322 
0.782251122304 0.969490857322 
0.933864499637 0.74493566349 
0.914266014829 0.803545705426 
0.782251122304 0.969490857322 
0.782251122304 0.969490857322 
0.782251122304 0.969490857322 
0.933864499637 0.74493566349 
0.782251122304 0.969490857322 
0.782251122304 0.969490857322 
0.782251122304 0.969490857322 
0.933864499637 0.74493566349 
0.782251122304 0.969490857322 
0.933864499637 0.74493566349 
0.782251122304 0.969490857322 
0.782251122304 0.969490857322 
0.60088178128 1.0926859451 
0.782251122304 0.969490857322 
0.782251122304 0.969490857322 
0.933864499637 0.74493566349 
0.782251122304 0.969490857322 
0.629705021262 1.0794471878 
0.782251122304 0.969490857322 
0.782251122304 0.969490857322 
0.933864499637 0.74493566349 
0.914266014829 0.803545705426 
1.01033507796 0.596031855239 
0.933864499637 0.74493566349 
0.782251122304 0.969490857322 
0.782251122304 0.969490857322 
0.933864499637 0.74493566349 
0.782251122304 0.969490857322 
1.01033507796 0.596031855239 
0.60088178128 1.0926859451 
0.782251122304 0.969490857322 
0.782251122304 0.969490857322 
0.60088178128 1.0926859451 
0.933864499637 0.74493566349 
0.782251122304 0.969490857322 
0.782251122304 0.969490857322 
0.782251122304 0.969490857322 
0.782251122304 0.969490857322 
0.782251122304 0.969490857322 
0.629705021262 1.0794471878 
0.782251122304 0.969490857322 
0.933864499637 0.74493566349 
0.782251122304 0.969490857322 
0.933864499637 0.74493566349 
0.782251122304 0.969490857322 
0.914266014829 0.803545705426 
0.782251122304 0.969490857322 
0.658977214918 1.06372398797 
0.933864499637 0.74493566349 
0.782251122304 0.969490857322 
0.782251122304 0.969490857322 
0.933864499637 0.74493566349 
0.782251122304 0.969490857322 
0.782251122304 0.969490857322 
1.10311358138 0.254386330668 
0.782251122304 0.969490857322 
0.933864499637 0.74493566349 
0.933864499637 0.74493566349 
0.782251122304 0.969490857322 
0.782251122304 0.969490857322 
0.933864499637 0.74493566349 
0.658977214918 1.06372398797 
0.933864499637 0.74493566349 
0.782251122304 0.969490857322 
0.782251122304 0.969490857322 
0.782251122304 0.969490857322 
0.782251122304 0.969490857322 
0.782251122304 0.969490857322 
0.782251122304 0.969490857322 
