0.714717449064 0.969705061837 
1.02059396115 0.387761498259 
0.714717449064 0.969705061837 
0.974995271592 0.559861225259 
0.714717449064 0.969705061837 
0.936599009468 0.656676298566 
0.936599009468 0.656676298566 
0.808770082312 0.871915297194 
0.714717449064 0.969705061837 
0.714717449064 0.969705061837 
0.974995271592 0.559861225259 
0.714717449064 0.969705061837 
0.974995271592 0.559861225259 
0.714717449064 0.969705061837 
0.714717449064 0.969705061837 
0.974995271592 0.559861225259 
0.889230908689 0.746904945169 
0.889230908689 0.746904945169 
0.808770082312 0.871915297194 
0.714717449064 0.969705061837 
0.714717449064 0.969705061837 
0.974995271592 0.559861225259 
0.974995271592 0.559861225259 
0.950217144838 0.651389517169 
1.02059396115 0.387761498259 
0.714717449064 0.969705061837 
0.936599009468 0.656676298566 
0.808770082312 0.871915297194 
0.714717449064 0.969705061837 
0.760156087777 0.948209792422 
0.974995271592 0.559861225259 
0.714717449064 0.969705061837 
0.714717449064 0.969705061837 
1.06619188771 0.19457231685 
0.714717449064 0.969705061837 
0.808770082312 0.871915297194 
0.714717449064 0.969705061837 
0.714717449064 0.969705061837 
0.714717449064 0.969705061837 
0.889230908689 0.746904945169 
0.808770082312 0.871915297194 
0.936599009468 0.656676298566 
0.714717449064 0.969705061837 
0.714717449064 0.969705061837 
0.714717449064 0.969705061837 
0.714717449064 0.969705061837 
0.714717449064 0.969705061837 
0.936599009468 0.656676298566 
0.714717449064 0.969705061837 
1.06619188771 0.19457231685 
0.714717449064 0.969705061837 
0.714717449064 0.969705061837 
0.974995271592 0.559861225259 
0.64927060932 1.01392349809 
0.714717449064 0.969705061837 
0.760156087777 0.948209792422 
0.936599009468 0.656676298566 
0.714717449064 0.969705061837 
0.714717449064 0.969705061837 
0.808770082312 0.871915297194 
0.974995271592 0.559861225259 
0.714717449064 0.969705061837 
0.974995271592 0.559861225259 
0.889230908689 0.746904945169 
0.714717449064 0.969705061837 
1.06619188771 0.19457231685 
0.936599009468 0.656676298566 
0.714717449064 0.969705061837 
0.936599009468 0.656676298566 
0.974995271592 0.559861225259 
1.06619188771 0.19457231685 
1.06619188771 0.19457231685 
0.714717449064 0.969705061837 
0.936599009468 0.656676298566 
0.64927060932 1.01392349809 
0.714717449064 0.969705061837 
0.714717449064 0.969705061837 
0.974995271592 0.559861225259 
0.808770082312 0.871915297194 
0.974995271592 0.559861225259 
0.808770082312 0.871915297194 
0.714717449064 0.969705061837 
0.760156087777 0.948209792422 
0.808770082312 0.871915297194 
0.714717449064 0.969705061837 
0.714717449064 0.969705061837 
0.714717449064 0.969705061837 
0.714717449064 0.969705061837 
0.714717449064 0.969705061837 
0.936599009468 0.656676298566 
0.889230908689 0.746904945169 
0.714717449064 0.969705061837 
0.808770082312 0.871915297194 
0.714717449064 0.969705061837 
0.714717449064 0.969705061837 
0.808770082312 0.871915297194 
0.714717449064 0.969705061837 
0.936599009468 0.656676298566 
0.714717449064 0.969705061837 
0.714717449064 0.969705061837 
