0.528684043995 1.19435647411 
0.528684043995 1.19435647411 
0.528684043995 1.19435647411 
1.01396516965 0.648718454474 
1.10675432463 0.0136525818441 
0.528684043995 1.19435647411 
0.528684043995 1.19435647411 
0.90472806819 0.878904830531 
0.90472806819 0.878904830531 
0.528684043995 1.19435647411 
0.743950305035 1.07593672955 
0.528684043995 1.19435647411 
0.528684043995 1.19435647411 
0.528684043995 1.19435647411 
0.528684043995 1.19435647411 
1.0758254552 0.378977325115 
0.528684043995 1.19435647411 
0.528684043995 1.19435647411 
0.743950305035 1.07593672955 
0.79507934515 1.02101244471 
0.528684043995 1.19435647411 
0.90472806819 0.878904830531 
1.01396516965 0.648718454474 
0.528684043995 1.19435647411 
0.528684043995 1.19435647411 
0.528684043995 1.19435647411 
0.90472806819 0.878904830531 
0.528684043995 1.19435647411 
0.90472806819 0.878904830531 
0.528684043995 1.19435647411 
0.528684043995 1.19435647411 
0.966711417146 0.712652533712 
0.528684043995 1.19435647411 
1.0758254552 0.378977325115 
0.90472806819 0.878904830531 
0.528684043995 1.19435647411 
0.90472806819 0.878904830531 
0.743950305035 1.07593672955 
0.528684043995 1.19435647411 
0.528684043995 1.19435647411 
0.528684043995 1.19435647411 
0.90472806819 0.878904830531 
0.90472806819 0.878904830531 
0.528684043995 1.19435647411 
0.90472806819 0.878904830531 
1.01396516965 0.648718454474 
0.528684043995 1.19435647411 
0.528684043995 1.19435647411 
0.90472806819 0.878904830531 
0.528684043995 1.19435647411 
0.528684043995 1.19435647411 
0.528684043995 1.19435647411 
0.528684043995 1.19435647411 
0.90472806819 0.878904830531 
0.528684043995 1.19435647411 
0.528684043995 1.19435647411 
0.528684043995 1.19435647411 
0.90472806819 0.878904830531 
0.528684043995 1.19435647411 
1.01396516965 0.648718454474 
0.528684043995 1.19435647411 
0.528684043995 1.19435647411 
0.90472806819 0.878904830531 
0.90472806819 0.878904830531 
0.528684043995 1.19435647411 
0.528684043995 1.19435647411 
0.743950305035 1.07593672955 
0.528684043995 1.19435647411 
0.528684043995 1.19435647411 
1.0758254552 0.378977325115 
0.528684043995 1.19435647411 
0.528684043995 1.19435647411 
0.90472806819 0.878904830531 
0.528684043995 1.19435647411 
0.528684043995 1.19435647411 
0.90472806819 0.878904830531 
0.90472806819 0.878904830531 
0.528684043995 1.19435647411 
0.528684043995 1.19435647411 
0.528684043995 1.19435647411 
0.90472806819 0.878904830531 
0.528684043995 1.19435647411 
0.743950305035 1.07593672955 
0.528684043995 1.19435647411 
0.528684043995 1.19435647411 
0.528684043995 1.19435647411 
0.528684043995 1.19435647411 
0.90472806819 0.878904830531 
0.528684043995 1.19435647411 
0.743950305035 1.07593672955 
0.528684043995 1.19435647411 
0.90472806819 0.878904830531 
1.01396516965 0.648718454474 
0.79507934515 1.02101244471 
0.528684043995 1.19435647411 
0.528684043995 1.19435647411 
0.528684043995 1.19435647411 
0.90472806819 0.878904830531 
0.90472806819 0.878904830531 
0.528684043995 1.19435647411 
