0.599304948314 1.11151796174 
0.599304948314 1.11151796174 
1.06814180766 0.386765869448 
0.599304948314 1.11151796174 
0.599304948314 1.11151796174 
0.599304948314 1.11151796174 
1.06814180766 0.386765869448 
1.0278912694 0.524040732575 
0.866766824816 0.878998052769 
1.06814180766 0.386765869448 
0.866766824816 0.878998052769 
0.866766824816 0.878998052769 
0.744772669823 1.01752959509 
1.06814180766 0.386765869448 
0.744772669823 1.01752959509 
0.866766824816 0.878998052769 
0.599304948314 1.11151796174 
0.599304948314 1.11151796174 
0.599304948314 1.11151796174 
1.06814180766 0.386765869448 
0.744772669823 1.01752959509 
0.744772669823 1.01752959509 
1.06814180766 0.386765869448 
1.06814180766 0.386765869448 
0.599304948314 1.11151796174 
0.866766824816 0.878998052769 
0.744772669823 1.01752959509 
0.866766824816 0.878998052769 
1.0278912694 0.524040732575 
1.06814180766 0.386765869448 
0.795625987561 0.967662616487 
0.866766824816 0.878998052769 
1.0278912694 0.524040732575 
0.599304948314 1.11151796174 
0.795625987561 0.967662616487 
0.599304948314 1.11151796174 
1.0278912694 0.524040732575 
1.06814180766 0.386765869448 
0.599304948314 1.11151796174 
0.795625987561 0.967662616487 
0.599304948314 1.11151796174 
1.06814180766 0.386765869448 
1.06814180766 0.386765869448 
1.0278912694 0.524040732575 
0.599304948314 1.11151796174 
1.0278912694 0.524040732575 
0.599304948314 1.11151796174 
0.866766824816 0.878998052769 
0.632434802265 1.09577609768 
0.866766824816 0.878998052769 
0.599304948314 1.11151796174 
0.599304948314 1.11151796174 
0.599304948314 1.11151796174 
1.06814180766 0.386765869448 
0.744772669823 1.01752959509 
1.06814180766 0.386765869448 
1.06814180766 0.386765869448 
1.06814180766 0.386765869448 
1.06814180766 0.386765869448 
0.866766824816 0.878998052769 
0.744772669823 1.01752959509 
0.866766824816 0.878998052769 
1.06814180766 0.386765869448 
0.866766824816 0.878998052769 
0.599304948314 1.11151796174 
0.599304948314 1.11151796174 
1.0278912694 0.524040732575 
0.866766824816 0.878998052769 
0.795625987561 0.967662616487 
0.599304948314 1.11151796174 
1.06814180766 0.386765869448 
0.599304948314 1.11151796174 
0.866766824816 0.878998052769 
0.599304948314 1.11151796174 
1.06814180766 0.386765869448 
1.06814180766 0.386765869448 
1.0278912694 0.524040732575 
0.744772669823 1.01752959509 
0.866766824816 0.878998052769 
0.866766824816 0.878998052769 
0.866766824816 0.878998052769 
0.866766824816 0.878998052769 
1.06814180766 0.386765869448 
0.866766824816 0.878998052769 
1.06814180766 0.386765869448 
0.795625987561 0.967662616487 
1.06814180766 0.386765869448 
0.632434802265 1.09577609768 
0.744772669823 1.01752959509 
1.06814180766 0.386765869448 
0.599304948314 1.11151796174 
0.599304948314 1.11151796174 
0.599304948314 1.11151796174 
1.06814180766 0.386765869448 
1.06814180766 0.386765869448 
1.06814180766 0.386765869448 
1.0278912694 0.524040732575 
1.06814180766 0.386765869448 
1.06814180766 0.386765869448 
0.599304948314 1.11151796174 
