0.915249747205 0.574651654867 
0.323509709175 0.928946271722 
0.318822563864 0.977323845695 
0.318822563864 0.977323845695 
0.318822563864 0.977323845695 
0.315512385485 1.01148928942 
0.915249747205 0.574651654867 
0.318672414763 0.978873584128 
0.316761637972 0.998595342131 
0.313947102184 1.02764509507 
0.318822563864 0.977323845695 
0.915249747205 0.574651654867 
0.318822563864 0.977323845695 
0.318822563864 0.977323845695 
0.319819134758 0.967037908534 
0.313985269452 1.0272511581 
0.318822563864 0.977323845695 
0.313071063555 1.03668697894 
0.915249747205 0.574651654867 
0.323509709175 0.928946271722 
0.321530316409 0.949376237848 
0.321224500327 0.952532666582 
0.31385250781 1.02862143483 
0.322513138281 0.939232208883 
0.915249747205 0.574651654867 
0.320482441539 0.960191700286 
0.915249747205 0.574651654867 
0.321950250286 0.945041961685 
0.77479198164 0.87098949608 
0.316761637972 0.998595342131 
0.315009258482 1.01668222931 
0.835666736156 0.742223685573 
0.318672414763 0.978873584128 
0.313313954325 1.03418002312 
0.997938968124 0.246378283295 
0.915249747205 0.574651654867 
0.318539653121 0.980243860859 
0.318822563864 0.977323845695 
0.313949021596 1.02762528419 
0.915249747205 0.574651654867 
0.316219027531 1.00419580361 
0.316219027531 1.00419580361 
0.318822563864 0.977323845695 
0.320533745516 0.959662175008 
0.313949021596 1.02762528419 
0.323991817106 0.923970276617 
0.915249747205 0.574651654867 
0.707172336335 0.909371570009 
0.897697245179 0.619893111494 
0.31385250781 1.02862143483 
0.318822563864 0.977323845695 
0.315261817598 1.0140754833 
0.313071063555 1.03668697894 
0.318822563864 0.977323845695 
0.315056833592 1.01619119089 
0.314251420699 1.02450412322 
0.318822563864 0.977323845695 
0.316843171098 0.99775381182 
0.314634427444 1.02055098418 
0.313949021596 1.02762528419 
0.313947102184 1.02764509507 
0.321830472428 0.9462782285 
0.315261817598 1.0140754833 
0.915249747205 0.574651654867 
0.31385250781 1.02862143483 
0.31385250781 1.02862143483 
0.318822563864 0.977323845695 
0.313493469703 1.03232718565 
0.318325001861 0.982459347369 
0.318822563864 0.977323845695 
0.915249747205 0.574651654867 
0.320660100555 0.958358022938 
0.318714283054 0.978441447675 
0.321731694026 0.947297752995 
0.311403177534 1.05390178113 
0.313947102184 1.02764509507 
0.315056833592 1.01619119089 
0.323509709175 0.928946271722 
0.318822563864 0.977323845695 
0.313470818665 1.03256097449 
0.318822563864 0.977323845695 
0.915249747205 0.574651654867 
0.318822563864 0.977323845695 
0.915249747205 0.574651654867 
0.316843171098 0.99775381182 
0.315009258482 1.01668222931 
0.317036226358 0.995761224762 
0.311403177534 1.05390178113 
0.323509709175 0.928946271722 
0.316843171098 0.99775381182 
0.316761637972 0.998595342131 
0.915249747205 0.574651654867 
0.317543082227 0.99052979802 
0.77479198164 0.87098949608 
0.915249747205 0.574651654867 
0.313949021596 1.02762528419 
0.305548600912 1.11432879903 
0.313313954325 1.03418002312 
0.321445973045 0.950246773558 
0.310574672287 1.06245305727 
